word sentid sentpos wlen surp entropy entred
= 0 0 1 6.575001239776611 6.170436382293701 0
<unk> 0 1 5 2.7366182804107666 1.7495245933532715 4.42091178894043
<unk> 0 2 5 1.2876313924789429 5.63023567199707 0
( 0 3 1 4.200523376464844 2.742896556854248 2.8873391151428223
<unk> 0 4 5 0.6584610342979431 4.329163074493408 0
) 0 5 1 0.7302769422531128 2.924928665161133 1.4042344093322754
= 0 6 1 0.00826344545930624 0.08416688442230225 2.8407617807388306
<eos> 0 7 5 24.436328887939453 0.8533865809440613 0
<unk> 0 8 5 0.04596474766731262 0.45788055658340454 0.39550602436065674
<unk> 0 9 5 1.0164036750793457 2.937098503112793 0
was 0 10 3 1.0806453227996826 2.560955286026001 0.376143217086792
a 0 11 1 0.7279075384140015 1.8269035816192627 0.7340517044067383
<unk> 0 12 5 1.507498025894165 6.335201263427734 0
<unk> 0 13 5 0.39632779359817505 2.5848474502563477 3.7503538131713867
hurricane 0 14 9 12.057962417602539 2.4612925052642822 0.12355494499206543
that 0 15 4 3.915736675262451 5.5034894943237305 0
killed 0 16 6 5.148499965667725 5.252397537231445 0.25109195709228516
four 0 17 4 4.908095836639404 5.246922969818115 0.005474567413330078
people 0 18 6 1.2610787153244019 4.570987701416016 0.6759352684020996
after 0 19 5 5.953582763671875 4.015293598175049 0.5556941032409668
brushing 0 20 8 14.67909049987793 5.160979270935059 0
the 0 21 3 1.1369483470916748 3.142030954360962 2.0189483165740967
western 0 22 7 5.642764568328857 4.765590667724609 0
coast 0 23 5 1.5764479637145996 3.791968822479248 0.9736218452453613
of 0 24 2 0.07211983948945999 0.5086451768875122 3.283323645591736
<unk> 0 25 5 0.5751209259033203 2.152677536010742 0
in 0 26 2 3.802229642868042 3.4578170776367188 0
<unk> 0 27 5 0.5665054321289062 2.37227201461792 1.0855450630187988
<unk> 0 28 5 2.1100289821624756 2.808377742767334 0
. 0 29 1 0.5359281301498413 1.8436343669891357 0.9647433757781982
<eos> 0 30 5 0.06378773599863052 0.2712881863117218 1.572346180677414
<unk> 0 31 5 2.7158467769622803 6.113454341888428 0
from 0 32 4 10.918242454528809 7.46231746673584 0
an 0 33 2 7.68356990814209 4.307798862457275 3.1545186042785645
area 0 34 4 6.207624435424805 8.149056434631348 0
of 0 35 2 0.7597121000289917 3.991410493850708 4.15764594078064
disturbed 0 36 9 5.385713577270508 7.023393630981445 0
weather 0 37 7 1.0240494012832642 4.867624759674072 2.155768871307373
on 0 38 2 5.491495609283447 5.917646408081055 0
<unk> 0 39 5 0.7360113859176636 2.3535685539245605 3.564077854156494
<unk> 0 40 5 0.23119963705539703 1.407531976699829 0.9460365772247314
, 0 41 1 1.0607587099075317 4.469406604766846 0
several 0 42 7 10.217029571533203 5.434611797332764 0
hundred 0 43 7 4.522344589233398 7.638574123382568 0
miles 0 44 5 2.4896388053894043 6.970712661743164 0.6678614616394043
south 0 45 5 3.6873767375946045 4.698385238647461 2.272327423095703
of 0 46 2 0.15073662996292114 0.9722009897232056 3.7261842489242554
<unk> 0 47 5 0.9500927329063416 2.417614221572876 0
, 0 48 1 1.6562508344650269 5.099157810211182 0
<unk> 0 49 5 1.6446645259857178 5.640368461608887 0
gradually 0 50 9 10.314735412597656 6.189479351043701 0
intensified 0 51 11 2.69041109085083 5.899685859680176 0.2897934913635254
. 0 52 1 1.6679675579071045 3.75129771232605 2.148388147354126
<eos> 0 53 5 0.05177915096282959 0.23134249448776245 3.5199552178382874
<unk> 0 54 5 2.705763101577759 6.100966453552246 0
latitude 0 55 8 21.271249771118164 7.461562156677246 0
, 0 56 1 3.047569513320923 6.954464435577393 0.5070977210998535
the 0 57 3 2.7185709476470947 6.233767986297607 0.7206964492797852
system 0 58 6 7.393202781677246 8.080188751220703 0
became 0 59 6 7.3844685554504395 6.690169334411621 1.390019416809082
increasingly 0 60 12 6.0187859535217285 5.987818717956543 0.7023506164550781
organized 0 61 9 2.6582024097442627 6.816235065460205 0
and 0 62 3 2.9160332679748535 4.6004862785339355 2.2157487869262695
reached 0 63 7 7.4162163734436035 7.721129417419434 0
hurricane 0 64 9 3.420588970184326 4.551361083984375 3.1697683334350586
status 0 65 6 0.5873551964759827 1.4002894163131714 3.1510716676712036
on 0 66 2 1.214211344718933 3.7895185947418213 0
the 0 67 3 6.2554521560668945 0.5189602375030518 3.2705583572387695
evening 0 68 7 3.667715549468994 4.177373886108398 0
of 0 69 2 0.03215673565864563 0.2328556478023529 3.9445182383060455
<unk> 0 70 5 0.04170509800314903 0.2606825530529022 0
<unk> 0 71 5 0.013877053745090961 0.10130568593740463 0.1593768671154976
. 0 72 1 0.6203621625900269 2.190915822982788 0
<eos> 0 73 5 0.05992433428764343 0.2589331567287445 1.9319826662540436
<unk> 0 74 5 2.713045597076416 6.103067398071289 0
following 0 75 9 15.71683406829834 7.468659400939941 0
morning 0 76 7 17.01498031616211 4.142445087432861 3.32621431350708
, 0 77 1 2.6723132133483887 6.968081951141357 0
<unk> 0 78 5 1.1097614765167236 4.553952217102051 2.4141297340393066
attained 0 79 8 11.839532852172852 8.021852493286133 0
winds 0 80 5 6.757998943328857 4.839114189147949 3.1827383041381836
of 0 81 2 0.06884533911943436 0.5275884866714478 4.3115257024765015
<unk> 0 82 5 0.1110842376947403 0.7451174855232239 0
mph 0 83 3 0.15893952548503876 0.5847742557525635 0.1603432297706604
( 0 84 1 0.0011612753150984645 0.012653520330786705 0.5721207354217768
<unk> 0 85 5 0.0004376294673420489 0.005769301671534777 0.006884218659251928
km 0 86 2 0.002614174038171768 0.02244756743311882 0
/ 0 87 1 4.9530153773957863e-05 0.0005854821065440774 0.021862085326574743
h 0 88 1 2.201361166953575e-05 0.000286838534520939 0.0002986435720231384
) 0 89 1 0.001232760725542903 0.011144828982651234 0
as 0 90 2 5.824338436126709 3.9383091926574707 0
it 0 91 2 1.5915136337280273 3.150905132293701 0.7874040603637695
passed 0 92 6 3.7667062282562256 4.874941349029541 0
roughly 0 93 7 8.555096626281738 5.08129358291626 0
<unk> 0 94 5 0.4343731999397278 2.1160073280334473 2.9652862548828125
mi 0 95 2 0.8969238996505737 1.7673578262329102 0.3486495018005371
( 0 96 1 0.0013097410555928946 0.01481615286320448 1.7525416733697057
<unk> 0 97 5 0.00015408822218887508 0.0021722244564443827 0.012643928406760097
km 0 98 2 0.1642199605703354 0.5542320013046265 0
) 0 99 1 0.003519456135109067 0.030480237677693367 0.5237517636269331
of 0 100 2 11.167375564575195 3.403496742248535 0
<unk> 0 101 5 2.084641695022583 3.171940803527832 0.23155593872070312
. 0 102 1 2.220524311065674 4.333573341369629 0
<eos> 0 103 5 0.06158626452088356 0.2643665671348572 4.069206774234772
<unk> 0 104 5 2.7201216220855713 6.104295253753662 0
to 0 105 2 11.718348503112793 7.469050884246826 0
its 0 106 3 7.763829231262207 5.957030296325684 1.5120205879211426
interaction 0 107 11 14.189526557922363 9.897014617919922 0
with 0 108 4 0.22098255157470703 1.4078017473220825 8.48921287059784
land 0 109 4 11.244424819946289 5.637190341949463 0
, 0 110 1 2.9493043422698975 7.423329830169678 0
the 0 111 3 2.896772623062134 7.766102313995361 0
hurricane 0 112 9 7.408352375030518 9.846115112304688 0
abruptly 0 113 8 11.846928596496582 7.421138286590576 2.4249768257141113
weakened 0 114 8 2.1375324726104736 5.960688591003418 1.4604496955871582
hours 0 115 5 16.065086364746094 4.382736682891846 1.5779519081115723
later 0 116 5 1.6761512756347656 3.6111252307891846 0.7716114521026611
. 0 117 1 1.553801417350769 2.908245325088501 0.7028799057006836
<eos> 0 118 5 0.056115902960300446 0.24663665890693665 2.6616086661815643
<unk> 0 119 5 2.7224042415618896 6.0829949378967285 0
on 0 120 2 11.58357048034668 7.473405838012695 0
<unk> 0 121 5 1.725633978843689 4.853394508361816 2.620011329650879
<unk> 0 122 5 1.1813323497772217 5.287766456604004 0
, 0 123 1 1.4473316669464111 4.488211631774902 0.7995548248291016
<unk> 0 124 5 0.26947343349456787 1.9479119777679443 2.540299654006958
dissipated 0 125 10 14.676162719726562 3.4212586879730225 0
over 0 126 4 4.150548458099365 5.104127407073975 0
open 0 127 4 10.422443389892578 2.844190835952759 2.259936571121216
waters 0 128 6 0.23660694062709808 1.3671295642852783 1.4770612716674805
. 0 129 1 2.788353443145752 4.598384857177734 0
<eos> 0 130 5 0.05761004239320755 0.2520788013935089 4.3463060557842255
<unk> 0 131 5 2.7143733501434326 6.0964531898498535 0
to 0 132 2 11.717119216918945 7.469968795776367 0
<unk> 0 133 5 1.3519694805145264 5.940789699554443 1.5291790962219238
's 0 134 2 4.544961929321289 7.3605122566223145 0
arrival 0 135 7 9.464568138122559 10.445499420166016 0
in 0 136 2 2.268463373184204 5.75206995010376 4.693429470062256
<unk> 0 137 5 0.6490404605865479 2.486984968185425 3.265084981918335
, 0 138 1 1.878129005432129 5.796339511871338 0
hurricane 0 139 9 15.446650505065918 5.555990219116211 0.24034929275512695
watches 0 140 7 8.577359199523926 0.9969807267189026 4.559009492397308
and 0 141 3 3.4139299392700195 4.72457218170166 0
warnings 0 142 8 1.3787600994110107 5.961493968963623 0
were 0 143 4 1.050981879234314 4.126706600189209 1.834787368774414
issued 0 144 6 0.9310618042945862 3.885978937149048 0.24072766304016113
for 0 145 3 1.7180544137954712 3.9071593284606934 0
coastal 0 146 7 6.274808883666992 3.6239492893218994 0.28321003913879395
areas 0 147 5 0.8316227793693542 3.549891710281372 0.07405757904052734
. 0 148 1 1.6598583459854126 4.000019073486328 0
<eos> 0 149 5 0.05767069011926651 0.2514801025390625 3.7485389709472656
<unk> 0 150 5 2.71443247795105 6.0990400314331055 0
of 0 151 2 8.636098861694336 7.471667766571045 0
shelters 0 152 8 23.09843635559082 3.737128496170044 3.734539270401001
opened 0 153 6 7.563872814178467 6.63796329498291 0
across 0 154 6 8.791997909545898 4.440709590911865 2.197253704071045
the 0 155 3 0.8503812551498413 2.814765691757202 1.625943899154663
states 0 156 6 11.868823051452637 6.680771350860596 0
of 0 157 2 2.553040027618408 4.414721488952637 2.266049861907959
<unk> 0 158 5 0.2594708800315857 1.5631988048553467 2.85152268409729
and 0 159 3 1.3243379592895508 2.7328855991363525 0
<unk> 0 160 5 0.2905515730381012 1.965394377708435 0.7674912214279175
. 0 161 1 2.134772300720215 3.8728532791137695 0
<eos> 0 162 5 0.059654559940099716 0.2581145465373993 3.6147387325763702
<unk> 0 163 5 2.731370687484741 6.108433723449707 0
rains 0 164 5 16.430559158325195 7.465375900268555 0
from 0 165 4 5.013887405395508 7.283554553985596 0.18182134628295898
the 0 166 3 1.6695058345794678 4.950466156005859 2.3330883979797363
storm 0 167 5 2.4230332374572754 6.782273292541504 0
triggered 0 168 9 7.305935859680176 6.723816394805908 0.0584568977355957
significant 0 169 11 5.12468147277832 6.132429599761963 0.5913867950439453
flooding 0 170 8 1.3314785957336426 3.328230381011963 2.80419921875
along 0 171 5 5.380550384521484 3.9567408561706543 0
the 0 172 3 0.3255535960197449 1.7753541469573975 2.181386709213257
<unk> 0 173 5 2.0208098888397217 5.287925720214844 0
<unk> 0 174 5 4.696353912353516 4.110269069671631 1.177656650543213
in 0 175 2 6.341338634490967 4.656393051147461 0
<unk> 0 176 5 1.1478341817855835 3.2744576930999756 1.3819353580474854
, 0 177 1 2.0600714683532715 3.461851119995117 0
killing 0 178 7 6.508913040161133 5.782467365264893 0
four 0 179 4 6.073390007019043 5.089297771453857 0.6931695938110352
people 0 180 6 0.7122007608413696 3.4166038036346436 1.6726939678192139
. 0 181 1 1.27167546749115 3.164747953414917 0.25185585021972656
<eos> 0 182 5 0.05735966935753822 0.2504042387008667 2.9143437147140503
<unk> 0 183 5 2.7166614532470703 6.108968257904053 0
, 0 184 1 4.51481294631958 7.45441198348999 0
the 0 185 3 4.007724285125732 5.9042744636535645 1.5501375198364258
overall 0 186 7 11.977785110473633 9.094999313354492 0
effects 0 187 7 12.008950233459473 9.534542083740234 0
of 0 188 2 1.0625886917114258 4.002269268035889 5.532272815704346
<unk> 0 189 5 2.65382719039917 5.758927345275879 0
were 0 190 4 8.030258178710938 5.454362869262695 0.3045644760131836
limited 0 191 7 10.266997337341309 9.483161926269531 0
and 0 192 3 5.197842597961426 2.920977830886841 6.56218409538269
the 0 193 3 3.1054906845092773 9.158151626586914 0
rains 0 194 5 10.385072708129883 10.266951560974121 0
were 0 195 4 2.3474669456481934 6.46436071395874 3.802590847015381
largely 0 196 7 8.268051147460938 8.593413352966309 0
beneficial 0 197 10 5.290231704711914 7.538278102874756 1.0551352500915527
in 0 198 2 4.426527976989746 2.743428945541382 4.794849157333374
mitigating 0 199 10 13.191319465637207 5.29899787902832 0
a 0 200 1 5.702404022216797 6.804673671722412 0
severe 0 201 6 5.185433864593506 7.99586296081543 0
drought 0 202 7 1.4932936429977417 4.82934045791626 3.16652250289917
. 0 203 1 0.9473162293434143 3.3832173347473145 1.4461231231689453
<eos> 0 204 5 0.06432437896728516 0.2726488709449768 3.1105684638023376
= 0 205 1 3.73374605178833 6.093288898468018 0
= 0 206 1 0.09949678182601929 0.6854095458984375 5.40787935256958
<unk> 0 207 5 5.434443950653076 5.636335849761963 0
history 0 208 7 7.2937912940979 7.076438903808594 0
= 0 209 1 0.14592669904232025 0.8906670212745667 6.185771882534027
= 0 210 1 6.328822928480804e-05 0.0010318707209080458 0.8896351505536586
<eos> 0 211 5 20.213111877441406 4.676135063171387 0
<unk> 0 212 5 0.6486346125602722 3.6350321769714355 1.0411028861999512
<unk> 0 213 5 2.2164337635040283 6.506004810333252 0
<unk> 0 214 5 2.123969078063965 5.700207233428955 0.8057975769042969
, 0 215 1 3.6591577529907227 5.926326751708984 0
<unk> 0 216 5 1.2760727405548096 4.865884304046631 1.0604424476623535
, 0 217 1 3.2980988025665283 4.53391695022583 0.3319673538208008
a 0 218 1 7.929978370666504 3.5247156620025635 1.0092012882232666
trough 0 219 6 15.156378746032715 8.119489669799805 0
situated 0 220 8 6.7881622314453125 6.7939133644104 1.3255763053894043
off 0 221 3 6.4338531494140625 4.849953651428223 1.9439597129821777
the 0 222 3 0.6522626876831055 2.0678579807281494 2.7820956707000732
southern 0 223 8 5.026125431060791 3.7843680381774902 0
coast 0 224 5 0.6605398654937744 2.2870404720306396 1.4973275661468506
of 0 225 2 0.008051560260355473 0.07693185657262802 2.2101086154580116
<unk> 0 226 5 0.5793668031692505 2.027661085128784 0
showed 0 227 6 19.194194793701172 3.37184476852417 0
signs 0 228 5 5.86690616607666 5.145718097686768 0
of 0 229 2 0.08283787965774536 0.6195513606071472 4.52616673707962
possible 0 230 8 12.140335083007812 8.406041145324707 0
tropical 0 231 8 3.5941925048828125 8.160161018371582 0.245880126953125
<unk> 0 232 5 7.803529739379883 2.6628975868225098 5.497263431549072
. 0 233 1 2.16646671295166 5.7753987312316895 0
<eos> 0 234 5 0.06202933192253113 0.26663514971733093 5.5087635815143585
<unk> 0 235 5 2.7249317169189453 6.10368537902832 0
located 0 236 7 14.639958381652832 7.47216796875 0
within 0 237 6 8.919938087463379 5.015764236450195 2.4564037322998047
an 0 238 2 5.851214408874512 3.0667905807495117 1.9489736557006836
area 0 239 4 0.910024881362915 4.711036682128906 0
favoring 0 240 8 14.524996757507324 2.5203092098236084 2.190727472305298
development 0 241 11 9.734838485717773 5.323042869567871 0
, 0 242 1 3.068551540374756 4.689187049865723 0.6338558197021484
the 0 243 3 4.491087436676025 7.5135979652404785 0
system 0 244 6 5.672997951507568 9.411613464355469 0
remained 0 245 8 7.843278408050537 6.910185813903809 2.50142765045166
broad 0 246 5 10.986746788024902 7.2844462394714355 0
and 0 247 3 2.7194695472717285 5.180624961853027 2.103821277618408
disorganized 0 248 12 5.5480146408081055 8.429628372192383 0
as 0 249 2 4.411734580993652 4.798697471618652 3.6309309005737305
it 0 250 2 0.6339803338050842 2.6182713508605957 2.1804261207580566
moved 0 251 5 2.241668462753296 5.153733730316162 0
slowly 0 252 6 5.541631698608398 5.441523551940918 0
west 0 253 4 5.971215724945068 5.255565643310547 0.1859579086303711
<unk> 0 254 5 0.8794917464256287 3.0984559059143066 2.1571097373962402
northwestward 0 255 13 1.2485225200653076 3.167238712310791 0
. 0 256 1 0.9357590079307556 2.725107192993164 0.44213151931762695
<eos> 0 257 5 0.05985553562641144 0.25915130972862244 2.4659558832645416
<unk> 0 258 5 2.7318358421325684 6.094374656677246 0
, 0 259 1 4.547791004180908 7.481725215911865 0
convection 0 260 10 17.6522159576416 5.932176113128662 1.5495491027832031
consolidated 0 261 12 9.551613807678223 5.726754188537598 0.20542192459106445
around 0 262 6 7.461719036102295 4.841060638427734 0.8856935501098633
an 0 263 2 6.2747416496276855 2.814544677734375 2.0265159606933594
area 0 264 4 0.6630909442901611 3.258734703063965 0
of 0 265 2 0.3179064989089966 1.8955087661743164 1.3632259368896484
low 0 266 3 1.0781936645507812 3.8705081939697266 0
pressure 0 267 8 0.12976016104221344 0.8016852736473083 3.068822920322418
. 0 268 1 4.559573650360107 4.757928848266602 0
<eos> 0 269 5 0.05632779374718666 0.24733547866344452 4.510593369603157
<unk> 0 270 5 2.714710235595703 6.068392753601074 0
<unk> 0 271 5 2.419907331466675 7.474447727203369 0
<unk> 0 272 5 2.8009631633758545 6.239673137664795 1.2347745895385742
, 0 273 1 3.1649348735809326 6.293974876403809 0
a 0 274 1 2.927257537841797 5.805774688720703 0.48820018768310547
<unk> 0 275 5 2.624035596847534 8.467436790466309 0
<unk> 0 276 5 1.7834173440933228 7.537156105041504 0.9302806854248047
<unk> 0 277 5 2.3152167797088623 6.648997783660889 0.8881583213806152
<unk> 0 278 5 2.3869457244873047 7.959497451782227 0
was 0 279 3 7.78452205657959 6.949704647064209 1.0097928047180176
issued 0 280 6 12.044903755187988 7.684663772583008 0
for 0 281 3 3.972362995147705 5.022812366485596 2.661851406097412
the 0 282 3 1.681581735610962 5.629100799560547 0
system 0 283 6 11.741678237915039 6.726294994354248 0
as 0 284 2 5.2126593589782715 4.343870162963867 2.382424831390381
it 0 285 2 8.138647079467773 4.341731548309326 0.0021386146545410156
was 0 286 3 1.0362327098846436 5.196331024169922 0
expected 0 287 8 8.239413261413574 8.840517044067383 0
to 0 288 2 0.6515004634857178 1.9049019813537598 6.935615062713623
develop 0 289 7 5.851884365081787 7.184489727020264 0
into 0 290 4 4.776636600494385 5.975860595703125 1.2086291313171387
a 0 291 1 0.9055986404418945 3.1936185359954834 2.7822420597076416
tropical 0 292 8 1.6455423831939697 6.979940414428711 0
depression 0 293 10 1.5050270557403564 2.1305384635925293 4.849401950836182
within 0 294 6 7.884757995605469 4.45962381362915 0
<unk> 0 295 5 2.929408073425293 2.9436893463134766 1.5159344673156738
hours 0 296 5 0.8147905468940735 2.2906603813171387 0.6530289649963379
. 0 297 1 1.118228554725647 3.047945976257324 0
<eos> 0 298 5 0.06492971628904343 0.2747498154640198 2.7731961607933044
<unk> 0 299 5 2.717090606689453 6.096575736999512 0
the 0 300 3 9.726358413696289 7.461950778961182 0
following 0 301 9 6.699718952178955 9.068519592285156 0
day 0 302 3 1.9530762434005737 3.6369166374206543 5.431602954864502
, 0 303 1 0.7533843517303467 3.708662509918213 0
the 0 304 3 2.4208455085754395 5.278956413269043 0
low 0 305 3 10.270292282104492 8.912372589111328 0
further 0 306 7 13.372366905212402 7.243729114532471 1.6686434745788574
developed 0 307 9 5.263868808746338 6.2489013671875 0.9948277473449707
and 0 308 3 4.7785749435424805 5.931685924530029 0.3172154426574707
was 0 309 3 4.981685161590576 7.343803405761719 0
declared 0 310 8 6.931018829345703 5.4632344245910645 1.8805689811706543
<unk> 0 311 5 6.46036434173584 3.272327423095703 2.1909070014953613
<unk> 0 312 5 2.9475295543670654 4.964957237243652 0
<unk> 0 313 5 2.264604330062866 4.718405723571777 0.246551513671875
<unk> 0 314 5 2.2182321548461914 4.676980495452881 0.041425228118896484
<unk> 0 315 5 2.511486053466797 4.066193580627441 0.6107869148254395
by 0 316 2 6.260911464691162 4.21287202835083 0
the 0 317 3 2.1266770362854004 3.060948133468628 1.1519238948822021
<unk> 0 318 5 1.54172682762146 5.158255577087402 0
<unk> 0 319 5 2.529900550842285 6.053744792938232 0
<unk> 0 320 5 2.0061748027801514 5.737652778625488 0.31609201431274414
at 0 321 2 8.614435195922852 6.282207012176514 0
<unk> 0 322 5 0.8201040625572205 2.1863653659820557 4.095841646194458
<unk> 0 323 5 1.2110881805419922 3.0887465476989746 0
. 0 324 1 1.8823020458221436 3.5386667251586914 0
<eos> 0 325 5 0.06853721290826797 0.2858070135116577 3.2528597116470337
<unk> 0 326 5 2.7174415588378906 6.099394798278809 0
being 0 327 5 14.858040809631348 7.45975923538208 0
declared 0 328 8 8.87237548828125 8.883827209472656 0
, 0 329 1 8.582085609436035 5.698487758636475 3.1853394508361816
the 0 330 3 3.838937520980835 6.663337230682373 0
depression 0 331 10 9.802509307861328 9.342935562133789 0
was 0 332 3 2.905543804168701 6.211899757385254 3.131035804748535
located 0 333 7 4.5151872634887695 7.6640520095825195 0
about 0 334 5 3.132263660430908 4.579117774963379 3.0849342346191406
<unk> 0 335 5 0.14845548570156097 0.8868454694747925 3.6922723054885864
mi 0 336 2 1.257190465927124 1.8473074436187744 0
( 0 337 1 0.0008641259628348053 0.010264812968671322 1.837042630650103
<unk> 0 338 5 0.0001871049898909405 0.0025539163034409285 0.007710896665230393
km 0 339 2 0.11298856884241104 0.4430375099182129 0
) 0 340 1 0.0024572580587118864 0.022878102958202362 0.42015940696001053
south 0 341 5 1.9819666147232056 3.071507692337036 0
<unk> 0 342 5 1.3819947242736816 1.294396162033081 1.777111530303955
southeast 0 343 9 1.2841682434082031 2.252136468887329 0
of 0 344 2 0.005021913908421993 0.04706082493066788 2.2050756439566612
<unk> 0 345 5 0.3738655745983124 1.4958583116531372 0
<unk> 0 346 5 2.3145947456359863 3.4824326038360596 0
, 0 347 1 2.0427329540252686 3.6422975063323975 0
<unk> 0 348 5 0.9489920139312744 3.7111141681671143 0
. 0 349 1 1.0337809324264526 2.731055736541748 0.9800584316253662
<eos> 0 350 5 0.06075265258550644 0.26209327578544617 2.468962460756302
<unk> 0 351 5 2.7260143756866455 6.107823371887207 0
, 0 352 1 4.5121259689331055 7.469052314758301 0
after 0 353 5 7.485311031341553 5.920010089874268 1.5490422248840332
post 0 354 4 13.636205673217773 7.139382362365723 0
<unk> 0 355 5 0.05876303091645241 0.5994554758071899 6.539926886558533
analysis 0 356 8 8.362421035766602 5.6046342849731445 0
, 0 357 1 1.1111633777618408 5.015997886657715 0.5886363983154297
the 0 358 3 7.938388824462891 8.505268096923828 0
depression 0 359 10 11.567224502563477 9.540445327758789 0
had 0 360 3 5.8163557052612305 6.937560081481934 2.6028852462768555
actually 0 361 8 13.951526641845703 6.995198726654053 0
developed 0 362 9 4.334313869476318 7.246047496795654 0
nine 0 363 4 11.374300003051758 5.786930084228516 1.4591174125671387
hours 0 364 5 4.083554744720459 5.769182205200195 0.017747879028320312
earlier 0 365 7 7.5775227546691895 4.080682754516602 1.6884994506835938
. 0 366 1 1.503764033317566 3.416731834411621 0.6639509201049805
<eos> 0 367 5 0.05505383759737015 0.24379459023475647 3.1729372441768646
<unk> 0 368 5 2.7149553298950195 6.08853816986084 0
a 0 369 1 11.540323257446289 7.466571807861328 0
west 0 370 4 11.746285438537598 8.815831184387207 0
<unk> 0 371 5 0.5661227703094482 3.7984137535095215 5.0174174308776855
northwesterly 0 372 13 11.552530288696289 9.677592277526855 0
track 0 373 5 4.947712421417236 7.794959545135498 1.8826327323913574
in 0 374 2 5.216089248657227 6.242533206939697 1.5524263381958008
response 0 375 8 9.675387382507324 3.452716112136841 2.7898170948028564
to 0 376 2 0.10550668835639954 0.7326658964157104 2.7200502157211304
a 0 377 1 2.7184650897979736 4.383975982666016 0
subtropical 0 378 11 5.297298431396484 8.213217735290527 0
ridge 0 379 5 0.9703536033630371 2.5746493339538574 5.63856840133667
to 0 380 2 4.141141414642334 6.284104824066162 0
the 0 381 3 0.2773763835430145 1.3584176301956177 4.925687193870544
north 0 382 5 2.1685690879821777 2.9884276390075684 0
, 0 383 1 2.8020899295806885 3.3958373069763184 0
the 0 384 3 3.3739871978759766 6.143857479095459 0
depression 0 385 10 4.855774879455566 6.616180896759033 0
was 0 386 3 4.125561237335205 5.958231449127197 0.6579494476318359
forecast 0 387 8 7.247255325317383 6.149443626403809 0
to 0 388 2 0.042902082204818726 0.3406822085380554 5.808761417865753
move 0 389 4 3.9041216373443604 5.989495277404785 0
into 0 390 4 3.9248971939086914 5.647292613983154 0.34220266342163086
a 0 391 1 2.1064600944519043 3.2406909465789795 2.406601667404175
favorable 0 392 9 8.95189094543457 4.4026079177856445 0
environment 0 393 11 1.1613479852676392 3.6001389026641846 0.80246901512146
, 0 394 1 2.7463619709014893 4.046598434448242 0
characterized 0 395 13 16.07309341430664 5.550356864929199 0
by 0 396 2 0.07038631290197372 0.45738813281059265 5.092968732118607
low 0 397 3 6.323326110839844 5.095513343811035 0
wind 0 398 4 2.3788254261016846 3.317857027053833 1.7776563167572021
shear 0 399 5 0.006705988198518753 0.060844991356134415 3.2570120356976986
and 0 400 3 1.883947491645813 3.305511713027954 0
sea 0 401 3 10.779280662536621 6.958638668060303 0
surface 0 402 7 0.6092726588249207 2.908100128173828 4.050538539886475
temperatures 0 403 12 0.07375995069742203 0.5405706763267517 2.3675294518470764
up 0 404 2 9.496149063110352 3.1893136501312256 0
to 0 405 2 0.3090459406375885 1.7515407800674438 1.4377728700637817
<unk> 0 406 5 0.5091182589530945 2.2109172344207764 0
<unk> 0 407 5 0.7185160517692566 2.6297972202301025 0
<unk> 0 408 5 2.7795093059539795 1.9845387935638428 0.6452584266662598
( 0 409 1 7.5570220947265625 3.96020770072937 0
<unk> 0 410 5 0.16354034841060638 1.1841672658920288 2.7760404348373413
<unk> 0 411 5 0.19731225073337555 0.9574581384658813 0.22670912742614746
<unk> 0 412 5 1.7240256071090698 2.537539482116699 0
) 0 413 1 3.1358351707458496 2.064556360244751 0.47298312187194824
. 0 414 1 0.8329216837882996 3.159162759780884 0
<eos> 0 415 5 0.06561482697725296 0.27740219235420227 2.8817605674266815
<unk> 0 416 5 2.7133841514587402 6.104775905609131 0
hours 0 417 5 16.152996063232422 7.453929424285889 0
after 0 418 5 3.0917611122131348 5.216115951538086 2.2378134727478027
classification 0 419 14 16.33595848083496 4.354812145233154 0.8613038063049316
, 0 420 1 0.939349889755249 4.007325649261475 0.3474864959716797
the 0 421 3 1.8620574474334717 4.725754261016846 0
depression 0 422 10 8.655817985534668 8.337723731994629 0
strengthened 0 423 12 5.414880752563477 5.89594841003418 2.441775321960449
<unk> 0 424 5 7.849546909332275 3.0483875274658203 2.8475608825683594
<unk> 0 425 5 4.377124786376953 5.612973690032959 0
<unk> 0 426 5 2.689481258392334 5.467947006225586 0.14502668380737305
, 0 427 1 3.817699670791626 6.286051273345947 0
the 0 428 3 5.099638938903809 5.653008937835693 0.6330423355102539
second 0 429 6 3.874953508377075 6.025808334350586 0
named 0 430 5 5.305472373962402 5.689697742462158 0.33611059188842773
storm 0 431 5 0.17896659672260284 1.0707147121429443 4.618983030319214
of 0 432 2 0.7042675614356995 2.44661283493042 0
the 0 433 3 0.043892718851566315 0.28500238060951233 2.1616104543209076
season 0 434 6 1.1133496761322021 1.8245271444320679 0
. 0 435 1 0.8041579127311707 2.0545597076416016 0
<eos> 0 436 5 0.056451670825481415 0.24869170784950256 1.805867999792099
<unk> 0 437 5 2.7283520698547363 6.093784332275391 0
on 0 438 2 11.533461570739746 7.4762797355651855 0
<unk> 0 439 5 1.7126884460449219 4.815778732299805 2.660501003265381
<unk> 0 440 5 1.1757118701934814 5.2783403396606445 0
, 0 441 1 1.4473193883895874 4.483154296875 0.7951860427856445
convection 0 442 10 17.162405014038086 1.9433537721633911 2.539800524711609
increased 0 443 9 4.212713718414307 6.8795270919799805 0
markedly 0 444 8 7.190777778625488 5.439900875091553 1.4396262168884277
with 0 445 4 5.705525875091553 4.829808235168457 0.6100926399230957
several 0 446 7 8.399035453796387 5.461864948272705 0
<unk> 0 447 5 3.2779080867767334 8.216373443603516 0
tops 0 448 4 12.029969215393066 7.523540496826172 0.6928329467773438
( 0 449 1 6.7206525802612305 4.630562782287598 2.892977714538574
denoted 0 450 7 14.220065116882324 5.569033622741699 0
by 0 451 2 1.2722532749176025 3.5605554580688477 2.0084781646728516
cloud 0 452 5 11.870291709899902 4.827249050140381 0
<unk> 0 453 5 4.073965072631836 5.973212718963623 0
top 0 454 3 11.74427318572998 6.82252836227417 0
temperatures 0 455 12 10.144472122192383 4.725592136383057 2.0969362258911133
below 0 456 5 8.167656898498535 3.040459394454956 1.6851327419281006
<unk> 0 457 5 1.6367824077606201 3.6229519844055176 0
<unk> 0 458 5 0.5150537490844727 2.620359420776367 1.0025925636291504
<unk> 0 459 5 3.0181055068969727 2.51782488822937 0.10253453254699707
<unk> 0 460 5 3.016787528991699 4.332334995269775 0
( 0 461 1 7.462379455566406 2.973145008087158 1.3591899871826172
<unk> 0 462 5 0.05368878319859505 0.4593355655670166 2.5138094425201416
<unk> 0 463 5 0.10954613983631134 0.6616353988647461 0
<unk> 0 464 5 2.2173268795013428 1.9988969564437866 0
<unk> 0 465 5 0.4138178527355194 1.906207799911499 0.0926891565322876
) 0 466 1 0.7113422155380249 2.3408586978912354 0
) 0 467 1 3.521193504333496 4.2672343254089355 0
appearing 0 468 9 16.58075714111328 3.6395890712738037 0.6276452541351318
on 0 469 2 2.8240320682525635 4.398390769958496 0
satellite 0 470 9 5.594933986663818 4.231603622436523 0.16678714752197266
imagery 0 471 7 0.2602632939815521 1.7926249504089355 2.438978672027588
. 0 472 1 1.3862186670303345 3.934830904006958 0
<eos> 0 473 5 0.06835006922483444 0.28642576932907104 3.648405134677887
<unk> 0 474 5 2.7038025856018066 6.09211540222168 0
notable 0 475 7 19.273038864135742 7.461113929748535 0
increase 0 476 8 16.75327491760254 7.385472774505615 0.07564115524291992
in 0 477 2 0.7345365881919861 4.042968273162842 3.3425045013427734
southerly 0 478 9 16.945486068725586 8.27938175201416 0
outflow 0 479 7 9.878374099731445 8.330642700195312 0
also 0 480 4 11.307779312133789 5.293910503387451 3.0367321968078613
took 0 481 4 10.091782569885254 7.608872413635254 0
place 0 482 5 3.663893699645996 5.739015579223633 1.869856834411621
. 0 483 1 4.422163963317871 4.760110378265381 0.978905200958252
<eos> 0 484 5 0.05392836406826973 0.2407294660806656 4.519380912184715
<unk> 0 485 5 2.717945098876953 6.0850653648376465 0
the 0 486 3 9.700740814208984 7.469805717468262 0
subtropical 0 487 11 15.847818374633789 9.068384170532227 0
ridge 0 488 5 2.692739248275757 6.919282913208008 2.1491012573242188
north 0 489 5 7.868353366851807 7.2743940353393555 0
of 0 490 2 0.2342815399169922 1.370070457458496 5.904323577880859
the 0 491 3 1.1322511434555054 2.4579527378082275 0
storm 0 492 5 4.555158615112305 5.765585422515869 0
weakened 0 493 8 7.927913188934326 4.526045322418213 1.2395401000976562
, 0 494 1 3.2169039249420166 4.840933799743652 0
<unk> 0 495 5 7.702120780944824 4.618496417999268 0.22243738174438477
acquired 0 496 8 11.962186813354492 7.256277084350586 0
a 0 497 1 1.8705850839614868 4.819219589233398 2.4370574951171875
more 0 498 4 6.692619323730469 7.445858001708984 0
northerly 0 499 9 4.9387969970703125 5.730708122253418 1.7151498794555664
component 0 500 9 10.249703407287598 6.509332180023193 0
to 0 501 2 4.852303504943848 4.547859191894531 1.961472988128662
its 0 502 3 2.864969491958618 2.2711892127990723 2.276669979095459
track 0 503 5 11.605813980102539 5.113846778869629 0
, 0 504 1 2.706742763519287 4.9861063957214355 0.12774038314819336
bringing 0 505 8 7.9329352378845215 5.299798488616943 0
the 0 506 3 2.5899553298950195 5.994985580444336 0
center 0 507 6 7.837048530578613 5.4988837242126465 0.49610185623168945
of 0 508 2 1.7155063152313232 4.713981628417969 0.7849020957946777
the 0 509 3 1.9665610790252686 4.364941120147705 0.34904050827026367
storm 0 510 5 2.7744405269622803 5.611023902893066 0
closer 0 511 6 10.978803634643555 4.867047309875488 0.7439765930175781
to 0 512 2 0.06263760477304459 0.44689473509788513 4.420152574777603
<unk> 0 513 5 1.9461321830749512 3.5755200386047363 0
. 0 514 1 1.012925624847412 3.624866485595703 0
<eos> 0 515 5 0.0627724677324295 0.2682906985282898 3.3565757870674133
<unk> 0 516 5 2.725371837615967 6.091314792633057 0
bands 0 517 5 15.467449188232422 7.463125228881836 0
gradually 0 518 9 11.271199226379395 7.360396385192871 0.10272884368896484
wrapped 0 519 7 12.890869140625 8.150687217712402 0
around 0 520 6 5.1553850173950195 4.336758136749268 3.8139290809631348
the 0 521 3 1.6372432708740234 5.570836544036865 0
system 0 522 6 11.136539459228516 8.981715202331543 0
throughout 0 523 10 8.413900375366211 4.384639739990234 4.597075462341309
the 0 524 3 0.635290265083313 2.7681171894073486 1.6165225505828857
day 0 525 3 3.816516399383545 7.076024055480957 0
. 0 526 1 1.5494590997695923 2.9967546463012695 4.0792694091796875
<eos> 0 527 5 0.059417907148599625 0.2573866844177246 2.739367961883545
<unk> 0 528 5 2.720019817352295 6.1038103103637695 0
the 0 529 3 9.704300880432129 7.458305358886719 0
afternoon 0 530 9 14.475265502929688 9.071218490600586 0
hours 0 531 5 9.128170013427734 7.509067058563232 1.5621514320373535
of 0 532 2 1.655871033668518 5.432532787322998 2.0765342712402344
<unk> 0 533 5 0.6670506000518799 3.163648843765259 2.2688839435577393
<unk> 0 534 5 0.40224403142929077 1.5617704391479492 1.6018784046173096
, 0 535 1 1.051975131034851 3.228074550628662 0
a 0 536 1 7.328128337860107 2.446805238723755 0.7812693119049072
hurricane 0 537 9 6.79268741607666 9.532567977905273 0
hunter 0 538 6 6.489653587341309 5.847340106964111 3.685227870941162
aircraft 0 539 8 6.445119857788086 7.546076774597168 0
found 0 540 5 6.164371490478516 7.646932601928711 0
<unk> 0 541 5 4.449459552764893 5.533566474914551 2.11336612701416
just 0 542 4 11.073840141296387 6.431551456451416 0
below 0 543 5 3.617023468017578 5.986081600189209 0.44546985626220703
hurricane 0 544 9 5.079404354095459 3.805793523788452 2.180288076400757
strength 0 545 8 4.099035739898682 3.4096970558166504 0.39609646797180176
, 0 546 1 2.0552120208740234 4.064673900604248 0
and 0 547 3 1.5892285108566284 5.702579498291016 0
subsequently 0 548 12 6.854513168334961 7.039952278137207 0
, 0 549 1 5.827392578125 7.225590705871582 0
the 0 550 3 2.7601840496063232 5.872437000274658 1.3531537055969238
system 0 551 6 3.411705255508423 6.029991626739502 0
was 0 552 3 2.8262252807617188 6.186582088470459 0
upgraded 0 553 8 2.868407726287842 7.203233242034912 0
just 0 554 4 11.909953117370605 1.9414308071136475 5.261802434921265
a 0 555 1 5.984469413757324 4.760882377624512 0
few 0 556 3 0.8864783048629761 2.839299440383911 1.9215829372406006
hours 0 557 5 1.3661365509033203 2.235459089279175 0.6038403511047363
later 0 558 5 0.5014601349830627 1.531313180923462 0.7041459083557129
, 0 559 1 3.3659205436706543 1.4361140727996826 0.0951991081237793
while 0 560 5 4.332127571105957 5.518682956695557 0
situated 0 561 8 5.435617446899414 5.596255779266357 0
roughly 0 562 7 4.613801956176758 4.117520809173584 1.4787349700927734
<unk> 0 563 5 0.22881120443344116 1.2778385877609253 2.8396822214126587
mi 0 564 2 0.6308462619781494 1.487931728363037 0
( 0 565 1 0.0010456194868311286 0.01219604816287756 1.4757356802001595
<unk> 0 566 5 0.00023387745022773743 0.00313510256819427 0.00906094559468329
km 0 567 2 0.20052090287208557 0.6509225368499756 0
) 0 568 1 0.002154708607122302 0.020431503653526306 0.6304910331964493
southeast 0 569 9 3.6626856327056885 3.2563023567199707 0
of 0 570 2 0.0335875079035759 0.22002281248569489 3.036279544234276
<unk> 0 571 5 0.4665875732898712 1.7395391464233398 0
, 0 572 1 2.7510125637054443 3.152466058731079 0
<unk> 0 573 5 0.4888792634010315 2.6051621437072754 0.5473039150238037
. 0 574 1 0.5432945489883423 2.0989718437194824 0.506190299987793
<eos> 0 575 5 0.061077289283275604 0.26278793811798096 1.8361839056015015
<unk> 0 576 5 2.730281114578247 6.109987735748291 0
on 0 577 2 11.525068283081055 7.4648919105529785 0
<unk> 0 578 5 1.7190793752670288 4.850437641143799 2.6144542694091797
<unk> 0 579 5 1.1794142723083496 5.287125110626221 0
, 0 580 1 1.437246561050415 4.472879409790039 0.8142457008361816
a 0 581 1 7.383626461029053 1.9336624145507812 2.539216995239258
<unk> 0 582 5 2.462966203689575 9.207067489624023 0
to 0 583 2 7.641403675079346 7.1635355949401855 2.043531894683838
<unk> 0 584 5 1.1728143692016602 5.394973278045654 1.7685623168945312
mi 0 585 2 10.812969207763672 7.2865142822265625 0
( 0 586 1 0.10824447125196457 0.7583409547805786 6.528173327445984
<unk> 0 587 5 0.002674601273611188 0.033224694430828094 0.7251162603497505
to 0 588 2 2.5489673614501953 2.8993120193481445 0
<unk> 0 589 5 0.004680646117776632 0.04863454028964043 2.850677479058504
km 0 590 2 0.028708728030323982 0.22471830248832703 0
) 0 591 1 0.02949298359453678 0.17122796177864075 0.05349034070968628
wide 0 592 4 5.949863433837891 6.7792768478393555 0
eye 0 593 3 4.996737003326416 8.06020736694336 0
developed 0 594 9 7.920458793640137 5.134531497955322 2.925675868988037
within 0 595 6 6.676750183105469 5.687316417694092 0
the 0 596 3 0.9670488238334656 2.814523220062256 2.872793197631836
central 0 597 7 5.559103965759277 6.156531810760498 0
dense 0 598 5 2.875527858734131 2.8604660034179688 3.2960658073425293
overcast 0 599 8 0.005415360443294048 0.05832374840974808 2.8021422550082207
. 0 600 1 2.1290433406829834 3.299539089202881 0
<eos> 0 601 5 0.06547990441322327 0.27723416686058044 3.0223049223423004
<unk> 0 602 5 2.7181265354156494 6.095248222351074 0
light 0 603 5 13.862881660461426 7.461595058441162 0
of 0 604 2 7.467277526855469 7.717824459075928 0
this 0 605 4 6.150239944458008 4.014895915985107 3.7029285430908203
, 0 606 1 7.637078285217285 9.861268043518066 0
the 0 607 3 3.10963773727417 6.942901134490967 2.9183669090270996
<unk> 0 608 5 2.0515754222869873 9.195219993591309 0
<unk> 0 609 5 2.2911996841430664 8.984750747680664 0.21046924591064453
<unk> 0 610 5 1.7396416664123535 7.3372392654418945 1.6475114822387695
estimated 0 611 9 13.12440013885498 7.540074348449707 0
<unk> 0 612 5 3.2199349403381348 3.950805187225342 3.5892691612243652
to 0 613 2 5.4244608879089355 3.4244015216827393 0.5264036655426025
have 0 614 4 3.6075990200042725 1.796127438545227 1.6282740831375122
attained 0 615 8 4.44147253036499 6.876237869262695 0
winds 0 616 5 5.048015594482422 5.4023823738098145 1.4738554954528809
of 0 617 2 0.06150650233030319 0.48184648156166077 4.920535892248154
<unk> 0 618 5 0.0500263087451458 0.35387828946113586 0.1279681921005249
mph 0 619 3 1.013954758644104 1.2574101686477661 0
( 0 620 1 0.002955416217446327 0.029104026034474373 1.2283061426132917
<unk> 0 621 5 0.0006604341906495392 0.008542661555111408 0.020561364479362965
km 0 622 2 0.0027600873727351427 0.024281403049826622 0
/ 0 623 1 6.603982910746709e-05 0.0007386483484879136 0.02354275470133871
h 0 624 1 2.201361166953575e-05 0.0003143500362057239 0.0004242983122821897
) 0 625 1 0.003291086992248893 0.025940285995602608 0
along 0 626 5 8.724599838256836 3.8467283248901367 0
with 0 627 4 1.7043424844741821 2.6939103603363037 1.152817964553833
a 0 628 1 1.7890461683273315 4.527960777282715 0
barometric 0 629 10 5.078519821166992 7.427526950836182 0
pressure 0 630 8 0.0017390717985108495 0.020718546584248543 7.406808404251933
of 0 631 2 0.05945933237671852 0.3806954324245453 0
<unk> 0 632 5 0.029187455773353577 0.21944831311702728 0.161247119307518
<unk> 0 633 5 0.01168674137443304 0.10937731713056564 0.11007099598646164
( 0 634 1 0.14718970656394958 0.7489639520645142 0
<unk> 0 635 5 0.0090725626796484 0.09143070131540298 0.6575332507491112
; 0 636 1 1.409974217414856 1.6609253883361816 0
<unk> 0 637 5 0.01009899191558361 0.1021498441696167 1.558775544166565
<unk> 0 638 5 0.0028369862120598555 0.030435951426625252 0.07171389274299145
<eos> 0 639 5 0.003136990126222372 0.027003232389688492 0.00343271903693676
@ 0 640 1 0.0 1.7886084606288932e-05 0.026985346305082203
<unk> 0 641 5 1.1006847671524156e-05 0.00015890321810729802 0
<unk> 0 642 5 0.008703703992068768 0.08590922504663467 0
) 0 643 1 0.0027049854397773743 0.02396952547132969 0.061939699575304985
; 0 644 1 5.655276775360107 2.496213436126709 0
however 0 645 7 3.4025254249572754 4.7811055183410645 0
, 0 646 1 0.052992675453424454 0.36307454109191895 4.4180309772491455
it 0 647 2 3.1267285346984863 4.618083477020264 0
was 0 648 3 1.0922988653182983 4.349168300628662 0.26891517639160156
noted 0 649 5 5.486510753631592 6.692907333374023 0
that 0 650 4 1.4205188751220703 2.8090765476226807 3.8838307857513428
this 0 651 4 6.20460319519043 4.936144828796387 0
could 0 652 5 6.893404483795166 6.798459053039551 0
be 0 653 2 2.9308621883392334 5.3331828117370605 1.4652762413024902
conservative 0 654 12 19.8564510345459 7.620425224304199 0
based 0 655 5 11.640443801879883 6.040989875793457 1.5794353485107422
on 0 656 2 0.1607060730457306 1.1276206970214844 4.913369178771973
estimates 0 657 9 8.911802291870117 5.344615459442139 0
of 0 658 2 1.3764004707336426 4.312406063079834 1.0322093963623047
<unk> 0 659 5 3.4272522926330566 5.165744304656982 0
mph 0 660 3 2.4866104125976562 5.494806289672852 0
( 0 661 1 0.030070830136537552 0.2532382607460022 5.241568028926849
<unk> 0 662 5 0.0010896144667640328 0.01403256319463253 0.23920569755136967
km 0 663 2 0.02960857003927231 0.2081606686115265 0
/ 0 664 1 0.0004952250164933503 0.004822407849133015 0.20333826076239347
h 0 665 1 5.503339707502164e-05 0.0006930955569259822 0.0041293122922070324
) 0 666 1 0.025445103645324707 0.1346924901008606 0
from 0 667 4 6.73439884185791 4.685244083404541 0
the 0 668 3 2.1032955646514893 2.8154258728027344 1.8698182106018066
<unk> 0 669 5 2.1799349784851074 6.451940059661865 0
of 0 670 2 6.043479919433594 6.582254886627197 0
<unk> 0 671 5 0.24715696275234222 1.4476532936096191 5.134601593017578
and 0 672 3 5.968128204345703 3.9076550006866455 0
the 0 673 3 3.5239439010620117 3.360342502593994 0.5473124980926514
<unk> 0 674 5 1.919432282447815 6.869387626647949 0
<unk> 0 675 5 2.393587112426758 7.286544322967529 0
<unk> 0 676 5 1.585069179534912 5.624603271484375 1.6619410514831543
. 0 677 1 4.208254814147949 6.707797527313232 0
<eos> 0 678 5 0.06268437206745148 0.2681184709072113 6.439679056406021
<unk> 0 679 5 2.7213337421417236 6.095024585723877 0
the 0 680 3 9.682778358459473 7.4535298347473145 0
morning 0 681 7 12.951894760131836 9.068917274475098 0
of 0 682 2 2.5476009845733643 7.348214626312256 1.7207026481628418
<unk> 0 683 5 0.5943266153335571 2.1231868267059326 5.225027799606323
<unk> 0 684 5 0.37478187680244446 1.8748340606689453 0.2483527660369873
, 0 685 1 0.6112112998962402 2.7243049144744873 0
<unk> 0 686 5 0.6816800832748413 3.367949962615967 0
brushed 0 687 7 16.837913513183594 4.185092926025391 0
the 0 688 3 0.9532434344291687 3.2725985050201416 0.912494421005249
coast 0 689 5 4.499385356903076 6.145333766937256 0
of 0 690 2 0.9379933476448059 3.6015355587005615 2.5437982082366943
<unk> 0 691 5 0.4063001275062561 1.8235186338424683 1.7780169248580933
, 0 692 1 1.6105445623397827 4.175462245941162 0
with 0 693 4 4.502313137054443 6.256871223449707 0
the 0 694 3 3.294490098953247 4.7144622802734375 1.5424089431762695
center 0 695 6 7.558949947357178 7.52310037612915 0
passing 0 696 7 9.399394989013672 5.025976181030273 2.497124195098877
roughly 0 697 7 8.515880584716797 5.712676048278809 0
<unk> 0 698 5 0.2606925964355469 1.5866315364837646 4.126044511795044
mi 0 699 2 1.558658242225647 2.201965093612671 0
( 0 700 1 0.002325222361832857 0.025683676823973656 2.1762814167886972
<unk> 0 701 5 0.00017885086708702147 0.0024862734135240316 0.023197403410449624
km 0 702 2 0.07707028090953827 0.3338598906993866 0
) 0 703 1 0.003131498582661152 0.027413005009293556 0.30644688569009304
south 0 704 5 2.1574878692626953 3.6781327724456787 0
<unk> 0 705 5 1.3107775449752808 1.4874752759933472 2.1906574964523315
southeast 0 706 9 1.4066392183303833 2.4509291648864746 0
of 0 707 2 0.023348277434706688 0.17754894495010376 2.273380219936371
<unk> 0 708 5 0.3746579885482788 1.5444133281707764 0
<unk> 0 709 5 2.5397160053253174 3.331315279006958 0
, 0 710 1 2.497647523880005 3.52622127532959 0
<unk> 0 711 5 0.7862633466720581 3.5582172870635986 0
. 0 712 1 0.8509480953216553 2.6795403957366943 0.8786768913269043
<eos> 0 713 5 0.06267877668142319 0.26793721318244934 2.411603182554245
<unk> 0 714 5 2.7264561653137207 6.108902931213379 0
just 0 715 4 13.229183197021484 7.467362880706787 0
off 0 716 3 11.507051467895508 8.845330238342285 0
the 0 717 3 1.4455595016479492 5.342264652252197 3.503065586090088
coast 0 718 5 4.961820602416992 8.772710800170898 0
of 0 719 2 1.5013796091079712 4.942874431610107 3.829836368560791
<unk> 0 720 5 0.4674955904483795 2.032270908355713 2.9106035232543945
, 0 721 1 1.2606356143951416 4.644458770751953 0
the 0 722 3 3.1898598670959473 6.141795635223389 0
system 0 723 6 7.582951545715332 7.8795599937438965 0
interacted 0 724 10 8.709013938903809 6.513452053070068 1.3661079406738281
with 0 725 4 0.04926128312945366 0.41393131017684937 6.099520742893219
land 0 726 4 8.178438186645508 4.200425148010254 0
and 0 727 3 2.1297121047973633 5.59269905090332 0
began 0 728 5 5.83908748626709 8.011324882507324 0
weakening 0 729 9 4.014044761657715 3.842529773712158 4.168795108795166
. 0 730 1 2.1336636543273926 5.318527698516846 0
<eos> 0 731 5 0.051952529698610306 0.23194682598114014 5.086580872535706
<unk> 0 732 5 2.715359687805176 6.08599853515625 0
later 0 733 5 7.210791110992432 7.470578193664551 0
, 0 734 1 9.392587661743164 7.753614902496338 0
convection 0 735 10 17.73910903930664 6.772051811218262 0.9815630912780762
rapidly 0 736 7 8.577751159667969 6.47090482711792 0.3011469841003418
diminished 0 737 10 6.32946252822876 6.3108110427856445 0.1600937843322754
as 0 738 2 5.644123554229736 3.499086856842041 2.8117241859436035
dry 0 739 3 10.99473762512207 3.0138306617736816 0.4852561950683594
air 0 740 3 0.8572028279304504 4.2028679847717285 0
became 0 741 6 4.214780330657959 7.050276279449463 0
<unk> 0 742 5 5.271020412445068 6.794136047363281 0.25614023208618164
in 0 743 2 4.693286895751953 5.849485397338867 0.9446506500244141
the 0 744 3 0.9050441980361938 3.90049147605896 1.9489939212799072
circulation 0 745 11 6.8111443519592285 6.5466694831848145 0
. 0 746 1 1.6306954622268677 3.8237757682800293 2.722893714904785
<eos> 0 747 5 0.05536188185214996 0.24376554787158966 3.5800102204084396
<unk> 0 748 5 2.7175309658050537 6.084311485290527 0
response 0 749 8 17.141265869140625 7.462423324584961 0
to 0 750 2 1.9980298280715942 5.658013820648193 1.8044095039367676
quick 0 751 5 15.866804122924805 5.152429580688477 0.5055842399597168
degradation 0 752 11 13.853010177612305 8.664952278137207 0
of 0 753 2 1.8802587985992432 5.570419788360596 3.0945324897766113
the 0 754 3 1.1644822359085083 5.102487564086914 0.46793222427368164
system 0 755 6 8.537199974060059 9.194945335388184 0
's 0 756 2 4.729239463806152 6.967949390411377 2.2269959449768066
structure 0 757 9 7.362204551696777 10.615852355957031 0
, 0 758 1 3.743847608566284 6.511329174041748 4.104523181915283
the 0 759 3 4.0258564949035645 7.835043907165527 0
<unk> 0 760 5 3.250392198562622 10.505677223205566 0
downgraded 0 761 10 15.001724243164062 9.209630012512207 1.2960472106933594
<unk> 0 762 5 2.517578363418579 4.7668375968933105 4.4427924156188965
to 0 763 2 0.8723194599151611 3.5939927101135254 1.1728448867797852
a 0 764 1 0.7129988074302673 2.6798362731933594 0.914156436920166
tropical 0 765 8 0.562022864818573 2.487870216369629 0.19196605682373047
storm 0 766 5 0.9289677739143372 1.578345537185669 0.90952467918396
. 0 767 1 3.2289040088653564 4.3747406005859375 0
<eos> 0 768 5 0.06196870654821396 0.26522400975227356 4.109516590833664
<unk> 0 769 5 2.7221522331237793 6.096520900726318 0
weakening 0 770 9 21.179283142089844 7.478773593902588 0
continued 0 771 9 7.309555530548096 6.745477199554443 0.7332963943481445
throughout 0 772 10 6.33914852142334 4.816422939300537 1.9290542602539062
the 0 773 3 0.6053459048271179 2.0395686626434326 2.7768542766571045
day 0 774 3 1.9718897342681885 5.027379035949707 0
and 0 775 3 3.013730525970459 2.8555779457092285 2.1718010902404785
by 0 776 2 8.539596557617188 6.912478923797607 0
the 0 777 3 2.5307865142822266 3.58723521232605 3.3252437114715576
evening 0 778 7 4.899898529052734 4.192873954772949 0
hours 0 779 5 5.222817420959473 1.4324525594711304 2.760421395301819
, 0 780 1 3.55863881111145 2.48763108253479 0
the 0 781 3 1.8756110668182373 4.802947998046875 0
storm 0 782 5 2.098573684692383 6.227502822875977 0
no 0 783 2 17.092573165893555 5.694142818450928 0.5333600044250488
longer 0 784 6 0.2933335602283478 2.089221477508545 3.604921340942383
had 0 785 3 2.8837637901306152 7.160609722137451 0
a 0 786 1 2.0802552700042725 5.852822780609131 1.3077869415283203
defined 0 787 7 11.65894603729248 7.547579765319824 0
circulation 0 788 11 2.7198092937469482 6.750954627990723 0.7966251373291016
. 0 789 1 0.6128828525543213 2.9187393188476562 3.8322153091430664
<eos> 0 790 5 0.060449883341789246 0.26117026805877686 2.6575690507888794
<unk> 0 791 5 2.719454288482666 6.088001251220703 0
an 0 792 2 14.521965026855469 7.467957973480225 0
organized 0 793 9 11.399552345275879 8.610548973083496 0
center 0 794 6 10.579782485961914 9.622111320495605 0
and 0 795 3 4.260102272033691 6.295956134796143 3.326155185699463
deep 0 796 4 11.520734786987305 7.002035617828369 0
convection 0 797 10 0.5398810505867004 3.1627228260040283 3.839312791824341
, 0 798 1 2.3261053562164307 6.432453155517578 0
the 0 799 3 4.5938520431518555 5.861184597015381 0.5712685585021973
final 0 800 5 9.312212944030762 7.01476526260376 0
advisory 0 801 8 4.21193790435791 7.497488975524902 0
was 0 802 3 4.22914981842041 4.263603687286377 3.2338852882385254
issued 0 803 6 1.634385585784912 5.71867036819458 0
on 0 804 2 1.6196225881576538 3.7108943462371826 2.0077760219573975
<unk> 0 805 5 0.1935342252254486 0.9221528768539429 2.7887414693832397
. 0 806 1 10.210739135742188 0.1279224008321762 0.7942304760217667
<eos> 0 807 5 0.05956924334168434 0.2586650848388672 0
<unk> 0 808 5 2.7108895778656006 6.093462944030762 0
storm 0 809 5 14.727194786071777 7.472863674163818 0
's 0 810 2 4.162302017211914 6.884190559387207 0.5886731147766113
remnants 0 811 8 7.628580570220947 9.328267097473145 0
persisted 0 812 9 5.8464484214782715 6.559345245361328 2.7689218521118164
for 0 813 3 2.8331899642944336 5.1469645500183105 1.4123806953430176
several 0 814 7 2.9711997509002686 5.0194621086120605 0.12750244140625
more 0 815 4 9.216070175170898 1.6980953216552734 3.321366786956787
hours 0 816 5 3.335758924484253 1.4314494132995605 0.2666459083557129
before 0 817 6 3.5996875762939453 3.2219111919403076 0
dissipating 0 818 11 1.9992282390594482 5.027268886566162 0
roughly 0 819 7 9.336779594421387 4.440260410308838 0.5870084762573242
<unk> 0 820 5 0.6750305891036987 3.061282157897949 1.3789782524108887
mi 0 821 2 1.3920936584472656 2.311051845550537 0.7502303123474121
( 0 822 1 0.0004512119048740715 0.005788829177618027 2.305263016372919
<unk> 0 823 5 9.905860497383401e-05 0.0014410106232389808 0.004347818554379046
km 0 824 2 0.17003995180130005 0.5674164295196533 0
) 0 825 1 0.0039212023839354515 0.03436374291777611 0.5330526866018772
southwest 0 826 9 3.4861156940460205 3.2297866344451904 0
of 0 827 2 0.021427687257528305 0.1666269600391388 3.0631596744060516
<unk> 0 828 5 0.5436715483665466 1.8804166316986084 0
<unk> 0 829 5 2.7066519260406494 3.722651958465576 0
, 0 830 1 2.9205241203308105 3.6933786869049072 0.029273271560668945
<unk> 0 831 5 0.8043834567070007 3.602771759033203 0.0906069278717041
. 0 832 1 1.0283985137939453 3.1062047481536865 0.4965670108795166
<eos> 0 833 5 0.05876022204756737 0.2557966411113739 2.8504081070423126
= 0 834 1 3.7501490116119385 6.108343601226807 0
= 0 835 1 0.10261715203523636 0.7023370265960693 5.406006574630737
<unk> 0 836 5 5.422003269195557 5.6430206298828125 0
and 0 837 3 4.024611473083496 7.075387001037598 0
impact 0 838 6 12.724310874938965 6.884624481201172 0.19076251983642578
= 0 839 1 0.2820928394794464 1.6715013980865479 5.213123083114624
= 0 840 1 1.651023922022432e-05 0.00027205090736970305 1.6712293471791781
<eos> 0 841 5 21.01619529724121 5.185306072235107 0
<unk> 0 842 5 0.8176619410514832 4.266402721405029 0.9189033508300781
the 0 843 3 7.795621395111084 6.672161102294922 0
classification 0 844 14 14.347769737243652 8.591012001037598 0
of 0 845 2 0.8519496917724609 4.060949325561523 4.530062675476074
<unk> 0 846 5 1.7077808380126953 6.084050178527832 0
<unk> 0 847 5 2.226501226425171 7.266858100891113 0
<unk> 0 848 5 2.162015914916992 6.577461242675781 0.689396858215332
<unk> 0 849 5 2.2743136882781982 7.2353835105896 0
<unk> 0 850 5 1.4913042783737183 5.433159828186035 1.8022236824035645
on 0 851 2 8.256157875061035 5.764976978302002 0
<unk> 0 852 5 1.1550931930541992 3.9845752716064453 1.7804017066955566
<unk> 0 853 5 0.5479106307029724 3.144188642501831 0.8403866291046143
, 0 854 1 1.86839759349823 2.6536176204681396 0.4905710220336914
the 0 855 3 6.017076015472412 1.1283761262893677 1.525241494178772
<unk> 0 856 5 1.476015567779541 7.594921588897705 0
of 0 857 2 5.036196708679199 7.339468955993652 0.25545263290405273
<unk> 0 858 5 0.9738290905952454 3.797694683074951 3.541774272918701
issued 0 859 6 12.436187744140625 5.717451572418213 0
a 0 860 1 1.2773000001907349 4.468624114990234 1.2488274574279785
tropical 0 861 8 7.225720405578613 8.645419120788574 0
storm 0 862 5 0.8734406232833862 2.1547353267669678 6.4906837940216064
warning 0 863 7 0.9220471978187561 2.7491891384124756 0
for 0 864 3 1.9190291166305542 4.755964756011963 0
coastal 0 865 7 7.664221286773682 3.8900392055511475 0.8659255504608154
areas 0 866 5 1.2704812288284302 4.3977437019348145 0
between 0 867 7 6.456341743469238 4.428609848022461 0
<unk> 0 868 5 0.6413439512252808 2.234251022338867 2.1943588256835938
and 0 869 3 0.4432721436023712 1.894005298614502 0.34024572372436523
<unk> 0 870 5 0.11643914878368378 0.8506478071212769 1.043357491493225
. 0 871 1 1.2571382522583008 3.3663220405578613 0
<eos> 0 872 5 0.06343556940555573 0.2707645297050476 3.0955575108528137
<unk> 0 873 5 2.722303867340088 6.108196258544922 0
hurricane 0 874 9 17.252912521362305 7.46525239944458 0
watch 0 875 5 7.86981201171875 7.270998001098633 0.19425439834594727
was 0 876 3 1.6676496267318726 6.175586700439453 1.0954113006591797
also 0 877 4 3.693006753921509 6.852475166320801 0
put 0 878 3 8.502105712890625 7.416009426116943 0
in 0 879 2 2.399477243423462 3.8221142292022705 3.593895196914673
place 0 880 5 1.1913044452667236 3.9902045726776123 0
from 0 881 4 5.95224666595459 4.370553970336914 0
<unk> 0 882 5 1.5557825565338135 3.53464937210083 0.835904598236084
de 0 883 2 10.037296295166016 3.492337942123413 0.04231142997741699
<unk> 0 884 5 0.18380679190158844 0.8717480301856995 2.6205899119377136
to 0 885 2 1.255041241645813 3.621124267578125 0
<unk> 0 886 5 0.7573854327201843 3.184473991394043 0.43665027618408203
<unk> 0 887 5 1.5567224025726318 4.203512668609619 0
<unk> 0 888 5 2.909210443496704 3.592111587524414 0.6114010810852051
. 0 889 1 1.807727575302124 4.3814167976379395 0
<eos> 0 890 5 0.05870804563164711 0.25500795245170593 4.1264088451862335
<unk> 0 891 5 2.7233424186706543 6.094719886779785 0
that 0 892 4 12.287821769714355 7.456545829772949 0
day 0 893 3 7.503332138061523 7.657164096832275 0
, 0 894 1 1.5809993743896484 5.758834362030029 1.898329734802246
the 0 895 3 2.981738805770874 6.001184463500977 0
tropical 0 896 8 12.355443000793457 9.05693244934082 0
storm 0 897 5 1.2574710845947266 2.9900455474853516 6.066886901855469
warning 0 898 7 3.7239224910736084 6.907111644744873 0
was 0 899 3 1.0413563251495361 4.642347812652588 2.264763832092285
upgraded 0 900 8 4.215882301330566 6.401333332061768 0
to 0 901 2 0.34072932600975037 1.7694227695465088 4.631910562515259
a 0 902 1 0.9162272810935974 2.7893691062927246 0
hurricane 0 903 9 2.2861969470977783 3.6764039993286133 0
warning 0 904 7 2.1216468811035156 4.515799045562744 0
and 0 905 3 4.22104024887085 4.819930553436279 0
the 0 906 3 3.6483848094940186 7.326975345611572 0
watch 0 907 5 9.541659355163574 6.487685203552246 0.8392901420593262
was 0 908 3 1.1834827661514282 4.931857585906982 1.5558276176452637
extended 0 909 8 5.109257698059082 5.461088180541992 0
westward 0 910 8 5.009381294250488 4.886369705200195 0.5747184753417969
to 0 911 2 2.1974265575408936 3.5763423442840576 1.3100273609161377
<unk> 0 912 5 1.2697960138320923 3.2939603328704834 0.2823820114135742
<unk> 0 913 5 2.941051959991455 4.278172969818115 0
. 0 914 1 1.423166036605835 3.855996608734131 0.4221763610839844
<eos> 0 915 5 0.062293559312820435 0.2669253349304199 3.589071273803711
<unk> 0 916 5 2.712862491607666 6.098964214324951 0
<unk> 0 917 5 2.40891695022583 7.4605584144592285 0
continued 0 918 9 9.554450035095215 6.242795467376709 1.2177629470825195
to 0 919 2 1.1730992794036865 4.588533401489258 1.6542620658874512
strengthen 0 920 10 7.564124584197998 8.08973217010498 0
, 0 921 1 2.656829357147217 4.953794002532959 3.1359381675720215
the 0 922 3 7.8746562004089355 4.623732566833496 0.3300614356994629
watches 0 923 7 14.555937767028809 6.792369365692139 0
and 0 924 3 2.6910083293914795 6.562108039855957 0.23026132583618164
warnings 0 925 8 2.0824499130249023 6.662506103515625 0
were 0 926 4 1.3691855669021606 4.971694469451904 1.6908116340637207
extended 0 927 8 7.556301116943359 3.928436756134033 1.043257713317871
westward 0 928 8 4.338830471038818 5.08150577545166 0
to 0 929 2 2.5100605487823486 4.008002758026123 1.073503017425537
<unk> 0 930 5 1.5361050367355347 3.0465030670166016 0.9614996910095215
<unk> 0 931 5 2.895392656326294 4.42268705368042 0
on 0 932 2 3.6198179721832275 3.9974825382232666 0.4252045154571533
<unk> 0 933 5 0.20111240446567535 0.9481317400932312 3.0493507981300354
<unk> 0 934 5 0.02427835948765278 0.17555198073387146 0.7725797593593597
. 0 935 1 0.35462549328804016 1.6059575080871582 0
<eos> 0 936 5 0.06144321709871292 0.26461613178253174 1.3413413763046265
<unk> 0 937 5 2.7144558429718018 6.102588176727295 0
on 0 938 2 11.529090881347656 7.4651312828063965 0
<unk> 0 939 5 1.719010591506958 4.845889091491699 2.6192421913146973
<unk> 0 940 5 1.177741289138794 5.280747890472412 0
, 0 941 1 1.441200852394104 4.482788562774658 0.7979593276977539
the 0 942 3 4.803066730499268 1.953739047050476 2.529049515724182
easternmost 0 943 11 14.022274017333984 8.395296096801758 0
advisories 0 944 10 20.72764015197754 7.2826409339904785 1.1126551628112793
were 0 945 4 1.5749841928482056 4.833324909210205 2.4493160247802734
discontinued 0 946 12 4.742906093597412 7.322828769683838 0
as 0 947 2 5.420942783355713 4.44316291809082 2.8796658515930176
<unk> 0 948 5 3.5341403484344482 4.371554851531982 0.07160806655883789
moved 0 949 5 4.994267463684082 7.045927047729492 0
away 0 950 4 7.433830261230469 5.022985935211182 2.0229411125183105
. 0 951 1 4.339793682098389 2.0564889907836914 2.9664969444274902
<eos> 0 952 5 0.05544992908835411 0.2450476437807083 1.811441347002983
<unk> 0 953 5 2.706407070159912 6.104986190795898 0
that 0 954 4 12.284200668334961 7.4597039222717285 0
morning 0 955 7 10.512317657470703 7.660499572753906 0
, 0 956 1 1.9784773588180542 6.377197742462158 1.283301830291748
all 0 957 3 9.315522193908691 6.03345251083374 0.34374523162841797
watches 0 958 7 10.675607681274414 7.015499114990234 0
and 0 959 3 3.493128538131714 6.348831653594971 0.6666674613952637
warnings 0 960 8 0.4082661271095276 3.1573894023895264 3.1914422512054443
were 0 961 4 0.6370898485183716 3.2914540767669678 0
discontinued 0 962 12 3.3259572982788086 6.048221588134766 0
in 0 963 2 4.299979209899902 3.581240177154541 2.4669814109802246
light 0 964 5 13.480358123779297 2.9329652786254883 0.6482748985290527
of 0 965 2 0.02441871538758278 0.22758127748966217 2.705384001135826
<unk> 0 966 5 3.0915534496307373 3.836301326751709 0
's 0 967 2 1.7434114217758179 4.5172200202941895 0
rapid 0 968 5 8.301804542541504 9.107461929321289 0
weakening 0 969 9 3.7827227115631104 5.129225254058838 3.978236675262451
. 0 970 1 1.2972280979156494 4.460216522216797 0.669008731842041
<eos> 0 971 5 0.059910476207733154 0.2587711811065674 4.2014453411102295
<unk> 0 972 5 2.7248904705047607 6.093868732452393 0
<unk> 0 973 5 2.4302263259887695 7.474315643310547 0
and 0 974 3 4.942514419555664 6.255178928375244 1.2191367149353027
<unk> 0 975 5 0.4618188738822937 3.021627902984619 3.233551025390625
, 0 976 1 6.695273399353027 3.0571160316467285 0
residents 0 977 9 17.082719802856445 6.542232513427734 0
were 0 978 4 3.8987627029418945 5.076115608215332 1.4661169052124023
warned 0 979 6 8.527579307556152 9.473447799682617 0
of 0 980 2 2.092008113861084 4.077354907989502 5.396092891693115
heavy 0 981 5 11.338787078857422 5.759105682373047 0
rains 0 982 5 2.51023006439209 6.831348896026611 0
that 0 983 4 5.131425380706787 3.9847452640533447 2.8466036319732666
could 0 984 5 6.397383213043213 7.167630672454834 0
trigger 0 985 7 12.822244644165039 6.142192840576172 1.025437831878662
flooding 0 986 8 5.309306621551514 7.324094295501709 0
and 0 987 3 2.6134841442108154 4.509861946105957 2.814232349395752
mudslides 0 988 9 4.06820821762085 8.009947776794434 0
. 0 989 1 1.111151099205017 3.3981029987335205 4.611844778060913
<eos> 0 990 5 0.054481275379657745 0.23992085456848145 3.158182144165039
<unk> 0 991 5 2.729628801345825 6.1032514572143555 0
across 0 992 6 16.88981819152832 7.470797061920166 0
both 0 993 4 8.162693977355957 3.5541129112243652 3.916684150695801
states 0 994 6 8.748766899108887 5.8967204093933105 0
canceled 0 995 8 16.799240112304688 5.909607410430908 0
classes 0 996 7 14.190936088562012 6.082059860229492 0
for 0 997 3 5.132259368896484 5.30216121673584 0.7798986434936523
<unk> 0 998 5 2.905165433883667 6.8227009773254395 0
<unk> 0 999 5 3.135730743408203 6.642422676086426 0.18027830123901367
. 0 1000 1 4.787318706512451 4.525744915008545 2.116677761077881
<eos> 0 1001 5 0.058127351105213165 0.25323089957237244 4.2725140154361725
<unk> 0 1002 5 2.7152538299560547 6.100744247436523 0
<unk> 0 1003 5 2.416884660720825 7.459619522094727 0
, 0 1004 1 2.784762382507324 6.2436842918396 1.215935230255127
<unk> 0 1005 5 2.7065610885620117 5.803866863250732 0.4398174285888672
shelters 0 1006 8 22.746929168701172 4.5679240226745605 1.2359428405761719
were 0 1007 4 3.5389089584350586 5.836216926574707 0
opened 0 1008 6 5.918635845184326 8.725553512573242 0
to 0 1009 2 3.346775531768799 4.072864055633545 4.652689456939697
the 0 1010 3 1.7782593965530396 6.624667167663574 0
public 0 1011 6 0.4246155917644501 3.041686773300171 3.5829803943634033
. 0 1012 1 3.4528212547302246 4.494403839111328 0
<eos> 0 1013 5 0.057208430022001266 0.249995619058609 4.244408220052719
<unk> 0 1014 5 2.7230067253112793 6.092738628387451 0
, 0 1015 1 4.518612861633301 7.4533867835998535 0
the 0 1016 3 4.014838695526123 5.920420169830322 1.5329666137695312
<unk> 0 1017 5 2.6508662700653076 9.092798233032227 0
<unk> 0 1018 5 2.8429088592529297 8.197333335876465 0.8954648971557617
was 0 1019 3 6.987563133239746 6.480255126953125 1.7170782089233398
placed 0 1020 6 8.719477653503418 8.347708702087402 0
on 0 1021 2 2.239727258682251 3.6501057147979736 4.697602987289429
standby 0 1022 7 6.2532782554626465 4.1607513427734375 0
for 0 1023 3 3.2261962890625 4.774442195892334 0
hurricane 0 1024 9 14.600872039794922 6.1655402183532715 0
relief 0 1025 6 9.800875663757324 1.526961088180542 4.6385791301727295
. 0 1026 1 2.5427675247192383 4.83601713180542 0
<eos> 0 1027 5 0.05078013613820076 0.228101447224617 4.607915684580803
<unk> 0 1028 5 2.720667839050293 6.094119071960449 0
total 0 1029 5 16.22317886352539 7.456157684326172 0
of 0 1030 2 4.489249229431152 8.967013359069824 0
<unk> 0 1031 5 1.179012656211853 4.84868860244751 4.1183247566223145
temporary 0 1032 9 16.810117721557617 5.918910026550293 0
shelters 0 1033 8 8.472587585449219 10.064820289611816 0
were 0 1034 4 2.093430519104004 5.7041120529174805 4.360708236694336
opened 0 1035 6 5.359569549560547 7.3873209953308105 0
in 0 1036 2 1.474631428718567 3.8942368030548096 3.493084192276001
<unk> 0 1037 5 0.44132673740386963 2.1899161338806152 1.7043206691741943
, 0 1038 1 2.0680487155914307 3.7125296592712402 0
many 0 1039 4 9.846433639526367 5.406889915466309 0
of 0 1040 2 0.5797879099845886 3.744168281555176 1.6627216339111328
which 0 1041 5 0.31767538189888 1.1625325679779053 2.5816357135772705
were 0 1042 4 0.6147869825363159 3.4095566272735596 0
in 0 1043 2 5.571655750274658 8.375107765197754 0
<unk> 0 1044 5 2.5609841346740723 6.224013805389404 2.1510939598083496
, 0 1045 1 2.907611608505249 5.127552509307861 1.096461296081543
as 0 1046 2 5.071698188781738 5.275123119354248 0
many 0 1047 4 7.870450496673584 3.7820680141448975 1.4930551052093506
residents 0 1048 9 6.776148319244385 5.991473197937012 0
were 0 1049 4 1.4739806652069092 5.986288070678711 0.005185127258300781
expected 0 1050 8 7.454444885253906 8.622444152832031 0
to 0 1051 2 0.03928355127573013 0.3498803675174713 8.27256378531456
evacuate 0 1052 8 2.497171640396118 6.675262928009033 0
flood 0 1053 5 11.280845642089844 5.493776321411133 1.1814866065979004
<unk> 0 1054 5 5.887808322906494 3.7592735290527344 1.7345027923583984
prone 0 1055 5 1.631653070449829 4.805148601531982 0
area 0 1056 4 10.53798770904541 4.255160808563232 0.54998779296875
. 0 1057 1 1.43948233127594 4.680951118469238 0
<eos> 0 1058 5 0.05348512530326843 0.23733995854854584 4.443611159920692
<unk> 0 1059 5 2.734992027282715 6.105201721191406 0
orange 0 1060 6 16.581844329833984 7.470637321472168 0
<unk> 0 1061 5 3.7131590843200684 6.819423198699951 0.6512141227722168
level 0 1062 5 15.365678787231445 7.910131454467773 0
alert 0 1063 5 13.2263822555542 10.680268287658691 0
was 0 1064 3 2.9054460525512695 7.198310375213623 3.4819579124450684
issued 0 1065 6 3.772012948989868 7.6870574951171875 0
for 0 1066 3 2.8936285972595215 4.283679962158203 3.4033775329589844
portions 0 1067 8 9.341758728027344 4.067498683929443 0.21618127822875977
of 0 1068 2 0.05152875930070877 0.41426560282707214 3.653233081102371
<unk> 0 1069 5 2.181246280670166 2.63576340675354 0
in 0 1070 2 4.9117255210876465 4.8048095703125 0
light 0 1071 5 13.426031112670898 2.9915060997009277 1.8133034706115723
of 0 1072 2 0.013109143823385239 0.1304250806570053 2.8610810190439224
potentially 0 1073 11 13.369979858398438 4.375529766082764 0
heavy 0 1074 5 4.823927402496338 8.418217658996582 0
rains 0 1075 5 2.914762020111084 2.9592056274414062 5.459012031555176
. 0 1076 1 1.3935548067092896 3.991986036300659 0
<eos> 0 1077 5 0.06159186735749245 0.2638936936855316 3.7280923426151276
<unk> 0 1078 5 2.721498966217041 6.101509094238281 0
<unk> 0 1079 5 2.429924964904785 7.470461368560791 0
and 0 1080 3 4.939139366149902 6.253315448760986 1.2171459197998047
<unk> 0 1081 5 0.46051451563835144 3.0141866207122803 3.239128828048706
<unk> 0 1082 5 0.39236393570899963 3.049006223678589 0
, 0 1083 1 3.1184444427490234 6.94757080078125 0
the 0 1084 3 3.290085792541504 6.456354141235352 0.49121665954589844
<unk> 0 1085 5 2.4622509479522705 8.297849655151367 0
<unk> 0 1086 5 1.9826241731643677 8.14282512664795 0.15502452850341797
<unk> 0 1087 5 2.399946451187134 6.854533672332764 1.2882914543151855
( 0 1088 1 5.557082653045654 7.225846767425537 0
<unk> 0 1089 5 0.8162956237792969 4.977563381195068 2.2482833862304688
<unk> 0 1090 5 2.237304449081421 3.0457701683044434 1.931793212890625
<unk> 0 1091 5 1.9765594005584717 2.910830497741699 0.13493967056274414
) 0 1092 1 0.8202705383300781 2.6564767360687256 0.25435376167297363
advised 0 1093 7 14.702788352966309 3.851369857788086 0
that 0 1094 4 3.689021110534668 5.346153736114502 0
all 0 1095 3 8.045004844665527 4.870956897735596 0.47519683837890625
air 0 1096 3 13.593244552612305 8.069269180297852 0
and 0 1097 3 6.341776371002197 7.852517127990723 0.2167520523071289
sea 0 1098 3 5.003030300140381 8.11938190460205 0
traffic 0 1099 7 6.530671119689941 8.6814603805542 0
be 0 1100 2 3.6718833446502686 7.587802886962891 1.0936574935913086
suspended 0 1101 9 9.945871353149414 8.835424423217773 0
until 0 1102 5 8.619723320007324 4.864658355712891 3.970766067504883
the 0 1103 3 1.7048983573913574 3.579711675643921 1.2849466800689697
passage 0 1104 7 9.261130332946777 7.956026077270508 0
of 0 1105 2 0.19188033044338226 1.2545932531356812 6.701432824134827
<unk> 0 1106 5 3.349154472351074 3.876345157623291 0
. 0 1107 1 4.183463096618652 6.618286609649658 0
<eos> 0 1108 5 0.06166882440447807 0.26394855976104736 6.354338049888611
<unk> 0 1109 5 2.715449333190918 6.095585346221924 0
<unk> 0 1110 5 2.4026691913604736 7.449474811553955 0
, 0 1111 1 2.7980613708496094 6.249850273132324 1.1996245384216309
<unk> 0 1112 5 2.70270037651062 5.808632850646973 0.44121742248535156
produced 0 1113 8 14.143318176269531 4.571523666381836 1.2371091842651367
heavy 0 1114 5 9.698287010192871 5.376777172088623 0
rain 0 1115 4 4.84136962890625 3.8679909706115723 1.5087862014770508
, 0 1116 1 2.0660881996154785 4.8754730224609375 0
peaking 0 1117 7 6.946403980255127 7.035660266876221 0
at 0 1118 2 0.11240514367818832 0.7119801044464111 6.32368016242981
<unk> 0 1119 5 0.17468206584453583 1.0798709392547607 0
<unk> 0 1120 5 0.7818193435668945 2.6027607917785645 0
<eos> 0 1121 5 0.03329309821128845 0.2086348980665207 2.3941258937120438
@ 0 1122 1 2.751719648586004e-06 3.474007826298475e-05 0.2086001579882577
<unk> 0 1123 5 0.00010456165909999982 0.001506469096057117 0
mm 0 1124 2 5.994318962097168 1.543147325515747 0
( 0 1125 1 0.012795524671673775 0.11197298765182495 1.4311743378639221
<unk> 0 1126 5 0.00037693671765737236 0.0047726985067129135 0.10720028914511204
<unk> 0 1127 5 0.21063612401485443 0.7087306976318359 0
<eos> 0 1128 5 0.0026279077865183353 0.020740754902362823 0.6879899427294731
@ 0 1129 1 0.0 8.599129728281696e-07 0.020739894989389995
<unk> 0 1130 5 2.751719648586004e-06 3.835161987808533e-05 0
in 0 1131 2 0.005541973747313023 0.042333025485277176 0
) 0 1132 1 0.0009603753569535911 0.010138271376490593 0.03219475410878658
in 0 1133 2 1.0986638069152832 3.0136265754699707 0
<unk> 0 1134 5 0.8633996844291687 3.661994218826294 0
, 0 1135 1 2.1627354621887207 3.8073880672454834 0
<unk> 0 1136 5 0.5130476951599121 2.6336803436279297 1.1737077236175537
. 0 1137 1 1.2796884775161743 3.206871747970581 0
<eos> 0 1138 5 0.05955835059285164 0.25825315713882446 2.9486185908317566
<unk> 0 1139 5 2.712376832962036 6.126257419586182 0
homes 0 1140 5 14.811627388000488 7.457826614379883 0
across 0 1141 6 9.86955738067627 5.7505011558532715 1.7073254585266113
the 0 1142 3 0.7815964221954346 2.835099697113037 2.9154014587402344
state 0 1143 5 3.8473219871520996 6.054136753082275 0
were 0 1144 4 1.7946803569793701 6.061408996582031 0
damaged 0 1145 7 4.073439121246338 7.41239595413208 0
, 0 1146 1 2.1546757221221924 3.6695003509521484 3.7428956031799316
though 0 1147 6 6.084639072418213 5.447747707366943 0
none 0 1148 4 7.560011863708496 6.796796798706055 0
were 0 1149 4 2.1645076274871826 3.33394193649292 3.4628548622131348
destroyed 0 1150 9 3.374218463897705 7.347983360290527 0
. 0 1151 1 0.872821569442749 2.6398372650146484 4.708146095275879
<eos> 0 1152 5 0.05666350945830345 0.2481403946876526 2.391696870326996
<unk> 0 1153 5 2.7224345207214355 6.099997520446777 0
<unk> 0 1154 5 2.413813591003418 7.456840991973877 0
, 0 1155 1 2.7904982566833496 6.250988960266113 1.2058520317077637
<unk> 0 1156 5 2.7158029079437256 5.777056694030762 0.47393226623535156
homes 0 1157 5 20.11178970336914 4.55832576751709 1.2187309265136719
were 0 1158 4 5.175549507141113 5.065456390380859 0
inundated 0 1159 9 7.921913146972656 8.38492202758789 0
by 0 1160 2 2.212151050567627 3.644562244415283 4.740359783172607
flood 0 1161 5 6.308534145355225 7.04836893081665 0
waters 0 1162 6 0.5509499311447144 2.8179008960723877 4.230468034744263
, 0 1163 1 1.9283602237701416 3.750088691711426 0
prompting 0 1164 9 7.009890556335449 5.720106601715088 0
evacuations 0 1165 11 2.738877296447754 5.933503150939941 0
in 0 1166 2 2.720435380935669 4.2719340324401855 1.6615691184997559
areas 0 1167 5 7.481882095336914 3.519780158996582 0.7521538734436035
built 0 1168 5 12.269055366516113 4.689907550811768 0
in 0 1169 2 2.319179058074951 4.595938205718994 0.09396934509277344
<unk> 0 1170 5 0.9927430152893066 3.8288073539733887 0.7671308517456055
to 0 1171 2 6.177028179168701 4.040867805480957 0
relocate 0 1172 8 11.303433418273926 7.616178035736084 0
residents 0 1173 9 8.913166046142578 5.114401340484619 2.501776695251465
after 0 1174 5 9.314255714416504 4.106176376342773 1.0082249641418457
<unk> 0 1175 5 2.4082412719726562 6.112640380859375 0
<unk> 0 1176 5 3.106215715408325 6.137657165527344 0
. 0 1177 1 3.445983409881592 4.542921543121338 1.5947356224060059
<eos> 0 1178 5 0.0554279163479805 0.24472065269947052 4.298200890421867
<unk> 0 1179 5 2.7139289379119873 6.080765724182129 0
landslides 0 1180 10 19.327180862426758 7.453423976898193 0
blocked 0 1181 7 9.654047012329102 6.762104511260986 0.691319465637207
off 0 1182 3 8.36111831665039 6.229142665863037 0.5329618453979492
roads 0 1183 5 4.216480731964111 4.9208478927612305 1.3082947731018066
and 0 1184 3 2.052341938018799 4.467016696929932 0.45383119583129883
a 0 1185 1 8.307299613952637 7.6426310539245605 0
<unk> 0 1186 5 4.476522445678711 8.34272289276123 0
m 0 1187 1 7.308022975921631 7.221485614776611 1.1212372779846191
( 0 1188 1 0.09146718680858612 0.6970985531806946 6.524387061595917
<unk> 0 1189 5 0.0008117016986943781 0.010426346212625504 0.6866722069680691
ft 0 1190 2 0.13119663298130035 0.5219658017158508 0
) 0 1191 1 0.007897458039224148 0.056531548500061035 0.4654342532157898
section 0 1192 7 6.194180965423584 7.249090194702148 0
of 0 1193 2 0.9385574460029602 4.099292278289795 3.1497979164123535
a 0 1194 1 5.728820323944092 4.446488857269287 0
roundabout 0 1195 10 12.86453914642334 8.668778419494629 0
was 0 1196 3 2.2154035568237305 5.731971263885498 2.936807155609131
destroyed 0 1197 9 3.4670848846435547 5.415104866027832 0.316866397857666
. 0 1198 1 0.9896541833877563 3.0548102855682373 2.3602945804595947
<eos> 0 1199 5 0.05456126108765602 0.2410106509923935 2.813799634575844
<unk> 0 1200 5 2.723975419998169 6.099416255950928 0
the 0 1201 3 9.708592414855957 7.454795837402344 0
community 0 1202 9 12.686368942260742 9.065194129943848 0
of 0 1203 2 2.780728340148926 6.862297534942627 2.2028965950012207
<unk> 0 1204 5 0.4124075472354889 2.5793871879577637 4.282910346984863
, 0 1205 1 2.4000344276428223 6.685533046722412 0
three 0 1206 5 11.635546684265137 6.010701656341553 0.6748313903808594
people 0 1207 6 6.643100738525391 7.470419406890869 0
were 0 1208 4 4.362461090087891 6.84814977645874 0.6222696304321289
killed 0 1209 6 2.8116164207458496 8.213567733764648 0
after 0 1210 5 6.055064678192139 3.9175422191619873 4.296025514602661
being 0 1211 5 4.214138031005859 6.077193737030029 0
washed 0 1212 6 6.8100409507751465 6.865103721618652 0
away 0 1213 4 1.531972050666809 2.8039560317993164 4.061147689819336
by 0 1214 2 1.2757508754730225 3.2745447158813477 0
flood 0 1215 5 7.387761116027832 5.293131351470947 0
waters 0 1216 6 1.1391937732696533 4.368730068206787 0.9244012832641602
. 0 1217 1 1.3458480834960938 3.2800402641296387 1.0886898040771484
<eos> 0 1218 5 0.058925334364175797 0.2554382383823395 3.024602025747299
<unk> 0 1219 5 2.7173821926116943 6.0998430252075195 0
rains 0 1220 5 16.450519561767578 7.456948280334473 0
from 0 1221 4 5.012657165527344 7.283877849578857 0.17307043075561523
<unk> 0 1222 5 1.7263067960739136 4.9544267654418945 2.329451084136963
caused 0 1223 6 4.825955867767334 7.1142659187316895 0
the 0 1224 3 3.408892869949341 6.5123291015625 0.6019368171691895
<unk> 0 1225 5 2.500034809112549 8.235130310058594 0
<unk> 0 1226 5 2.6047143936157227 7.191277027130127 1.0438532829284668
to 0 1227 2 2.512545585632324 6.63607120513916 0.5552058219909668
overflow 0 1228 8 5.705703258514404 8.192995071411133 0
its 0 1229 3 3.549013376235962 6.767788410186768 1.4252066612243652
banks 0 1230 5 3.0768232345581055 8.352636337280273 0
, 0 1231 1 2.423549175262451 3.7533833980560303 4.599252939224243
placing 0 1232 7 11.70185375213623 6.322343826293945 0
<unk> 0 1233 5 3.232405662536621 5.7137322425842285 0.6086115837097168
homes 0 1234 5 7.419954776763916 6.150537967681885 0
across 0 1235 6 7.388894557952881 5.1417317390441895 1.0088062286376953
<unk> 0 1236 5 2.812981367111206 4.578065395355225 0.5636663436889648
<unk> 0 1237 5 3.1434850692749023 4.6246256828308105 0
under 0 1238 5 9.939616203308105 4.379715919494629 0.24490976333618164
water 0 1239 5 8.818099021911621 4.309393405914307 0.07032251358032227
. 0 1240 1 1.2766878604888916 4.7061381340026855 0
<eos> 0 1241 5 0.057871609926223755 0.2522827088832855 4.4538554251194
<unk> 0 1242 5 2.7164316177368164 6.096601963043213 0
person 0 1243 6 18.98504638671875 7.453002452850342 0
drowned 0 1244 7 15.367319107055664 10.291606903076172 0
in 0 1245 2 1.5585424900054932 5.57191276550293 4.719694137573242
<unk> 0 1246 5 2.3520238399505615 5.226205825805664 0.3457069396972656
<unk> 0 1247 5 2.9597113132476807 6.2159199714660645 0
after 0 1248 5 6.194650173187256 5.293691635131836 0.9222283363342285
falling 0 1249 7 6.638960838317871 6.656055927276611 0
in 0 1250 2 4.074484825134277 5.218929767608643 1.4371261596679688
the 0 1251 3 2.5116593837738037 5.651906490325928 0
swollen 0 1252 7 12.697613716125488 8.210244178771973 0
river 0 1253 5 4.188169479370117 6.683468818664551 1.5267753601074219
. 0 1254 1 1.8869082927703857 5.069025039672852 1.6144437789916992
<eos> 0 1255 5 0.05923370644450188 0.25728583335876465 4.811739206314087
<unk> 0 1256 5 2.727262258529663 6.097413063049316 0
<unk> 0 1257 5 2.4115724563598633 7.4582366943359375 0
seven 0 1258 5 15.87704086303711 6.252447128295898 1.205789566040039
<unk> 0 1259 5 3.2489049434661865 8.171361923217773 0
in 0 1260 2 6.833858489990234 7.2502264976501465 0.921135425567627
and 0 1261 3 9.853979110717773 3.8738560676574707 3.376370429992676
around 0 1262 6 2.6372809410095215 6.533785820007324 0
the 0 1263 3 2.2411141395568848 3.2413878440856934 3.292397975921631
city 0 1264 4 5.321712970733643 9.032218933105469 0
lost 0 1265 4 12.965875625610352 5.250242233276367 3.7819766998291016
power 0 1266 5 6.445956707000732 6.223711013793945 0
after 0 1267 5 5.909871578216553 4.536072254180908 1.687638759613037
muddy 0 1268 5 19.277313232421875 5.541029453277588 0
<unk> 0 1269 5 5.6228928565979 2.329070806503296 3.211958646774292
entered 0 1270 7 11.047162055969238 7.888503551483154 0
a 0 1271 1 4.20642614364624 4.0564985275268555 3.832005023956299
substation 0 1272 10 13.400802612304688 9.754488945007324 0
. 0 1273 1 2.016740083694458 4.89670467376709 4.857784271240234
<eos> 0 1274 5 0.060105808079242706 0.25953006744384766 4.637174606323242
<unk> 0 1275 5 2.730523109436035 6.090524673461914 0
<unk> 0 1276 5 2.4007222652435303 7.45028018951416 0
, 0 1277 1 2.7895970344543457 6.245014190673828 1.205265998840332
at 0 1278 2 8.182795524597168 5.80578088760376 0.43923330307006836
least 0 1279 5 7.796441555023193 3.0717780590057373 2.7340028285980225
a 0 1280 1 4.937215805053711 6.03723669052124 0
dozen 0 1281 5 7.583560943603516 8.559389114379883 0
homes 0 1282 5 11.431437492370605 7.6759443283081055 0.8834447860717773
lost 0 1283 4 10.213763236999512 4.420294761657715 3.2556495666503906
their 0 1284 5 8.058158874511719 5.035059452056885 0
roofs 0 1285 5 6.360793590545654 8.646636009216309 0
due 0 1286 3 8.024859428405762 3.4626646041870117 5.183971405029297
to 0 1287 2 0.014152120798826218 0.1397012174129486 3.322963386774063
high 0 1288 4 6.063603401184082 6.721227645874023 0
winds 0 1289 5 1.5760819911956787 4.693703651428223 2.027523994445801
. 0 1290 1 4.110440254211426 2.9351911544799805 1.7585124969482422
<eos> 0 1291 5 0.06795931607484818 0.28418728709220886 2.6510038673877716
<unk> 0 1292 5 2.7201905250549316 6.105201244354248 0
of 0 1293 2 8.647902488708496 7.467395782470703 0
<unk> 0 1294 5 0.9702503681182861 3.7364070415496826 3.7309887409210205
, 0 1295 1 3.4825785160064697 7.957026481628418 0
<unk> 0 1296 5 1.4932043552398682 5.493443489074707 2.463582992553711
, 0 1297 1 1.6237789392471313 4.549957275390625 0.943486213684082
<unk> 0 1298 5 2.0723798274993896 6.33054780960083 0
and 0 1299 3 2.5888960361480713 3.3781752586364746 2.9523725509643555
<unk> 0 1300 5 0.23068922758102417 1.775317907333374 1.6028573513031006
experienced 0 1301 11 14.49380111694336 6.848592758178711 0
heavy 0 1302 5 7.605800628662109 7.196946144104004 0
rains 0 1303 5 4.599297523498535 4.950364589691162 2.246581554412842
; 0 1304 1 6.480794429779053 4.575075149536133 0.3752894401550293
however 0 1305 7 4.452871799468994 6.199408531188965 0
, 0 1306 1 0.0501997284591198 0.3868280351161957 5.812580496072769
in 0 1307 2 4.871442794799805 6.122165679931641 0
many 0 1308 4 8.80003833770752 3.12326717376709 2.998898506164551
areas 0 1309 5 1.876725673675537 4.369199752807617 0
, 0 1310 1 1.0190178155899048 3.8717477321624756 0.4974520206451416
the 0 1311 3 2.0007057189941406 6.13577938079834 0
rain 0 1312 4 10.084781646728516 7.667693614959717 0
proved 0 1313 6 10.742579460144043 7.012546539306641 0.6551470756530762
beneficial 0 1314 10 2.873136520385742 6.848404407501221 0.16414213180541992
in 0 1315 2 3.2564048767089844 3.6998610496520996 3.148543357849121
mitigating 0 1316 10 12.220908164978027 6.750312328338623 0
a 0 1317 1 5.967653751373291 7.017548561096191 0
severe 0 1318 6 4.633220672607422 7.902520179748535 0
drought 0 1319 7 1.0381149053573608 4.440135955810547 3.4623842239379883
. 0 1320 1 0.9473658204078674 3.3681986331939697 1.0719373226165771
<eos> 0 1321 5 0.06584044545888901 0.27742618322372437 3.0907724499702454
=========================================================================================
| End of testing | test loss  3.04 | test ppl    20.98
=========================================================================================
