word sentid sentpos wlen surp entropy entred
= 0 0 1 6.575001239776611 6.170436382293701 0
<unk> 0 1 5 2.7366182804107666 1.7495245933532715 4.42091178894043
<unk> 0 2 5 1.2876313924789429 5.63023567199707 0
= 0 3 1 0.5939977169036865 2.742896556854248 2.8873391151428223
<eos> 0 4 5 24.239395141601562 0.9380890130996704 1.8048075437545776
<unk> 0 5 5 0.03668055310845375 0.35810184478759766 0.5799871683120728
<unk> 0 6 5 0.7221317887306213 2.934175968170166 0
( 0 7 1 1.4288016557693481 2.9228060245513916 0.011369943618774414
sometimes 0 8 9 8.365428924560547 2.57904314994812 0.3437628746032715
referred 0 9 8 2.8588099479675293 4.474282741546631 0
to 0 10 2 0.013483523391187191 0.10807406157255173 4.366208679974079
as 0 11 2 0.22703917324543 1.1445611715316772 0
<unk> 0 12 5 1.0762840509414673 3.645991563796997 0
<unk> 0 13 5 1.3130929470062256 4.056716442108154 0
<unk> 0 14 5 1.9674099683761597 3.404078483581543 0.6526379585266113
) 0 15 1 1.396333932876587 3.4794015884399414 0
is 0 16 2 0.9751938581466675 2.9060521125793457 0.5733494758605957
a 0 17 1 0.488937109708786 1.322782278060913 1.5832698345184326
ruined 0 18 6 10.433049201965332 5.778355598449707 0
chapel 0 19 6 9.816388130187988 6.48671293258667 0
near 0 20 4 7.940309524536133 4.5420122146606445 1.9447007179260254
<unk> 0 21 5 1.0250194072723389 1.9538041353225708 2.5882080793380737
<unk> 0 22 5 3.088303565979004 4.393424987792969 0
in 0 23 2 2.420717716217041 4.4337944984436035 0
<unk> 0 24 5 0.8416115641593933 2.221315622329712 2.2124788761138916
, 0 25 1 0.8924524188041687 2.735379695892334 0
north 0 26 5 6.028221607208252 2.043828010559082 0.691551685333252
<unk> 0 27 5 0.06722721457481384 0.4894716739654541 1.554356336593628
, 0 28 1 1.2073705196380615 2.2048401832580566 0
dating 0 29 6 7.5860915184021 5.163349628448486 0
back 0 30 4 2.7144970893859863 1.6855933666229248 3.4777562618255615
to 0 31 2 0.14073415100574493 0.7110443115234375 0.9745490550994873
the 0 32 3 1.100100040435791 1.972166657447815 0
first 0 33 5 8.000283241271973 5.5515522956848145 0
half 0 34 4 3.233891487121582 4.782692909240723 0.7688593864440918
of 0 35 2 0.009991565719246864 0.08555609732866287 4.69713681191206
the 0 36 3 0.25082504749298096 0.9191511273384094 0
12th 0 37 4 3.082319736480713 4.436708450317383 0
century 0 38 7 0.037321560084819794 0.2370784878730774 4.199629962444305
. 0 39 1 0.2634471654891968 1.164279818534851 0
<eos> 0 40 5 0.05876583606004715 0.25637757778167725 0.9079022407531738
<unk> 0 41 5 2.696840763092041 6.0639801025390625 0
chapel 0 42 6 13.694625854492188 7.441091537475586 0
's 0 43 2 5.483086109161377 5.966325759887695 1.4747657775878906
original 0 44 8 6.868320941925049 9.991259574890137 0
purpose 0 45 7 7.655348300933838 9.085110664367676 0.9061489105224609
is 0 46 2 2.6648905277252197 3.8788678646087646 5.206242799758911
unknown 0 47 7 10.00354290008545 3.167595624923706 0.7112722396850586
, 0 48 1 1.4401524066925049 2.7736809253692627 0.39391469955444336
but 0 49 3 1.596630573272705 4.243715763092041 0
it 0 50 2 2.7352781295776367 5.838943958282471 0
might 0 51 5 10.277426719665527 4.522690296173096 1.316253662109375
have 0 52 4 1.5600725412368774 4.313165664672852 0.20952463150024414
been 0 53 4 0.6217901706695557 3.9374959468841553 0.3756697177886963
used 0 54 4 5.788604259490967 7.959048748016357 0
as 0 55 2 2.087057590484619 3.782688856124878 4.1763598918914795
a 0 56 1 0.5745280385017395 2.5836799144744873 1.1990089416503906
memorial 0 57 8 6.893437385559082 9.68792724609375 0
chapel 0 58 6 7.114609718322754 3.8371059894561768 5.850821256637573
or 0 59 2 6.117218017578125 4.143203258514404 0
in 0 60 2 5.960119247436523 7.723856449127197 0
connection 0 61 10 10.931617736816406 4.6671013832092285 3.0567550659179688
with 0 62 4 0.06968183070421219 0.39186200499534607 4.2752393782138824
a 0 63 1 4.50963830947876 3.8322770595550537 0
local 0 64 5 7.049765586853027 9.322672843933105 0
royal 0 65 5 8.800631523132324 8.423401832580566 0.8992710113525391
court 0 66 5 6.268137454986572 7.785688877105713 0.6377129554748535
, 0 67 1 3.171375274658203 4.342845916748047 3.442842960357666
or 0 68 2 5.230085849761963 6.246095657348633 0
as 0 69 2 5.700495719909668 7.8792805671691895 0
a 0 70 1 1.1836905479431152 4.885097026824951 2.9941835403442383
chapel 0 71 6 6.043325901031494 9.274401664733887 0
of 0 72 2 4.266080379486084 4.9602227210998535 4.314178943634033
ease 0 73 4 7.726349353790283 6.263488292694092 0
in 0 74 2 3.872295379638672 3.728166341781616 2.5353219509124756
a 0 75 1 5.437150001525879 4.552479267120361 0
large 0 76 5 5.50180196762085 9.244974136352539 0
parish 0 77 6 6.539168357849121 8.197663307189941 1.0473108291625977
with 0 78 4 7.455589771270752 4.584432125091553 3.6132311820983887
a 0 79 1 1.6076196432113647 5.463742256164551 0
growing 0 80 7 10.10555648803711 9.323960304260254 0
population 0 81 10 3.5069050788879395 8.955248832702637 0.3687114715576172
. 0 82 1 1.6276960372924805 3.6214239597320557 5.333824872970581
<eos> 0 83 5 0.06180921569466591 0.26572147011756897 3.3557024896144867
<unk> 0 84 5 2.7239575386047363 6.085592269897461 0
was 0 85 3 3.682708501815796 7.441939830780029 0
used 0 86 4 7.786690711975098 8.54547119140625 0
for 0 87 3 2.357483148574829 3.365025043487549 5.180446147918701
a 0 88 1 3.830517292022705 7.494075298309326 0
time 0 89 4 7.488417625427246 9.389628410339355 0
until 0 90 5 8.179668426513672 5.6575398445129395 3.732088565826416
the 0 91 3 2.018554925918579 4.4207611083984375 1.236778736114502
early 0 92 5 4.94570255279541 8.228028297424316 0
18th 0 93 4 6.168888568878174 6.0054030418396 2.222625255584717
century 0 94 7 0.017280783504247665 0.1276984065771103 5.877704635262489
as 0 95 2 7.051804542541504 3.2407102584838867 0
a 0 96 1 1.5937700271606445 4.699310302734375 0
private 0 97 7 7.586632251739502 9.461249351501465 0
place 0 98 5 8.792253494262695 9.265953063964844 0.1952962875366211
of 0 99 2 4.238162994384766 4.852479457855225 4.413473606109619
worship 0 100 7 5.643614768981934 8.87588119506836 0
for 0 101 3 5.034386157989502 4.026454925537109 4.84942626953125
a 0 102 1 4.623746871948242 6.416690349578857 0
nearby 0 103 6 9.58388614654541 8.966525077819824 0
house 0 104 5 6.575074195861816 7.998958587646484 0.9675664901733398
, 0 105 1 2.22025203704834 3.8490869998931885 4.149871587753296
then 0 106 4 9.484915733337402 6.1443071365356445 0
later 0 107 5 7.693722248077393 7.864290714263916 0
fell 0 108 4 11.019432067871094 7.531841278076172 0.33244943618774414
into 0 109 4 2.3362069129943848 4.873098373413086 2.658742904663086
disrepair 0 110 9 1.3299624919891357 3.778932571411133 1.0941658020019531
. 0 111 1 0.930219829082489 3.170100212097168 0.6088323593139648
<eos> 0 112 5 0.057260662317276 0.25088027119636536 2.9192199409008026
<unk> 0 113 5 2.721705198287964 6.088982582092285 0
walls 0 114 5 15.628830909729004 7.448165416717529 0
still 0 115 5 9.892723083496094 6.366114616394043 1.0820508003234863
remain 0 116 6 5.50667142868042 8.141008377075195 0
, 0 117 1 5.1593241691589355 5.878372669219971 2.2626357078552246
with 0 118 4 3.940378427505493 5.069578170776367 0.8087944984436035
some 0 119 4 5.219324111938477 6.608668804168701 0
traces 0 120 6 9.73049545288086 9.425094604492188 0
of 0 121 2 0.3102402687072754 1.9498040676116943 7.475290536880493
render 0 122 6 19.094785690307617 7.055205821990967 0
on 0 123 2 6.569474697113037 7.120722770690918 0
them 0 124 4 6.527590274810791 4.558471202850342 2.562251567840576
internally 0 125 10 15.980060577392578 3.3708548545837402 1.1876163482666016
, 0 126 1 2.695510149002075 2.0425972938537598 1.3282575607299805
but 0 127 3 3.779951572418213 5.99828577041626 0
there 0 128 5 5.098737716674805 7.010408878326416 0
is 0 129 2 1.487151861190796 2.4039154052734375 4.6064934730529785
no 0 130 2 1.1985127925872803 3.9278037548065186 0
roof 0 131 4 10.257369041442871 7.123697280883789 0
. 0 132 1 3.2850873470306396 7.225796699523926 0
<eos> 0 133 5 0.06312447041273117 0.27038758993148804 6.955409109592438
<unk> 0 134 5 2.7256689071655273 6.0846428871154785 0
contains 0 135 8 12.877054214477539 7.448789596557617 0
a 0 136 1 2.5508646965026855 6.6341328620910645 0.8146567344665527
16th 0 137 4 13.262699127197266 9.365701675415039 0
<unk> 0 138 5 0.4472704231739044 2.833674192428589 6.53202748298645
century 0 139 7 0.013709092512726784 0.14005430042743683 2.693619892001152
side 0 140 4 13.44067096710205 9.340764045715332 0
chapel 0 141 6 10.619707107543945 4.823209762573242 4.51755428314209
with 0 142 4 3.617685317993164 5.149142742156982 0
a 0 143 1 1.3057788610458374 4.997275352478027 0.15186738967895508
vault 0 144 5 10.705845832824707 8.738969802856445 0
beneath 0 145 7 10.267967224121094 6.343499660491943 2.395470142364502
, 0 146 1 6.579826354980469 3.275102138519287 3.0683975219726562
used 0 147 4 11.913742065429688 6.032220840454102 0
as 0 148 2 3.0035793781280518 3.957674741744995 2.0745460987091064
a 0 149 1 0.6533153653144836 2.8505985736846924 1.1070761680603027
burial 0 150 6 8.060641288757324 9.27961540222168 0
chamber 0 151 7 4.930939197540283 6.058416366577148 3.2211990356445312
. 0 152 1 2.239368200302124 3.703660488128662 2.3547558784484863
<eos> 0 153 5 0.05977023020386696 0.2595595121383667 3.4441009759902954
<unk> 0 154 5 2.715209722518921 6.098409175872803 0
is 0 155 2 5.213788986206055 7.4439802169799805 0
a 0 156 1 3.0782899856567383 7.681814193725586 0
<unk> 0 157 5 3.171003818511963 9.575297355651855 0
<unk> 0 158 5 1.838233232498169 7.489790916442871 2.0855064392089844
listed 0 159 6 11.395395278930664 7.442285060882568 0.047505855560302734
building 0 160 8 4.889140605926514 8.129399299621582 0
, 0 161 1 2.4760921001434326 4.962804317474365 3.166594982147217
a 0 162 1 2.856247901916504 6.710061550140381 0
national 0 163 8 5.8660502433776855 8.835736274719238 0
designation 0 164 11 10.308647155761719 4.437314510345459 4.398421764373779
given 0 165 5 6.185415267944336 5.045987129211426 0
to 0 166 2 0.8912333846092224 2.686994791030884 2.358992338180542
" 0 167 1 6.197232246398926 4.7830281257629395 0
buildings 0 168 9 9.064788818359375 7.496781349182129 0
of 0 169 2 1.4481159448623657 4.559023857116699 2.9377574920654297
special 0 170 7 5.203124523162842 8.023289680480957 0
interest 0 171 8 0.963001012802124 4.191068649291992 3.832221031188965
, 0 172 1 4.527946949005127 2.0171782970428467 2.1738903522491455
which 0 173 5 5.084129333496094 6.755555629730225 0
warrant 0 174 7 10.139947891235352 6.234649181365967 0.5209064483642578
every 0 175 5 8.341986656188965 7.882604598999023 0
effort 0 176 6 6.463548183441162 9.594329833984375 0
being 0 177 5 8.044108390808105 5.242977142333984 4.351352691650391
made 0 178 4 1.9889614582061768 6.714143753051758 0
to 0 179 2 0.6979440450668335 2.9598896503448486 3.754254102706909
preserve 0 180 8 3.889918804168701 8.6813383102417 0
them 0 181 4 7.0352888107299805 6.012188911437988 2.669149398803711
" 0 182 1 2.99222993850708 4.919220924377441 1.0929679870605469
, 0 183 1 3.3579819202423096 1.6197097301483154 3.299511194229126
in 0 184 2 4.7169904708862305 6.064398765563965 0
particular 0 185 10 5.348383903503418 5.496259689331055 0.5681390762329102
because 0 186 7 5.7278242111206055 5.6474409103393555 0
it 0 187 2 2.9724931716918945 4.0010905265808105 1.646350383758545
is 0 188 2 1.4705314636230469 4.774621486663818 0
" 0 189 1 3.990769386291504 7.636401653289795 0
a 0 190 1 2.916862964630127 8.132620811462402 0
substantially 0 191 13 13.453160285949707 9.996905326843262 0
12th 0 192 4 18.660106658935547 8.548165321350098 1.448740005493164
<unk> 0 193 5 1.6988335847854614 6.096035003662109 2.4521303176879883
century 0 194 7 1.7634508609771729 4.647510528564453 1.4485244750976562
structure 0 195 9 7.749304294586182 9.18899917602539 0
" 0 196 1 2.04004168510437 4.656210899353027 4.532788276672363
with 0 197 4 6.573184967041016 2.863571882247925 1.7926390171051025
the 0 198 3 2.849562644958496 6.577125072479248 0
" 0 199 1 5.025642395019531 9.352605819702148 0
unusual 0 200 7 11.050400733947754 9.695948600769043 0
16th 0 201 4 15.298555374145508 8.76053237915039 0.9354162216186523
<unk> 0 202 5 1.3344011306762695 5.282304763793945 3.4782276153564453
century 0 203 7 0.21583956480026245 1.584689736366272 3.6976150274276733
vaulted 0 204 7 14.162373542785645 7.555074214935303 0
south 0 205 5 14.745311737060547 7.547553062438965 0.007521152496337891
chapel 0 206 6 6.906766891479492 6.040480136871338 1.507072925567627
" 0 207 1 0.44148629903793335 2.4331605434417725 3.6073195934295654
. 0 208 1 1.1643376350402832 3.9209883213043213 0
<eos> 0 209 5 0.06355373561382294 0.27150434255599976 3.6494839787483215
= 0 210 1 3.7458510398864746 6.077910900115967 0
= 0 211 1 0.10312353819608688 0.7029964923858643 5.3749144077301025
<unk> 0 212 5 5.420238018035889 5.63133430480957 0
and 0 213 3 4.026360034942627 7.091429233551025 0
location 0 214 8 12.258283615112305 6.881120204925537 0.21030902862548828
= 0 215 1 0.3974243402481079 2.380885601043701 4.500234603881836
= 0 216 1 4.1275245166616514e-05 0.0007113168248906732 2.3801742842188105
<eos> 0 217 5 21.57968521118164 4.80964469909668 0
<unk> 0 218 5 0.8733636736869812 4.1644768714904785 0.6451678276062012
oldest 0 219 6 14.08180046081543 6.810835838317871 0
parts 0 220 5 9.570760726928711 7.984461784362793 0
of 0 221 2 0.1900200992822647 1.2683534622192383 6.716108322143555
<unk> 0 222 5 1.7624149322509766 2.3136801719665527 0
<unk> 0 223 5 3.0191237926483154 5.978294372558594 0
date 0 224 4 9.02669906616211 5.888604164123535 0.0896902084350586
from 0 225 4 1.2573541402816772 3.8272151947021484 2.0613889694213867
the 0 226 3 1.1044312715530396 2.515933036804199 1.3112821578979492
first 0 227 5 7.264588356018066 5.699283599853516 0
half 0 228 4 2.8918635845184326 5.193198204040527 0.5060853958129883
of 0 229 2 0.04165831580758095 0.306749552488327 4.8864486515522
the 0 230 3 0.28029870986938477 1.0216244459152222 0
12th 0 231 4 3.733713150024414 4.512105941772461 0
century 0 232 7 0.023092392832040787 0.1613169014453888 4.350789040327072
. 0 233 1 1.1579687595367432 2.603217601776123 0
<eos> 0 234 5 0.05865025147795677 0.25546199083328247 2.3477556109428406
<unk> 0 235 5 2.6957263946533203 6.070805072784424 0
was 0 236 3 3.6884210109710693 7.447999000549316 0
a 0 237 1 4.162802696228027 8.559730529785156 0
time 0 238 4 11.538084030151367 9.137585639953613 0
when 0 239 4 5.626285552978516 6.637455940246582 2.5001296997070312
many 0 240 4 9.72457504272461 5.135974407196045 1.501481533050537
churches 0 241 8 12.249824523925781 7.627167701721191 0
on 0 242 2 7.63056755065918 6.088325023651123 1.5388426780700684
<unk> 0 243 5 1.868812918663025 3.0796947479248047 3.0086302757263184
in 0 244 2 5.9881110191345215 6.1927170753479 0
north 0 245 5 7.25853157043457 2.9848248958587646 3.2078921794891357
<unk> 0 246 5 0.054349277168512344 0.462199330329895 2.5226255655288696
west 0 247 4 9.030020713806152 4.465834617614746 0
<unk> 0 248 5 0.9316079616546631 4.151719570159912 0.314115047454834
were 0 249 4 2.0862486362457275 6.1702704429626465 0
first 0 250 5 9.58397388458252 9.043679237365723 0
built 0 251 5 4.576185703277588 7.984927654266357 1.0587515830993652
in 0 252 2 1.8114230632781982 4.240725994110107 3.74420166015625
stone 0 253 5 9.986490249633789 3.201967477798462 1.0387585163116455
following 0 254 9 10.114165306091309 4.669848918914795 0
the 0 255 3 0.8979145884513855 3.794835329055786 0.8750135898590088
end 0 256 3 5.843129634857178 7.62672758102417 0
of 0 257 2 0.007922259159386158 0.0692337304353714 7.5574938505887985
<unk> 0 258 5 2.580155372619629 1.8264076709747314 0
raids 0 259 5 14.632986068725586 3.886221170425415 0
and 0 260 3 4.239780902862549 3.8393025398254395 0.046918630599975586
attempts 0 261 8 10.329607963562012 8.056512832641602 0
by 0 262 2 5.392385482788086 1.9908934831619263 6.065619349479675
the 0 263 3 1.4442579746246338 5.115925312042236 0
<unk> 0 264 5 1.26482093334198 6.243176460266113 0
to 0 265 2 1.5036938190460205 5.976596832275391 0.26657962799072266
gain 0 266 4 6.837101459503174 8.652649879455566 0
control 0 267 7 3.019493818283081 6.666957855224609 1.985692024230957
of 0 268 2 0.5553746819496155 1.9017335176467896 4.76522433757782
the 0 269 3 0.7218785285949707 3.3096461296081543 0
island 0 270 6 6.14668607711792 7.4163665771484375 0
. 0 271 1 0.864423394203186 3.1986825466156006 4.217684030532837
<eos> 0 272 5 0.05972353368997574 0.25833943486213684 2.9403431117534637
<unk> 0 273 5 2.716519594192505 6.089918613433838 0
reason 0 274 6 19.138477325439453 7.459407806396484 0
for 0 275 3 2.9421885013580322 6.770018577575684 0.6893892288208008
its 0 276 3 6.189179420471191 5.374346733093262 1.3956718444824219
construction 0 277 12 7.073008060455322 10.366165161132812 0
, 0 278 1 3.3339688777923584 6.030435562133789 4.335729598999023
and 0 279 3 4.027562618255615 7.3868021965026855 0
the 0 280 3 2.126289129257202 7.35245418548584 0.0343480110168457
saint 0 281 5 14.27946662902832 10.034143447875977 0
to 0 282 2 9.185179710388184 3.2788705825805664 6.75527286529541
whom 0 283 4 9.735723495483398 7.449590682983398 0
it 0 284 2 3.9883670806884766 4.791164875030518 2.658425807952881
was 0 285 3 1.7518401145935059 5.240538120269775 0
dedicated 0 286 9 8.113076210021973 8.688621520996094 0
, 0 287 1 1.3464782238006592 3.1505088806152344 5.538112640380859
are 0 288 3 8.482178688049316 7.371180534362793 0
unknown 0 289 7 5.756648540496826 8.723861694335938 0
. 0 290 1 0.5583739876747131 2.175210475921631 6.548651218414307
<eos> 0 291 5 0.060083866119384766 0.2596305012702942 1.9155799746513367
<unk> 0 292 5 2.7101879119873047 6.077604293823242 0
<unk> 0 293 5 2.420787811279297 7.4557905197143555 0
, 0 294 1 2.7920048236846924 6.241606712341309 1.2141838073730469
author 0 295 6 6.727369785308838 5.79995059967041 0.44165611267089844
of 0 296 2 0.03679053857922554 0.2642083466053009 5.535742253065109
a 0 297 1 4.905184745788574 4.697408676147461 0
<unk> 0 298 5 3.126417636871338 8.518507957458496 0
guide 0 299 5 6.112959861755371 7.5415520668029785 0.9769558906555176
to 0 300 2 1.5953208208084106 4.5024285316467285 3.03912353515625
the 0 301 3 1.389685869216919 4.389843463897705 0.11258506774902344
churches 0 302 8 12.535807609558105 7.865245342254639 0
of 0 303 2 0.7409384250640869 2.6491880416870117 5.216057300567627
<unk> 0 304 5 0.33951854705810547 2.0256950855255127 0.623492956161499
, 0 305 1 0.8031396865844727 3.550372362136841 0
suggests 0 306 8 7.323370933532715 6.69818639755249 0
that 0 307 4 0.1902017593383789 1.1518257856369019 5.546360611915588
it 0 308 2 5.079427719116211 4.7113471031188965 0
may 0 309 3 4.563779830932617 4.5627970695495605 0.14855003356933594
originally 0 310 10 11.8858060836792 3.535367488861084 1.0274295806884766
have 0 311 4 1.4957070350646973 3.034538984298706 0.5008285045623779
been 0 312 4 0.5187932252883911 3.292879819869995 0
a 0 313 1 2.3900372982025146 6.874449253082275 0
memorial 0 314 8 10.606578826904297 9.532066345214844 0
chapel 0 315 6 9.158949851989746 4.3969573974609375 5.135108947753906
, 0 316 1 2.5459706783294678 5.157419204711914 0
or 0 317 2 6.022068500518799 6.273345947265625 0
connected 0 318 9 14.814492225646973 7.7361249923706055 0
to 0 319 2 1.2534534931182861 3.6869804859161377 4.049144506454468
a 0 320 1 3.640768051147461 4.01685094833374 0
royal 0 321 5 8.03005599975586 9.332494735717773 0
court 0 322 5 5.916241645812988 7.65216588973999 1.6803288459777832
nearby 0 323 6 11.998091697692871 5.591013431549072 2.061152458190918
. 0 324 1 1.5297319889068604 3.9360995292663574 1.6549139022827148
<eos> 0 325 5 0.06427749991416931 0.27301695942878723 3.66308256983757
<unk> 0 326 5 2.718912363052368 6.085022926330566 0
and 0 327 3 4.880046367645264 7.443702220916748 0
<unk> 0 328 5 0.5694868564605713 3.122493028640747 4.321209192276001
, 0 329 1 5.008669853210449 8.20860481262207 0
authors 0 330 7 12.41677474975586 6.4941253662109375 1.7144794464111328
of 0 331 2 1.3079472780227661 4.32951545715332 2.164609909057617
a 0 332 1 7.101879119873047 3.795278787612915 0.5342366695404053
<unk> 0 333 5 3.0134856700897217 6.933064937591553 0
guide 0 334 5 5.794824600219727 6.930909156799316 0.002155780792236328
to 0 335 2 1.8845900297164917 4.477681636810303 2.4532275199890137
ancient 0 336 7 11.501066207885742 4.170502185821533 0.30717945098876953
<unk> 0 337 5 0.8219683766365051 4.833001613616943 0
monuments 0 338 9 14.219446182250977 4.9945831298828125 0
, 0 339 1 1.0317389965057373 4.5420989990234375 0.452484130859375
note 0 340 4 9.273750305175781 7.764134883880615 0
that 0 341 4 0.3110492527484894 1.492037296295166 6.272097587585449
it 0 342 2 5.168067455291748 4.684257984161377 0
was 0 343 3 1.9761301279067993 4.350305080413818 0.3339529037475586
built 0 344 5 9.219754219055176 6.6841511726379395 0
in 0 345 2 1.7765105962753296 4.586160659790039 2.0979905128479004
the 0 346 3 1.8365285396575928 4.233978748321533 0.35218191146850586
large 0 347 5 10.693464279174805 7.947652816772461 0
parish 0 348 6 8.869403839111328 8.561275482177734 0
of 0 349 2 0.6593401432037354 3.291940927505493 5.269334554672241
<unk> 0 350 5 0.3973322808742523 1.9592005014419556 1.3327404260635376
<unk> 0 351 5 2.946401357650757 4.396293640136719 0
and 0 352 3 4.656435966491699 4.50310754776001 0
was 0 353 3 3.3242855072021484 6.977005958557129 0
perhaps 0 354 7 9.742152214050293 7.6971893310546875 0
intended 0 355 8 8.016227722167969 5.351808547973633 2.3453807830810547
to 0 356 2 0.6451523303985596 1.8616327047348022 3.4901758432388306
serving 0 357 7 22.71293067932129 6.234814167022705 0
the 0 358 3 3.0844385623931885 4.589328289031982 1.6454858779907227
expanding 0 359 9 14.057173728942871 8.861429214477539 0
population 0 360 10 5.416396617889404 8.542586326599121 0.31884288787841797
in 0 361 2 4.541830539703369 3.2207555770874023 5.321830749511719
medieval 0 362 8 9.41982650756836 3.7601397037506104 0
times 0 363 5 2.5590879917144775 3.514721393585205 0.24541831016540527
. 0 364 1 0.681598961353302 2.6772408485412598 0.8374805450439453
<eos> 0 365 5 0.06452520191669464 0.2741236090660095 2.4031172394752502
<unk> 0 366 5 2.7114510536193848 6.081214427947998 0
this 0 367 4 14.3446626663208 7.449827671051025 0
, 0 368 1 6.519357204437256 9.245820045471191 0
it 0 369 2 7.42644739151001 7.387663841247559 1.8581562042236328
seems 0 370 5 6.652762413024902 6.0553879737854 1.3322758674621582
to 0 371 2 1.8335813283920288 5.188976764678955 0.8664112091064453
have 0 372 4 1.146378517150879 3.693944215774536 1.495032548904419
remained 0 373 8 8.854713439941406 5.656200885772705 0
as 0 374 2 5.200703144073486 7.72510290145874 0
a 0 375 1 1.3912831544876099 5.770805835723877 1.9542970657348633
chapel 0 376 6 10.345569610595703 10.361148834228516 0
of 0 377 2 4.031068325042725 5.478455543518066 4.882693290710449
ease 0 378 4 8.502756118774414 7.266704559326172 0
rather 0 379 6 9.898837089538574 4.753111362457275 2.5135931968688965
than 0 380 4 0.0009603753569535911 0.013112211599946022 4.739999150857329
become 0 381 6 11.294363021850586 7.857938289642334 0
a 0 382 1 1.814217448234558 6.584681034088135 1.2732572555541992
parish 0 383 6 7.488295078277588 9.61192512512207 0
church 0 384 6 1.7640962600708008 5.543025493621826 4.068899631500244
in 0 385 2 3.9623067378997803 3.335186719894409 2.207838773727417
its 0 386 3 6.021273612976074 3.277827739715576 0.05735898017883301
own 0 387 3 2.6709868907928467 7.450349807739258 0
right 0 388 5 3.2068119049072266 7.5457000732421875 0
. 0 389 1 0.9142267107963562 2.9581849575042725 4.587515115737915
<eos> 0 390 5 0.07088710367679596 0.29452890157699585 2.6636560559272766
<unk> 0 391 5 2.7164974212646484 6.0818328857421875 0
chapel 0 392 6 13.692757606506348 7.4376444816589355 0
is 0 393 2 3.0575366020202637 5.9856743812561035 1.451970100402832
sometimes 0 394 9 9.103381156921387 5.779797077178955 0.20587730407714844
referred 0 395 8 3.2824208736419678 6.937323570251465 0
to 0 396 2 0.048958584666252136 0.2936795949935913 6.6436439752578735
as 0 397 2 0.13770991563796997 0.7934147119522095 0
" 0 398 1 2.225264310836792 3.509733200073242 0
<unk> 0 399 5 1.510724425315857 5.727821350097656 0
<unk> 0 400 5 2.155907154083252 5.977365493774414 0
<unk> 0 401 5 2.2861599922180176 4.547084331512451 1.430281162261963
" 0 402 1 0.9578250050544739 3.8645849227905273 0.6824994087219238
( 0 403 1 3.6105732917785645 3.161686897277832 0.7028980255126953
" 0 404 1 2.5057597160339355 4.819941520690918 0
hen 0 405 3 14.810635566711426 7.2281317710876465 0
" 0 406 1 2.368173599243164 5.689257621765137 1.5388741493225098
being 0 407 5 13.755831718444824 1.1824966669082642 4.506760954856873
the 0 408 3 2.837137222290039 6.92103385925293 0
<unk> 0 409 5 3.352097272872925 7.993441104888916 0
word 0 410 4 5.665772914886475 7.928312301635742 0.06512880325317383
for 0 411 3 2.595871686935425 4.11081600189209 3.8174962997436523
" 0 412 1 1.9568392038345337 4.912129878997803 0
old 0 413 3 7.521592617034912 7.71266508102417 0
" 0 414 1 3.4034719467163086 5.974644184112549 1.738020896911621
and 0 415 3 5.337795257568359 3.160478353500366 2.8141658306121826
" 0 416 1 0.3464707136154175 2.1419920921325684 1.0184862613677979
<unk> 0 417 5 1.5319898128509521 7.422546863555908 0
" 0 418 1 0.6663544178009033 3.459296226501465 3.9632506370544434
meaning 0 419 7 8.519793510437012 1.3201508522033691 2.1391453742980957
" 0 420 1 0.2349090576171875 1.3741178512573242 0
chapel 0 421 6 12.892844200134277 8.296467781066895 0
" 0 422 1 0.7411682605743408 3.381582736968994 4.9148850440979
) 0 423 1 0.306087851524353 1.430509328842163 1.951073408126831
. 0 424 1 1.0856398344039917 2.90156888961792 0
<eos> 0 425 5 0.05569484457373619 0.2453027367591858 2.656266152858734
<unk> 0 426 5 2.7186880111694336 6.0838727951049805 0
walls 0 427 5 15.654866218566895 7.445495128631592 0
were 0 428 4 2.908787965774536 6.37230920791626 1.073185920715332
partially 0 429 9 10.211923599243164 8.4364652633667 0
rebuilt 0 430 7 5.006919860839844 8.1707763671875 0.2656888961791992
in 0 431 2 2.585050582885742 4.319813251495361 3.8509631156921387
the 0 432 3 1.985487461090088 3.362584114074707 0.9572291374206543
14th 0 433 4 5.888535976409912 6.138919353485107 0
century 0 434 7 0.032971058040857315 0.21999534964561462 5.918924003839493
, 0 435 1 1.3180530071258545 3.234116554260254 0
and 0 436 3 1.607248067855835 5.081155300140381 0
the 0 437 3 2.2006378173828125 6.909602642059326 0
upper 0 438 5 8.010321617126465 8.68779468536377 0
parts 0 439 5 6.18680477142334 6.862125873565674 1.8256688117980957
of 0 440 2 0.8749982118606567 3.0387237071990967 3.823402166366577
the 0 441 3 0.2519284784793854 1.4141393899917603 1.6245843172073364
walls 0 442 5 4.413121700286865 7.283100605010986 0
date 0 443 4 10.279373168945312 4.520603179931641 2.7624974250793457
from 0 444 4 1.2842592000961304 3.4002792835235596 1.120323896408081
this 0 445 4 7.790577411651611 3.0781853199005127 0.3220939636230469
time 0 446 4 2.278109550476074 2.1626694202423096 0.9155158996582031
. 0 447 1 0.5361922979354858 2.56425142288208 0
<eos> 0 448 5 0.059522539377212524 0.25884348154067993 2.3054079413414
<unk> 0 449 5 2.695753812789917 6.06900691986084 0
chapel 0 450 6 13.686893463134766 7.4538960456848145 0
was 0 451 3 2.487823963165283 5.976110935211182 1.4777851104736328
added 0 452 5 7.3635101318359375 6.939558506011963 0
to 0 453 2 0.9894064664840698 3.131932497024536 3.8076260089874268
the 0 454 3 0.2056417316198349 1.4814757108688354 1.6504567861557007
south 0 455 5 7.354730606079102 7.854791641235352 0
side 0 456 4 3.9639952182769775 4.655303001403809 3.199488639831543
of 0 457 2 0.6962270736694336 2.8051047325134277 1.8501982688903809
the 0 458 3 0.43099966645240784 1.9602419137954712 0.8448628187179565
building 0 459 8 4.437320232391357 7.409637451171875 0
in 0 460 2 1.6041373014450073 4.099216461181641 3.3104209899902344
the 0 461 3 3.294931650161743 1.4672878980636597 2.631928563117981
16th 0 462 4 5.388123035430908 5.9887566566467285 0
century 0 463 7 0.06316595524549484 0.4353972375392914 5.553359419107437
. 0 464 1 1.3276758193969727 3.459784507751465 0
<eos> 0 465 5 0.06131399795413017 0.2636748254299164 3.1961096823215485
<unk> 0 466 5 2.7188916206359863 6.0933308601379395 0
vault 0 467 5 19.938175201416016 7.450090408325195 0
under 0 468 5 12.282755851745605 7.604221343994141 0
the 0 469 3 1.191382884979248 4.193210124969482 3.411011219024658
south 0 470 5 9.809518814086914 8.267821311950684 0
chapel 0 471 6 7.2738518714904785 5.596803665161133 2.671017646789551
was 0 472 3 2.168994426727295 6.186702251434326 0
used 0 473 4 6.277818202972412 7.357239723205566 0
to 0 474 2 2.7670769691467285 3.3398308753967285 4.017408847808838
bury 0 475 4 11.395185470581055 8.541482925415039 0
members 0 476 7 10.797219276428223 6.161970615386963 2.379512310028076
of 0 477 2 0.5129321217536926 2.447533369064331 3.714437246322632
a 0 478 1 6.057342052459717 2.168384552001953 0.27914881706237793
local 0 479 5 5.0224714279174805 9.204691886901855 0
family 0 480 6 5.3407135009765625 8.610071182250977 0.5946207046508789
, 0 481 1 2.743091583251953 6.165275573730469 2.444795608520508
the 0 482 3 5.355894565582275 6.456847190856934 0
<unk> 0 483 5 2.2276816368103027 8.568087577819824 0
<unk> 0 484 5 2.565488576889038 7.531468868255615 1.036618709564209
. 0 485 1 3.7480247020721436 5.229805946350098 2.3016629219055176
<eos> 0 486 5 0.059296924620866776 0.2567293047904968 4.973076641559601
<unk> 0 487 5 2.7155234813690186 6.086803436279297 0
<unk> 0 488 5 2.3988113403320312 7.448375225067139 0
, 0 489 1 2.773430824279785 6.230355739593506 1.2180194854736328
the 0 490 3 2.9930593967437744 5.807493686676025 0.42286205291748047
vault 0 491 5 18.18992042541504 8.478867530822754 0
was 0 492 3 6.767533779144287 6.58387565612793 1.8949918746948242
used 0 493 4 5.956214427947998 9.262351036071777 0
to 0 494 2 2.3506534099578857 3.580676794052124 5.681674242019653
record 0 495 6 9.292372703552246 8.986153602600098 0
some 0 496 4 7.9459052085876465 5.843345642089844 3.142807960510254
" 0 497 1 8.792379379272461 6.258606910705566 0
atmospheres 0 498 11 19.704578399658203 10.482651710510254 0
" 0 499 1 0.7672669291496277 2.6273157596588135 7.85533595085144
for 0 500 3 5.528489589691162 5.788569927215576 0
the 0 501 3 1.682332992553711 7.195916652679443 0
album 0 502 5 5.301113128662109 9.98673152923584 0
" 0 503 1 7.640552043914795 3.821153163909912 6.165578365325928
<unk> 0 504 5 2.570209264755249 8.95154094696045 0
<unk> 0 505 5 2.653301477432251 4.286412239074707 4.665128707885742
<unk> 0 506 5 2.1891684532165527 4.228290557861328 0.058121681213378906
<unk> 0 507 5 2.038670063018799 3.6003119945526123 0.6279785633087158
<unk> 0 508 5 1.6053534746170044 3.383772373199463 0.21653962135314941
<unk> 0 509 5 1.5115115642547607 3.225376844406128 0.15839552879333496
<unk> 0 510 5 1.2759943008422852 3.175652265548706 0.049724578857421875
<unk> 0 511 5 1.2760961055755615 3.030885934829712 0.14476633071899414
" 0 512 1 1.6053025722503662 2.9500300884246826 0.0808558464050293
by 0 513 2 5.99899959564209 3.8258743286132812 0
<unk> 0 514 5 1.1697008609771729 5.34960412979126 0
<unk> 0 515 5 1.1000986099243164 4.771973133087158 0.5776309967041016
, 0 516 1 2.1041595935821533 4.126528739929199 0.645444393157959
a 0 517 1 4.533461093902588 5.670403003692627 0
collective 0 518 10 12.38961124420166 8.462702751159668 0
of 0 519 2 4.015547275543213 8.313538551330566 0.14916419982910156
<unk> 0 520 5 1.4630413055419922 7.445172309875488 0.8683662414550781
musicians 0 521 9 5.436793804168701 7.590419292449951 0
including 0 522 9 6.124215602874756 4.9489030838012695 2.6415162086486816
members 0 523 7 8.353545188903809 4.206595420837402 0.7423076629638672
of 0 524 2 0.2182198464870453 1.2872668504714966 2.9193285703659058
<unk> 0 525 5 3.0990421772003174 2.9404003620147705 0
and 0 526 3 4.222226142883301 5.5205302238464355 0
the 0 527 3 3.5146195888519287 4.236056327819824 1.2844738960266113
<unk> 0 528 5 1.5821082592010498 7.275134086608887 0
, 0 529 1 3.6932544708251953 6.667144298553467 0.6079897880554199
<unk> 0 530 5 2.7233190536499023 5.781613826751709 0.8855304718017578
<unk> 0 531 5 1.5693925619125366 4.332433700561523 1.4491801261901855
<unk> 0 532 5 3.3890984058380127 3.1812331676483154 1.151200532913208
and 0 533 3 2.6010875701904297 3.218233346939087 0
<unk> 0 534 5 0.33531251549720764 2.4235761165618896 0.7946572303771973
that 0 535 4 11.046842575073242 3.1929194927215576 0
was 0 536 3 6.5596795082092285 7.489497661590576 0
described 0 537 9 7.730964183807373 8.509323120117188 0
by 0 538 2 1.9840468168258667 1.7225661277770996 6.786756992340088
one 0 539 3 8.592817306518555 3.8630151748657227 0
journalist 0 540 10 6.444663047790527 5.499985694885254 0
as 0 541 2 0.4625122547149658 2.06858491897583 3.431400775909424
" 0 542 1 0.49951186776161194 2.512404441833496 0
possibly 0 543 8 10.315428733825684 6.801568031311035 0
the 0 544 3 2.071756601333618 5.983645915985107 0.8179221153259277
<unk> 0 545 5 5.70878267288208 5.440456390380859 0.543189525604248
pop 0 546 3 9.057319641113281 7.002793788909912 0
group 0 547 5 4.79995059967041 7.251289367675781 0
of 0 548 2 2.532769203186035 4.563988208770752 2.6873011589050293
all 0 549 3 4.546047687530518 5.857094764709473 0
time 0 550 4 1.7024123668670654 5.199275970458984 0.6578187942504883
" 0 551 1 0.5373892784118652 1.9327492713928223 3.266526699066162
. 0 552 1 0.31137943267822266 1.4372751712799072 0.49547410011291504
<eos> 0 553 5 0.0632813423871994 0.26982638239860535 1.1674487888813019
<unk> 0 554 5 2.7056117057800293 6.107463836669922 0
a 0 555 1 11.507884979248047 7.450021743774414 0
time 0 556 4 9.111681938171387 8.805383682250977 0
, 0 557 1 5.782199859619141 6.935845851898193 1.8695378303527832
<unk> 0 558 5 3.4529244899749756 7.682589054107666 0
<unk> 0 559 5 1.9996064901351929 6.186812400817871 1.495776653289795
was 0 560 3 5.031440734863281 5.253592491149902 0.9332199096679688
used 0 561 4 6.456656455993652 8.079346656799316 0
as 0 562 2 1.7347890138626099 3.4771780967712402 4.602168560028076
a 0 563 1 0.6713720560073853 2.5589919090270996 0.9181861877441406
private 0 564 7 8.441337585449219 10.111135482788086 0
place 0 565 5 6.88529109954834 9.129596710205078 0.9815387725830078
of 0 566 2 5.484975337982178 4.408989429473877 4.720607280731201
worship 0 567 7 4.077578067779541 9.047633171081543 0
for 0 568 3 3.148561954498291 4.505156993865967 4.542476177215576
<unk> 0 569 5 2.7535400390625 6.149752616882324 0
<unk> 0 570 5 3.035658836364746 6.0444560050964355 0.10529661178588867
, 0 571 1 2.268601179122925 4.528547286987305 1.5159087181091309
a 0 572 1 3.745579957962036 5.624507904052734 0
" 0 573 1 9.594720840454102 8.80290412902832 0
venerable 0 574 9 11.48562240600586 8.682035446166992 0.12086868286132812
mansion 0 575 7 11.988208770751953 7.97161865234375 0.7104167938232422
" 0 576 1 0.8614322543144226 3.345067262649536 4.626551389694214
once 0 577 4 12.3207426071167 4.551065921783447 0
owned 0 578 5 5.3024468421936035 7.502838134765625 0
by 0 579 2 0.15852124989032745 0.9224265217781067 6.580411612987518
the 0 580 3 1.6019508838653564 3.9022908210754395 0
<unk> 0 581 5 1.350095510482788 6.161365032196045 0
family 0 582 6 3.5640954971313477 6.558876037597656 0
which 0 583 5 8.595293998718262 3.0365798473358154 3.522296190261841
came 0 584 4 8.254423141479492 6.636813163757324 0
into 0 585 4 4.2116007804870605 3.8579390048980713 2.778874158859253
the 0 586 3 2.2980074882507324 5.886038780212402 0
possession 0 587 10 4.151036739349365 7.5161213874816895 0
of 0 588 2 0.08550422638654709 0.581226110458374 6.934895277023315
<unk> 0 589 5 2.0691564083099365 4.053176403045654 0
<unk> 0 590 5 2.593620777130127 5.288660049438477 0
, 0 591 1 3.5372567176818848 4.273322582244873 1.0153374671936035
1st 0 592 3 7.056236267089844 5.535238265991211 0
<unk> 0 593 5 5.873042583465576 1.5888582468032837 3.9463800191879272
<unk> 0 594 5 1.6692525148391724 4.602204322814941 0
, 0 595 1 3.095932722091675 4.507405757904053 0.09479856491088867
in 0 596 2 4.0981221199035645 5.419504642486572 0
the 0 597 3 2.636364698410034 2.5270419120788574 2.892462730407715
18th 0 598 4 6.908862113952637 7.3417205810546875 0
century 0 599 7 0.019074860960245132 0.14302892982959747 7.19869165122509
. 0 600 1 0.36059674620628357 1.644930124282837 0
<eos> 0 601 5 0.06443161517381668 0.27362915873527527 1.3713009655475616
<unk> 0 602 5 2.700793504714966 6.083946704864502 0
the 0 603 3 9.705438613891602 7.441119194030762 0
early 0 604 5 10.399182319641113 9.062131881713867 0
part 0 605 4 7.0424017906188965 8.8447847366333 0.2173471450805664
of 0 606 2 0.19869081676006317 1.478092074394226 7.366692662239075
the 0 607 3 0.5402581691741943 2.5505356788635254 0
18th 0 608 4 8.41122817993164 8.048101425170898 0
century 0 609 7 0.053713638335466385 0.36751165986061096 7.6805897653102875
, 0 610 1 1.535686731338501 5.432819843292236 0
however 0 611 7 5.15438175201416 7.154971122741699 0
, 0 612 1 0.23864862322807312 1.5334649085998535 5.621506214141846
the 0 613 3 5.0688886642456055 7.4999775886535645 0
chapel 0 614 6 11.068230628967285 9.931539535522461 0
became 0 615 6 5.776106357574463 5.553743362426758 4.377796173095703
unused 0 616 6 14.652402877807617 5.485629558563232 0.06811380386352539
and 0 617 3 3.59171462059021 4.585965633392334 0.8996639251708984
began 0 618 5 7.461686134338379 7.676436901092529 0
to 0 619 2 0.7072944641113281 3.726288318634033 3.950148582458496
fall 0 620 4 7.191527366638184 7.928027153015137 0
into 0 621 4 2.5197482109069824 5.22973108291626 2.698296070098877
disrepair 0 622 9 0.4045775532722473 1.5654339790344238 3.664297103881836
. 0 623 1 1.096649408340454 3.4558358192443848 0
<eos> 0 624 5 0.057021137326955795 0.2495736926794052 3.2062621265649796
<unk> 0 625 5 2.7205562591552734 6.0874409675598145 0
walls 0 626 5 15.636124610900879 7.446193218231201 0
remain 0 627 6 10.349797248840332 6.366415023803711 1.0797781944274902
to 0 628 2 7.98063325881958 6.353897571563721 0.012517452239990234
gable 0 629 5 20.849895477294922 6.378005504608154 0
level 0 630 5 12.492742538452148 6.89743709564209 0
, 0 631 1 2.1575400829315186 5.1863179206848145 1.7111191749572754
with 0 632 4 3.434171676635742 6.03692102432251 0
some 0 633 4 5.1156182289123535 7.062445640563965 0
traces 0 634 6 9.775562286376953 9.71684455871582 0
of 0 635 2 0.3899300992488861 2.4318277835845947 7.285016775131226
render 0 636 6 17.978118896484375 7.618790149688721 0
on 0 637 2 6.811075687408447 7.27968692779541 0.33910322189331055
the 0 638 3 1.018860936164856 4.921750545501709 2.357936382293701
inside 0 639 6 8.362293243408203 8.550566673278809 0
, 0 640 1 3.4663116931915283 4.57075834274292 3.9798083305358887
but 0 641 3 4.714829921722412 6.6428937911987305 0
the 0 642 3 2.5679872035980225 6.9952497482299805 0
roof 0 643 4 7.668148994445801 10.159332275390625 0
has 0 644 3 4.753575801849365 5.998271465301514 4.161060810089111
gone 0 645 4 11.373736381530762 6.486776828765869 0
. 0 646 1 5.877632141113281 6.288918972015381 0.19785785675048828
<eos> 0 647 5 0.06344379484653473 0.2718140482902527 6.017104923725128
<unk> 0 648 5 2.720289468765259 6.082418441772461 0
<unk> 0 649 5 2.418942928314209 7.454407691955566 0
is 0 650 2 5.299144744873047 6.241945266723633 1.2124624252319336
in 0 651 2 6.888143062591553 6.52911376953125 0
the 0 652 3 1.381950855255127 5.286618709564209 1.242495059967041
<unk> 0 653 5 2.2462379932403564 8.596731185913086 0
countryside 0 654 11 12.085929870605469 8.611931800842285 0
near 0 655 4 7.753806114196777 4.550510883331299 4.061420917510986
<unk> 0 656 5 1.0241718292236328 2.83048677444458 1.7200241088867188
; 0 657 1 5.960349082946777 4.186392784118652 0
the 0 658 3 2.2734386920928955 5.529569625854492 0
parish 0 659 6 9.189064979553223 8.420588493347168 0
church 0 660 6 3.189807415008545 5.767658233642578 2.65293025970459
of 0 661 2 1.5829970836639404 4.721104145050049 1.0465540885925293
<unk> 0 662 5 0.2487831860780716 1.224325180053711 3.496778964996338
<unk> 0 663 5 2.1196036338806152 5.3490471839904785 0
, 0 664 1 3.0010147094726562 5.608830451965332 0
<unk> 0 665 5 1.851028561592102 5.551432132720947 0.057398319244384766
is 0 666 2 6.00573205947876 4.855548858642578 0.6958832740783691
about 0 667 5 8.888734817504883 5.825902462005615 0
<unk> 0 668 5 0.25155970454216003 1.5822749137878418 4.243627548217773
<unk> 0 669 5 2.316816806793213 3.9460785388946533 0
<eos> 0 670 5 0.8660550713539124 1.777418851852417 2.1686596870422363
@ 0 671 1 0.00032466670381836593 0.003760997438803315 1.7736578544136137
<unk> 0 672 5 0.00040186746628023684 0.005918493028730154 0
miles 0 673 5 0.743121862411499 2.6507561206817627 0
( 0 674 1 0.03195573389530182 0.25930750370025635 2.3914486169815063
<unk> 0 675 5 0.0007456960156559944 0.009208767674863338 0.250098736025393
<unk> 0 676 5 0.045119889080524445 0.22816884517669678 0
<eos> 0 677 5 0.001095285639166832 0.009859533980488777 0.218309311196208
@ 0 678 1 0.0 1.5478429986615083e-06 0.009857986137490116
<unk> 0 679 5 0.0001073131788871251 0.0011751946294680238 0
km 0 680 2 0.005167755298316479 0.04432624205946922 0
) 0 681 1 0.0031754299998283386 0.024965807795524597 0.019360434263944626
away 0 682 4 4.14750337600708 4.136593341827393 0
. 0 683 1 1.7700262069702148 2.938978433609009 1.1976149082183838
<eos> 0 684 5 0.0625440701842308 0.2677222490310669 2.671256184577942
<unk> 0 685 5 2.708003044128418 6.08466911315918 0
of 0 686 2 8.642692565917969 7.448744773864746 0
the 0 687 3 1.9413222074508667 3.739013195037842 3.7097315788269043
churchyard 0 688 10 16.09856605529785 7.711147785186768 0
wall 0 689 4 11.093674659729004 7.028344631195068 0.6828031539916992
remains 0 690 7 9.137931823730469 6.781661033630371 0.24668359756469727
, 0 691 1 5.5718841552734375 6.858399868011475 0
showing 0 692 7 10.13229751586914 6.001265525817871 0.8571343421936035
that 0 693 4 2.698572874069214 5.071413040161133 0.9298524856567383
it 0 694 2 2.7472259998321533 4.8156585693359375 0.2557544708251953
was 0 695 3 1.5952972173690796 4.3303542137146 0.4853043556213379
originally 0 696 10 7.1771979331970215 8.0921049118042 0
within 0 697 6 10.833252906799316 7.7309393882751465 0.36116552352905273
a 0 698 1 2.5740532875061035 3.272848606109619 4.458090782165527
mainly 0 699 6 17.852191925048828 9.29897689819336 0
circular 0 700 8 5.341430187225342 8.67284107208252 0.6261358261108398
enclosure 0 701 9 5.288697719573975 8.019706726074219 0.6531343460083008
, 0 702 1 2.1601269245147705 5.033781051635742 2.9859256744384766
as 0 703 2 5.624608516693115 6.414067268371582 0
often 0 704 5 12.682402610778809 5.192466735839844 1.2216005325317383
found 0 705 5 10.667084693908691 5.247316360473633 0
with 0 706 4 6.205556392669678 4.9958415031433105 0.25147485733032227
early 0 707 5 11.607717514038086 6.644598960876465 0
churches 0 708 8 9.146389961242676 7.5707855224609375 0
. 0 709 1 1.3561698198318481 3.72566556930542 3.8451199531555176
<eos> 0 710 5 0.06248346343636513 0.267904669046402 3.457760900259018
<unk> 0 711 5 2.7188048362731934 6.0877580642700195 0
is 0 712 2 5.213540077209473 7.453903675079346 0
cared 0 713 5 14.447612762451172 7.681814193725586 0
for 0 714 3 0.04623992741107941 0.35638803243637085 7.325426161289215
by 0 715 2 0.857304573059082 3.452803611755371 0
<unk> 0 716 5 1.8673174381256104 5.614401340484619 0
, 0 717 1 2.1693644523620605 4.92684268951416 0.687558650970459
the 0 718 3 4.973735332489014 4.5851335525512695 0.3417091369628906
<unk> 0 719 5 2.8357367515563965 8.729039192199707 0
<unk> 0 720 5 3.079906702041626 6.96470832824707 1.7643308639526367
<unk> 0 721 5 2.531822681427002 5.2645263671875 1.7001819610595703
body 0 722 4 12.890096664428711 4.976706504821777 0.28781986236572266
responsible 0 723 11 9.016616821289062 6.655926704406738 0
for 0 724 3 0.0550619475543499 0.38032352924346924 6.275603175163269
the 0 725 3 1.5851516723632812 5.967967987060547 0
built 0 726 5 16.162038803100586 9.395532608032227 0
heritage 0 727 8 9.99203109741211 7.789939880371094 1.6055927276611328
of 0 728 2 0.5186088681221008 2.4975643157958984 5.292375564575195
<unk> 0 729 5 1.0464938879013062 2.80165958404541 0
, 0 730 1 2.316434383392334 3.963822364807129 0
and 0 731 3 1.629279613494873 4.98105525970459 0
is 0 732 2 2.8887431621551514 6.447183609008789 0
open 0 733 4 10.675446510314941 7.294739246368408 0
to 0 734 2 0.4014102816581726 1.7294447422027588 5.565294504165649
the 0 735 3 1.611554503440857 6.345022678375244 0
public 0 736 6 2.5531415939331055 8.30219841003418 0
. 0 737 1 1.5702345371246338 5.041962146759033 3.2602362632751465
<eos> 0 738 5 0.05800361558794975 0.25343677401542664 4.788525372743607
= 0 739 1 3.7407684326171875 6.094147682189941 0
= 0 740 1 0.10179442167282104 0.6974310874938965 5.396716594696045
<unk> 0 741 5 5.4189133644104 5.644380569458008 0
and 0 742 3 4.038985252380371 7.0937604904174805 0
fittings 0 743 8 14.829363822937012 6.896293640136719 0.19746685028076172
= 0 744 1 0.08663254976272583 0.6361331939697266 6.260160446166992
= 0 745 1 4.402688500704244e-05 0.0007381326286122203 0.6353950613411143
<eos> 0 746 5 22.06172752380371 4.765785217285156 0
<unk> 0 747 5 1.0378684997558594 4.7451887130737305 0.02059650421142578
<unk> 0 748 5 2.9798991680145264 7.396761417388916 0
is 0 749 2 4.114145755767822 6.839513301849365 0.5572481155395508
built 0 750 5 7.528223991394043 4.926945686340332 1.9125676155090332
from 0 751 4 3.954423189163208 4.07429313659668 0.8526525497436523
rubble 0 752 6 7.819406032562256 4.928524971008301 0
masonry 0 753 7 1.8307085037231445 5.804906845092773 0
; 0 754 1 7.696352958679199 4.822000503540039 0.9829063415527344
at 0 755 2 6.836875915527344 5.372498989105225 0
about 0 756 5 7.379690170288086 3.6762590408325195 1.696239948272705
<unk> 0 757 5 0.46198394894599915 1.8415559530258179 1.8347030878067017
feet 0 758 4 2.262610673904419 3.014887571334839 0
( 0 759 1 0.0938364565372467 0.6317178010940552 2.3831697702407837
<unk> 0 760 5 0.0018821536796167493 0.023449299857020378 0.6082685012370348
<unk> 0 761 5 1.5655181407928467 1.0907549858093262 0
<eos> 0 762 5 0.004413883201777935 0.03205665946006775 1.0586983263492584
@ 0 763 1 0.0 1.2038780141665484e-06 0.03205545558205358
<unk> 0 764 5 3.302028926555067e-05 0.0005347669357433915 0
m 0 765 1 0.046732522547245026 0.26962438225746155 0
) 0 766 1 0.00461464561522007 0.042421869933605194 0.22720251232385635
up 0 767 2 10.854610443115234 4.38126277923584 0
the 0 768 3 2.503109931945801 4.633996963500977 0
walls 0 769 5 4.422543525695801 8.64064884185791 0
, 0 770 1 2.45328426361084 5.1430487632751465 3.4976000785827637
the 0 771 3 1.8740439414978027 5.556190490722656 0
style 0 772 5 9.585034370422363 9.135278701782227 0
changes 0 773 7 8.558444023132324 5.11157751083374 4.023701190948486
and 0 774 3 4.266607761383057 5.583527565002441 0
smaller 0 775 7 10.407811164855957 8.376699447631836 0
stones 0 776 6 7.969851970672607 8.393593788146973 0
are 0 777 3 4.176949501037598 5.629397869110107 2.7641959190368652
inserted 0 778 8 10.338616371154785 8.410048484802246 0
into 0 779 4 2.2253096103668213 4.365579605102539 4.044468879699707
spaces 0 780 6 12.475288391113281 3.869227886199951 0.4963517189025879
between 0 781 7 7.434815406799316 4.60465145111084 0
the 0 782 3 1.130823016166687 4.7964043617248535 0
larger 0 783 6 10.54357624053955 8.253352165222168 0
blocks 0 784 6 8.299233436584473 7.438106536865234 0.8152456283569336
, 0 785 1 3.1652374267578125 3.8429226875305176 3.595183849334717
showing 0 786 7 12.011353492736816 6.912326812744141 0
where 0 787 5 10.610921859741211 5.429576396942139 1.482750415802002
the 0 788 3 1.332793951034546 5.386997222900391 0.04257917404174805
14th 0 789 4 11.660640716552734 9.844989776611328 0
<unk> 0 790 5 1.858842134475708 6.028652191162109 3.8163375854492188
century 0 791 7 0.25327128171920776 2.0200893878936768 4.008562803268433
rebuilding 0 792 10 11.936355590820312 8.89768123626709 0
started 0 793 7 8.582555770874023 4.770814418792725 4.126866817474365
. 0 794 1 0.6765274405479431 2.531367301940918 2.2394471168518066
<eos> 0 795 5 0.06525160372257233 0.27692633867263794 2.25444096326828
<unk> 0 796 5 2.7123122215270996 6.070947647094727 0
doorway 0 797 7 22.080305099487305 7.447969436645508 0
is 0 798 2 2.0107178688049316 5.763276100158691 1.6846933364868164
on 0 799 2 7.316229820251465 6.960851192474365 0
the 0 800 3 0.5399484634399414 2.49074125289917 4.470109939575195
south 0 801 5 4.701540470123291 7.315525531768799 0
side 0 802 4 0.4195384681224823 2.2113051414489746 5.104220390319824
, 0 803 1 3.749330520629883 1.7681881189346313 0.44311702251434326
headed 0 804 6 13.667462348937988 5.655357837677002 0
by 0 805 2 0.18408474326133728 1.1512776613235474 4.504080176353455
a 0 806 1 2.9874818325042725 4.201876640319824 0
plain 0 807 5 12.768163681030273 8.599576950073242 0
arch 0 808 4 6.56827449798584 8.14471435546875 0.4548625946044922
, 0 809 1 2.641890287399292 6.808483600616455 1.336230754852295
and 0 810 3 2.392699718475342 6.422753810882568 0.3857297897338867
dates 0 811 5 9.999604225158691 6.857107639312744 0
from 0 812 4 1.0356547832489014 2.636542558670044 4.2205650806427
the 0 813 3 1.1681503057479858 2.885603189468384 0
12th 0 814 4 3.858503818511963 5.437129497528076 0
century 0 815 7 0.06633854657411575 0.4323985278606415 5.004730969667435
. 0 816 1 0.6457109451293945 2.143016815185547 0
<eos> 0 817 5 0.06000138074159622 0.2599347233772278 1.883082091808319
<unk> 0 818 5 2.7099623680114746 6.082224369049072 0
is 0 819 2 5.208717346191406 7.444097518920898 0
a 0 820 1 3.077113628387451 7.678653717041016 0
stone 0 821 5 12.938830375671387 9.572218894958496 0
<unk> 0 822 5 2.4608006477355957 8.364875793457031 1.2073431015014648
at 0 823 2 8.717944145202637 7.636385917663574 0.728489875793457
the 0 824 3 1.2767550945281982 4.243099212646484 3.39328670501709
west 0 825 4 6.853313446044922 7.822747707366943 0
end 0 826 3 0.6555399894714355 3.1569225788116455 4.665825128555298
. 0 827 1 5.618234157562256 1.1650793552398682 1.9918432235717773
<eos> 0 828 5 0.06495454162359238 0.2751651406288147 0.8899142146110535
<unk> 0 829 5 2.714524745941162 6.097731590270996 0
is 0 830 2 5.208062648773193 7.451916217803955 0
no 0 831 2 9.895502090454102 7.6797614097595215 0
structural 0 832 10 17.55558204650879 0.9470852017402649 6.732676208019257
division 0 833 8 12.492727279663086 9.377339363098145 0
between 0 834 7 7.205504894256592 6.356111526489258 3.0212278366088867
the 0 835 3 1.413891315460205 5.068467617034912 1.2876439094543457
nave 0 836 4 10.172981262207031 8.347196578979492 0
( 0 837 1 6.902414798736572 2.5732498168945312 5.773946762084961
where 0 838 5 8.994322776794434 6.124242782592773 0
the 0 839 3 1.6944831609725952 5.015691757202148 1.108551025390625
congregation 0 840 12 9.678833961486816 9.105043411254883 0
would 0 841 5 7.745564937591553 6.3686418533325195 2.7364015579223633
have 0 842 4 2.2875096797943115 5.28477144241333 1.0838704109191895
sat 0 843 3 9.491425514221191 5.38407039642334 0
) 0 844 1 3.589560031890869 5.130985736846924 0.253084659576416
and 0 845 3 2.4355385303497314 4.923125267028809 0.20786046981811523
the 0 846 3 2.0871870517730713 6.9303388595581055 0
chancel 0 847 7 4.695855617523193 8.563852310180664 0
( 0 848 1 3.149625539779663 5.389564514160156 3.174287796020508
where 0 849 5 9.280081748962402 5.284882068634033 0.10468244552612305
the 0 850 3 1.5756170749664307 4.877097129821777 0.40778493881225586
altar 0 851 5 6.729090690612793 8.252665519714355 0
would 0 852 5 7.1744279861450195 5.306938648223877 2.9457268714904785
have 0 853 4 2.908719301223755 3.81463623046875 1.492302417755127
been 0 854 4 0.6658591032028198 3.7769646644592285 0.037671566009521484
located 0 855 7 6.607808589935303 7.858095169067383 0
) 0 856 1 0.587352454662323 2.513584613800049 5.344510555267334
. 0 857 1 1.276870846748352 3.8142805099487305 0
<eos> 0 858 5 0.06501487642526627 0.27617424726486206 3.5381062626838684
<unk> 0 859 5 2.718627452850342 6.094463348388672 0
are 0 860 3 8.956751823425293 7.450603485107422 0
no 0 861 2 9.172998428344727 8.892125129699707 0
window 0 862 6 19.66997718811035 0.9936942458152771 7.89843088388443
openings 0 863 8 10.313870429992676 7.57663106918335 0
on 0 864 2 4.443109512329102 4.929540634155273 2.647090435028076
the 0 865 3 0.6484323740005493 3.07173752784729 1.8578031063079834
north 0 866 5 6.381860733032227 8.314757347106934 0
side 0 867 4 0.7613135576248169 3.332500457763672 4.982256889343262
, 0 868 1 2.1423370838165283 2.9704182147979736 0.36208224296569824
but 0 869 3 2.767709732055664 5.261867523193359 0
there 0 870 5 5.512551307678223 6.640307903289795 0
is 0 871 2 1.1973158121109009 1.9104764461517334 4.7298314571380615
a 0 872 1 1.340330958366394 4.146337032318115 0
blocked 0 873 7 12.941143989562988 9.478123664855957 0
opening 0 874 7 11.302881240844727 9.377172470092773 0.1009511947631836
to 0 875 2 5.885936737060547 7.534811496734619 1.8423609733581543
the 0 876 3 0.9339924454689026 4.570565700531006 2.9642457962036133
east 0 877 4 3.2928004264831543 6.8349928855896 0
( 0 878 1 7.742191314697266 4.005948066711426 2.829044818878174
about 0 879 5 8.916228294372559 7.113583087921143 0
<unk> 0 880 5 0.49807554483413696 2.3984341621398926 4.71514892578125
feet 0 881 4 2.3152427673339844 3.999401569366455 0
( 0 882 1 0.6021236181259155 2.1901297569274902 1.8092718124389648
<unk> 0 883 5 0.002049952046945691 0.025245022028684616 2.1648847348988056
<unk> 0 884 5 1.3238619565963745 1.175035834312439 0
<eos> 0 885 5 0.005767588969320059 0.04164712131023407 1.133388713002205
@ 0 886 1 0.0 8.599129728281696e-07 0.04164626139726124
<unk> 0 887 5 3.577194729587063e-05 0.0005509271868504584 0
m 0 888 1 0.022118357941508293 0.14289605617523193 0
) 0 889 1 0.0011750228004530072 0.01224618498235941 0.13064987119287252
wide 0 890 4 2.3241019248962402 4.233396530151367 0
) 0 891 1 2.914888620376587 3.388605833053589 0.8447906970977783
and 0 892 3 4.052884101867676 2.50888729095459 0.879718542098999
there 0 893 5 7.899990081787109 6.910139083862305 0
are 0 894 3 1.508409023284912 2.038416862487793 4.871722221374512
the 0 895 3 5.662909984588623 6.384976387023926 0
remains 0 896 7 6.8136305809021 8.775256156921387 0
of 0 897 2 0.4418688416481018 2.67622447013855 6.099031686782837
a 0 898 1 2.6234028339385986 5.514223098754883 0
window 0 899 6 7.844207286834717 8.978231430053711 0
on 0 900 2 4.423319339752197 6.106163501739502 2.872067928314209
the 0 901 3 0.6116116046905518 2.6695451736450195 3.4366183280944824
south 0 902 5 4.41074800491333 7.177923679351807 0
wall 0 903 4 3.5421504974365234 3.3031270503997803 3.8747966289520264
. 0 904 1 0.6353176832199097 2.635122776031494 0.6680042743682861
<eos> 0 905 5 0.0616055466234684 0.26519250869750977 2.3699302673339844
<unk> 0 906 5 2.7334606647491455 6.08428955078125 0
is 0 907 2 5.208075046539307 7.450717926025391 0
a 0 908 1 3.0794882774353027 7.683895111083984 0
blocked 0 909 7 19.213638305664062 9.576712608337402 0
window 0 910 6 11.94125747680664 9.80166244506836 0
in 0 911 2 3.828380584716797 5.566764831542969 4.234897613525391
the 0 912 3 1.2176508903503418 4.299827575683594 1.266937255859375
south 0 913 5 6.3031325340271 8.611675262451172 0
wall 0 914 4 4.1602067947387695 5.464807987213135 3.146867275238037
of 0 915 2 1.533225417137146 3.280102252960205 2.1847057342529297
the 0 916 3 0.4632800221443176 2.2106308937072754 1.0694713592529297
south 0 917 5 7.354434967041016 7.8304266929626465 0
chapel 0 918 6 9.993457794189453 5.661184310913086 2.1692423820495605
. 0 919 1 2.0162832736968994 4.030450820922852 1.6307334899902344
<eos> 0 920 5 0.06159450486302376 0.26435452699661255 3.766096293926239
<unk> 0 921 5 2.7318177223205566 6.104861736297607 0
vault 0 922 5 19.940204620361328 7.450533390045166 0
, 0 923 1 3.5111098289489746 7.6104631423950195 0
which 0 924 5 3.9287660121917725 6.433935642242432 1.176527500152588
is 0 925 2 2.3646650314331055 6.0821638107299805 0.35177183151245117
about 0 926 5 7.527829170227051 7.258957862854004 0
<unk> 0 927 5 0.574612021446228 2.830432415008545 4.428525447845459
square 0 928 6 5.815256118774414 4.203943729400635 0
feet 0 929 4 2.6284451484680176 2.198592185974121 2.0053515434265137
( 0 930 1 0.0891944169998169 0.6225001811981201 1.576092004776001
<unk> 0 931 5 0.0007594474591314793 0.00998302549123764 0.6125171557068825
<unk> 0 932 5 0.05701849237084389 0.37218981981277466 0
<eos> 0 933 5 2.1233692169189453 1.3420686721801758 0
@ 0 934 1 5.503434294951148e-06 6.621180364163592e-05 1.3420024603765341
<unk> 0 935 5 3.026862941624131e-05 0.0004685766180045903 0
<unk> 0 936 5 0.20009158551692963 0.9072443246841431 0
) 0 937 1 0.01754772663116455 0.11832471191883087 0.7889196127653122
, 0 938 1 1.6649956703186035 4.150207996368408 0
is 0 939 2 1.3851263523101807 4.767474174499512 0
reached 0 940 7 13.680013656616211 7.0723652839660645 0
by 0 941 2 1.746017336845398 4.721460819244385 2.3509044647216797
stone 0 942 5 10.584765434265137 5.3443922996521 0
steps 0 943 5 10.814635276794434 6.902864456176758 0
from 0 944 4 5.356125831604004 4.471434116363525 2.4314303398132324
inside 0 945 6 10.015962600708008 4.1481122970581055 0.3233218193054199
the 0 946 3 1.244971513748169 5.2736053466796875 0
south 0 947 5 6.669033050537109 8.609527587890625 0
chapel 0 948 6 10.141687393188477 5.466135025024414 3.143392562866211
. 0 949 1 1.4808944463729858 4.072478771209717 1.3936562538146973
<eos> 0 950 5 0.062062282115221024 0.2660207152366638 3.806458055973053
<unk> 0 951 5 2.724719762802124 6.108933925628662 0
slabs 0 952 5 20.859426498413086 7.453911304473877 0
form 0 953 4 11.409353256225586 4.911276340484619 2.542634963989258
the 0 954 3 2.6548068523406982 5.246947288513184 0
roof 0 955 4 10.073840141296387 8.965391159057617 0
of 0 956 2 0.9805845022201538 3.944535732269287 5.02085542678833
the 0 957 3 0.49640241265296936 2.4831817150115967 1.4613540172576904
vault 0 958 5 10.878732681274414 8.440508842468262 0
and 0 959 3 3.557755470275879 5.428494453430176 3.012014389038086
the 0 960 3 2.499465227127075 8.007922172546387 0
floor 0 961 5 7.453812122344971 9.56136417388916 0
of 0 962 2 2.3312978744506836 6.628428936004639 2.9329352378845215
the 0 963 3 0.3073700964450836 1.693928837776184 4.934500098228455
chapel 0 964 6 6.67148494720459 8.367142677307129 0
above 0 965 5 7.958014011383057 5.914077281951904 2.4530653953552246
. 0 966 1 3.8089122772216797 3.5306267738342285 2.383450508117676
<eos> 0 967 5 0.06865545362234116 0.28698450326919556 3.243642270565033
<unk> 0 968 5 2.714073419570923 6.0770416259765625 0
stone 0 969 5 13.040400505065918 7.435758590698242 0
in 0 970 2 6.516810417175293 6.686552047729492 0.74920654296875
the 0 971 3 1.5304434299468994 3.690890073776245 2.995661973953247
nave 0 972 4 13.838074684143066 7.127861499786377 0
, 0 973 1 3.3039820194244385 6.488468647003174 0.6393928527832031
about 0 974 5 10.850707054138184 6.884527206420898 0
<unk> 0 975 5 0.8548253178596497 3.065108060836792 3.8194191455841064
square 0 976 6 7.492140769958496 4.733333587646484 0
feet 0 977 4 1.604834794998169 2.003485679626465 2.7298479080200195
( 0 978 1 0.1238468587398529 0.8207896947860718 1.182695984840393
<unk> 0 979 5 0.0012107655638828874 0.015543853864073753 0.805245840921998
<unk> 0 980 5 0.06685864180326462 0.4617552161216736 0
<eos> 0 981 5 1.8789503574371338 1.6227647066116333 0
@ 0 982 1 5.503434294951148e-06 8.495692600263283e-05 1.6226797496856307
<unk> 0 983 5 2.751696047198493e-05 0.00045499432599171996 0
<unk> 0 984 5 0.20443099737167358 1.0091111660003662 0
) 0 985 1 0.020115060731768608 0.12948961555957794 0.8796215504407883
with 0 986 4 7.317219257354736 4.185566425323486 0
a 0 987 1 1.9988758563995361 5.752218246459961 0
hole 0 988 4 11.366973876953125 8.743590354919434 0
in 0 989 2 2.58685302734375 5.464258670806885 3.279331684112549
the 0 990 3 0.8606273531913757 3.6918861865997314 1.7723724842071533
top 0 991 3 7.491678237915039 8.774948120117188 0
, 0 992 1 3.4439594745635986 4.4400248527526855 4.334923267364502
might 0 993 5 12.703067779541016 6.9070634841918945 0
once 0 994 4 12.571160316467285 4.253611087799072 2.6534523963928223
have 0 995 4 1.4387931823730469 5.764126777648926 0
been 0 996 4 1.200683832168579 5.630767822265625 0.13335895538330078
used 0 997 4 5.112081050872803 8.734405517578125 0
as 0 998 2 2.9815738201141357 4.181573867797852 4.552831649780273
a 0 999 1 0.6708285808563232 3.255610942840576 0.9259629249572754
churchyard 0 1000 10 15.349801063537598 9.784841537475586 0
cross 0 1001 5 13.775310516357422 4.311648368835449 5.473193168640137
. 0 1002 1 1.912895679473877 4.749228000640869 0
<eos> 0 1003 5 0.06399685889482498 0.27243342995643616 4.476794570684433
= 0 1004 1 3.746917247772217 6.098752498626709 0
= 0 1005 1 0.1037619486451149 0.7067882418632507 5.391964256763458
<unk> 0 1006 5 5.411999702453613 5.65714168548584 0
= 0 1007 1 1.9399327039718628 7.097836017608643 0
= 0 1008 1 0.0011667743092402816 0.01550795417279005 7.0823280634358525
<eos> 0 1009 5 19.587099075317383 4.843082904815674 0
<unk> 0 1010 5 0.8000454902648926 4.352024078369141 0.4910588264465332
<unk> 0 1011 5 2.422987937927246 6.624572277069092 0
has 0 1012 3 5.397638320922852 5.795585632324219 0.828986644744873
national 0 1013 8 14.010523796081543 5.445556163787842 0.35002946853637695
recognition 0 1014 11 7.606265544891357 9.617600440979004 0
and 0 1015 3 2.91140079498291 5.413715362548828 4.203885078430176
statutory 0 1016 9 6.936013698577881 10.299409866333008 0
protection 0 1017 10 5.880856037139893 8.426718711853027 1.8726911544799805
from 0 1018 4 4.762345314025879 4.64104700088501 3.7856717109680176
alteration 0 1019 10 10.060851097106934 6.175008296966553 0
as 0 1020 2 5.499746322631836 4.662057876586914 1.5129504203796387
it 0 1021 2 3.8736698627471924 5.477851867675781 0
has 0 1022 3 2.93766188621521 5.3524041175842285 0.12544775009155273
been 0 1023 4 1.4074467420578003 5.892466068267822 0
designated 0 1024 10 5.645455837249756 8.013895034790039 0
as 0 1025 2 1.3845607042312622 4.181699275970459 3.83219575881958
a 0 1026 1 1.2704206705093384 4.290595531463623 0
<unk> 0 1027 5 3.5060782432556152 7.346783638000488 0
<unk> 0 1028 5 2.2416768074035645 7.041088104248047 0.3056955337524414
listed 0 1029 6 10.51108169555664 6.543001651763916 0.49808645248413086
building 0 1030 8 3.424832344055176 7.463440895080566 0
 0 1031 1 9.40449047088623 4.0420451164245605 3.421395778656006
the 0 1032 3 2.8313050270080566 6.867692470550537 0
lowest 0 1033 6 8.238576889038086 7.207016468048096 0
of 0 1034 2 4.9647650718688965 7.516380786895752 0
the 0 1035 3 1.1088616847991943 3.109314203262329 4.407066583633423
three 0 1036 5 4.955384254455566 7.273779392242432 0
grades 0 1037 6 5.536261558532715 8.457791328430176 0
of 0 1038 2 1.4356410503387451 4.434823989868164 4.022967338562012
listing 0 1039 7 5.086555004119873 6.903685569763184 0
, 0 1040 1 2.6168124675750732 4.631190776824951 2.2724947929382324
designating 0 1041 11 3.612020969390869 6.591685771942139 0
" 0 1042 1 3.209160566329956 4.902405261993408 1.6892805099487305
buildings 0 1043 9 8.119829177856445 7.892838478088379 0
of 0 1044 2 1.4942830801010132 4.838137626647949 3.0547008514404297
special 0 1045 7 3.862199306488037 7.478790760040283 0
interest 0 1046 8 1.4868683815002441 5.132891654968262 2.3458991050720215
, 0 1047 1 3.897646903991699 2.7974801063537598 2.335411548614502
which 0 1048 5 5.299976825714111 7.610993385314941 0
warrant 0 1049 7 7.424493789672852 5.81465482711792 1.7963385581970215
every 0 1050 5 7.320746898651123 7.830106735229492 0
effort 0 1051 6 6.686333179473877 9.424697875976562 0
being 0 1052 5 6.973998069763184 5.396933078765869 4.027764797210693
made 0 1053 4 2.1864938735961914 6.9213056564331055 0
to 0 1054 2 0.7505955696105957 3.102079391479492 3.8192262649536133
preserve 0 1055 8 4.739602565765381 8.729202270507812 0
them 0 1056 4 6.7143473625183105 5.959958553314209 2.7692437171936035
" 0 1057 1 3.142997980117798 4.866062164306641 1.0938963890075684
. 0 1058 1 0.366402804851532 1.6659574508666992 3.2001047134399414
<eos> 0 1059 5 0.06015265733003616 0.2584398090839386 1.4075176417827606
<unk> 0 1060 5 2.7219419479370117 6.093680381774902 0
was 0 1061 3 3.6851754188537598 7.452980995178223 0
given 0 1062 5 6.798121929168701 8.552008628845215 0
this 0 1063 4 9.040050506591797 4.442415237426758 4.109593391418457
status 0 1064 6 6.081995964050293 8.52553653717041 0
on 0 1065 2 3.9102883338928223 4.52069616317749 4.00484037399292
<unk> 0 1066 5 0.4894351661205292 2.10128116607666 2.41941499710083
<unk> 0 1067 5 0.1686779260635376 0.834244966506958 1.2670361995697021
<unk> 0 1068 5 0.8800035715103149 1.9472110271453857 0
and 0 1069 3 3.4573135375976562 2.9582724571228027 0
has 0 1070 3 8.425175666809082 7.264291763305664 0
been 0 1071 4 1.4955224990844727 5.988661766052246 1.275629997253418
listed 0 1072 6 6.386208534240723 8.31970500946045 0
because 0 1073 7 11.178399085998535 2.465226650238037 5.854478359222412
it 0 1074 2 3.8047378063201904 4.085793495178223 0
is 0 1075 2 1.5893851518630981 4.00457239151001 0.08122110366821289
" 0 1076 1 5.572980880737305 7.039397239685059 0
important 0 1077 9 9.228428840637207 7.407115459442139 0
as 0 1078 2 6.695521354675293 3.3939599990844727 4.013155460357666
a 0 1079 1 1.3951878547668457 5.079617977142334 0
substantially 0 1080 13 17.670631408691406 9.662911415100098 0
12th 0 1081 4 17.51482582092285 8.859454154968262 0.8034572601318359
<unk> 0 1082 5 1.0466259717941284 5.547867774963379 3.311586380004883
century 0 1083 7 0.8267273902893066 3.7811548709869385 1.7667129039764404
structure 0 1084 9 8.71933364868164 8.992372512817383 0
, 0 1085 1 4.247041702270508 4.194243907928467 4.798128604888916
with 0 1086 4 4.525681018829346 7.275207996368408 0
some 0 1087 4 5.21415901184082 6.624802112579346 0.6504058837890625
architectural 0 1088 13 9.612902641296387 9.734593391418457 0
details 0 1089 7 7.457232475280762 9.220996856689453 0.5135965347290039
surviving 0 1090 9 12.466987609863281 5.528903007507324 3.692093849182129
from 0 1091 4 3.508974552154541 6.789077281951904 0
this 0 1092 4 6.447852611541748 5.391175270080566 1.397902011871338
early 0 1093 5 8.211105346679688 6.923073768615723 0
period 0 1094 6 2.3495662212371826 6.569047927856445 0.35402584075927734
" 0 1095 1 3.1410181522369385 4.055102348327637 2.5139455795288086
, 0 1096 1 3.6636955738067627 1.5981487035751343 2.4569536447525024
even 0 1097 4 7.83897590637207 5.9355010986328125 0
though 0 1098 6 1.4723420143127441 4.846014976501465 1.0894861221313477
it 0 1099 2 2.594468355178833 4.990250110626221 0
is 0 1100 2 2.5754499435424805 4.608660697937012 0.381589412689209
now 0 1101 3 3.962822675704956 7.138103008270264 0
in 0 1102 2 6.725188732147217 7.522015571594238 0
a 0 1103 1 4.724955081939697 5.9084696769714355 1.6135458946228027
" 0 1104 1 5.613716125488281 9.191418647766113 0
ruinous 0 1105 7 5.171089172363281 9.43207836151123 0
condition 0 1106 9 3.962454080581665 7.342966556549072 2.089111804962158
" 0 1107 1 0.30003130435943604 1.668506145477295 5.674460411071777
. 0 1108 1 0.7658951878547668 3.0359866619110107 0
<eos> 0 1109 5 0.06647897511720657 0.28051477670669556 2.755471885204315
<unk> 0 1110 5 2.708407402038574 6.087348937988281 0
( 0 1111 1 7.492018222808838 7.442600250244141 0
which 0 1112 5 8.520746231079102 4.631308555603027 2.8112916946411133
is 0 1113 2 2.8642101287841797 7.4596662521362305 0
responsible 0 1114 11 8.705784797668457 8.206461906433105 0
for 0 1115 3 0.06505351513624191 0.4675101637840271 7.738951742649078
the 0 1116 3 1.5433062314987183 6.998373985290527 0
inclusion 0 1117 9 11.204127311706543 10.515901565551758 0
of 0 1118 2 0.016642367467284203 0.15381979942321777 10.36208176612854
<unk> 0 1119 5 2.1646065711975098 7.209329605102539 0
buildings 0 1120 9 12.07774829864502 6.6206769943237305 0.5886526107788086
on 0 1121 2 4.502461910247803 4.380024433135986 2.240652561187744
the 0 1122 3 0.784782886505127 3.9200546741485596 0.45996975898742676
statutory 0 1123 9 6.158078193664551 7.878693103790283 0
lists 0 1124 5 3.382884979248047 8.017436981201172 0
) 0 1125 1 0.9529558420181274 3.1445958614349365 4.872841119766235
also 0 1126 4 6.486632347106934 5.167475700378418 0
notes 0 1127 5 10.1739501953125 7.275599956512451 0
the 0 1128 3 3.6216368675231934 3.1311774253845215 4.14442253112793
" 0 1129 1 5.67817497253418 10.225284576416016 0
unusual 0 1130 7 10.010343551635742 9.99996566772461 0.22531890869140625
16th 0 1131 4 15.755900382995605 7.9742960929870605 2.025669574737549
<unk> 0 1132 5 1.069927453994751 4.411238670349121 3.5630574226379395
century 0 1133 7 0.16443204879760742 1.3536015748977661 3.057637095451355
vaulted 0 1134 7 16.195653915405273 7.7237420082092285 0
south 0 1135 5 14.90324592590332 7.886688232421875 0
chapel 0 1136 6 6.850650787353516 5.900129795074463 1.986558437347412
" 0 1137 1 0.6579368114471436 3.036914825439453 2.8632149696350098
. 0 1138 1 2.926844835281372 4.967960357666016 0
<eos> 0 1139 5 0.06320710480213165 0.2702088952064514 4.697751462459564
<unk> 0 1140 5 2.7187209129333496 6.082452774047852 0
19th 0 1141 4 18.433834075927734 7.448589324951172 0
<unk> 0 1142 5 2.083552122116089 5.505457401275635 1.943131923675537
century 0 1143 7 0.08149774372577667 0.7477154731750488 4.757741928100586
antiquarian 0 1144 11 8.576092720031738 8.05385684967041 0
<unk> 0 1145 5 0.16808629035949707 1.395899772644043 6.657957077026367
<unk> 0 1146 5 0.20986561477184296 1.6082282066345215 0
mentioned 0 1147 9 9.730890274047852 6.5890421867370605 0
the 0 1148 3 2.263096332550049 3.9286224842071533 2.6604197025299072
church 0 1149 6 6.704671859741211 10.069999694824219 0
in 0 1150 2 3.269458770751953 4.823015213012695 5.246984481811523
her 0 1151 3 7.626401424407959 3.8136966228485107 1.0093185901641846
history 0 1152 7 6.951263427734375 8.789527893066406 0
of 0 1153 2 1.1228581666946411 3.4985382556915283 5.290989637374878
<unk> 0 1154 5 1.5338293313980103 4.477728366851807 0
. 0 1155 1 4.16486930847168 5.837472915649414 0
<eos> 0 1156 5 0.06028478220105171 0.26061609387397766 5.576856821775436
<unk> 0 1157 5 2.701646566390991 6.079426288604736 0
said 0 1158 4 6.646444320678711 7.441341876983643 0
that 0 1159 4 1.4017343521118164 3.7762560844421387 3.665085792541504
the 0 1160 3 2.1333553791046143 4.873189449310303 0
architecture 0 1161 12 14.471623420715332 8.998994827270508 0
was 0 1162 3 2.7842133045196533 5.433815956115723 3.565178871154785
of 0 1163 2 8.865506172180176 7.738415718078613 0
" 0 1164 1 3.392185688018799 6.869859218597412 0.8685564994812012
the 0 1165 3 4.019076347351074 8.973398208618164 0
<unk> 0 1166 5 4.902259349822998 9.143868446350098 0
kind 0 1167 4 9.088204383850098 8.475848197937012 0.6680202484130859
, 0 1168 1 4.841545581817627 2.4965014457702637 5.979346752166748
[ 0 1169 1 7.658627986907959 7.914987564086914 0
which 0 1170 5 5.885055065155029 6.381497383117676 1.5334901809692383
] 0 1171 1 0.08938436955213547 0.7577534914016724 5.623743891716003
bears 0 1172 5 9.396217346191406 8.386885643005371 0
testimony 0 1173 9 18.34456443786621 7.260031700134277 1.1268539428710938
to 0 1174 2 3.0306589603424072 4.935823917388916 2.3242077827453613
its 0 1175 3 5.41024112701416 6.3106536865234375 0
great 0 1176 5 8.848006248474121 10.722149848937988 0
antiquity 0 1177 9 10.646078109741211 9.842920303344727 0.8792295455932617
. 0 1178 1 3.0012996196746826 3.6221160888671875 6.220804214477539
" 0 1179 1 4.618895530700684 0.2731824815273285 3.348933607339859
<eos> 0 1180 5 0.0 1.0834865861397702e-05 0.2731716466614671
<unk> 0 1181 5 1.989363193511963 6.180998802185059 0
recounted 0 1182 9 13.230391502380371 6.470479965209961 0
that 0 1183 4 1.1989296674728394 3.8825175762176514 2.5879623889923096
a 0 1184 1 6.191988945007324 4.984323501586914 0
fox 0 1185 3 13.101993560791016 9.342086791992188 0
had 0 1186 3 5.973620414733887 9.287993431091309 0.054093360900878906
once 0 1187 4 10.134862899780273 7.669966220855713 1.6180272102355957
taken 0 1188 5 6.830122947692871 7.9540696144104 0
shelter 0 1189 7 10.671460151672363 5.767066955566406 2.187002658843994
in 0 1190 2 1.2781859636306763 3.96584415435791 1.801222801208496
the 0 1191 3 1.5674498081207275 4.5163679122924805 0
ruins 0 1192 5 9.174041748046875 9.123637199401855 0
, 0 1193 1 2.821009397506714 2.8752994537353516 6.248337745666504
and 0 1194 3 1.853432297706604 5.712568759918213 0
when 0 1195 4 7.483185291290283 7.7055864334106445 0
it 0 1196 2 4.0211920738220215 4.77369499206543 2.931891441345215
was 0 1197 3 1.0394989252090454 4.920751094818115 0
dug 0 1198 3 10.71157455444336 8.769049644470215 0
out 0 1199 3 2.984344720840454 4.96533727645874 3.8037123680114746
, 0 1200 1 1.6253199577331543 4.115993022918701 0.8493442535400391
the 0 1201 3 2.523519277572632 4.800057888031006 0
vault 0 1202 5 12.923954010009766 9.957114219665527 0
was 0 1203 3 1.5655072927474976 6.472689151763916 3.4844250679016113
discovered 0 1204 10 6.051549434661865 8.872442245483398 0
, 0 1205 1 3.144599676132202 4.675088882446289 4.197353363037109
" 0 1206 1 6.18717622756958 6.483727931976318 0
containing 0 1207 10 12.242063522338867 7.620639801025391 0
several 0 1208 7 8.483110427856445 6.58112096786499 1.0395188331604004
human 0 1209 5 10.2401704788208 9.235422134399414 0
skeletons 0 1210 9 5.043384075164795 8.838200569152832 0.39722156524658203
, 0 1211 1 2.1934874057769775 5.006092071533203 3.832108497619629
which 0 1212 5 5.7178120613098145 7.701745510101318 0
crumbled 0 1213 8 15.79446029663086 7.367809772491455 0.3339357376098633
into 0 1214 4 4.156378746032715 6.21765661239624 1.1501531600952148
dust 0 1215 4 11.397851943969727 4.566248893737793 1.6514077186584473
, 0 1216 1 2.631396532058716 4.811951637268066 0
when 0 1217 4 8.725822448730469 7.872132778167725 0
exposed 0 1218 7 10.366377830505371 6.5476202964782715 1.3245124816894531
to 0 1219 2 1.0423634052276611 4.0746870040893555 2.472933292388916
the 0 1220 3 1.6006219387054443 6.355278968811035 0
air 0 1221 3 8.389270782470703 10.12568473815918 0
" 0 1222 1 3.8502869606018066 5.826756954193115 4.2989277839660645
. 0 1223 1 0.7652759552001953 2.641483783721924 3.1852731704711914
<eos> 0 1224 5 0.06246962770819664 0.2674485146999359 2.374035269021988
<unk> 0 1225 5 2.7173919677734375 6.097981929779053 0
added 0 1226 5 9.693095207214355 7.4561028480529785 0
that 0 1227 4 1.3855113983154297 4.356934070587158 3.0991687774658203
further 0 1228 7 12.59783935546875 4.915003776550293 0
exploration 0 1229 11 11.257781982421875 10.29974365234375 0
of 0 1230 2 1.7278244495391846 5.314227104187012 4.985516548156738
the 0 1231 3 1.2199251651763916 5.115964412689209 0.19826269149780273
vault 0 1232 5 14.95096492767334 9.569297790527344 0
then 0 1233 4 11.111050605773926 7.269300937652588 2.299996852874756
revealed 0 1234 8 5.821493148803711 9.203499794006348 0
" 0 1235 1 5.551741600036621 3.919813871383667 5.283685922622681
a 0 1236 1 3.7091195583343506 7.572206020355225 0
large 0 1237 5 7.086525917053223 10.124565124511719 0
mass 0 1238 4 10.11252498626709 9.634644508361816 0.48992061614990234
of 0 1239 2 0.4179619252681732 2.814002513885498 6.820641994476318
human 0 1240 5 7.368287086486816 9.156704902648926 0
bones 0 1241 5 5.8209452629089355 9.091740608215332 0.06496429443359375
, 0 1242 1 2.9398715496063232 5.60078239440918 3.4909582138061523
several 0 1243 7 11.37186050415039 8.368544578552246 0
feet 0 1244 4 8.237460136413574 8.696590423583984 0
in 0 1245 2 5.706259250640869 4.172581195831299 4.5240092277526855
depth 0 1246 5 8.92318058013916 5.7849860191345215 0
" 0 1247 1 3.485795259475708 3.0805306434631348 2.7044553756713867
. 0 1248 1 2.1518523693084717 2.7758588790893555 0.3046717643737793
<eos> 0 1249 5 0.06619810312986374 0.279186874628067 2.4966720044612885
<unk> 0 1250 5 2.7135229110717773 6.096536159515381 0
<unk> 0 1251 5 2.4147837162017822 7.449268341064453 0
book 0 1252 4 15.060474395751953 6.2544169425964355 1.1948513984680176
about 0 1253 5 8.97446060180664 6.674347877502441 0
abandoned 0 1254 9 18.711957931518555 5.404772758483887 1.2695751190185547
churches 0 1255 8 9.421908378601074 9.37843132019043 0
in 0 1256 2 3.5100200176239014 6.1651129722595215 3.213318347930908
<unk> 0 1257 5 0.9553539752960205 3.20672869682312 2.9583842754364014
refers 0 1258 6 11.263181686401367 6.195120334625244 0
to 0 1259 2 0.02203570492565632 0.2119283825159073 5.983191952109337
the 0 1260 3 1.1353950500488281 4.001787185668945 0
ancient 0 1261 7 8.758502960205078 9.525856971740723 0
monuments 0 1262 9 8.692925453186035 7.123368740081787 2.4024882316589355
in 0 1263 2 3.916538953781128 4.529681205749512 2.5936875343322754
this 0 1264 4 7.912716865539551 3.2608907222747803 1.2687904834747314
part 0 1265 4 8.651208877563477 6.560628890991211 0
of 0 1266 2 1.20097815990448 3.118989944458008 3.441638946533203
<unk> 0 1267 5 1.7182952165603638 2.9642019271850586 0.15478801727294922
, 0 1268 1 1.8979440927505493 4.768856525421143 0
and 0 1269 3 2.237008571624756 5.979777812957764 0
calls 0 1270 5 12.528244018554688 7.379515647888184 0
<unk> 0 1271 5 3.396806001663208 4.351794719696045 3.0277209281921387
<unk> 0 1272 5 2.332897901535034 6.22144889831543 0
a 0 1273 1 5.250564098358154 5.499881267547607 0.7215676307678223
" 0 1274 1 1.3645199537277222 6.47775936126709 0
medieval 0 1275 8 9.820023536682129 8.501197814941406 0
gesture 0 1276 7 15.47472095489502 7.95590353012085 0.5452942848205566
of 0 1277 2 1.7770843505859375 2.363722801208496 5.5921807289123535
<unk> 0 1278 5 3.4851388931274414 9.842766761779785 0
power 0 1279 5 9.037612915039062 5.702256679534912 4.140510082244873
in 0 1280 2 6.260234355926514 1.9216350317001343 3.780621647834778
a 0 1281 1 3.765165328979492 5.361519813537598 0
land 0 1282 4 10.09192180633545 9.97556209564209 0
so 0 1283 2 10.145503997802734 6.089989185333252 3.885572910308838
obviously 0 1284 9 11.170846939086914 7.703300952911377 0
imbued 0 1285 6 15.221200942993164 6.829521656036377 0.873779296875
with 0 1286 4 0.2608358561992645 1.4689444303512573 5.36057722568512
the 0 1287 3 2.1972765922546387 7.43683385848999 0
spirit 0 1288 6 7.047571182250977 10.593058586120605 0
of 0 1289 2 0.39762672781944275 2.085462808609009 8.507595777511597
a 0 1290 1 4.205747604370117 6.113945484161377 0
pagan 0 1291 5 8.702286720275879 9.4965238571167 0
past 0 1292 4 11.493760108947754 7.856653690338135 1.6398701667785645
" 0 1293 1 1.9254640340805054 5.217080116271973 2.639573574066162
. 0 1294 1 0.2701668441295624 1.3600937128067017 3.856986403465271
<eos> 0 1295 5 0.06064514070749283 0.26165005564689636 1.0984436571598053
<unk> 0 1296 5 2.7080910205841064 6.091349124908447 0
notes 0 1297 5 10.094683647155762 7.4482550621032715 0
that 0 1298 4 0.28273114562034607 1.5776453018188477 5.870609760284424
" 0 1299 1 3.24906587600708 4.829905033111572 0
the 0 1300 3 2.4298479557037354 6.566640377044678 0
wheel 0 1301 5 15.417190551757812 10.208498001098633 0
has 0 1302 3 4.722003936767578 6.429311275482178 3.779186725616455
turned 0 1303 6 9.930212020874023 6.663331508636475 0
full 0 1304 4 11.93405818939209 5.9701828956604 0.6931486129760742
circle 0 1305 6 12.052434921264648 4.754977226257324 1.2152056694030762
and 0 1306 3 3.89302396774292 6.0239081382751465 0
<unk> 0 1307 5 3.4813098907470703 9.329957962036133 0
<unk> 0 1308 5 2.9931418895721436 8.24712085723877 1.0828371047973633
today 0 1309 5 13.721634864807129 7.84318208694458 0.40393877029418945
is 0 1310 2 5.470638751983643 7.146189212799072 0.6969928741455078
just 0 1311 4 6.659773826599121 7.84761381149292 0
another 0 1312 7 6.8168559074401855 6.418805122375488 1.4288086891174316
ruined 0 1313 6 14.487153053283691 9.76863956451416 0
relic 0 1314 5 11.295807838439941 9.26291561126709 0.5057239532470703
of 0 1315 2 2.2115318775177 4.5236430168151855 4.739272594451904
a 0 1316 1 3.5082671642303467 5.150949001312256 0
former 0 1317 6 9.619810104370117 9.601313591003418 0
age 0 1318 3 9.958344459533691 8.201821327209473 1.3994922637939453
. 0 1319 1 1.9940080642700195 5.868643760681152 2.3331775665283203
" 0 1320 1 4.5706000328063965 0.2793682813644409 5.589275479316711
<eos> 0 1321 5 0.0 1.1006847671524156e-05 0.2793572745167694
<unk> 0 1322 5 1.9918603897094727 6.182366371154785 0
authors 0 1323 7 15.933551788330078 6.471956729888916 0
describe 0 1324 8 8.472447395324707 6.8991546630859375 0
the 0 1325 3 1.442741870880127 4.517309188842773 2.381845474243164
chapel 0 1326 6 14.009580612182617 9.913187026977539 0
as 0 1327 2 0.9889634847640991 3.9451279640197754 5.968059062957764
a 0 1328 1 1.7588211297988892 4.24261999130249 0
" 0 1329 1 1.2924413681030273 6.739532470703125 0
simple 0 1330 6 8.641225814819336 9.779349327087402 0
, 0 1331 1 3.168191432952881 8.585536003112793 1.1938133239746094
square 0 1332 6 9.358030319213867 9.696993827819824 0
building 0 1333 8 5.955772876739502 6.467103004455566 3.229890823364258
" 0 1334 1 2.213879108428955 4.950035095214844 1.5170679092407227
with 0 1335 4 4.4731669425964355 4.002326488494873 0.9477086067199707
a 0 1336 1 1.5136220455169678 5.870046615600586 0
" 0 1337 1 4.315556526184082 9.720785140991211 0
small 0 1338 5 7.427463054656982 10.024232864379883 0
and 0 1339 3 5.361748695373535 9.588859558105469 0.43537330627441406
<unk> 0 1340 5 4.940819263458252 9.478556632995605 0.11030292510986328
austere 0 1341 7 15.109309196472168 8.317377090454102 1.161179542541504
south 0 1342 5 11.885594367980957 8.190828323364258 0.12654876708984375
chapel 0 1343 6 8.463334083557129 5.420253276824951 2.7705750465393066
" 0 1344 1 0.6612002849578857 3.165508508682251 2.2547447681427
, 0 1345 1 1.9496090412139893 3.931410551071167 0
adding 0 1346 6 8.541953086853027 5.588967323303223 0
that 0 1347 4 0.8390800952911377 3.405569553375244 2.1833977699279785
the 0 1348 3 1.6053521633148193 4.56873893737793 0
stone 0 1349 5 7.928496360778809 9.823880195617676 0
slabs 0 1350 5 9.57591438293457 8.061676025390625 1.7622041702270508
over 0 1351 4 10.348234176635742 5.770078182220459 2.291597843170166
the 0 1352 3 0.6214779019355774 3.230780601501465 2.539297580718994
vault 0 1353 5 12.37687873840332 8.48494815826416 0
are 0 1354 3 3.020125389099121 4.959000587463379 3.5259475708007812
" 0 1355 1 4.801341533660889 8.589634895324707 0
almost 0 1356 6 6.898355007171631 9.109575271606445 0
in 0 1357 2 7.922855377197266 7.306072235107422 1.8035030364990234
imitation 0 1358 9 10.100882530212402 6.250133037567139 1.0559391975402832
of 0 1359 2 0.19743329286575317 1.1395577192306519 5.110575318336487
the 0 1360 3 1.6006163358688354 5.290113925933838 0
ancient 0 1361 7 7.842763900756836 9.553420066833496 0
burial 0 1362 6 10.825650215148926 7.632424831390381 1.9209952354431152
chambers 0 1363 8 7.363508701324463 7.56491756439209 0.06750726699829102
which 0 1364 5 7.144489765167236 3.724958896636963 3.839958667755127
dot 0 1365 3 16.465713500976562 6.6708807945251465 0
the 0 1366 3 2.5475611686706543 7.173336029052734 0
surrounding 0 1367 11 9.655723571777344 9.971336364746094 0
landscape 0 1368 9 4.768509387969971 9.038154602050781 0.9331817626953125
. 0 1369 1 2.380067825317383 4.663849830627441 4.37430477142334
" 0 1370 1 4.5966477394104 0.27846717834472656 4.385382652282715
<eos> 0 1371 5 0.0 1.0490903150639497e-05 0.2784566874415759
=========================================================================================
| End of testing | test loss  3.46 | test ppl    31.73
=========================================================================================
