word sentid sentpos wlen surp entropy entred
= 0 0 1 6.575001239776611 6.170436382293701 0
<unk> 0 1 5 2.7366182804107666 1.7495245933532715 4.42091178894043
<unk> 0 2 5 1.2876313924789429 5.63023567199707 0
<unk> 0 3 5 3.070030689239502 2.742896556854248 2.8873391151428223
( 0 4 1 4.3206048011779785 3.436915397644043 0
<unk> 0 5 5 0.43435806035995483 3.2038750648498535 0.23304033279418945
) 0 6 1 0.6706801652908325 2.437323570251465 0.7665514945983887
= 0 7 1 0.01095180120319128 0.10978283733129501 2.32754073292017
<eos> 0 8 5 22.890195846557617 1.0057990550994873 0
= 0 9 1 12.974855422973633 0.7214973568916321 0.2843016982078552
<unk> 0 10 5 0.47535446286201477 1.9295028448104858 0
<unk> 0 11 5 0.6652454733848572 3.3961706161499023 0
<unk> 0 12 5 0.7082300186157227 2.8395862579345703 0.556584358215332
( 0 13 1 2.4765419960021973 3.715291976928711 0
<unk> 0 14 5 0.4747932255268097 3.058488607406616 0.6568033695220947
) 0 15 1 2.959244966506958 2.8346917629241943 0.22379684448242188
= 0 16 1 7.10432243347168 2.975452184677124 0
<eos> 0 17 5 20.24737548828125 2.880437135696411 0.09501504898071289
<unk> 0 18 5 1.1831731796264648 4.917086601257324 0
<unk> 0 19 5 1.3908554315567017 4.209650993347168 0.7074356079101562
<unk> 0 20 5 0.4453744888305664 2.2398037910461426 1.9698472023010254
was 0 21 3 6.6637139320373535 3.528332471847534 0
the 0 22 3 3.2497317790985107 4.047392845153809 0
tenth 0 23 5 10.561535835266113 3.4422857761383057 0.6051070690155029
tropical 0 24 8 9.884441375732422 5.49931526184082 0
storm 0 25 5 3.392603874206543 5.034438610076904 0.464876651763916
of 0 26 2 1.725618839263916 3.998173475265503 1.0362651348114014
the 0 27 3 0.03002956323325634 0.2117103934288025 3.7864630818367004
<unk> 0 28 5 0.5441586375236511 2.6207504272460938 0
<unk> 0 29 5 0.5660430192947388 3.078754425048828 0
hurricane 0 30 9 1.8162357807159424 3.7729105949401855 0
season 0 31 6 0.08220508694648743 0.6329195499420166 3.139991044998169
. 0 32 1 1.19255530834198 2.357023000717163 0
<eos> 0 33 5 0.06979195028543472 0.2880317270755768 2.0689912736415863
<unk> 0 34 5 2.755734443664551 6.115387439727783 0
developed 0 35 9 10.73618221282959 7.476019859313965 0
out 0 36 3 9.58531379699707 4.6461896896362305 2.8298301696777344
of 0 37 2 1.0331562757492065 4.373497009277344 0.2726926803588867
a 0 38 1 1.7869863510131836 5.709858417510986 0
strong 0 39 6 7.728084564208984 10.184172630310059 0
tropical 0 40 8 6.744179725646973 9.644705772399902 0.5394668579101562
wave 0 41 4 3.435318946838379 3.2643654346466064 6.380340337753296
which 0 42 5 7.029874801635742 5.351734638214111 0
moved 0 43 5 5.01906156539917 6.493786811828613 0
off 0 44 3 4.4724955558776855 5.516411781311035 0.9773750305175781
the 0 45 3 0.4180086553096771 2.144366979598999 3.372044801712036
<unk> 0 46 5 4.0305633544921875 3.4385178089141846 0
coast 0 47 5 0.5193959474563599 2.4784929752349854 0.9600248336791992
on 0 48 2 3.1671059131622314 4.658172607421875 0
<unk> 0 49 5 0.15217016637325287 0.7340050935745239 3.924167513847351
<unk> 0 50 5 0.02004348859190941 0.1424950659275055 0.5915100276470184
. 0 51 1 1.0920568704605103 2.4335079193115234 0
<eos> 0 52 5 0.06247786432504654 0.26775309443473816 2.1657548248767853
<unk> 0 53 5 2.712007999420166 6.10292387008667 0
wave 0 54 4 17.513883590698242 7.4705810546875 0
quickly 0 55 7 10.744494438171387 8.952024459838867 0
became 0 56 6 2.998462438583374 7.689927101135254 1.2620973587036133
organized 0 57 9 9.171097755432129 6.260831832885742 1.4290952682495117
and 0 58 3 3.9416236877441406 4.550665855407715 1.7101659774780273
was 0 59 3 5.114593505859375 8.151853561401367 0
declared 0 60 8 7.485090732574463 7.863430500030518 0.2884230613708496
<unk> 0 61 5 6.65971565246582 3.688357353210449 4.175073146820068
<unk> 0 62 5 3.1446340084075928 5.226973056793213 0
<unk> 0 63 5 2.1949939727783203 4.907162189483643 0.3198108673095703
while 0 64 5 8.306492805480957 4.737878799438477 0.16928339004516602
located 0 65 7 4.625917911529541 4.869870662689209 0
<unk> 0 66 5 3.2794835567474365 4.470490455627441 0.3993802070617676
mi 0 67 2 1.0758905410766602 2.2384042739868164 2.232086181640625
( 0 68 1 0.0013841401087120175 0.015998225659132004 2.2224060483276844
<unk> 0 69 5 0.00022562358935829252 0.003112449776381254 0.01288577588275075
km 0 70 2 0.13528843224048615 0.4907519817352295 0
) 0 71 1 0.002476487075909972 0.02248498983681202 0.4682669918984175
to 0 72 2 7.130177974700928 3.1910595893859863 0
the 0 73 3 0.22332151234149933 1.1910731792449951 1.9999864101409912
south 0 74 5 2.1558315753936768 2.9652862548828125 0
<unk> 0 75 5 3.9181666374206543 1.8673081398010254 1.097978115081787
southeast 0 76 9 2.267672300338745 2.728376865386963 0
of 0 77 2 0.3635547459125519 1.5067821741104126 1.2215946912765503
the 0 78 3 2.446526050567627 1.7570635080337524 0
<unk> 0 79 5 1.0992497205734253 4.0443549156188965 0
<unk> 0 80 5 3.5010440349578857 4.332118988037109 0
<unk> 0 81 5 3.2144932746887207 3.633112907409668 0.6990060806274414
on 0 82 2 5.912436008453369 4.435941696166992 0
<unk> 0 83 5 0.14911866188049316 0.7421259880065918 3.6938157081604004
<unk> 0 84 5 0.025260906666517258 0.1615557074546814 0.5805702805519104
. 0 85 1 0.2990131676197052 1.2265576124191284 0
<eos> 0 86 5 0.06394733488559723 0.2718718945980072 0.9546857178211212
<unk> 0 87 5 2.7192437648773193 6.103757858276367 0
depression 0 88 10 17.56846046447754 7.466177463531494 0
was 0 89 3 3.5764219760894775 6.933417320251465 0.5327601432800293
quickly 0 90 7 9.192805290222168 7.841134071350098 0
upgraded 0 91 8 4.499270915985107 8.135278701782227 0
to 0 92 2 0.3770959973335266 1.8725723028182983 6.262706398963928
<unk> 0 93 5 7.022380352020264 2.462501049041748 0
<unk> 0 94 5 1.8344922065734863 5.563770294189453 0
<unk> 0 95 5 2.2046139240264893 4.7406744956970215 0.8230957984924316
around 0 96 6 12.389808654785156 5.6426191329956055 0
noon 0 97 4 8.841723442077637 2.4280669689178467 3.214552164077759
the 0 98 3 5.785467624664307 4.40178918838501 0
same 0 99 4 4.577126979827881 3.1651947498321533 1.2365944385528564
day 0 100 3 0.6664534211158752 1.7400485277175903 1.425146222114563
. 0 101 1 1.0868587493896484 3.0116288661956787 0
<eos> 0 102 5 0.05677909031510353 0.2489011436700821 2.7627277225255966
<unk> 0 103 5 2.718034505844116 6.099862098693848 0
the 0 104 3 9.711068153381348 7.465300559997559 0
next 0 105 4 7.835578918457031 9.072457313537598 0
several 0 106 7 11.083199501037598 4.156799793243408 4.9156575202941895
days 0 107 4 4.1501970291137695 7.722816467285156 0
, 0 108 1 1.8625253438949585 6.14888334274292 1.5739331245422363
<unk> 0 109 5 2.754582643508911 7.195611000061035 0
moved 0 110 5 8.310314178466797 7.977679252624512 0
in 0 111 2 5.686996936798096 4.7272210121154785 3.250458240509033
a 0 112 1 3.7010927200317383 5.414732933044434 0
general 0 113 7 8.893730163574219 9.68907642364502 0
west 0 114 4 10.897075653076172 8.201857566833496 1.4872188568115234
<unk> 0 115 5 1.2525591850280762 4.980691909790039 3.221165657043457
northwest 0 116 9 2.6360278129577637 6.5766496658325195 0
direction 0 117 9 1.5478782653808594 5.322758674621582 1.2538909912109375
and 0 118 3 3.866835832595825 4.6075520515441895 0.7152066230773926
reached 0 119 7 5.056410789489746 7.607104778289795 0
its 0 120 3 4.106066703796387 3.9117488861083984 3.6953558921813965
peak 0 121 4 0.4058515727519989 2.4522345066070557 1.4595143795013428
intensity 0 122 9 0.2540445029735565 1.3484300374984741 1.1038044691085815
early 0 123 5 7.341013431549072 4.280930519104004 0
on 0 124 2 0.4258263409137726 1.4242371320724487 2.856693387031555
<unk> 0 125 5 0.04794596880674362 0.3143976330757141 1.1098394989967346
<unk> 0 126 5 0.005253093782812357 0.04546589031815529 0.2689317427575588
. 0 127 1 0.4294723868370056 1.9097607135772705 0
<eos> 0 128 5 0.0614900216460228 0.26475584506988525 1.6450048685073853
<unk> 0 129 5 2.719374656677246 6.1037702560424805 0
wind 0 130 4 16.760700225830078 7.469066143035889 0
shear 0 131 5 1.6681658029556274 5.667232990264893 1.801833152770996
, 0 132 1 3.738656520843506 7.266510486602783 0
some 0 133 4 10.518949508666992 6.854036331176758 0.4124741554260254
due 0 134 3 9.890522956848145 6.362331867218018 0.49170446395874023
to 0 135 2 0.034319404512643814 0.292497456073761 6.069834411144257
the 0 136 3 1.7811678647994995 5.908132553100586 0
outflow 0 137 7 8.170729637145996 8.046344757080078 0
of 0 138 2 0.9347986578941345 3.941995143890381 4.104349613189697
<unk> 0 139 5 3.015076160430908 5.2245965003967285 0
<unk> 0 140 5 4.407275676727295 4.378297805786133 0.8462986946105957
, 0 141 1 1.6535732746124268 5.74435567855835 0
and 0 142 3 3.787107467651367 7.269847869873047 0
dry 0 143 3 9.017167091369629 6.486062049865723 0.7837858200073242
air 0 144 3 1.2722878456115723 5.224285125732422 1.2617769241333008
caused 0 145 6 5.560406684875488 6.971232891082764 0
the 0 146 3 2.146819591522217 5.848143577575684 1.12308931350708
storm 0 147 5 3.0874478816986084 5.720204830169678 0.12793874740600586
to 0 148 2 0.07553202658891678 0.5790833234786987 5.141121506690979
weaken 0 149 6 1.620926856994629 5.263669490814209 0
. 0 150 1 1.6379462480545044 4.461799144744873 0.8018703460693359
<eos> 0 151 5 0.055279288440942764 0.24332959949970245 4.218469545245171
<unk> 0 152 5 2.7122490406036377 6.0890913009643555 0
<unk> 0 153 5 2.4209418296813965 7.469441890716553 0
<unk> 0 154 5 2.8021836280822754 6.237269878387451 1.2321720123291016
, 0 155 1 3.1561899185180664 6.286715984344482 0
the 0 156 3 3.0412392616271973 5.80586051940918 0.48085546493530273
combination 0 157 11 15.294607162475586 8.487306594848633 0
of 0 158 2 0.4438968598842621 3.1051478385925293 5.3821587562561035
wind 0 159 4 9.6734037399292 7.561023235321045 0
shear 0 160 5 1.7559455633163452 4.9433722496032715 2.6176509857177734
, 0 161 1 2.183709144592285 2.781623601913452 2.1617486476898193
dry 0 162 3 10.187548637390137 7.2783427238464355 0
air 0 163 3 1.6840170621871948 4.433172702789307 2.845170021057129
, 0 164 1 1.161826729774475 2.708310842514038 1.7248618602752686
and 0 165 3 0.2916853129863739 2.129058837890625 0.5792520046234131
cooling 0 166 7 9.722500801086426 7.6321539878845215 0
waters 0 167 6 8.613889694213867 7.849024772644043 0
caused 0 168 6 5.585488796234131 6.142991065979004 1.706033706665039
<unk> 0 169 5 4.3492431640625 5.327395915985107 0.8155951499938965
to 0 170 2 0.3780219852924347 2.36630916595459 2.9610867500305176
weaken 0 171 6 4.193890571594238 8.072480201721191 0
into 0 172 4 5.444574356079102 5.158743381500244 2.9137368202209473
a 0 173 1 0.45422399044036865 1.79850435256958 3.360239028930664
tropical 0 174 8 0.9544458985328674 3.827847957611084 0
depression 0 175 10 1.3406832218170166 1.84730863571167 1.980539321899414
. 0 176 1 1.1947511434555054 3.8961455821990967 0
<eos> 0 177 5 0.06107448413968086 0.26281315088272095 3.6333324313163757
<unk> 0 178 5 2.7213613986968994 6.090120315551758 0
deteriorated 0 179 12 17.28955841064453 7.477466583251953 0
into 0 180 4 4.623279094696045 5.4882073402404785 1.9892592430114746
a 0 181 1 0.5815613865852356 2.606452465057373 2.8817548751831055
remnant 0 182 7 7.638452529907227 8.412435531616211 0
low 0 183 3 0.7009656429290771 3.4439690113067627 4.968466520309448
shortly 0 184 7 9.354531288146973 4.7676849365234375 0
after 0 185 5 1.8367416858673096 1.8172656297683716 2.950419306755066
as 0 186 2 13.031438827514648 5.1879401206970215 0
convection 0 187 10 6.135076522827148 5.266566276550293 0
continued 0 188 9 4.531435012817383 5.430506229400635 0
to 0 189 2 1.5854130983352661 4.034735679626465 1.39577054977417
dissipate 0 190 9 6.9926838874816895 6.263740062713623 0
around 0 191 6 9.608183860778809 3.272348403930664 2.991391658782959
the 0 192 3 0.8745523691177368 2.3784518241882324 0.8938965797424316
storm 0 193 5 5.719972133636475 4.968264102935791 0
. 0 194 1 1.0518815517425537 3.141230821609497 1.827033281326294
<eos> 0 195 5 0.05924179404973984 0.2563636302947998 2.8848671913146973
<unk> 0 196 5 2.7114109992980957 6.086994171142578 0
low 0 197 3 15.758501052856445 7.462212562561035 0
ultimately 0 198 10 12.557496070861816 7.6870436668396 0
dissipated 0 199 10 8.360790252685547 9.310526847839355 0
while 0 200 5 7.280452251434326 4.714255332946777 4.596271514892578
located 0 201 7 4.456935882568359 6.41942024230957 0
<unk> 0 202 5 3.3618481159210205 4.207760810852051 2.2116594314575195
mi 0 203 2 0.5499978065490723 1.595961570739746 2.6117992401123047
( 0 204 1 0.0018629166297614574 0.02086891233921051 1.5750926584005356
<unk> 0 205 5 0.00017609947826713324 0.002514258027076721 0.01835465431213379
km 0 206 2 0.11770222336053848 0.4477182626724243 0
) 0 207 1 0.003203058149665594 0.028324956074357033 0.4193933065980673
east 0 208 4 2.5079445838928223 3.3184454441070557 0
of 0 209 2 0.6103018522262573 1.2120821475982666 2.106363296508789
<unk> 0 210 5 0.5443154573440552 1.8635438680648804 0
on 0 211 2 2.7129313945770264 3.5468151569366455 0
<unk> 0 212 5 0.08389998227357864 0.4470195174217224 3.099795639514923
<unk> 0 213 5 0.008351507596671581 0.0665852352976799 0.3804342821240425
. 0 214 1 0.38856247067451477 1.4549479484558105 0
<eos> 0 215 5 0.06330619752407074 0.26950010657310486 1.1854478418827057
<unk> 0 216 5 2.7138588428497314 6.094270706176758 0
, 0 217 1 4.543583393096924 7.474231243133545 0
the 0 218 3 4.014339447021484 5.920657634735107 1.5535736083984375
remnant 0 219 7 14.316152572631836 9.109763145446777 0
moisture 0 220 8 8.213766098022461 7.254891395568848 1.8548717498779297
led 0 221 3 10.134864807128906 7.063538074493408 0.19135332107543945
to 0 222 2 0.2967841923236847 1.5430376529693604 5.520500421524048
minor 0 223 5 8.474292755126953 5.8063859939575195 0
flooding 0 224 8 1.047170639038086 4.467067241668701 1.3393187522888184
on 0 225 2 5.059250831604004 4.148957252502441 0.31810998916625977
the 0 226 3 0.949352502822876 2.998565673828125 1.1503915786743164
island 0 227 6 1.5171208381652832 5.010774612426758 0
of 0 228 2 3.842759609222412 3.4627530574798584 1.5480215549468994
<unk> 0 229 5 0.09941138327121735 0.7271892428398132 2.735563814640045
<unk> 0 230 5 4.515028953552246 3.2848076820373535 0
. 0 231 1 2.116313934326172 3.8852529525756836 0
<eos> 0 232 5 0.05884839594364166 0.25524184107780457 3.630011111497879
= 0 233 1 3.7385685443878174 6.095496654510498 0
= 0 234 1 0.10141197592020035 0.6951127052307129 5.400383949279785
<unk> 0 235 5 5.419553279876709 5.631260871887207 0
history 0 236 7 7.312975883483887 7.084288120269775 0
= 0 237 1 0.1470685601234436 0.8968512415885925 6.187436878681183
= 0 238 1 6.328822928480804e-05 0.0010392606491222978 0.8958119809394702
<eos> 0 239 5 20.194311141967773 4.678050518035889 0
<unk> 0 240 5 0.6492014527320862 3.639249801635742 1.0388007164001465
<unk> 0 241 5 2.215073347091675 6.505049705505371 0
<unk> 0 242 5 2.123682975769043 5.699859142303467 0.8051905632019043
formed 0 243 6 11.41341495513916 5.924362659454346 0
as 0 244 2 6.155285358428955 4.1132731437683105 1.8110895156860352
a 0 245 1 0.9385272860527039 3.0792970657348633 1.0339760780334473
tropical 0 246 8 7.713775634765625 9.007030487060547 0
wave 0 247 4 4.884186267852783 3.19205379486084 5.814976692199707
that 0 248 4 4.979206085205078 4.974423408508301 0
emerged 0 249 7 5.017531871795654 6.960829734802246 0
off 0 250 3 5.961202144622803 4.154085636138916 2.80674409866333
the 0 251 3 0.5655450224876404 2.0766592025756836 2.0774264335632324
west 0 252 4 3.696652889251709 3.941444158554077 0
coast 0 253 5 0.13070958852767944 0.6406100392341614 3.3008341193199158
of 0 254 2 0.015770122408866882 0.14118054509162903 0.49942949414253235
<unk> 0 255 5 0.5230666399002075 1.855643391609192 0
near 0 256 4 8.36301040649414 2.6648523807525635 0
the 0 257 3 1.9408035278320312 1.855657696723938 0.8091946840286255
end 0 258 3 3.4948196411132812 4.041929244995117 0
of 0 259 2 0.00033016889938153327 0.0041717649437487125 4.0377574800513685
<unk> 0 260 5 0.46107032895088196 1.3639014959335327 0
<unk> 0 261 5 1.1710230112075806 2.2943108081817627 0
. 0 262 1 0.7633553743362427 2.2945220470428467 0
<eos> 0 263 5 0.060356367379426956 0.2609727680683136 2.033549278974533
<unk> 0 264 5 2.7142412662506104 6.106754302978516 0
tracked 0 265 7 14.41506576538086 7.470154285430908 0
south 0 266 5 6.430182456970215 6.274690628051758 1.1954636573791504
of 0 267 2 3.528005361557007 3.7958669662475586 2.478823661804199
<unk> 0 268 5 0.9256877303123474 2.3616371154785156 1.434229850769043
<unk> 0 269 5 4.299777984619141 4.347588539123535 0
and 0 270 3 3.484616279602051 5.023622035980225 0
slowly 0 271 6 8.015999794006348 6.9823317527771 0
developed 0 272 9 5.296584129333496 3.828857660293579 3.1534740924835205
, 0 273 1 3.320035457611084 4.7215166091918945 0
and 0 274 3 1.715916395187378 5.514660358428955 0
on 0 275 2 4.497577667236328 6.590905666351318 0
<unk> 0 276 5 0.15728016197681427 0.736090362071991 5.854815304279327
<unk> 0 277 5 0.00809568352997303 0.06357430666685104 0.6725160554051399
the 0 278 3 3.355045795440674 2.9369876384735107 0
disturbance 0 279 11 5.871070861816406 5.360653877258301 0
became 0 280 6 3.1857542991638184 5.2266998291015625 0.13395404815673828
<unk> 0 281 5 6.2436347007751465 5.082320213317871 0.1443796157836914
<unk> 0 282 5 2.6393778324127197 6.012284278869629 0
<unk> 0 283 5 2.9850711822509766 5.454888820648193 0.5573954582214355
while 0 284 5 10.407746315002441 5.650038242340088 0
located 0 285 7 1.6607208251953125 5.0616841316223145 0.5883541107177734
south 0 286 5 6.191595554351807 3.997453212738037 1.0642309188842773
<unk> 0 287 5 4.907248497009277 0.45079028606414795 3.546662926673889
southeast 0 288 9 2.0289411544799805 2.66520357131958 0
of 0 289 2 0.21411705017089844 0.9652600884437561 1.699943482875824
the 0 290 3 2.6921284198760986 1.6874011754989624 0
<unk> 0 291 5 1.3504985570907593 4.284954071044922 0
<unk> 0 292 5 2.9176113605499268 4.234901428222656 0.050052642822265625
islands 0 293 7 4.642223358154297 3.5218911170959473 0.713010311126709
. 0 294 1 0.36469948291778564 1.6575360298156738 1.8643550872802734
<eos> 0 295 5 0.05738446116447449 0.2506657838821411 1.4068702459335327
<unk> 0 296 5 2.7286877632141113 6.0981245040893555 0
the 0 297 3 9.714385986328125 7.465903282165527 0
depression 0 298 10 12.92809772491455 9.06843376159668 0
became 0 299 6 5.051602363586426 6.610294818878174 2.458138942718506
more 0 300 4 5.1123809814453125 4.630288600921631 1.980006217956543
organized 0 301 9 2.323812961578369 6.25356912612915 0
, 0 302 1 2.6783008575439453 4.670012474060059 1.5835566520690918
an 0 303 2 10.247686386108398 4.637595176696777 0.03241729736328125
eye 0 304 3 2.881350517272949 6.172574520111084 0
<unk> 0 305 5 4.578216552734375 7.096773147583008 0
like 0 306 4 3.44785737991333 7.583619117736816 0
feature 0 307 7 3.731083869934082 6.917172431945801 0.6664466857910156
developed 0 308 9 5.766565799713135 5.5662922859191895 1.3508801460266113
in 0 309 2 2.42281174659729 4.2652764320373535 1.301015853881836
the 0 310 3 1.539808750152588 2.842289447784424 1.4229869842529297
upper 0 311 5 7.479406833648682 5.703371047973633 0
levels 0 312 6 10.277975082397461 1.6962823867797852 4.007088661193848
of 0 313 2 0.2995414733886719 1.5817264318466187 0.1145559549331665
the 0 314 3 0.5142859220504761 2.3946518898010254 0
system 0 315 6 4.380434036254883 5.801060199737549 0
. 0 316 1 1.6382379531860352 4.054579257965088 1.746480941772461
<eos> 0 317 5 0.05801451951265335 0.25232312083244324 3.8022561371326447
<unk> 0 318 5 2.7131309509277344 6.091413974761963 0
depression 0 319 10 17.56020164489746 7.460777759552002 0
was 0 320 3 3.578557252883911 6.956396102905273 0.5043816566467285
upgraded 0 321 8 7.427139759063721 7.853621482849121 0
to 0 322 2 0.6645767688751221 2.539384365081787 5.314237117767334
<unk> 0 323 5 7.002116680145264 2.3585116863250732 0.18087267875671387
<unk> 0 324 5 1.8893120288848877 5.529447078704834 0
<unk> 0 325 5 2.2659525871276855 4.176267147064209 1.353179931640625
six 0 326 3 12.753450393676758 5.101347923278809 0
hours 0 327 5 1.1697847843170166 3.4143528938293457 1.686995029449463
after 0 328 5 2.7439212799072266 1.3479362726211548 2.066416621208191
forming 0 329 7 9.38408374786377 3.643157958984375 0
. 0 330 1 3.497849225997925 4.584438800811768 0
<eos> 0 331 5 0.053144022822380066 0.23669350147247314 4.347745299339294
<unk> 0 332 5 2.7117178440093994 6.097270488739014 0
was 0 333 3 3.694239616394043 7.460242748260498 0
located 0 334 7 10.574145317077637 8.559880256652832 0
in 0 335 2 1.5138187408447266 3.954498291015625 4.605381965637207
an 0 336 2 6.08697509765625 3.305760383605957 0.648737907409668
area 0 337 4 1.9977916479110718 6.607579708099365 0
which 0 338 5 8.080562591552734 3.921771287918091 2.6858084201812744
was 0 339 3 1.9226875305175781 6.587362766265869 0
supportive 0 340 10 17.62063217163086 8.65528678894043 0
for 0 341 3 8.172687530517578 0.5635024905204773 8.091784298419952
rapid 0 342 5 12.040383338928223 6.869669437408447 0
intensification 0 343 15 2.491701126098633 5.97511625289917 0.8945531845092773
but 0 344 3 8.817018508911133 3.387455463409424 2.587660789489746
was 0 345 3 2.8646090030670166 7.235376834869385 0
not 0 346 3 3.188035488128662 8.122428894042969 0
forecast 0 347 8 5.937592506408691 8.469284057617188 0
to 0 348 2 0.2236461639404297 1.307104468345642 7.162179589271545
intensify 0 349 9 3.728081703186035 6.49967098236084 0
quickly 0 350 7 8.190067291259766 3.9674553871154785 2.5322155952453613
. 0 351 1 0.6553915143013 2.4661967754364014 1.5012586116790771
<eos> 0 352 5 0.057026758790016174 0.2502780258655548 2.2159187495708466
<unk> 0 353 5 2.71897554397583 6.088448524475098 0
continued 0 354 9 8.275257110595703 7.475612640380859 0
to 0 355 2 0.8109079599380493 3.706575393676758 3.7690372467041016
intensify 0 356 9 6.622476577758789 8.23660659790039 0
throughout 0 357 10 7.92990255355835 4.7529191970825195 3.483687400817871
the 0 358 3 0.3934163749217987 1.745197057723999 3.0077221393585205
afternoon 0 359 9 6.631505012512207 5.225193977355957 0
as 0 360 2 6.664198398590088 2.8302671909332275 2.3949267864227295
the 0 361 3 3.5130841732025146 2.884862184524536 0
storm 0 362 5 1.5002514123916626 4.512073040008545 0
became 0 363 6 5.578401565551758 5.071290969848633 0
more 0 364 4 4.606575965881348 4.461353778839111 0.6099371910095215
symmetrical 0 365 11 7.979060649871826 6.4355854988098145 0
. 0 366 1 1.482749104499817 3.485849618911743 2.9497358798980713
<eos> 0 367 5 0.052362408488988876 0.2355494499206543 3.250300168991089
<unk> 0 368 5 2.717872142791748 6.084508419036865 0
, 0 369 1 4.53325080871582 7.462069988250732 0
due 0 370 3 11.247058868408203 5.916873931884766 1.5451960563659668
to 0 371 2 0.04076395183801651 0.3471404016017914 5.569733530282974
the 0 372 3 1.6058859825134277 5.181536674499512 0
location 0 373 8 9.79845905303955 10.181779861450195 0
of 0 374 2 0.23822204768657684 1.672244906425476 8.50953495502472
the 0 375 3 0.9746683239936829 4.05976676940918 0
storm 0 376 5 7.409520149230957 8.859589576721191 0
, 0 377 1 0.5074341297149658 2.648730516433716 6.210859060287476
there 0 378 5 11.754925727844238 7.256217956542969 0
was 0 379 3 1.7681467533111572 3.563422679901123 3.6927952766418457
a 0 380 1 2.5300188064575195 3.9855589866638184 0
lack 0 381 4 6.260753154754639 8.963449478149414 0
of 0 382 2 0.004876057617366314 0.052079103887081146 8.911370374262333
accurate 0 383 8 9.92232894897461 9.001596450805664 0
wind 0 384 4 6.723170757293701 7.548837184906006 1.4527592658996582
speed 0 385 5 6.555102348327637 3.752204418182373 3.796632766723633
readings 0 386 8 13.808792114257812 4.4150190353393555 0
, 0 387 1 2.7301034927368164 4.551945686340332 0
and 0 388 3 2.142042636871338 5.899543762207031 0
the 0 389 3 2.0131092071533203 6.743002891540527 0
<unk> 0 390 5 3.075514793395996 8.381501197814941 0
<unk> 0 391 5 4.238410949707031 8.288880348205566 0.092620849609375
<unk> 0 392 5 2.235352039337158 7.87455940246582 0.4143209457397461
was 0 393 3 4.9482269287109375 8.687723159790039 0
uncertain 0 394 9 11.896024703979492 8.629895210266113 0.05782794952392578
of 0 395 2 6.324008464813232 3.805361747741699 4.824533462524414
its 0 396 3 4.119680881500244 4.398937702178955 0
actual 0 397 6 8.491716384887695 9.26176643371582 0
intensity 0 398 9 4.226452827453613 8.571046829223633 0.6907196044921875
. 0 399 1 0.437644898891449 1.9664497375488281 6.604597091674805
<eos> 0 400 5 0.06934617459774017 0.2885913848876953 1.6778583526611328
<unk> 0 401 5 2.720527410507202 6.085123062133789 0
the 0 402 3 9.718135833740234 7.459553241729736 0
lack 0 403 4 12.836785316467285 9.069823265075684 0
of 0 404 2 0.02428935095667839 0.23326273262500763 8.836560532450676
wind 0 405 4 10.107778549194336 9.971205711364746 0
shear 0 406 5 2.326140880584717 6.488638401031494 3.482567310333252
around 0 407 6 9.129700660705566 5.910186767578125 0.5784516334533691
the 0 408 3 0.6465969085693359 2.806504964828491 3.103681802749634
storm 0 409 5 5.771512031555176 6.341326713562012 0
, 0 410 1 2.579719066619873 6.123409271240234 0.21791744232177734
the 0 411 3 5.259119510650635 5.285672187805176 0.8377370834350586
center 0 412 6 6.1764020919799805 6.811524391174316 0
became 0 413 6 5.960395812988281 3.989696502685547 2.8218278884887695
slightly 0 414 8 9.22623348236084 6.26501989364624 0
exposed 0 415 7 9.17016315460205 5.314944744110107 0.9500751495361328
and 0 416 3 3.033086061477661 4.717493534088135 0.5974512100219727
ceased 0 417 6 13.013542175292969 7.915131568908691 0
further 0 418 7 9.513731002807617 2.211538076400757 5.703593492507935
intensification 0 419 15 2.5958235263824463 3.7311856746673584 0
. 0 420 1 0.7742190957069397 2.9280641078948975 0.8031215667724609
<eos> 0 421 5 0.05809712037444115 0.25314992666244507 2.6749141812324524
<unk> 0 422 5 2.7305946350097656 6.088882923126221 0
storm 0 423 5 14.695556640625 7.477458953857422 0
was 0 424 3 2.9997270107269287 6.896333694458008 0.5811252593994141
also 0 425 4 3.6230897903442383 7.665393352508545 0
heading 0 426 7 13.186248779296875 7.486207962036133 0.1791853904724121
into 0 427 4 3.4639713764190674 5.124207496643066 2.3620004653930664
an 0 428 2 5.5848846435546875 3.3458805084228516 1.7783269882202148
area 0 429 4 1.327051043510437 4.650561332702637 0
where 0 430 5 6.833192825317383 2.187915325164795 2.462646007537842
shear 0 431 5 12.960042953491211 4.719873905181885 0
was 0 432 3 3.485917806625366 6.898840427398682 0
<unk> 0 433 5 5.987044811248779 8.706795692443848 0
to 0 434 2 4.143521785736084 6.103827953338623 2.6029677391052246
significantly 0 435 13 12.900198936462402 4.257744312286377 1.846083641052246
increase 0 436 8 4.271278381347656 7.4074387550354 0
due 0 437 3 7.786774635314941 4.799924850463867 2.607513904571533
to 0 438 2 0.014069520868360996 0.13767990469932556 4.662244945764542
an 0 439 2 5.18629789352417 5.604246616363525 0
upper 0 440 5 4.538539409637451 5.7434773445129395 0
<unk> 0 441 5 1.3535172939300537 3.864938497543335 1.8785388469696045
level 0 442 5 0.15398907661437988 0.9233337640762329 2.941604733467102
trough 0 443 6 1.1926075220108032 3.3343312740325928 0
diving 0 444 6 23.665769577026367 3.831930637359619 0
southward 0 445 9 12.148700714111328 6.813871383666992 0
. 0 446 1 0.9344711303710938 3.6701903343200684 3.143681049346924
<eos> 0 447 5 0.06123949587345123 0.2625361979007721 3.4076541364192963
<unk> 0 448 5 2.7241969108581543 6.082402229309082 0
convection 0 449 10 19.255369186401367 7.476154804229736 0
being 0 450 5 12.968149185180664 7.041628837585449 0.4345259666442871
partially 0 451 9 9.082938194274902 8.34774112701416 0
removed 0 452 7 7.730035305023193 8.243602752685547 0.10413837432861328
from 0 453 4 1.4439828395843506 4.014716625213623 4.228886127471924
the 0 454 3 0.4873795807361603 2.792025566101074 1.2226910591125488
center 0 455 6 3.904352903366089 6.174887180328369 0
of 0 456 2 1.9171236753463745 4.740495204925537 1.434391975402832
<unk> 0 457 5 5.408603668212891 2.4745090007781982 2.265986204147339
, 0 458 1 1.4329966306686401 4.843295574188232 0
the 0 459 3 4.042334079742432 6.208519458770752 0
storm 0 460 5 3.1048812866210938 6.6807169914245605 0
intensified 0 461 11 5.678525924682617 6.576237678527832 0.10447931289672852
slightly 0 462 8 6.199146270751953 2.899508476257324 3.676729202270508
in 0 463 2 4.326359748840332 4.880782127380371 0
the 0 464 3 1.0116459131240845 3.371433734893799 1.5093483924865723
early 0 465 5 5.41843318939209 5.56799840927124 0
morning 0 466 7 3.0133094787597656 3.2775814533233643 2.290416955947876
hours 0 467 5 1.8066322803497314 2.651348114013672 0.6262333393096924
on 0 468 2 8.127033233642578 2.68536114692688 0
<unk> 0 469 5 0.2795778512954712 1.2529513835906982 1.4324097633361816
<unk> 0 470 5 0.029963534325361252 0.21815583109855652 1.0347955524921417
as 0 471 2 5.93753719329834 1.849824070930481 0
thunderstorm 0 472 12 15.268569946289062 2.5841691493988037 0
activity 0 473 8 0.1855100393295288 1.4274115562438965 1.1567575931549072
to 0 474 2 11.142651557922363 5.102967262268066 0
the 0 475 3 1.3651570081710815 5.226982593536377 0
south 0 476 5 2.552577495574951 3.948317050933838 1.278665542602539
of 0 477 2 1.5860817432403564 3.132253885269165 0.8160631656646729
the 0 478 3 1.2199349403381348 2.235847234725952 0.8964066505432129
center 0 479 6 4.838128089904785 5.083739280700684 0
became 0 480 6 7.066566467285156 2.7441654205322266 2.339573860168457
more 0 481 4 3.7244837284088135 6.794449806213379 0
organized 0 482 9 3.6500442028045654 6.506901741027832 0.2875480651855469
. 0 483 1 0.49730780720710754 2.0947048664093018 4.41219687461853
<eos> 0 484 5 0.06233473867177963 0.2666856050491333 1.8280192613601685
<unk> 0 485 5 2.727109670639038 6.089183330535889 0
intensification 0 486 15 20.404203414916992 7.465267658233643 0
was 0 487 3 2.570359230041504 6.3852996826171875 1.079967975616455
forecast 0 488 8 7.519041538238525 8.387337684631348 0
to 0 489 2 0.9920454025268555 3.223463535308838 5.16387414932251
be 0 490 2 3.050421714782715 7.169965744018555 0
short 0 491 5 10.693937301635742 8.671732902526855 0
in 0 492 2 6.393665313720703 4.542148590087891 4.129584312438965
duration 0 493 8 8.06860637664795 6.125237941741943 0
as 0 494 2 6.303067684173584 3.228641986846924 2.8965959548950195
the 0 495 3 2.8676815032958984 5.199936389923096 0
trough 0 496 6 8.873916625976562 4.604552268981934 0.5953841209411621
to 0 497 2 8.420327186584473 6.440216541290283 0
the 0 498 3 0.9847451448440552 4.1725850105285645 2.2676315307617188
north 0 499 5 2.105799674987793 3.604848861694336 0.5677361488342285
was 0 500 3 4.679284572601318 4.631453514099121 0
deepening 0 501 9 12.56454849243164 8.430274963378906 0
, 0 502 1 2.5846405029296875 4.734625816345215 3.6956491470336914
causing 0 503 7 5.282533645629883 4.634828090667725 0.09979772567749023
the 0 504 3 2.006924629211426 5.666467189788818 0
wind 0 505 4 9.171065330505371 6.009311199188232 0
shear 0 506 5 1.9925512075424194 3.262733221054077 2.7465779781341553
to 0 507 2 0.6064851880073547 3.202155351638794 0.0605778694152832
the 0 508 3 5.298152446746826 6.342728614807129 0
west 0 509 4 4.573602199554443 6.739077568054199 0
to 0 510 2 1.9967185258865356 4.494749069213867 2.244328498840332
become 0 511 6 4.598220348358154 6.251553535461426 0
stronger 0 512 8 6.2677812576293945 6.792569160461426 0
. 0 513 1 0.951922595500946 3.4773969650268555 3.3151721954345703
<eos> 0 514 5 0.0642169713973999 0.2733139991760254 3.20408296585083
<unk> 0 515 5 2.71201229095459 6.067912578582764 0
reached 0 516 7 10.401273727416992 7.463784217834473 0
its 0 517 3 5.164816379547119 4.013003349304199 3.4507808685302734
peak 0 518 4 0.6557878255844116 3.3319284915924072 0.681074857711792
intensity 0 519 9 0.6733133792877197 2.4303901195526123 0.9015383720397949
of 0 520 2 2.4199554920196533 3.993051290512085 0
<unk> 0 521 5 0.09495088458061218 0.6789306402206421 3.314120650291443
mph 0 522 3 0.23649396002292633 0.9302538633346558 0
( 0 523 1 0.003508476074784994 0.0334201455116272 0.8968337178230286
<unk> 0 524 5 0.0005254832794889808 0.007002279162406921 0.026417866349220276
km 0 525 2 0.004958671517670155 0.04150625690817833 0
/ 0 526 1 9.905860497383401e-05 0.0010664141736924648 0.040439842734485865
h 0 527 1 3.302028926555067e-05 0.00041820117621682584 0.000648212997475639
) 0 528 1 0.0019481073832139373 0.016174763441085815 0
around 0 529 6 9.963136672973633 4.096395969390869 0
<unk> 0 530 5 0.3273890018463135 1.3591961860656738 2.7371997833251953
a.m. 0 531 4 8.276758193969727 2.0844969749450684 0
( 0 532 1 5.41038179397583 3.6357860565185547 0
<unk> 0 533 5 0.1283128261566162 1.0294872522354126 2.606298804283142
) 0 534 1 3.1728789806365967 2.0465028285980225 0
as 0 535 2 5.594196796417236 4.014082431793213 0
it 0 536 2 2.3369140625 3.043076276779175 0.9710061550140381
continued 0 537 9 4.856396675109863 5.178133487701416 0
to 0 538 2 0.9313535094261169 3.8338823318481445 1.3442511558532715
become 0 539 6 5.846228122711182 5.748712062835693 0
more 0 540 4 4.871646404266357 4.819226264953613 0.9294857978820801
organized 0 541 9 3.315899610519409 6.457622528076172 0
. 0 542 1 1.4263389110565186 3.8758480548858643 2.5817744731903076
<eos> 0 543 5 0.057387106120586395 0.2505642771720886 3.6252837777137756
<unk> 0 544 5 2.7317256927490234 6.08517599105835 0
, 0 545 1 4.545018196105957 7.471460342407227 0
there 0 546 5 11.64069652557373 5.918874263763428 1.5525860786437988
were 0 547 4 2.7000298500061035 3.1816635131835938 2.737210750579834
indications 0 548 11 10.377506256103516 6.917860507965088 0
that 0 549 4 0.701562762260437 1.741758108139038 5.17610239982605
it 0 550 2 5.897283554077148 5.107253551483154 0
had 0 551 3 2.984424591064453 3.6557247638702393 1.451528787612915
already 0 552 7 6.342328071594238 6.072891712188721 0
begun 0 553 5 5.610741138458252 4.714810371398926 1.358081340789795
to 0 554 2 1.5745713710784912 6.344862937927246 0
weaken 0 555 6 6.636421203613281 8.50030517578125 0
. 0 556 1 3.5174813270568848 5.222768783569336 3.277536392211914
<eos> 0 557 5 0.061126742511987686 0.26273173093795776 4.960037052631378
<unk> 0 558 5 2.7172088623046875 6.099565505981445 0
towards 0 559 7 16.672388076782227 7.460052967071533 0
the 0 560 3 1.5557290315628052 4.058672904968262 3.4013800621032715
north 0 561 5 5.783030986785889 6.41886043548584 0
was 0 562 3 6.503382205963135 4.380135536193848 2.038724899291992
becoming 0 563 8 11.496323585510254 8.546536445617676 0
restricted 0 564 10 11.531699180603027 6.444925785064697 2.1016106605529785
and 0 565 3 5.993661403656006 2.073793888092041 4.371131896972656
arc 0 566 3 19.316265106201172 8.548951148986816 0
clouds 0 567 6 9.643238067626953 8.946009635925293 0
began 0 568 5 7.277664661407471 6.615479946136475 2.3305296897888184
emanating 0 569 9 17.192554473876953 3.9915316104888916 2.623948335647583
from 0 570 4 0.7309014797210693 3.026310682296753 0.9652209281921387
the 0 571 3 0.983100950717926 4.333690643310547 0
storm 0 572 5 6.12917423248291 8.25384521484375 0
, 0 573 1 2.6923813819885254 4.043948650360107 4.209896564483643
a 0 574 1 8.020508766174316 5.815181732177734 0
sign 0 575 4 10.600468635559082 8.999345779418945 0
that 0 576 4 1.4479646682739258 3.7801222801208496 5.219223499298096
dry 0 577 3 14.31298828125 7.3385467529296875 0
air 0 578 3 1.987544298171997 6.617638111114502 0.7209086418151855
was 0 579 3 2.7120866775512695 7.061839580535889 0
entering 0 580 8 9.679154396057129 8.749452590942383 0
the 0 581 3 1.395344853401184 4.904697418212891 3.844755172729492
system 0 582 6 5.189853191375732 6.39122200012207 0
. 0 583 1 0.7632013559341431 3.1291987895965576 3.2620232105255127
<eos> 0 584 5 0.06103590875864029 0.2629695236682892 2.8662292659282684
<unk> 0 585 5 2.7176477909088135 6.090241432189941 0
the 0 586 3 9.728625297546387 7.4647536277771 0
afternoon 0 587 9 14.484024047851562 9.062601089477539 0
hours 0 588 5 9.118678092956543 7.5179314613342285 1.5446696281433105
, 0 589 1 2.789030075073242 5.425775527954102 2.092155933380127
the 0 590 3 2.7868454456329346 7.062938213348389 0
structure 0 591 9 12.43184757232666 9.413756370544434 0
of 0 592 2 1.5934274196624756 5.267187118530273 4.14656925201416
<unk> 0 593 5 3.007082462310791 3.966629981994629 1.3005571365356445
began 0 594 5 8.977089881896973 6.998068809509277 0
to 0 595 2 1.3300917148590088 5.379627227783203 1.6184415817260742
rapidly 0 596 7 8.987541198730469 8.059209823608398 0
deteriorate 0 597 11 3.4897425174713135 5.665261745452881 2.3939480781555176
as 0 598 2 5.570659637451172 4.1776509284973145 1.4876108169555664
strong 0 599 6 11.039434432983398 3.5478293895721436 0.6298215389251709
wind 0 600 4 2.7099759578704834 4.403970718383789 0
shear 0 601 5 0.0110702496021986 0.11616545915603638 4.287805259227753
and 0 602 3 5.123954772949219 6.658839225769043 0
dry 0 603 3 6.6607890129089355 7.61324405670166 0
air 0 604 3 1.0346310138702393 4.529069900512695 3.084174156188965
took 0 605 4 9.769632339477539 7.2985124588012695 0
their 0 606 5 8.051529884338379 5.742892265319824 1.5556201934814453
toll 0 607 4 1.5182421207427979 6.713151454925537 0
. 0 608 1 2.7258121967315674 3.5968146324157715 3.1163368225097656
<eos> 0 609 5 0.06107168272137642 0.2632406949996948 3.3335739374160767
<unk> 0 610 5 2.725076198577881 6.090050220489502 0
the 0 611 3 9.703539848327637 7.462301254272461 0
late 0 612 4 11.729632377624512 9.07343578338623 0
night 0 613 5 6.173342227935791 7.258272647857666 1.8151631355285645
, 0 614 1 3.4366040229797363 7.7082085609436035 0
the 0 615 3 4.157302379608154 6.659107685089111 1.0491008758544922
center 0 616 6 11.54031753540039 9.182836532592773 0
was 0 617 3 5.265408515930176 4.473226547241211 4.7096099853515625
almost 0 618 6 9.947879791259766 9.350104331970215 0
completely 0 619 10 3.369584560394287 7.3514275550842285 1.9986767768859863
exposed 0 620 7 7.78280782699585 8.855602264404297 0
and 0 621 3 3.7802062034606934 4.323282241821289 4.532320022583008
only 0 622 4 8.208930015563965 8.08370590209961 0
a 0 623 1 3.9339420795440674 7.756929874420166 0.32677602767944336
band 0 624 4 12.265419960021973 5.929646968841553 1.8272829055786133
of 0 625 2 1.8917843103408813 6.746384143829346 0
convection 0 626 10 8.975305557250977 8.776123046875 0
persisted 0 627 9 5.911522388458252 7.223105430603027 1.5530176162719727
near 0 628 4 6.581024646759033 4.907700538635254 2.3154048919677734
the 0 629 3 0.5985931158065796 2.24971342086792 2.657987117767334
center 0 630 6 1.3251030445098877 4.540599822998047 0
. 0 631 1 1.4295940399169922 2.854125499725342 1.686474323272705
<eos> 0 632 5 0.06276407092809677 0.2687382996082306 2.585387200117111
<unk> 0 633 5 2.7203445434570312 6.091094017028809 0
continuing 0 634 10 18.570127487182617 7.4626145362854 0
effects 0 635 7 15.9345064163208 4.879193305969238 2.583421230316162
from 0 636 4 4.48505163192749 5.66711950302124 0
the 0 637 3 1.4422919750213623 5.97746467590332 0
strong 0 638 6 13.0068359375 8.960210800170898 0
wind 0 639 4 5.666685104370117 9.4734468460083 0
shear 0 640 5 1.8886336088180542 6.240119457244873 3.2333273887634277
, 0 641 1 2.643904209136963 6.0162811279296875 0.22383832931518555
a 0 642 1 6.137269496917725 6.178645133972168 0
large 0 643 5 6.2930145263671875 8.530235290527344 0
, 0 644 1 5.442734718322754 8.068740844726562 0.46149444580078125
deep 0 645 4 6.505326271057129 7.377457141876221 0.6912837028503418
burst 0 646 5 9.159953117370605 6.532958984375 0.8444981575012207
of 0 647 2 1.124630331993103 4.329866409301758 2.203092575073242
convection 0 648 10 2.4012932777404785 6.663046836853027 0
formed 0 649 6 5.297698497772217 5.661600112915039 1.0014467239379883
in 0 650 2 3.1873340606689453 5.487219333648682 0.17438077926635742
the 0 651 3 0.4929627776145935 2.4672019481658936 3.020017385482788
northern 0 652 8 5.516914367675781 5.994940757751465 0
semicircle 0 653 10 3.8406710624694824 4.338636875152588 1.656303882598877
of 0 654 2 0.3140237629413605 1.4233295917510986 2.9153072834014893
<unk> 0 655 5 3.477970600128174 1.2532694339752197 0.1700601577758789
. 0 656 1 1.6889219284057617 3.775864362716675 0
<eos> 0 657 5 0.05751932039856911 0.25104764103889465 3.52481672167778
<unk> 0 658 5 2.726604700088501 6.094543933868408 0
center 0 659 6 14.06347370147705 7.469313144683838 0
was 0 660 3 3.362231969833374 7.343368053436279 0.1259450912475586
found 0 661 5 8.710280418395996 7.894102096557617 0
to 0 662 2 1.518170714378357 4.041740417480469 3.8523616790771484
have 0 663 4 2.318235158920288 2.627884864807129 1.4138555526733398
shifted 0 664 7 13.381598472595215 6.952091693878174 0
towards 0 665 7 7.724025726318359 5.521927356719971 1.4301643371582031
the 0 666 3 1.1233617067337036 4.663173675537109 0.8587536811828613
new 0 667 3 6.852494716644287 8.320432662963867 0
convection 0 668 10 15.25047492980957 7.10625696182251 1.2141757011413574
leading 0 669 7 12.450082778930664 4.53154182434082 2.5747151374816895
to 0 670 2 0.20631596446037292 1.3097240924835205 3.2218177318573
an 0 671 2 4.839937210083008 3.623105525970459 0
increase 0 672 8 4.097322940826416 6.47208309173584 0
in 0 673 2 0.4389519691467285 1.9361954927444458 4.535887598991394
intensity 0 674 9 5.7318115234375 5.530562877655029 0
. 0 675 1 1.6769766807556152 3.907813310623169 1.6227495670318604
<eos> 0 676 5 0.05872455611824989 0.2553536593914032 3.6524596512317657
<unk> 0 677 5 2.7155373096466064 6.085061550140381 0
forecast 0 678 8 16.917421340942383 7.463420867919922 0
showed 0 679 6 13.584962844848633 6.15753173828125 1.3058891296386719
a 0 680 1 3.5185670852661133 4.13694429397583 2.02058744430542
slight 0 681 6 8.000121116638184 9.18543815612793 0
decrease 0 682 8 4.389590263366699 6.417289733886719 2.768148422241211
in 0 683 2 0.3702828586101532 1.6207549571990967 4.796534776687622
wind 0 684 4 4.788197994232178 5.125234603881836 0
shear 0 685 5 0.0534440241754055 0.35551443696022034 4.769720166921616
as 0 686 2 5.724518299102783 3.668945789337158 0
<unk> 0 687 5 5.093581199645996 3.8012855052948 0
continued 0 688 9 5.9356303215026855 6.626760482788086 0
westward 0 689 8 5.3293776512146 4.0241923332214355 2.6025681495666504
and 0 690 3 3.308558225631714 3.911167621612549 0.11302471160888672
no 0 691 2 11.378982543945312 7.29342794418335 0
change 0 692 6 8.945666313171387 7.26563835144043 0.027789592742919922
in 0 693 2 2.6769773960113525 5.057392120361328 2.2082462310791016
intensity 0 694 9 3.2254478931427 4.555469512939453 0.501922607421875
over 0 695 4 7.795679092407227 4.945333480834961 0
the 0 696 3 0.7183812260627747 2.734428882598877 2.210904598236084
<unk> 0 697 5 1.8525586128234863 5.705586910247803 0
<unk> 0 698 5 4.396026611328125 5.112005233764648 0.5935816764831543
day 0 699 3 9.68730354309082 5.226137638092041 0
forecast 0 700 8 9.476165771484375 6.393525123596191 0
was 0 701 3 6.3668389320373535 3.265331983566284 3.1281931400299072
predicted 0 702 9 8.4108304977417 8.04432201385498 0
. 0 703 1 1.0777506828308105 2.9085216522216797 5.135800361633301
<eos> 0 704 5 0.057439494878053665 0.2514013648033142 2.6571202874183655
<unk> 0 705 5 2.714604377746582 6.082205772399902 0
, 0 706 1 4.5359721183776855 7.472072601318359 0
the 0 707 3 4.01046085357666 5.9184088706970215 1.553663730621338
convection 0 708 10 18.09493637084961 9.101981163024902 0
decreased 0 709 9 7.230747699737549 7.368159294128418 1.7338218688964844
once 0 710 4 9.262288093566895 4.792055606842041 2.576103687286377
more 0 711 4 3.264291286468506 5.122671127319336 0
and 0 712 3 3.905205726623535 3.779379367828369 1.3432917594909668
the 0 713 3 2.7429842948913574 7.10074520111084 0
low 0 714 3 5.804276943206787 5.791640281677246 1.3091049194335938
became 0 715 6 4.617613315582275 6.026336669921875 0
completely 0 716 10 9.941751480102539 6.388998985290527 0
exposed 0 717 7 6.048335552215576 6.774761199951172 0
by 0 718 2 4.8305745124816895 3.9725825786590576 2.8021786212921143
the 0 719 3 1.3477178812026978 4.7470550537109375 0
late 0 720 4 8.467592239379883 6.218740463256836 0
morning 0 721 7 4.636582374572754 5.148986339569092 1.0697541236877441
hours 0 722 5 2.488752603530884 3.5546882152557373 1.5942981243133545
and 0 723 3 6.096977710723877 2.0978686809539795 1.4568195343017578
<unk> 0 724 5 2.97510027885437 7.510163307189941 0
weakened 0 725 8 7.8792724609375 6.758141994476318 0.752021312713623
again 0 726 5 7.91253662109375 4.248874187469482 2.509267807006836
. 0 727 1 1.2225708961486816 3.5641064643859863 0.6847677230834961
<eos> 0 728 5 0.05588743835687637 0.244423508644104 3.3196829557418823
<unk> 0 729 5 2.716160535812378 6.078056812286377 0
the 0 730 3 9.730481147766113 7.469128131866455 0
afternoon 0 731 9 14.470812797546387 9.072663307189941 0
, 0 732 1 5.214994430541992 7.522976875305176 1.5496864318847656
the 0 733 3 3.161841869354248 7.23287296295166 0.2901039123535156
center 0 734 6 11.007882118225098 9.151124954223633 0
of 0 735 2 0.8050205707550049 4.552371978759766 4.598752975463867
<unk> 0 736 5 3.270137071609497 4.996201992034912 0
was 0 737 3 5.459062099456787 6.491233825683594 0
only 0 738 4 8.80446720123291 8.94544792175293 0
a 0 739 1 3.406855344772339 7.264979362487793 1.6804685592651367
swirl 0 740 5 15.251327514648438 8.581292152404785 0
of 0 741 2 0.14407752454280853 1.0436691045761108 7.537623047828674
clouds 0 742 6 3.1949973106384277 8.811849594116211 0
, 0 743 1 1.774951696395874 5.091419696807861 3.7204298973083496
devoid 0 744 6 12.7723970413208 5.650606155395508 0
of 0 745 2 0.0019013904966413975 0.023225756362080574 5.627380399033427
convection 0 746 10 3.741943597793579 6.4422430992126465 0
. 0 747 1 1.800933599472046 4.128859043121338 2.3133840560913086
<eos> 0 748 5 0.07034503668546677 0.29203540086746216 3.8368236422538757
<unk> 0 749 5 2.710522174835205 6.093770503997803 0
the 0 750 3 9.699119567871094 7.46581506729126 0
overnight 0 751 9 19.25873374938965 9.071843147277832 0
hours 0 752 5 8.800570487976074 10.329451560974121 0
on 0 753 2 6.897834777832031 6.036922454833984 4.292529106140137
<unk> 0 754 5 0.9335108399391174 3.669499397277832 2.3674230575561523
<unk> 0 755 5 0.935518205165863 3.6984269618988037 0
into 0 756 4 12.148653984069824 3.538036346435547 0.16039061546325684
the 0 757 3 1.6756572723388672 3.818708896636963 0
morning 0 758 7 5.6399946212768555 6.893407344818115 0
of 0 759 2 1.0373554229736328 2.9652044773101807 3.9282028675079346
<unk> 0 760 5 0.16518041491508484 0.8526125550270081 2.1125919222831726
<unk> 0 761 5 0.10886642336845398 0.6003258228302002 0.25228673219680786
, 0 762 1 0.6700911521911621 2.323918342590332 0
convection 0 763 10 13.290956497192383 4.728484153747559 0
associated 0 764 10 8.031061172485352 6.185398578643799 0
with 0 765 4 0.013720165938138962 0.1370067447423935 6.048391833901405
<unk> 0 766 5 3.012221097946167 4.232824802398682 0
began 0 767 5 4.959931373596191 6.805915355682373 0
to 0 768 2 0.4822118282318115 2.8543636798858643 3.951551675796509
redevelop 0 769 9 9.0073823928833 6.843764781951904 0
somewhat 0 770 8 10.992536544799805 4.711077690124512 2.1326870918273926
, 0 771 1 2.797268867492676 4.7996087074279785 0
mostly 0 772 6 13.441527366638184 5.097792148590088 0
to 0 773 2 5.384143829345703 5.774909019470215 0
the 0 774 3 0.7292642593383789 3.716289758682251 2.058619260787964
north 0 775 5 2.2656636238098145 3.0471255779266357 0.6691641807556152
of 0 776 2 0.9467356204986572 2.707638740539551 0.33948683738708496
the 0 777 3 1.2825613021850586 2.1823337078094482 0.5253050327301025
circulation 0 778 11 7.477530479431152 4.8506364822387695 0
, 0 779 1 3.3578951358795166 3.271240711212158 1.5793957710266113
due 0 780 3 7.498696804046631 6.213018417358398 0
to 0 781 2 0.03550826385617256 0.2849563658237457 5.928062051534653
the 0 782 3 1.6960407495498657 4.760818004608154 0
strong 0 783 6 6.003848075866699 7.775092601776123 0
southerly 0 784 9 9.188913345336914 5.532594680786133 2.2424979209899902
wind 0 785 4 2.7222485542297363 5.746341228485107 0
shear 0 786 5 0.08638764917850494 0.688483715057373 5.057857513427734
. 0 787 1 0.8464022874832153 3.41729736328125 0
<eos> 0 788 5 0.06681463867425919 0.2809889018535614 3.1363084614276886
<unk> 0 789 5 2.711602210998535 6.066835880279541 0
mid 0 790 3 17.228147506713867 7.467549800872803 0
<unk> 0 791 5 0.11214373260736465 1.045305848121643 6.42224395275116
morning 0 792 7 8.404420852661133 5.718039035797119 0
, 0 793 1 3.767350196838379 8.875743865966797 0
<unk> 0 794 5 1.9415122270584106 6.726515293121338 2.149228572845459
re 0 795 2 12.915627479553223 5.816287994384766 0.9102272987365723
<unk> 0 796 5 0.023719841614365578 0.20337563753128052 5.612912356853485
intensified 0 797 11 5.251754283905029 7.274113655090332 0
slightly 0 798 8 6.908785343170166 4.7134599685668945 2.5606536865234375
due 0 799 3 6.936679363250732 4.9157395362854 0
to 0 800 2 0.022806158289313316 0.19719868898391724 4.718540847301483
the 0 801 3 2.057936191558838 5.394983768463135 0
redevelopment 0 802 13 14.428239822387695 7.703900337219238 0
of 0 803 2 0.21615050733089447 1.336719036102295 6.367181301116943
some 0 804 4 10.421088218688965 3.2112951278686523 0
convection 0 805 10 9.293027877807617 7.293740272521973 0
. 0 806 1 2.0963637828826904 4.172741413116455 3.1209988594055176
<eos> 0 807 5 0.06660822778940201 0.2800983190536499 3.892643094062805
<unk> 0 808 5 2.7064990997314453 6.095641613006592 0
, 0 809 1 4.531744003295898 7.464446544647217 0
the 0 810 3 4.0181779861450195 5.924923419952393 1.5395231246948242
redevelopment 0 811 13 19.532039642333984 9.10551643371582 0
was 0 812 3 4.642935752868652 5.867342472076416 3.2381739616394043
short 0 813 5 10.510658264160156 8.391921997070312 0
lived 0 814 5 5.4535393714904785 4.075235843658447 4.316686153411865
and 0 815 3 2.6690497398376465 3.620089292526245 0.45514655113220215
wind 0 816 4 15.107539176940918 8.283296585083008 0
shear 0 817 5 2.878908395767212 6.95450496673584 1.328791618347168
again 0 818 5 12.095382690429688 6.559475898742676 0.39502906799316406
took 0 819 4 8.194655418395996 6.925846099853516 0
its 0 820 3 5.0070343017578125 5.269913673400879 1.6559324264526367
toll 0 821 4 0.3876737058162689 2.8089845180511475 2.4609291553497314
on 0 822 2 1.1357982158660889 3.7791807651519775 0
<unk> 0 823 5 2.5126430988311768 4.783385753631592 0
by 0 824 2 8.000462532043457 5.46408748626709 0
late 0 825 4 7.551353931427002 5.368560791015625 0.09552669525146484
morning 0 826 7 6.648044586181641 2.408536434173584 2.960024356842041
. 0 827 1 1.0439951419830322 3.593810796737671 0
<eos> 0 828 5 0.06270907819271088 0.26876428723335266 3.3250465095043182
<unk> 0 829 5 2.7269060611724854 6.096850395202637 0
convection 0 830 10 19.266199111938477 7.460720062255859 0
around 0 831 6 6.928374767303467 7.036819934844971 0.42390012741088867
the 0 832 3 0.5943142175674438 2.6339762210845947 4.402843713760376
system 0 833 6 6.2314910888671875 5.76078987121582 0
became 0 834 6 4.581733226776123 6.458564281463623 0
dislocated 0 835 10 10.255793571472168 6.611478805541992 0
from 0 836 4 4.863635063171387 4.810919761657715 1.8005590438842773
the 0 837 3 0.7728460431098938 3.4930918216705322 1.3178279399871826
center 0 838 6 2.302708625793457 6.129450798034668 0
and 0 839 3 3.648665428161621 4.165326118469238 1.9641246795654297
<unk> 0 840 5 4.912590980529785 7.713123798370361 0
weakened 0 841 8 4.92038106918335 7.768562316894531 0
slightly 0 842 8 5.952015399932861 4.3907389640808105 3.3778233528137207
. 0 843 1 1.4199382066726685 4.048069000244141 0.3426699638366699
<eos> 0 844 5 0.05519404634833336 0.2419101446866989 3.8061588555574417
<unk> 0 845 5 2.713418483734131 6.073561668395996 0
weakening 0 846 9 21.20922088623047 7.470036029815674 0
trend 0 847 5 9.409025192260742 6.743941307067871 0.7260947227478027
continued 0 848 9 4.618777275085449 6.615863800048828 0.12807750701904297
through 0 849 7 6.065949440002441 5.069897174835205 1.545966625213623
the 0 850 3 0.8881514668464661 3.515540838241577 1.554356336593628
afternoon 0 851 9 4.890372276306152 6.869454860687256 0
as 0 852 2 6.817293167114258 3.400315999984741 3.4691388607025146
the 0 853 3 2.8503222465515137 3.6513020992279053 0
storm 0 854 5 1.5491549968719482 4.672365188598633 0
was 0 855 3 5.46878719329834 5.2797346115112305 0
being 0 856 5 7.995844841003418 7.255730628967285 0
affected 0 857 8 7.9227800369262695 6.974159240722656 0.2815713882446289
by 0 858 2 0.1738785356283188 0.9332718253135681 6.040887415409088
strong 0 859 6 5.719213008880615 5.083539962768555 0
southerly 0 860 9 10.926779747009277 2.2348060607910156 2.848733901977539
shear 0 861 5 5.82448673248291 2.804675817489624 0
. 0 862 1 1.3660788536071777 3.634519100189209 0
<eos> 0 863 5 0.06019950658082962 0.25980329513549805 3.374715805053711
<unk> 0 864 5 2.7284469604492188 6.076953887939453 0
became 0 865 6 8.028831481933594 7.473190784454346 0
almost 0 866 6 11.491369247436523 4.895802021026611 2.5773887634277344
fully 0 867 5 8.678791046142578 6.313249111175537 0
devoid 0 868 6 10.714494705200195 7.618710517883301 0
of 0 869 2 0.014520782046020031 0.1290052980184555 7.489705219864845
any 0 870 3 6.287475109100342 7.667691707611084 0
convection 0 871 10 4.93020486831665 9.496404647827148 0
by 0 872 2 8.39183521270752 4.755828380584717 4.740576267242432
mid 0 873 3 5.7896199226379395 5.079629898071289 0
<unk> 0 874 5 0.020736856386065483 0.18149958550930023 4.898130312561989
afternoon 0 875 9 5.7902350425720215 2.6669301986694336 0
and 0 876 3 3.097842216491699 3.44787335395813 0
the 0 877 3 3.32415509223938 6.638605117797852 0
storm 0 878 5 3.7456650733947754 6.569412708282471 0.06919240951538086
weakened 0 879 8 4.997493743896484 6.051910400390625 0.5175023078918457
to 0 880 2 1.4281494617462158 4.224760055541992 1.8271503448486328
<unk> 0 881 5 6.655945777893066 1.7966259717941284 2.4281340837478638
mph 0 882 3 0.5771656036376953 2.648777723312378 0
( 0 883 1 0.012751543894410133 0.11814709007740021 2.5306306332349777
<unk> 0 884 5 0.0008806263213045895 0.010916127823293209 0.107230962254107
km 0 885 2 0.020557992160320282 0.1456347554922104 0
/ 0 886 1 7.704617019044235e-05 0.0008581101428717375 0.14477664534933865
h 0 887 1 3.302028926555067e-05 0.000410120323067531 0.0004479898198042065
) 0 888 1 0.0014585352037101984 0.013092953711748123 0
, 0 889 1 3.2951738834381104 3.9506585597991943 0
barely 0 890 6 12.31131649017334 5.94183874130249 0
holding 0 891 7 14.861712455749512 6.271610736846924 0
on 0 892 2 6.1104416847229 5.273836135864258 0.997774600982666
to 0 893 2 5.243976593017578 3.0908069610595703 2.1830291748046875
tropical 0 894 8 6.239345073699951 3.7658586502075195 0
storm 0 895 5 0.3076784610748291 1.0358986854553223 2.7299599647521973
status 0 896 6 2.511519193649292 1.8974363803863525 0
. 0 897 1 1.1023646593093872 3.6312685012817383 0
<eos> 0 898 5 0.06214778125286102 0.2661455571651459 3.3651229441165924
<unk> 0 899 5 2.714517831802368 6.101205825805664 0
regained 0 900 8 12.395650863647461 7.481474876403809 0
a 0 901 1 4.146068096160889 4.828475475311279 2.6529994010925293
small 0 902 5 7.732686519622803 8.621515274047852 0
amount 0 903 6 6.661489486694336 8.393647193908691 0.22786808013916016
of 0 904 2 0.06443441659212112 0.47493836283683777 7.918708831071854
convection 0 905 10 10.375373840332031 8.686951637268066 0
in 0 906 2 3.319244623184204 5.120983123779297 3.5659685134887695
the 0 907 3 0.7869348526000977 3.2067606449127197 1.9142224788665771
late 0 908 4 8.267047882080078 6.587946891784668 0
night 0 909 5 9.809941291809082 4.273353576660156 2.3145933151245117
hours 0 910 5 4.398404121398926 4.451109886169434 0
, 0 911 1 1.2736842632293701 3.5167922973632812 0.9343175888061523
but 0 912 3 3.8916096687316895 5.608100891113281 0
not 0 913 3 8.428452491760254 6.305838584899902 0
enough 0 914 6 5.569506645202637 7.640202522277832 0
to 0 915 2 0.5718175172805786 3.340245246887207 4.299957275390625
still 0 916 5 13.003426551818848 7.239067554473877 0
be 0 917 2 3.9031999111175537 7.270937919616699 0
classified 0 918 10 3.873063087463379 7.672762393951416 0
a 0 919 1 7.935788631439209 2.556210517883301 5.116551876068115
tropical 0 920 8 0.559386670589447 1.9651525020599365 0.5910580158233643
storm 0 921 5 1.7729567289352417 1.6163301467895508 0.34882235527038574
. 0 922 1 0.7856002449989319 2.9406750202178955 0
<eos> 0 923 5 0.06344922631978989 0.2699888348579407 2.670686185359955
<unk> 0 924 5 2.7250170707702637 6.095890522003174 0
to 0 925 2 11.748313903808594 7.4852519035339355 0
the 0 926 3 2.722133159637451 5.962791919708252 1.5224599838256836
lack 0 927 4 11.960572242736816 9.328753471374512 0
of 0 928 2 0.008334921672940254 0.08636967092752457 9.242383800446987
convection 0 929 10 10.8309965133667 9.751869201660156 0
, 0 930 1 2.2395882606506348 5.902652263641357 3.849216938018799
<unk> 0 931 5 4.132709980010986 6.263324737548828 0
was 0 932 3 4.256843090057373 7.6982502937316895 0
downgraded 0 933 10 5.346921443939209 8.30927848815918 0
to 0 934 2 0.3201325833797455 1.562623143196106 6.746655344963074
a 0 935 1 0.3355422019958496 1.3574312925338745 0.20519185066223145
<unk> 0 936 5 8.846147537231445 1.9884207248687744 0
<unk> 0 937 5 2.8298630714416504 4.225371360778809 0
at 0 938 2 10.824440956115723 4.375093936920166 0
<unk> 0 939 5 0.6473893523216248 2.3230535984039307 2.0520403385162354
( 0 940 1 11.663066864013672 0.7003602981567383 1.6226933002471924
<unk> 0 941 5 0.19756272435188293 1.5303865671157837 0
) 0 942 1 0.8330426216125488 2.218141555786133 0
with 0 943 4 7.7376203536987305 4.511443614959717 0
winds 0 944 5 2.381868839263916 4.035933494567871 0.4755101203918457
of 0 945 2 0.1830115169286728 1.2780460119247437 2.7578874826431274
<unk> 0 946 5 0.17329512536525726 1.066247582435608 0.21179842948913574
mph 0 947 3 0.867618203163147 1.354581594467163 0
( 0 948 1 0.004276196472346783 0.0413670539855957 1.3132145404815674
<unk> 0 949 5 0.0008751262212172151 0.010919541120529175 0.03044751286506653
km 0 950 2 0.0037011306267231703 0.032880790531635284 0
/ 0 951 1 0.00014308246318250895 0.0015045793261379004 0.031376211205497384
h 0 952 1 3.302028926555067e-05 0.00041940470691770315 0.0010851746192201972
) 0 953 1 0.0029058142099529505 0.023635925725102425 0
. 0 954 1 1.4106788635253906 3.3674721717834473 0
<eos> 0 955 5 0.06009211763739586 0.25975245237350464 3.1077197194099426
<unk> 0 956 5 2.706171751022339 6.098216533660889 0
there 0 957 5 14.643989562988281 7.4578142166137695 0
was 0 958 3 2.431570529937744 3.958590030670166 3.4992241859436035
no 0 959 2 3.5788378715515137 4.9202752113342285 0
convection 0 960 10 15.06307601928711 10.057991981506348 0
around 0 961 6 6.563325881958008 6.213594436645508 3.84439754486084
the 0 962 3 0.548354983329773 2.5729477405548096 3.6406466960906982
system 0 963 6 5.320173263549805 6.03147029876709 0
, 0 964 1 1.5269473791122437 4.496523857116699 1.5349464416503906
it 0 965 2 10.370862007141113 4.520651817321777 0
would 0 966 5 5.723466873168945 5.513462066650391 0
have 0 967 4 1.9475617408752441 5.53803825378418 0
normally 0 968 8 15.521389961242676 6.877077102661133 0
been 0 969 4 1.966328501701355 6.632678985595703 0.2443981170654297
classified 0 970 10 5.210446834564209 8.090862274169922 0
a 0 971 1 7.608538627624512 2.6266770362854004 5.4641852378845215
remnant 0 972 7 8.929281234741211 3.8767294883728027 0
low 0 973 3 0.3973735570907593 2.1458027362823486 1.730926752090454
but 0 974 3 11.01785659790039 4.400491714477539 0
, 0 975 1 7.085678577423096 7.584513187408447 0
due 0 976 3 4.554942607879639 6.154710292816162 1.4298028945922852
to 0 977 2 0.022759435698390007 0.2093351036310196 5.9453751891851425
the 0 978 3 1.4718687534332275 4.882419109344482 0
possibility 0 979 11 7.580427169799805 7.929980278015137 0
of 0 980 2 0.24594621360301971 1.0061440467834473 6.9238362312316895
the 0 981 3 3.9315178394317627 7.336151599884033 0
storm 0 982 5 2.936828136444092 7.211913585662842 0.1242380142211914
regenerating 0 983 12 19.208616256713867 2.748429775238037 4.463483810424805
over 0 984 4 5.348762035369873 5.041072368621826 0
the 0 985 3 0.9912281632423401 3.8886492252349854 1.1524231433868408
next 0 986 4 6.774413108825684 6.147572040557861 0
several 0 987 7 4.582068920135498 3.7181782722473145 2.429393768310547
days 0 988 4 0.6210720539093018 1.7937898635864258 1.9243884086608887
, 0 989 1 0.34793612360954285 1.8425109386444092 0
it 0 990 2 2.4900307655334473 4.969743251800537 0
was 0 991 3 2.101036310195923 5.724781513214111 0
considered 0 992 10 5.865277290344238 7.469540119171143 0
a 0 993 1 1.7782360315322876 5.300386428833008 2.1691536903381348
tropical 0 994 8 1.911250114440918 6.119271278381348 0
depression 0 995 10 0.9367908835411072 1.7255446910858154 4.393726587295532
. 0 996 1 0.9472227096557617 3.5215792655944824 0
<eos> 0 997 5 0.05833382532000542 0.25358811020851135 3.267991155385971
<unk> 0 998 5 2.725627899169922 6.095962047576904 0
next 0 999 4 12.183615684509277 7.481911659240723 0
morning 0 1000 7 13.217777252197266 8.236959457397461 0
, 0 1001 1 2.287388324737549 6.787191390991211 1.44976806640625
<unk> 0 1002 5 1.7690616846084595 5.457984924316406 1.3292064666748047
was 0 1003 3 3.729870319366455 8.388633728027344 0
downgraded 0 1004 10 10.36807632446289 9.05505084991455 0
to 0 1005 2 0.3014071583747864 1.5010331869125366 7.554017663002014
a 0 1006 1 0.3444606363773346 1.471632957458496 0.029400229454040527
remnant 0 1007 7 7.146118640899658 2.358687400817871 0
low 0 1008 3 0.516685426235199 2.4155428409576416 0
as 0 1009 2 5.619600772857666 4.846497058868408 0
strong 0 1010 6 9.607670783996582 3.488100290298462 1.3583967685699463
wind 0 1011 4 3.5660946369171143 3.290191888809204 0.1979084014892578
shear 0 1012 5 0.01855490356683731 0.17260116338729858 3.1175907254219055
and 0 1013 3 5.293566703796387 6.506896018981934 0
dry 0 1014 3 6.487598419189453 7.261997222900391 0
air 0 1015 3 0.8494237065315247 4.077489376068115 3.1845078468322754
caused 0 1016 6 6.59277868270874 7.000559329986572 0
the 0 1017 3 2.1756107807159424 5.583463191986084 1.4170961380004883
demise 0 1018 6 13.047122955322266 5.280091285705566 0.3033719062805176
of 0 1019 2 0.01497768796980381 0.12477794289588928 5.155313342809677
the 0 1020 3 1.5484918355941772 4.186110496520996 0
storm 0 1021 5 2.5907797813415527 5.585514068603516 0
. 0 1022 1 1.1929707527160645 3.7282278537750244 1.8572862148284912
<eos> 0 1023 5 0.05795669928193092 0.2527365982532501 3.4754912555217743
<unk> 0 1024 5 2.7319679260253906 6.078728675842285 0
redevelopment 0 1025 13 20.406736373901367 7.478846549987793 0
was 0 1026 3 2.523303508758545 7.116842269897461 0.36200428009033203
expected 0 1027 8 7.72458553314209 7.738744735717773 0
with 0 1028 4 8.849531173706055 2.731106758117676 5.007637977600098
<unk> 0 1029 5 2.454052209854126 5.1204423904418945 0
as 0 1030 2 6.827195167541504 6.507550239562988 0
it 0 1031 2 7.321650981903076 5.552616596221924 0.9549336433410645
began 0 1032 5 6.198397636413574 5.217090129852295 0.3355264663696289
to 0 1033 2 1.4839378595352173 5.310697078704834 0
move 0 1034 4 6.277200222015381 7.813351154327393 0
over 0 1035 4 5.3464837074279785 5.993567943572998 1.8197832107543945
colder 0 1036 6 12.70303726196289 4.507274627685547 1.4862933158874512
waters 0 1037 6 2.4427149295806885 6.2298479080200195 0
and 0 1038 3 2.7991950511932373 4.311608791351318 1.9182391166687012
remain 0 1039 6 9.91236400604248 9.230361938476562 0
under 0 1040 5 7.304145812988281 7.571971893310547 1.6583900451660156
strong 0 1041 6 9.467497825622559 5.2228875160217285 2.3490843772888184
wind 0 1042 4 2.8991596698760986 4.770541191101074 0.4523463249206543
shear 0 1043 5 0.06257157027721405 0.4035731554031372 4.366968035697937
until 0 1044 5 6.9666595458984375 2.768289804458618 0
it 0 1045 2 3.034658670425415 4.551811695098877 0
dissipated 0 1046 10 3.380281925201416 4.924361705780029 0
. 0 1047 1 1.7096946239471436 3.5724854469299316 1.3518762588500977
<eos> 0 1048 5 0.05163330212235451 0.2318325936794281 3.3406528532505035
<unk> 0 1049 5 2.7077596187591553 6.085387229919434 0
, 0 1050 1 4.55224609375 7.480907917022705 0
the 0 1051 3 4.014252662658691 5.917908668518066 1.5629992485046387
remnant 0 1052 7 14.302828788757324 9.098359107971191 0
low 0 1053 3 3.3933401107788086 7.251715183258057 1.8466439247131348
associated 0 1054 10 11.24139404296875 5.191293239593506 2.060421943664551
with 0 1055 4 0.15818268060684204 1.2509127855300903 3.9403804540634155
<unk> 0 1056 5 2.881993055343628 4.770885944366455 0
began 0 1057 5 12.081269264221191 4.543379306793213 0.2275066375732422
to 0 1058 2 0.4886811077594757 2.8193769454956055 1.7240023612976074
show 0 1059 4 11.332052230834961 5.602438449859619 0
signs 0 1060 5 1.3120818138122559 5.128633975982666 0.4738044738769531
of 0 1061 2 0.4716011881828308 2.3870368003845215 2.7415971755981445
redevelopment 0 1062 13 12.647414207458496 8.418566703796387 0
during 0 1063 6 6.235743999481201 4.181475639343262 4.237091064453125
the 0 1064 3 0.5466406345367432 2.5964369773864746 1.585038661956787
afternoon 0 1065 9 7.113250732421875 6.82737398147583 0
on 0 1066 2 6.652191162109375 3.2309415340423584 3.5964324474334717
<unk> 0 1067 5 0.3349369168281555 1.6024221181869507 1.6285194158554077
<unk> 0 1068 5 0.11607596278190613 0.6897146701812744 0.9127074480056763
. 0 1069 1 0.9363148808479309 2.334754467010498 0
<eos> 0 1070 5 0.06412895768880844 0.2724720239639282 2.06228244304657
<unk> 0 1071 5 2.7152814865112305 6.105790138244629 0
around 0 1072 6 16.47835922241211 7.461369514465332 0
the 0 1073 3 1.7211928367614746 3.806548833847046 3.654820680618286
system 0 1074 6 11.619210243225098 9.023111343383789 0
increased 0 1075 9 9.618816375732422 6.861291885375977 2.1618194580078125
significantly 0 1076 13 6.225993633270264 6.08269739151001 0.7785944938659668
and 0 1077 3 3.629329204559326 4.695186614990234 1.3875107765197754
the 0 1078 3 3.3674161434173584 7.578657627105713 0
low 0 1079 3 6.540493488311768 6.444981098175049 1.133676528930664
was 0 1080 3 4.7113752365112305 6.532281398773193 0
no 0 1081 2 10.580366134643555 6.8402791023254395 0
longer 0 1082 6 0.033356454223394394 0.26986974477767944 6.57040935754776
exposed 0 1083 7 6.303597450256348 7.656576156616211 0
. 0 1084 1 2.541292667388916 3.2407777309417725 4.4157984256744385
<eos> 0 1085 5 0.05082977935671806 0.22947807610034943 3.011299654841423
<unk> 0 1086 5 2.716609001159668 6.083391189575195 0
<unk> 0 1087 5 2.42411470413208 7.466941833496094 0
<unk> 0 1088 5 2.806835412979126 6.238509178161621 1.2284326553344727
, 0 1089 1 3.1523540019989014 6.284090518951416 0
wind 0 1090 4 16.79679298400879 5.797606945037842 0.4864835739135742
shear 0 1091 5 2.3026247024536133 6.739169120788574 0
took 0 1092 4 10.238919258117676 6.3657732009887695 0.3733959197998047
over 0 1093 4 3.105778217315674 6.017274856567383 0.3484983444213867
the 0 1094 3 1.2685164213180542 4.722580432891846 1.294694423675537
system 0 1095 6 4.510704517364502 8.390157699584961 0
again 0 1096 5 8.7660551071167 5.012592792510986 3.3775649070739746
. 0 1097 1 2.6447298526763916 3.6594271659851074 1.353165626525879
<eos> 0 1098 5 0.055485840886831284 0.24436324834823608 3.4150639176368713
<unk> 0 1099 5 2.7168209552764893 6.09323263168335 0
around 0 1100 6 16.501623153686523 7.46328067779541 0
the 0 1101 3 1.7196683883666992 3.8092987537384033 3.653981924057007
remnant 0 1102 7 17.208589553833008 9.005264282226562 0
low 0 1103 3 4.44576358795166 6.470415115356445 2.534849166870117
was 0 1104 3 4.502847194671631 5.7668023109436035 0.7036128044128418
torn 0 1105 4 12.579829216003418 8.103687286376953 0
away 0 1106 4 4.378939628601074 4.549925327301025 3.5537619590759277
and 0 1107 3 3.4033827781677246 4.2768402099609375 0.2730851173400879
the 0 1108 3 3.003917694091797 7.605931282043457 0
low 0 1109 3 6.952507495880127 6.266449451446533 1.3394818305969238
was 0 1110 3 3.793015480041504 6.563155174255371 0
exposed 0 1111 7 7.033674716949463 7.096591472625732 0
once 0 1112 4 11.026754379272461 3.2858638763427734 3.810727596282959
more 0 1113 4 1.7755777835845947 4.101548194885254 0
. 0 1114 1 1.622957706451416 4.845893383026123 0
<eos> 0 1115 5 0.0631328672170639 0.2701694071292877 4.575723975896835
<unk> 0 1116 5 2.7189810276031494 6.0795578956604 0
<unk> 0 1117 5 2.4231200218200684 7.4605021476745605 0
<unk> 0 1118 5 2.8067760467529297 6.247504234313965 1.2129979133605957
<unk> 0 1119 5 1.915452003479004 6.300302982330322 0
did 0 1120 3 11.456865310668945 3.9689393043518066 2.3313636779785156
not 0 1121 3 0.756916344165802 4.159755706787109 0
state 0 1122 5 10.391131401062012 8.371759414672852 0
the 0 1123 3 2.254546642303467 5.3339433670043945 3.037816047668457
chance 0 1124 6 11.50378704071045 10.399767875671387 0
of 0 1125 2 1.7119812965393066 3.2299132347106934 7.169854640960693
regeneration 0 1126 12 16.74797248840332 8.532784461975098 0
once 0 1127 4 12.377469062805176 4.508419990539551 4.024364471435547
the 0 1128 3 2.7566659450531006 5.766528129577637 0
low 0 1129 3 11.081802368164062 9.630383491516113 0
became 0 1130 6 8.759958267211914 7.4966630935668945 2.1337203979492188
exposed 0 1131 7 7.195352554321289 7.25947904586792 0.2371840476989746
. 0 1132 1 1.9356192350387573 3.9945991039276123 3.2648799419403076
<eos> 0 1133 5 0.05722479522228241 0.2500964105129242 3.744502693414688
<unk> 0 1134 5 2.7068183422088623 6.089298248291016 0
, 0 1135 1 4.51882791519165 7.451306343078613 0
on 0 1136 2 6.7862772941589355 5.923844814300537 1.5274615287780762
<unk> 0 1137 5 2.8195743560791016 4.266271591186523 1.6575732231140137
<unk> 0 1138 5 0.9084398746490479 3.024916887283325 1.2413547039031982
, 0 1139 1 0.69912189245224 1.7546217441558838 1.2702951431274414
wind 0 1140 4 18.451160430908203 4.196823596954346 0
shear 0 1141 5 4.511411666870117 5.654036521911621 0
and 0 1142 3 2.725872755050659 5.311172962188721 0.3428635597229004
dry 0 1143 3 6.410347938537598 7.444583415985107 0
air 0 1144 3 0.7939159274101257 3.9841644763946533 3.460418939590454
led 0 1145 3 9.00062084197998 6.661866188049316 0
to 0 1146 2 0.11137879639863968 0.7819433808326721 5.879922807216644
the 0 1147 3 1.8966604471206665 4.967747211456299 0
remnants 0 1148 8 7.885215759277344 6.4487714767456055 0
of 0 1149 2 0.030764279887080193 0.2785583436489105 6.170213133096695
<unk> 0 1150 5 2.4923532009124756 4.237616062164307 0
deteriorating 0 1151 13 16.694433212280273 6.176781177520752 0
into 0 1152 4 6.066483020782471 6.1953887939453125 0
an 0 1153 2 4.324263095855713 4.233413219451904 1.9619755744934082
open 0 1154 4 5.894662857055664 4.921851634979248 0
wave 0 1155 4 8.414546966552734 5.277684688568115 0
. 0 1156 1 2.151409387588501 4.466385841369629 0.8112988471984863
<eos> 0 1157 5 0.06327591091394424 0.2700046896934509 4.196381151676178
<unk> 0 1158 5 2.7239203453063965 6.092669486999512 0
, 0 1159 1 4.536515712738037 7.464393615722656 0
on 0 1160 2 6.797036647796631 5.9250102043151855 1.5393834114074707
<unk> 0 1161 5 2.824993848800659 4.269795894622803 1.6552143096923828
<unk> 0 1162 5 0.9133544564247131 3.021765947341919 1.2480299472808838
, 0 1163 1 0.7015984654426575 1.7550925016403198 1.2666734457015991
the 0 1164 3 7.155285835266113 4.211173057556152 0
remnants 0 1165 8 12.971625328063965 8.389683723449707 0
of 0 1166 2 0.142555832862854 1.1019366979599 7.287747025489807
<unk> 0 1167 5 1.2661693096160889 2.4659178256988525 0
redeveloped 0 1168 11 14.906511306762695 5.994175910949707 0
and 0 1169 3 4.992137432098389 5.446075916290283 0.5480999946594238
global 0 1170 6 19.169519424438477 8.288043975830078 0
models 0 1171 6 11.02538776397705 8.240663528442383 0.04738044738769531
picked 0 1172 6 13.638209342956543 6.3558831214904785 1.8847804069519043
up 0 1173 2 0.2233104705810547 1.3731591701507568 4.982723951339722
on 0 1174 2 6.520641326904297 6.626778602600098 0
the 0 1175 3 1.8786187171936035 4.603376865386963 2.0234017372131348
reformed 0 1176 8 18.475299835205078 7.859220504760742 0
system 0 1177 6 7.775482654571533 8.399474143981934 0
. 0 1178 1 1.8732900619506836 4.1307148933410645 4.268759250640869
<eos> 0 1179 5 0.06104711815714836 0.2624835669994354 3.868231326341629
<unk> 0 1180 5 2.7137625217437744 6.100562572479248 0
more 0 1181 4 14.269855499267578 7.454829216003418 0
, 0 1182 1 5.71210241317749 8.448086738586426 0
the 0 1183 3 4.391131401062012 7.464341640472412 0.9837450981140137
chance 0 1184 6 14.447233200073242 9.136955261230469 0
of 0 1185 2 2.3192150592803955 2.949950933456421 6.187004327774048
regeneration 0 1186 12 14.545106887817383 8.667588233947754 0
was 0 1187 3 6.894737720489502 4.917683124542236 3.7499051094055176
possible 0 1188 8 8.368245124816895 8.343326568603516 0
as 0 1189 2 5.617805004119873 3.682513475418091 4.660813093185425
the 0 1190 3 2.265209674835205 5.556671142578125 0
remnants 0 1191 8 11.92944049835205 9.967059135437012 0
of 0 1192 2 0.4376917779445648 2.487805128097534 7.4792540073394775
<unk> 0 1193 5 1.5949629545211792 3.3543152809143066 0
headed 0 1194 6 11.234289169311523 7.235655307769775 0
towards 0 1195 7 4.000375747680664 5.994844436645508 1.2408108711242676
the 0 1196 3 0.8774225115776062 2.4147801399230957 3.580064296722412
<unk> 0 1197 5 2.9180915355682373 5.164860725402832 0
. 0 1198 1 3.7209534645080566 6.601557731628418 0
<eos> 0 1199 5 0.06031777337193489 0.26077914237976074 6.340778589248657
<unk> 0 1200 5 2.7182960510253906 6.101566791534424 0
, 0 1201 1 4.527926445007324 7.45639705657959 0
on 0 1202 2 6.8003411293029785 5.92229700088501 1.53410005569458
<unk> 0 1203 5 2.82517409324646 4.272593021392822 1.6497039794921875
<unk> 0 1204 5 0.9099491834640503 3.0295045375823975 1.2430884838104248
, 0 1205 1 0.7016286849975586 1.7548792362213135 1.274625301361084
dry 0 1206 3 20.650907516479492 4.164458274841309 0
air 0 1207 3 4.848105430603027 5.229184150695801 0
and 0 1208 3 3.392906665802002 5.670656204223633 0
wind 0 1209 4 7.620556831359863 7.104444980621338 0
shear 0 1210 5 1.0497655868530273 2.9576401710510254 4.1468048095703125
caused 0 1211 6 5.381602764129639 6.431234836578369 0
the 0 1212 3 2.0867137908935547 5.635114669799805 0.7961201667785645
remnants 0 1213 8 8.254718780517578 5.782386779785156 0
to 0 1214 2 3.2042431831359863 0.8134163022041321 4.968970477581024
dissipate 0 1215 9 4.387074947357178 6.2733259201049805 0
entirely 0 1216 8 12.404744148254395 5.187087059020996 1.0862388610839844
. 0 1217 1 2.2470126152038574 4.834667205810547 0.3524198532104492
<eos> 0 1218 5 0.054393332451581955 0.24152527749538422 4.593141928315163
= 0 1219 1 3.759943962097168 6.090885162353516 0
= 0 1220 1 0.10175595432519913 0.698303759098053 5.392581403255463
<unk> 0 1221 5 5.424307823181152 5.644075393676758 0
= 0 1222 1 1.927416443824768 7.081824779510498 0
= 0 1223 1 0.0011502772103995085 0.01531652919948101 7.066508250311017
<eos> 0 1224 5 19.589412689208984 4.8447747230529785 0
<unk> 0 1225 5 0.8005062341690063 4.3500590324401855 0.49471569061279297
<unk> 0 1226 5 2.426555633544922 6.62362813949585 0
passed 0 1227 6 13.74056625366211 5.794312953948975 0.829315185546875
to 0 1228 2 4.7577691078186035 5.1904778480529785 0.6038351058959961
the 0 1229 3 1.5076522827148438 3.3401646614074707 1.8503131866455078
south 0 1230 5 6.525409698486328 6.486961364746094 0
of 0 1231 2 3.1605374813079834 3.4727747440338135 3.0141866207122803
the 0 1232 3 1.5078448057174683 2.139863967895508 1.3329107761383057
<unk> 0 1233 5 1.1981852054595947 5.92256498336792 0
<unk> 0 1234 5 3.2558488845825195 7.028053283691406 0
islands 0 1235 7 8.791714668273926 6.236811637878418 0.7912416458129883
on 0 1236 2 3.4228262901306152 4.26601505279541 1.9707965850830078
<unk> 0 1237 5 0.2536729574203491 1.1517648696899414 3.1142501831054688
<unk> 0 1238 5 0.16891171038150787 0.7578856945037842 0.3938791751861572
, 0 1239 1 1.5806305408477783 2.6429226398468018 0
outer 0 1240 5 18.172008514404297 4.913064002990723 0
rain 0 1241 4 14.549837112426758 4.078248023986816 0.8348159790039062
bands 0 1242 5 13.743692398071289 4.515468120574951 0
produced 0 1243 8 10.298479080200195 4.738401412963867 0
minor 0 1244 5 11.307812690734863 4.309628009796143 0.4287734031677246
rainfall 0 1245 8 3.331766128540039 6.242456436157227 0
, 0 1246 1 2.8634862899780273 4.3203582763671875 1.922098159790039
totaling 0 1247 8 7.890803337097168 6.381655693054199 0
around 0 1248 6 6.802626609802246 3.7810544967651367 2.6006011962890625
<unk> 0 1249 5 0.20456576347351074 0.956702709197998 2.8243517875671387
<unk> 0 1250 5 0.4629746079444885 1.9739328622817993 0
<eos> 0 1251 5 0.38885146379470825 1.2539031505584717 0.7200297117233276
@ 0 1252 1 2.751719648586004e-06 2.8548836780828424e-05 1.2538746017216909
<unk> 0 1253 5 0.00015133678971324116 0.0021940332371741533 0
inches 0 1254 6 1.24135160446167 2.5088000297546387 0
( 0 1255 1 0.004834920633584261 0.046713706105947495 2.462086323648691
<unk> 0 1256 5 0.0006989401299506426 0.008632245473563671 0.03808146063238382
mm 0 1257 2 0.1338079273700714 0.5532965660095215 0
) 0 1258 1 0.0009658751077950001 0.010397830978035927 0.5428987350314856
. 0 1259 1 1.6415729522705078 3.360729932785034 0
<eos> 0 1260 5 0.06207051873207092 0.2660783529281616 3.0946515798568726
<unk> 0 1261 5 2.698256492614746 6.108231544494629 0
were 0 1262 4 8.275016784667969 7.449231147766113 0
no 0 1263 2 9.783936500549316 9.181159973144531 0
reports 0 1264 7 18.602069854736328 1.8504711389541626 7.330688834190369
of 0 1265 2 0.42169323563575745 2.196953296661377 0
damage 0 1266 6 5.819510459899902 7.6118669509887695 0
or 0 1267 2 5.723392963409424 4.640644073486328 2.9712228775024414
flooding 0 1268 8 8.817233085632324 8.281950950622559 0
from 0 1269 4 5.0816802978515625 4.624825477600098 3.657125473022461
the 0 1270 3 1.3430730104446411 4.669124126434326 0
rain 0 1271 4 11.410222053527832 6.067589282989502 0
and 0 1272 3 3.6673388481140137 3.9231746196746826 2.1444146633148193
overall 0 1273 7 12.739126205444336 8.075841903686523 0
effects 0 1274 7 6.836698532104492 6.973936557769775 1.101905345916748
were 0 1275 4 2.8058021068573 5.192216873168945 1.78171968460083
minor 0 1276 5 7.390141487121582 7.9685211181640625 0
. 0 1277 1 0.8334472179412842 3.236970901489258 4.731550216674805
<eos> 0 1278 5 0.058688726276159286 0.2546742856502533 2.9822966158390045
<unk> 0 1279 5 2.7252535820007324 6.086777210235596 0
days 0 1280 4 14.185803413391113 7.462669849395752 0
after 0 1281 5 3.2218830585479736 6.07586145401001 1.3868083953857422
the 0 1282 3 1.453049659729004 4.732862949371338 1.3429985046386719
low 0 1283 3 12.324271202087402 8.516197204589844 0
dissipated 0 1284 10 9.147106170654297 5.944329738616943 2.5718674659729004
, 0 1285 1 0.7270407676696777 2.989875316619873 2.9544544219970703
the 0 1286 3 1.238821268081665 3.630419969558716 0
remnant 0 1287 7 10.483366012573242 5.953157901763916 0
moisture 0 1288 8 4.805606842041016 3.6796326637268066 2.2735252380371094
from 0 1289 4 6.802431106567383 6.230230331420898 0
<unk> 0 1290 5 1.6338021755218506 2.441129684448242 3.7891006469726562
brought 0 1291 7 6.1426215171813965 6.211027145385742 0
showers 0 1292 7 9.080039024353027 6.208040714263916 0.002986431121826172
and 0 1293 3 1.0185747146606445 3.146594524383545 3.061446189880371
thunderstorms 0 1294 13 0.5366271734237671 3.1418635845184326 0.004730939865112305
to 0 1295 2 1.2802168130874634 4.106964588165283 0
<unk> 0 1296 5 2.6510066986083984 3.526305913925171 0.5806586742401123
<unk> 0 1297 5 4.381475448608398 3.902426242828369 0
where 0 1298 5 7.944995880126953 4.207650661468506 0
up 0 1299 2 11.388307571411133 4.303412437438965 0
to 0 1300 2 0.7155469059944153 3.2432491779327393 1.0601632595062256
<unk> 0 1301 5 0.48323261737823486 2.3048930168151855 0.9383561611175537
in 0 1302 2 6.424470901489258 4.592711448669434 0
( 0 1303 1 0.12311479449272156 0.8225462436676025 3.770165205001831
<unk> 0 1304 5 0.0052311597391963005 0.06275764852762222 0.7597885951399803
<unk> 0 1305 5 4.376333713531494 0.6732674837112427 0
<eos> 0 1306 5 0.8002063632011414 1.8745747804641724 0
@ 0 1307 1 0.0 2.751719648586004e-06 1.8745720287445238
<unk> 0 1308 5 3.852359805023298e-05 0.0005849663866683841 0
mm 0 1309 2 0.31153908371925354 0.818838357925415 0
) 0 1310 1 0.00014308246318250895 0.001890913350507617 0.8169474445749074
of 0 1311 2 2.092613458633423 4.593797206878662 0
rain 0 1312 4 0.9062274694442749 1.5931189060211182 3.000678300857544
fell 0 1313 4 0.7140388488769531 2.4166553020477295 0
. 0 1314 1 2.065979480743408 4.006170749664307 0
<eos> 0 1315 5 0.07038352638483047 0.29168179631233215 3.7144889533519745
<unk> 0 1316 5 2.7309772968292236 6.082726955413818 0
heavy 0 1317 5 15.796841621398926 7.461730003356934 0
rains 0 1318 5 4.232062339782715 7.846426486968994 0
led 0 1319 3 7.388922214508057 6.784414291381836 1.0620121955871582
to 0 1320 2 0.27353766560554504 1.607245683670044 5.177168607711792
minor 0 1321 5 5.529500961303711 6.0730156898498535 0
street 0 1322 6 15.922481536865234 2.7525634765625 3.3204522132873535
flooding 0 1323 8 0.400505006313324 1.7166393995285034 1.0359240770339966
and 0 1324 3 3.225255250930786 3.9968762397766113 0
some 0 1325 4 6.6729350090026855 7.515447616577148 0
urban 0 1326 5 12.13396167755127 7.328812122344971 0.18663549423217773
flooding 0 1327 8 3.817903518676758 5.729923725128174 1.5988883972167969
. 0 1328 1 2.03505277633667 4.789793968200684 0.9401297569274902
<eos> 0 1329 5 0.054949045181274414 0.24193428456783295 4.547859683632851
<unk> 0 1330 5 2.727754831314087 6.096532344818115 0
known 0 1331 5 14.298891067504883 7.456611633300781 0
damage 0 1332 6 13.874663352966309 4.742016792297363 2.714594841003418
was 0 1333 3 3.4131951332092285 6.226171016693115 0
caused 0 1334 6 5.738542556762695 8.238117218017578 0
by 0 1335 2 0.17395567893981934 1.0341094732284546 7.2040077447891235
the 0 1336 3 2.0163464546203613 6.307772159576416 0
flood 0 1337 5 8.109970092773438 8.851222038269043 0
. 0 1338 1 4.9141621589660645 6.259477138519287 2.591744899749756
<eos> 0 1339 5 0.05401633679866791 0.23977142572402954 6.019705712795258
=========================================================================================
| End of testing | test loss  3.32 | test ppl    27.53
=========================================================================================
