word sentid sentpos wlen surp entropy entred
= 0 0 1 6.575001239776611 6.170436382293701 0
<unk> 0 1 5 2.7366182804107666 1.7495245933532715 4.42091178894043
<unk> 0 2 5 1.2876313924789429 5.63023567199707 0
<unk> 0 3 5 3.070030689239502 2.742896556854248 2.8873391151428223
( 0 4 1 4.3206048011779785 3.436915397644043 0
<unk> 0 5 5 0.43435806035995483 3.2038750648498535 0.23304033279418945
) 0 6 1 0.6706801652908325 2.437323570251465 0.7665514945983887
= 0 7 1 0.01095180120319128 0.10978283733129501 2.32754073292017
<eos> 0 8 5 22.890195846557617 1.0057990550994873 0
<unk> 0 9 5 0.07699038833379745 0.7214973568916321 0.2843016982078552
<unk> 0 10 5 1.3331048488616943 3.6715121269226074 0
<unk> 0 11 5 2.3003408908843994 2.993729591369629 0.6777825355529785
was 0 12 3 2.1291918754577637 2.8780906200408936 0.11563897132873535
the 0 13 3 1.8270831108093262 1.8645586967468262 1.0135319232940674
tenth 0 14 5 8.125467300415039 5.109957695007324 0
tropical 0 15 8 8.910261154174805 5.2663350105285645 0
storm 0 16 5 3.0937187671661377 4.4749755859375 0.7913594245910645
of 0 17 2 0.558112621307373 2.263338088989258 2.211637496948242
the 0 18 3 0.015426112338900566 0.11272217333316803 2.15061591565609
<unk> 0 19 5 0.337328165769577 1.8048121929168701 0
<unk> 0 20 5 0.18762345612049103 1.349740982055664 0.45507121086120605
hurricane 0 21 9 0.5291149616241455 1.8558716773986816 0
season 0 22 6 0.012358047068119049 0.12037473917007446 1.7354969382286072
. 0 23 1 1.2118970155715942 2.113553047180176 0
<eos> 0 24 5 0.06830053776502609 0.28160449862480164 1.8319485485553741
<unk> 0 25 5 2.777949094772339 6.109677314758301 0
developed 0 26 9 10.679509162902832 7.472419261932373 0
out 0 27 3 9.658589363098145 4.629643440246582 2.842775821685791
of 0 28 2 1.005182147026062 4.315053462982178 0.3145899772644043
a 0 29 1 1.746753454208374 5.6554718017578125 0
strong 0 30 6 7.719316005706787 10.168853759765625 0
tropical 0 31 8 6.632511138916016 9.62385082244873 0.5450029373168945
wave 0 32 4 3.429375410079956 3.228968858718872 6.394881963729858
which 0 33 5 7.079141616821289 5.35221004486084 0
moved 0 34 5 4.992545127868652 6.481734275817871 0
off 0 35 3 4.450659275054932 5.506204128265381 0.9755301475524902
the 0 36 3 0.4147917926311493 2.132021188735962 3.374182939529419
<unk> 0 37 5 4.052868843078613 3.426149606704712 0
coast 0 38 5 0.5134824514389038 2.457552909851074 0.9685966968536377
on 0 39 2 3.134068727493286 4.6596360206604 0
<unk> 0 40 5 0.15111906826496124 0.729478657245636 3.9301573634147644
<unk> 0 41 5 0.019738158211112022 0.14057345688343048 0.5889052003622055
. 0 42 1 1.1259746551513672 2.454364061355591 0
<eos> 0 43 5 0.06242005527019501 0.2675836682319641 2.1867803931236267
<unk> 0 44 5 2.711885690689087 6.102750778198242 0
wave 0 45 4 17.513954162597656 7.4706315994262695 0
quickly 0 46 7 10.74409008026123 8.951977729797363 0
became 0 47 6 2.99849009513855 7.6896843910217285 1.2622933387756348
organized 0 48 9 9.170549392700195 6.260879993438721 1.4288043975830078
and 0 49 3 3.9414515495300293 4.5506062507629395 1.7102737426757812
was 0 50 3 5.114706516265869 8.151646614074707 0
declared 0 51 8 7.484991550445557 7.863001346588135 0.28864526748657227
<unk> 0 52 5 6.659966468811035 3.688106060028076 4.174895286560059
<unk> 0 53 5 3.144599676132202 5.2269487380981445 0
<unk> 0 54 5 2.1950104236602783 4.907139778137207 0.3198089599609375
while 0 55 5 8.3063383102417 4.737829208374023 0.1693105697631836
located 0 56 7 4.62551736831665 4.86985445022583 0
<unk> 0 57 5 3.2794861793518066 4.470407485961914 0.399446964263916
mi 0 58 2 1.075863003730774 2.2383463382720947 2.2320611476898193
( 0 59 1 0.0013841401087120175 0.015996353700757027 2.2223499845713377
<unk> 0 60 5 0.00022562358935829252 0.003112449776381254 0.012883903924375772
km 0 61 2 0.13528843224048615 0.4907524585723877 0
) 0 62 1 0.002476487075909972 0.02248566597700119 0.4682667925953865
to 0 63 2 7.130268573760986 3.1910500526428223 0
the 0 64 3 0.22332151234149933 1.1910700798034668 1.9999799728393555
south 0 65 5 2.1558399200439453 2.9652881622314453 0
<unk> 0 66 5 3.9181969165802 1.8672592639923096 1.0980288982391357
southeast 0 67 9 2.2676751613616943 2.728360414505005 0
of 0 68 2 0.36353564262390137 1.506739616394043 1.221620798110962
the 0 69 3 2.4465508460998535 1.7570531368255615 0
<unk> 0 70 5 1.0992552042007446 4.04434871673584 0
<unk> 0 71 5 3.5010054111480713 4.3321075439453125 0
<unk> 0 72 5 3.2144739627838135 3.6331284046173096 0.6989791393280029
on 0 73 2 5.9122490882873535 4.43595552444458 0
<unk> 0 74 5 0.14911043643951416 0.7420833110809326 3.6938722133636475
<unk> 0 75 5 0.025258034467697144 0.1615397185087204 0.5805435925722122
. 0 76 1 0.29900771379470825 1.226538896560669 0
<eos> 0 77 5 0.06394733488559723 0.2718726098537445 0.9546662867069244
<unk> 0 78 5 2.7192437648773193 6.103757858276367 0
depression 0 79 10 17.56846046447754 7.466177940368652 0
was 0 80 3 3.576420545578003 6.933417320251465 0.5327606201171875
quickly 0 81 7 9.192805290222168 7.841134071350098 0
upgraded 0 82 8 4.499272346496582 8.13527774810791 0
to 0 83 2 0.3770959973335266 1.8725725412368774 6.262705206871033
<unk> 0 84 5 7.022378921508789 2.4625020027160645 0
<unk> 0 85 5 1.8344907760620117 5.563767433166504 0
<unk> 0 86 5 2.2046139240264893 4.74067497253418 0.8230924606323242
around 0 87 6 12.389808654785156 5.642618179321289 0
noon 0 88 4 8.841721534729004 2.428067445755005 3.214550733566284
the 0 89 3 5.785467624664307 4.401787757873535 0
same 0 90 4 4.577131271362305 3.1651947498321533 1.2365930080413818
day 0 91 3 0.6664534211158752 1.7400473356246948 1.4251474142074585
. 0 92 1 1.0868587493896484 3.011627674102783 0
<eos> 0 93 5 0.05677909031510353 0.2489011436700821 2.762726530432701
<unk> 0 94 5 2.718034505844116 6.0998616218566895 0
the 0 95 3 9.711068153381348 7.465300559997559 0
next 0 96 4 7.835577964782715 9.072456359863281 0
several 0 97 7 11.083200454711914 4.156798362731934 4.915657997131348
days 0 98 4 4.1501970291137695 7.722815036773682 0
, 0 99 1 1.8625253438949585 6.14888334274292 1.5739316940307617
<unk> 0 100 5 2.754582643508911 7.19561243057251 0
moved 0 101 5 8.310314178466797 7.977680683135986 0
in 0 102 2 5.686995506286621 4.727221965789795 3.2504587173461914
a 0 103 1 3.7010915279388428 5.414731979370117 0
general 0 104 7 8.893730163574219 9.689077377319336 0
west 0 105 4 10.897076606750488 8.201857566833496 1.4872198104858398
<unk> 0 106 5 1.2525591850280762 4.980693340301514 3.2211642265319824
northwest 0 107 9 2.6360278129577637 6.576652526855469 0
direction 0 108 9 1.5478795766830444 5.32275915145874 1.2538933753967285
and 0 109 3 3.866835832595825 4.607550621032715 0.7152085304260254
reached 0 110 7 5.05640983581543 7.607104301452637 0
its 0 111 3 4.106068134307861 3.9117484092712402 3.6953558921813965
peak 0 112 4 0.4058515727519989 2.4522366523742676 1.4595117568969727
intensity 0 113 9 0.2540445029735565 1.3484301567077637 1.103806495666504
early 0 114 5 7.341014862060547 4.280930995941162 0
on 0 115 2 0.4258263409137726 1.4242368936538696 2.8566941022872925
<unk> 0 116 5 0.04794596880674362 0.3143976330757141 1.1098392605781555
<unk> 0 117 5 0.005253093782812357 0.04546605795621872 0.2689315751194954
. 0 118 1 0.4294723868370056 1.9097625017166138 0
<eos> 0 119 5 0.0614900216460228 0.26475584506988525 1.6450066566467285
<unk> 0 120 5 2.719374656677246 6.1037702560424805 0
wind 0 121 4 16.760700225830078 7.469066143035889 0
shear 0 122 5 1.6681643724441528 5.667232036590576 1.8018341064453125
, 0 123 1 3.7386550903320312 7.266510486602783 0
some 0 124 4 10.518950462341309 6.854036331176758 0.4124741554260254
due 0 125 3 9.890522003173828 6.362331867218018 0.49170446395874023
to 0 126 2 0.034319404512643814 0.2924971580505371 6.0698347091674805
the 0 127 3 1.781166434288025 5.908131122589111 0
outflow 0 128 7 8.170726776123047 8.046344757080078 0
of 0 129 2 0.9347986578941345 3.941995143890381 4.104349613189697
<unk> 0 130 5 3.0150787830352783 5.224598407745361 0
<unk> 0 131 5 4.407275676727295 4.378297805786133 0.8463006019592285
, 0 132 1 1.6535745859146118 5.744356632232666 0
and 0 133 3 3.787107467651367 7.269848346710205 0
dry 0 134 3 9.017167091369629 6.486062049865723 0.7837862968444824
air 0 135 3 1.2722878456115723 5.224284648895264 1.261777400970459
caused 0 136 6 5.560406684875488 6.971231937408447 0
the 0 137 3 2.146819591522217 5.848143577575684 1.1230883598327637
storm 0 138 5 3.087449073791504 5.7202043533325195 0.12793922424316406
to 0 139 2 0.07553202658891678 0.5790833234786987 5.141121029853821
weaken 0 140 6 1.6209297180175781 5.263672351837158 0
. 0 141 1 1.6379462480545044 4.461799621582031 0.801872730255127
<eos> 0 142 5 0.055279288440942764 0.24332959949970245 4.218470022082329
<unk> 0 143 5 2.7122490406036377 6.089091777801514 0
<unk> 0 144 5 2.4209418296813965 7.469443321228027 0
<unk> 0 145 5 2.802184820175171 6.237269401550293 1.2321739196777344
, 0 146 1 3.1561899185180664 6.286715984344482 0
the 0 147 3 3.0412392616271973 5.805861949920654 0.4808540344238281
combination 0 148 11 15.294607162475586 8.487306594848633 0
of 0 149 2 0.4438982605934143 3.1051502227783203 5.3821563720703125
wind 0 150 4 9.6734037399292 7.56102180480957 0
shear 0 151 5 1.7559442520141602 4.943370342254639 2.6176514625549316
, 0 152 1 2.1837117671966553 2.7816226482391357 2.161747694015503
dry 0 153 3 10.187548637390137 7.27834415435791 0
air 0 154 3 1.6840155124664307 4.433171272277832 2.845172882080078
, 0 155 1 1.1618238687515259 2.708311080932617 1.7248601913452148
and 0 156 3 0.2916853129863739 2.129058837890625 0.5792522430419922
cooling 0 157 7 9.722501754760742 7.6321539878845215 0
waters 0 158 6 8.6138916015625 7.849025249481201 0
caused 0 159 6 5.585488796234131 6.14299201965332 1.7060332298278809
<unk> 0 160 5 4.3492431640625 5.327394962310791 0.8155970573425293
to 0 161 2 0.3780219852924347 2.3663079738616943 2.9610869884490967
weaken 0 162 6 4.193890571594238 8.072479248046875 0
into 0 163 4 5.444575786590576 5.158743381500244 2.913735866546631
a 0 164 1 0.45422399044036865 1.7985044717788696 3.3602389097213745
tropical 0 165 8 0.9544458985328674 3.827847957611084 0
depression 0 166 10 1.340680480003357 1.8473076820373535 1.9805402755737305
. 0 167 1 1.1947511434555054 3.8961446285247803 0
<eos> 0 168 5 0.06107448413968086 0.26281315088272095 3.6333314776420593
<unk> 0 169 5 2.7213613986968994 6.0901198387146 0
deteriorated 0 170 12 17.28955841064453 7.477466583251953 0
into 0 171 4 4.62327766418457 5.4882073402404785 1.9892592430114746
a 0 172 1 0.5815613865852356 2.606452465057373 2.8817548751831055
remnant 0 173 7 7.638452529907227 8.412432670593262 0
low 0 174 3 0.7009656429290771 3.4439709186553955 4.968461751937866
shortly 0 175 7 9.354530334472656 4.767685413360596 0
after 0 176 5 1.836747169494629 1.8172670602798462 2.9504183530807495
as 0 177 2 13.031440734863281 5.187941074371338 0
convection 0 178 10 6.135077953338623 5.266566753387451 0
continued 0 179 9 4.531435012817383 5.430507183074951 0
to 0 180 2 1.5854130983352661 4.034735679626465 1.3957715034484863
dissipate 0 181 9 6.992685317993164 6.263742446899414 0
around 0 182 6 9.608183860778809 3.272347927093506 2.991394519805908
the 0 183 3 0.8745523691177368 2.3784523010253906 0.8938956260681152
storm 0 184 5 5.719973564147949 4.968264102935791 0
. 0 185 1 1.0518815517425537 3.141230821609497 1.827033281326294
<eos> 0 186 5 0.05924179404973984 0.2563636302947998 2.8848671913146973
<unk> 0 187 5 2.7114109992980957 6.086994171142578 0
low 0 188 3 15.758502006530762 7.462211608886719 0
ultimately 0 189 10 12.557496070861816 7.687046051025391 0
dissipated 0 190 10 8.36079216003418 9.310528755187988 0
while 0 191 5 7.280452251434326 4.714255332946777 4.596273422241211
located 0 192 7 4.456935882568359 6.419418811798096 0
<unk> 0 193 5 3.3618481159210205 4.207759857177734 2.2116589546203613
mi 0 194 2 0.5499978065490723 1.595961570739746 2.6117982864379883
( 0 195 1 0.0018629166297614574 0.02086891233921051 1.5750926584005356
<unk> 0 196 5 0.00017609947826713324 0.002514258027076721 0.01835465431213379
km 0 197 2 0.11770222336053848 0.4477180242538452 0
) 0 198 1 0.003203058149665594 0.028324956074357033 0.4193930681794882
east 0 199 4 2.507941722869873 3.318443775177002 0
of 0 200 2 0.6103018522262573 1.2120826244354248 2.106361150741577
<unk> 0 201 5 0.5443154573440552 1.8635444641113281 0
on 0 202 2 2.7129313945770264 3.5468151569366455 0
<unk> 0 203 5 0.08389998227357864 0.4470195174217224 3.099795639514923
<unk> 0 204 5 0.008351507596671581 0.0665852352976799 0.3804342821240425
. 0 205 1 0.38856247067451477 1.4549477100372314 0
<eos> 0 206 5 0.06330619752407074 0.26950010657310486 1.1854476034641266
<unk> 0 207 5 2.7138588428497314 6.094270706176758 0
, 0 208 1 4.543583393096924 7.474231243133545 0
the 0 209 3 4.01433801651001 5.920656681060791 1.553574562072754
remnant 0 210 7 14.316152572631836 9.109761238098145 0
moisture 0 211 8 8.213768005371094 7.254891395568848 1.8548698425292969
led 0 212 3 10.134864807128906 7.063537120819092 0.19135427474975586
to 0 213 2 0.2967841923236847 1.5430376529693604 5.5204994678497314
minor 0 214 5 8.474292755126953 5.8063859939575195 0
flooding 0 215 8 1.0471678972244263 4.467063903808594 1.3393220901489258
on 0 216 2 5.059250831604004 4.148956775665283 0.31810712814331055
the 0 217 3 0.949352502822876 2.998565673828125 1.1503911018371582
island 0 218 6 1.5171208381652832 5.010774612426758 0
of 0 219 2 3.842759609222412 3.462752342224121 1.5480222702026367
<unk> 0 220 5 0.09941138327121735 0.7271892428398132 2.735563099384308
<unk> 0 221 5 4.5150275230407715 3.2848081588745117 0
. 0 222 1 2.1163125038146973 3.8852524757385254 0
<eos> 0 223 5 0.05884839594364166 0.25524184107780457 3.630010634660721
= 0 224 1 3.738569974899292 6.095496654510498 0
= 0 225 1 0.10141197592020035 0.695113480091095 5.400383174419403
<unk> 0 226 5 5.419553279876709 5.631260871887207 0
history 0 227 7 7.312975883483887 7.084285736083984 0
= 0 228 1 0.1470685601234436 0.896851122379303 6.187434613704681
= 0 229 1 6.328822928480804e-05 0.0010392606491222978 0.8958118617301807
<eos> 0 230 5 20.194311141967773 4.6780500411987305 0
<unk> 0 231 5 0.6492028832435608 3.639251947402954 1.0387980937957764
<unk> 0 232 5 2.2150745391845703 6.5050530433654785 0
<unk> 0 233 5 2.1236844062805176 5.699861526489258 0.8051915168762207
formed 0 234 6 11.413413047790527 5.924361228942871 0
as 0 235 2 6.15528678894043 4.113271236419678 1.8110899925231934
a 0 236 1 0.9385272860527039 3.0792970657348633 1.0339741706848145
tropical 0 237 8 7.713775634765625 9.007031440734863 0
wave 0 238 4 4.884186267852783 3.1920523643493652 5.814979076385498
that 0 239 4 4.979206085205078 4.974424839019775 0
emerged 0 240 7 5.017531871795654 6.960829734802246 0
off 0 241 3 5.961202144622803 4.154085636138916 2.80674409866333
the 0 242 3 0.5655422210693359 2.076655149459839 2.077430486679077
west 0 243 4 3.696655750274658 3.9414443969726562 0
coast 0 244 5 0.13070958852767944 0.6406095027923584 3.300834894180298
of 0 245 2 0.01577284373342991 0.1411835104227066 0.4994259923696518
<unk> 0 246 5 0.5230666399002075 1.855643391609192 0
near 0 247 4 8.363008499145508 2.664856433868408 0
the 0 248 3 1.9408035278320312 1.8556580543518066 0.8091983795166016
end 0 249 3 3.4948196411132812 4.041929244995117 0
of 0 250 2 0.00033016889938153327 0.0041717649437487125 4.0377574800513685
<unk> 0 251 5 0.4610675871372223 1.3638975620269775 0
<unk> 0 252 5 1.1710230112075806 2.294311761856079 0
. 0 253 1 0.7633553743362427 2.2945220470428467 0
<eos> 0 254 5 0.060356367379426956 0.2609727680683136 2.033549278974533
<unk> 0 255 5 2.7142412662506104 6.106753826141357 0
tracked 0 256 7 14.41506576538086 7.470155715942383 0
south 0 257 5 6.430182456970215 6.274692058563232 1.1954636573791504
of 0 258 2 3.528005361557007 3.7958669662475586 2.478825092315674
<unk> 0 259 5 0.9256877303123474 2.3616390228271484 1.4342279434204102
<unk> 0 260 5 4.299777984619141 4.347587585449219 0
and 0 261 3 3.484614849090576 5.023621082305908 0
slowly 0 262 6 8.01600170135498 6.982334136962891 0
developed 0 263 9 5.296586990356445 3.828859329223633 3.153474807739258
, 0 264 1 3.320035457611084 4.72151517868042 0
and 0 265 3 1.715916395187378 5.514659881591797 0
on 0 266 2 4.497574806213379 6.590906143188477 0
<unk> 0 267 5 0.15728016197681427 0.7360900640487671 5.8548160791397095
<unk> 0 268 5 0.00809568352997303 0.06357430666685104 0.672515757381916
the 0 269 3 3.355045795440674 2.9369876384735107 0
disturbance 0 270 11 5.871072292327881 5.360651969909668 0
became 0 271 6 3.1857571601867676 5.226700305938721 0.13395166397094727
<unk> 0 272 5 6.2436347007751465 5.082319736480713 0.1443805694580078
<unk> 0 273 5 2.6393778324127197 6.012284278869629 0
<unk> 0 274 5 2.9850711822509766 5.454888820648193 0.5573954582214355
while 0 275 5 10.407744407653809 5.650040626525879 0
located 0 276 7 1.6607195138931274 5.061682224273682 0.5883584022521973
south 0 277 5 6.191594123840332 3.9974536895751953 1.0642285346984863
<unk> 0 278 5 4.907251358032227 0.4507896602153778 3.5466640293598175
southeast 0 279 9 2.0289411544799805 2.665203094482422 0
of 0 280 2 0.21411705017089844 0.965258777141571 1.6999443173408508
the 0 281 3 2.6921284198760986 1.6874011754989624 0
<unk> 0 282 5 1.3504985570907593 4.284954071044922 0
<unk> 0 283 5 2.9176113605499268 4.234899997711182 0.050054073333740234
islands 0 284 7 4.642223358154297 3.5218913555145264 0.7130086421966553
. 0 285 1 0.36469948291778564 1.6575357913970947 1.8643555641174316
<eos> 0 286 5 0.05738446116447449 0.2506657838821411 1.4068700075149536
<unk> 0 287 5 2.7286877632141113 6.098124980926514 0
the 0 288 3 9.714385986328125 7.465903282165527 0
depression 0 289 10 12.92809772491455 9.06843376159668 0
became 0 290 6 5.051600933074951 6.610293388366699 2.4581403732299805
more 0 291 4 5.1123809814453125 4.630289077758789 1.9800043106079102
organized 0 292 9 2.323812961578369 6.253568649291992 0
, 0 293 1 2.6783008575439453 4.670012474060059 1.5835561752319336
an 0 294 2 10.247686386108398 4.6375956535339355 0.03241682052612305
eye 0 295 3 2.8813490867614746 6.1725754737854 0
<unk> 0 296 5 4.578216552734375 7.096773147583008 0
like 0 297 4 3.4478585720062256 7.583616733551025 0
feature 0 298 7 3.7310853004455566 6.917173385620117 0.6664433479309082
developed 0 299 9 5.766565799713135 5.566291809082031 1.350881576538086
in 0 300 2 2.42280912399292 4.265276908874512 1.3010149002075195
the 0 301 3 1.539808750152588 2.8422889709472656 1.422987937927246
upper 0 302 5 7.479408264160156 5.703371047973633 0
levels 0 303 6 10.277975082397461 1.696282148361206 4.007088899612427
of 0 304 2 0.2995414733886719 1.5817264318466187 0.1145557165145874
the 0 305 3 0.5142859220504761 2.3946542739868164 0
system 0 306 6 4.380434036254883 5.801058769226074 0
. 0 307 1 1.638235092163086 4.054576396942139 1.7464823722839355
<eos> 0 308 5 0.05801451951265335 0.25232312083244324 3.8022532761096954
<unk> 0 309 5 2.7131295204162598 6.091413974761963 0
depression 0 310 10 17.56020164489746 7.460777282714844 0
was 0 311 3 3.578557252883911 6.956396102905273 0.5043811798095703
upgraded 0 312 8 7.427139759063721 7.853618621826172 0
to 0 313 2 0.6645767688751221 2.539383888244629 5.314234733581543
<unk> 0 314 5 7.002118110656738 2.3585116863250732 0.18087220191955566
<unk> 0 315 5 1.8893120288848877 5.529447078704834 0
<unk> 0 316 5 2.2659525871276855 4.176267147064209 1.353179931640625
six 0 317 3 12.753450393676758 5.101347923278809 0
hours 0 318 5 1.1697847843170166 3.414353132247925 1.6869947910308838
after 0 319 5 2.7439212799072266 1.3479362726211548 2.06641685962677
forming 0 320 7 9.38408088684082 3.643155097961426 0
. 0 321 1 3.49784779548645 4.584437370300293 0
<eos> 0 322 5 0.053144022822380066 0.23669350147247314 4.34774386882782
<unk> 0 323 5 2.7117178440093994 6.097269058227539 0
was 0 324 3 3.694239616394043 7.460242748260498 0
located 0 325 7 10.574145317077637 8.559880256652832 0
in 0 326 2 1.5138187408447266 3.954498529434204 4.605381727218628
an 0 327 2 6.08697509765625 3.305760383605957 0.6487381458282471
area 0 328 4 1.9977916479110718 6.607579708099365 0
which 0 329 5 8.080562591552734 3.9217705726623535 2.6858091354370117
was 0 330 3 1.9226875305175781 6.587362766265869 0
supportive 0 331 10 17.62063217163086 8.655288696289062 0
for 0 332 3 8.172687530517578 0.5635023713111877 8.091786324977875
rapid 0 333 5 12.040383338928223 6.869669437408447 0
intensification 0 334 15 2.491701126098633 5.975116729736328 0.8945527076721191
but 0 335 3 8.8170166015625 3.3874568939208984 2.5876598358154297
was 0 336 3 2.8646090030670166 7.235376358032227 0
not 0 337 3 3.188035488128662 8.122429847717285 0
forecast 0 338 8 5.937592506408691 8.469284057617188 0
to 0 339 2 0.2236461639404297 1.3071043491363525 7.162179708480835
intensify 0 340 9 3.728078842163086 6.499671459197998 0
quickly 0 341 7 8.190067291259766 3.967453718185425 2.5322177410125732
. 0 342 1 0.6553915143013 2.4661972522735596 1.5012564659118652
<eos> 0 343 5 0.057026758790016174 0.2502780258655548 2.2159192264080048
<unk> 0 344 5 2.71897554397583 6.088448524475098 0
continued 0 345 9 8.275259017944336 7.475612640380859 0
to 0 346 2 0.8109079599380493 3.706575393676758 3.7690372467041016
intensify 0 347 9 6.622478008270264 8.236608505249023 0
throughout 0 348 10 7.929905414581299 4.752920627593994 3.4836878776550293
the 0 349 3 0.3934163749217987 1.7451972961425781 3.007723331451416
afternoon 0 350 9 6.631505012512207 5.225193500518799 0
as 0 351 2 6.6641998291015625 2.830266237258911 2.3949272632598877
the 0 352 3 3.5130815505981445 2.8848626613616943 0
storm 0 353 5 1.500248670578003 4.51207160949707 0
became 0 354 6 5.578398704528809 5.071290493011475 0
more 0 355 4 4.606574535369873 4.461353778839111 0.6099367141723633
symmetrical 0 356 11 7.979060649871826 6.435585975646973 0
. 0 357 1 1.482749104499817 3.485849618911743 2.9497363567352295
<eos> 0 358 5 0.052362408488988876 0.2355494499206543 3.250300168991089
<unk> 0 359 5 2.717872142791748 6.084508419036865 0
, 0 360 1 4.533249378204346 7.462069988250732 0
due 0 361 3 11.247058868408203 5.916874408721924 1.5451955795288086
to 0 362 2 0.04076395183801651 0.3471404016017914 5.5697340071201324
the 0 363 3 1.6058859825134277 5.1815361976623535 0
location 0 364 8 9.798458099365234 10.181778907775879 0
of 0 365 2 0.23822204768657684 1.6722441911697388 8.50953471660614
the 0 366 3 0.9746670126914978 4.059764862060547 0
storm 0 367 5 7.409521579742432 8.859588623046875 0
, 0 368 1 0.5074326992034912 2.6487300395965576 6.210858583450317
there 0 369 5 11.754925727844238 7.256218910217285 0
was 0 370 3 1.7681467533111572 3.5634238719940186 3.6927950382232666
a 0 371 1 2.530017375946045 3.9855618476867676 0
lack 0 372 4 6.260753154754639 8.963451385498047 0
of 0 373 2 0.004876057617366314 0.052079103887081146 8.911372281610966
accurate 0 374 8 9.92232894897461 9.001596450805664 0
wind 0 375 4 6.723170757293701 7.548836708068848 1.4527597427368164
speed 0 376 5 6.555105209350586 3.752201557159424 3.796635150909424
readings 0 377 8 13.808792114257812 4.415019512176514 0
, 0 378 1 2.7301034927368164 4.55194616317749 0
and 0 379 3 2.1420412063598633 5.899540901184082 0
the 0 380 3 2.0131092071533203 6.7430033683776855 0
<unk> 0 381 5 3.075514793395996 8.381500244140625 0
<unk> 0 382 5 4.238410949707031 8.2888822555542 0.09261798858642578
<unk> 0 383 5 2.235352039337158 7.874558448791504 0.4143238067626953
was 0 384 3 4.948228359222412 8.687725067138672 0
uncertain 0 385 9 11.896024703979492 8.629894256591797 0.057830810546875
of 0 386 2 6.324008464813232 3.805361747741699 4.824532508850098
its 0 387 3 4.1196818351745605 4.3989386558532715 0
actual 0 388 6 8.491716384887695 9.261768341064453 0
intensity 0 389 9 4.226452827453613 8.571045875549316 0.6907224655151367
. 0 390 1 0.437644898891449 1.966450572013855 6.604595303535461
<eos> 0 391 5 0.06934617459774017 0.2885913848876953 1.6778591871261597
<unk> 0 392 5 2.720527410507202 6.085122585296631 0
the 0 393 3 9.718135833740234 7.459551811218262 0
lack 0 394 4 12.836785316467285 9.069823265075684 0
of 0 395 2 0.02428935095667839 0.23326273262500763 8.836560532450676
wind 0 396 4 10.107776641845703 9.97120475769043 0
shear 0 397 5 2.3261423110961914 6.488638401031494 3.4825663566589355
around 0 398 6 9.129698753356934 5.910187244415283 0.5784511566162109
the 0 399 3 0.6465969085693359 2.806504487991333 3.10368275642395
storm 0 400 5 5.771510601043701 6.341326713562012 0
, 0 401 1 2.579719066619873 6.123409271240234 0.21791744232177734
the 0 402 3 5.259119510650635 5.285671710968018 0.8377375602722168
center 0 403 6 6.176403045654297 6.811524868011475 0
became 0 404 6 5.960395812988281 3.9896962642669678 2.821828603744507
slightly 0 405 8 9.226237297058105 6.265020370483398 0
exposed 0 406 7 9.170160293579102 5.314943790435791 0.9500765800476074
and 0 407 3 3.0330886840820312 4.717494964599609 0.5974488258361816
ceased 0 408 6 13.01353931427002 7.915131568908691 0
further 0 409 7 9.513728141784668 2.211538076400757 5.703593492507935
intensification 0 410 15 2.595820665359497 3.731184244155884 0
. 0 411 1 0.7742190957069397 2.92806339263916 0.8031208515167236
<eos> 0 412 5 0.05809712037444115 0.25314992666244507 2.674913465976715
<unk> 0 413 5 2.7305946350097656 6.088881969451904 0
storm 0 414 5 14.695556640625 7.477458953857422 0
was 0 415 3 2.999725580215454 6.896334171295166 0.5811247825622559
also 0 416 4 3.623091220855713 7.665392875671387 0
heading 0 417 7 13.186248779296875 7.4862060546875 0.17918682098388672
into 0 418 4 3.4639713764190674 5.124207973480225 2.3619980812072754
an 0 419 2 5.584881782531738 3.3458776473999023 1.7783303260803223
area 0 420 4 1.327051043510437 4.650561332702637 0
where 0 421 5 6.833192825317383 2.187919855117798 2.462641477584839
shear 0 422 5 12.960042953491211 4.719874382019043 0
was 0 423 3 3.485917806625366 6.898840427398682 0
<unk> 0 424 5 5.987046241760254 8.706796646118164 0
to 0 425 2 4.143521785736084 6.103827953338623 2.602968692779541
significantly 0 426 13 12.900198936462402 4.257744789123535 1.846083164215088
increase 0 427 8 4.271278381347656 7.407437324523926 0
due 0 428 3 7.786774635314941 4.799928665161133 2.607508659362793
to 0 429 2 0.014069520868360996 0.13767990469932556 4.662248760461807
an 0 430 2 5.18629789352417 5.604244709014893 0
upper 0 431 5 4.53853702545166 5.743475914001465 0
<unk> 0 432 5 1.3535172939300537 3.864938259124756 1.878537654876709
level 0 433 5 0.15398907661437988 0.9233337640762329 2.941604495048523
trough 0 434 6 1.1926075220108032 3.3343307971954346 0
diving 0 435 6 23.665769577026367 3.8319268226623535 0
southward 0 436 9 12.148700714111328 6.813869953155518 0
. 0 437 1 0.9344684481620789 3.670186758041382 3.1436831951141357
<eos> 0 438 5 0.06123949587345123 0.2625361979007721 3.4076505601406097
<unk> 0 439 5 2.7241954803466797 6.082400321960449 0
convection 0 440 10 19.255369186401367 7.476154804229736 0
being 0 441 5 12.968151092529297 7.041628837585449 0.4345259666442871
partially 0 442 9 9.082940101623535 8.34774112701416 0
removed 0 443 7 7.730036735534668 8.24360179901123 0.10413932800292969
from 0 444 4 1.4439828395843506 4.014716148376465 4.228885650634766
the 0 445 3 0.4873795807361603 2.792025566101074 1.2226905822753906
center 0 446 6 3.9043540954589844 6.174887180328369 0
of 0 447 2 1.9171249866485596 4.740497589111328 1.434389591217041
<unk> 0 448 5 5.408603668212891 2.4745094776153564 2.2659881114959717
, 0 449 1 1.4329952001571655 4.843294143676758 0
the 0 450 3 4.042334079742432 6.20851993560791 0
storm 0 451 5 3.1048812866210938 6.680718421936035 0
intensified 0 452 11 5.678525924682617 6.576236724853516 0.10448169708251953
slightly 0 453 8 6.199143409729004 2.899512529373169 3.6767241954803467
in 0 454 2 4.326362609863281 4.880783557891846 0
the 0 455 3 1.0116459131240845 3.371433734893799 1.5093498229980469
early 0 456 5 5.41843318939209 5.568002223968506 0
morning 0 457 7 3.0133094787597656 3.277583360671997 2.290418863296509
hours 0 458 5 1.8066350221633911 2.6513493061065674 0.6262340545654297
on 0 459 2 8.127033233642578 2.68536114692688 0
<unk> 0 460 5 0.2795778512954712 1.2529513835906982 1.4324097633361816
<unk> 0 461 5 0.029963534325361252 0.21815596520900726 1.034795418381691
as 0 462 2 5.93753719329834 1.8498238325119019 0
thunderstorm 0 463 12 15.268572807312012 2.5841681957244873 0
activity 0 464 8 0.1855100393295288 1.4274133443832397 1.1567548513412476
to 0 465 2 11.142651557922363 5.102969646453857 0
the 0 466 3 1.3651570081710815 5.226982593536377 0
south 0 467 5 2.5525803565979004 3.9483158588409424 1.2786667346954346
of 0 468 2 1.5860817432403564 3.1322543621063232 0.8160614967346191
the 0 469 3 1.2199349403381348 2.2358474731445312 0.896406888961792
center 0 470 6 4.838128089904785 5.083740234375 0
became 0 471 6 7.066565036773682 2.744169235229492 2.339570999145508
more 0 472 4 3.7244837284088135 6.794447898864746 0
organized 0 473 9 3.6500468254089355 6.506901741027832 0.28754615783691406
. 0 474 1 0.49730780720710754 2.094705581665039 4.412196159362793
<eos> 0 475 5 0.06233473867177963 0.2666856050491333 1.8280199766159058
<unk> 0 476 5 2.727109670639038 6.089181900024414 0
intensification 0 477 15 20.404203414916992 7.465268135070801 0
was 0 478 3 2.570361852645874 6.38530158996582 1.0799665451049805
forecast 0 479 8 7.519040107727051 8.387337684631348 0
to 0 480 2 0.9920454025268555 3.223464012145996 5.163873672485352
be 0 481 2 3.050421714782715 7.169966220855713 0
short 0 482 5 10.693940162658691 8.671732902526855 0
in 0 483 2 6.393665313720703 4.542147636413574 4.129585266113281
duration 0 484 8 8.06860637664795 6.125237941741943 0
as 0 485 2 6.303065299987793 3.2286434173583984 2.896594524383545
the 0 486 3 2.8676815032958984 5.199937343597412 0
trough 0 487 6 8.873918533325195 4.604551792144775 0.5953855514526367
to 0 488 2 8.420328140258789 6.440216541290283 0
the 0 489 3 0.9847451448440552 4.172584056854248 2.267632484436035
north 0 490 5 2.105799674987793 3.6048481464385986 0.5677359104156494
was 0 491 3 4.679284572601318 4.6314544677734375 0
deepening 0 492 9 12.564547538757324 8.430274963378906 0
, 0 493 1 2.5846405029296875 4.734627723693848 3.6956472396850586
causing 0 494 7 5.282531261444092 4.634828567504883 0.09979915618896484
the 0 495 3 2.006924629211426 5.666467189788818 0
wind 0 496 4 9.171064376831055 6.009311199188232 0
shear 0 497 5 1.9925496578216553 3.262732982635498 2.7465782165527344
to 0 498 2 0.6064851880073547 3.202155590057373 0.060577392578125
the 0 499 3 5.298153877258301 6.342727184295654 0
west 0 500 4 4.573603630065918 6.739077091217041 0
to 0 501 2 1.9967159032821655 4.494746685028076 2.244330406188965
become 0 502 6 4.598220348358154 6.251551628112793 0
stronger 0 503 8 6.267782688140869 6.792567729949951 0
. 0 504 1 0.951922595500946 3.4773964881896973 3.315171241760254
<eos> 0 505 5 0.0642169713973999 0.2733139991760254 3.204082489013672
<unk> 0 506 5 2.71201229095459 6.067913055419922 0
reached 0 507 7 10.401273727416992 7.4637837409973145 0
its 0 508 3 5.164816379547119 4.013003349304199 3.4507803916931152
peak 0 509 4 0.6557905673980713 3.3319311141967773 0.6810722351074219
intensity 0 510 9 0.6733133792877197 2.430389881134033 0.9015412330627441
of 0 511 2 2.419952630996704 3.9930505752563477 0
<unk> 0 512 5 0.09495088458061218 0.6789306402206421 3.3141199350357056
mph 0 513 3 0.23649396002292633 0.9302545785903931 0
( 0 514 1 0.003508476074784994 0.0334201455116272 0.8968344330787659
<unk> 0 515 5 0.0005254832794889808 0.007002279162406921 0.026417866349220276
km 0 516 2 0.004958671517670155 0.04150625690817833 0
/ 0 517 1 9.905860497383401e-05 0.0010664141736924648 0.040439842734485865
h 0 518 1 3.302028926555067e-05 0.00041820117621682584 0.000648212997475639
) 0 519 1 0.0019481073832139373 0.016174763441085815 0
around 0 520 6 9.963136672973633 4.096395969390869 0
<unk> 0 521 5 0.3273890018463135 1.3591961860656738 2.7371997833251953
a.m. 0 522 4 8.276758193969727 2.0844967365264893 0
( 0 523 1 5.41038179397583 3.6357860565185547 0
<unk> 0 524 5 0.1283128261566162 1.0294873714447021 2.6062986850738525
) 0 525 1 3.1728789806365967 2.0465028285980225 0
as 0 526 2 5.594195365905762 4.014082431793213 0
it 0 527 2 2.3369140625 3.043076515197754 0.971005916595459
continued 0 528 9 4.856393814086914 5.1781325340271 0
to 0 529 2 0.9313535094261169 3.833881378173828 1.3442511558532715
become 0 530 6 5.846229553222656 5.748711109161377 0
more 0 531 4 4.871646404266357 4.819228172302246 0.9294829368591309
organized 0 532 9 3.315899610519409 6.457622528076172 0
. 0 533 1 1.4263389110565186 3.875847816467285 2.5817747116088867
<eos> 0 534 5 0.057387106120586395 0.2505642771720886 3.6252835392951965
<unk> 0 535 5 2.7317256927490234 6.085176944732666 0
, 0 536 1 4.545017242431641 7.471460342407227 0
there 0 537 5 11.64069652557373 5.918875217437744 1.5525851249694824
were 0 538 4 2.700031280517578 3.181663990020752 2.737211227416992
indications 0 539 11 10.377507209777832 6.9178619384765625 0
that 0 540 4 0.701562762260437 1.741758108139038 5.176103830337524
it 0 541 2 5.897283554077148 5.107252597808838 0
had 0 542 3 2.984424591064453 3.655721426010132 1.451531171798706
already 0 543 7 6.342328071594238 6.072892665863037 0
begun 0 544 5 5.610741138458252 4.714811325073242 1.358081340789795
to 0 545 2 1.5745713710784912 6.3448638916015625 0
weaken 0 546 6 6.636419773101807 8.500303268432617 0
. 0 547 1 3.51747989654541 5.222769260406494 3.277534008026123
<eos> 0 548 5 0.061126742511987686 0.26273173093795776 4.960037529468536
<unk> 0 549 5 2.7172088623046875 6.099565505981445 0
towards 0 550 7 16.672386169433594 7.460052967071533 0
the 0 551 3 1.5557290315628052 4.0586724281311035 3.4013805389404297
north 0 552 5 5.783032417297363 6.41886043548584 0
was 0 553 3 6.50338077545166 4.3801350593566895 2.0387253761291504
becoming 0 554 8 11.496323585510254 8.546536445617676 0
restricted 0 555 10 11.53170108795166 6.444926738739014 2.101609706878662
and 0 556 3 5.993661403656006 2.073793888092041 4.371132850646973
arc 0 557 3 19.316267013549805 8.548952102661133 0
clouds 0 558 6 9.643237113952637 8.946008682250977 0
began 0 559 5 7.277664661407471 6.615479469299316 2.33052921295166
emanating 0 560 9 17.192554473876953 3.9915311336517334 2.623948335647583
from 0 561 4 0.7309014797210693 3.026310920715332 0.9652202129364014
the 0 562 3 0.983099639415741 4.333689212799072 0
storm 0 563 5 6.12917423248291 8.2538480758667 0
, 0 564 1 2.6923813819885254 4.043949127197266 4.209898948669434
a 0 565 1 8.020508766174316 5.815181732177734 0
sign 0 566 4 10.600469589233398 8.999345779418945 0
that 0 567 4 1.4479646682739258 3.780121326446533 5.219224452972412
dry 0 568 3 14.312986373901367 7.3385467529296875 0
air 0 569 3 1.987544298171997 6.617638111114502 0.7209086418151855
was 0 570 3 2.7120866775512695 7.061841011047363 0
entering 0 571 8 9.67915153503418 8.749449729919434 0
the 0 572 3 1.395344853401184 4.904696941375732 3.844752788543701
system 0 573 6 5.189853191375732 6.39122200012207 0
. 0 574 1 0.7632013559341431 3.1291983127593994 3.262023687362671
<eos> 0 575 5 0.06103590875864029 0.2629695236682892 2.8662287890911102
<unk> 0 576 5 2.7176477909088135 6.090240478515625 0
the 0 577 3 9.728625297546387 7.4647536277771 0
afternoon 0 578 9 14.484024047851562 9.062601089477539 0
hours 0 579 5 9.118678092956543 7.517931938171387 1.5446691513061523
, 0 580 1 2.789030075073242 5.425775527954102 2.092156410217285
the 0 581 3 2.7868454456329346 7.062938213348389 0
structure 0 582 9 12.43184757232666 9.413756370544434 0
of 0 583 2 1.5934274196624756 5.267186641693115 4.146569728851318
<unk> 0 584 5 3.007082462310791 3.966629981994629 1.3005566596984863
began 0 585 5 8.977088928222656 6.998068809509277 0
to 0 586 2 1.3300905227661133 5.379626274108887 1.6184425354003906
rapidly 0 587 7 8.987541198730469 8.059209823608398 0
deteriorate 0 588 11 3.4897425174713135 5.665259838104248 2.3939499855041504
as 0 589 2 5.5706610679626465 4.1776509284973145 1.4876089096069336
strong 0 590 6 11.039434432983398 3.5478286743164062 0.6298222541809082
wind 0 591 4 2.7099785804748535 4.403972625732422 0
shear 0 592 5 0.0110702496021986 0.11616545915603638 4.2878071665763855
and 0 593 3 5.123954772949219 6.658838748931885 0
dry 0 594 3 6.6607890129089355 7.613245487213135 0
air 0 595 3 1.0346310138702393 4.529069423675537 3.0841760635375977
took 0 596 4 9.769632339477539 7.298511505126953 0
their 0 597 5 8.051531791687012 5.742892742156982 1.5556187629699707
toll 0 598 4 1.5182421207427979 6.713151931762695 0
. 0 599 1 2.7258121967315674 3.5968148708343506 3.1163370609283447
<eos> 0 600 5 0.06107168272137642 0.2632406949996948 3.3335741758346558
<unk> 0 601 5 2.725076198577881 6.090050220489502 0
the 0 602 3 9.703539848327637 7.462302207946777 0
late 0 603 4 11.729632377624512 9.073434829711914 0
night 0 604 5 6.173342227935791 7.25827169418335 1.8151631355285645
, 0 605 1 3.4366040229797363 7.708208084106445 0
the 0 606 3 4.157302379608154 6.659109115600586 1.0490989685058594
center 0 607 6 11.54031753540039 9.182838439941406 0
was 0 608 3 5.265411376953125 4.4732232093811035 4.709615230560303
almost 0 609 6 9.947879791259766 9.350107192993164 0
completely 0 610 10 3.369584560394287 7.351428031921387 1.9986791610717773
exposed 0 611 7 7.7828049659729 8.85560131072998 0
and 0 612 3 3.7802062034606934 4.3232831954956055 4.532318115234375
only 0 613 4 8.208930015563965 8.08370590209961 0
a 0 614 1 3.933940887451172 7.756929397583008 0.32677650451660156
band 0 615 4 12.265419960021973 5.929647922515869 1.8272814750671387
of 0 616 2 1.8917843103408813 6.746383190155029 0
convection 0 617 10 8.975303649902344 8.776124000549316 0
persisted 0 618 9 5.911523818969727 7.223106861114502 1.5530171394348145
near 0 619 4 6.581027507781982 4.907701015472412 2.31540584564209
the 0 620 3 0.5985931158065796 2.2497148513793945 2.6579861640930176
center 0 621 6 1.3251030445098877 4.540599346160889 0
. 0 622 1 1.4295940399169922 2.8541269302368164 1.6864724159240723
<eos> 0 623 5 0.06276407092809677 0.2687382996082306 2.585388630628586
<unk> 0 624 5 2.7203445434570312 6.091094493865967 0
continuing 0 625 10 18.570127487182617 7.4626145362854 0
effects 0 626 7 15.9345064163208 4.8791937828063965 2.583420753479004
from 0 627 4 4.48505163192749 5.667118549346924 0
the 0 628 3 1.4422919750213623 5.97746467590332 0
strong 0 629 6 13.006834983825684 8.96020793914795 0
wind 0 630 4 5.666685104370117 9.473445892333984 0
shear 0 631 5 1.8886336088180542 6.240119457244873 3.2333264350891113
, 0 632 1 2.643904209136963 6.016282081604004 0.22383737564086914
a 0 633 1 6.137268543243408 6.178646087646484 0
large 0 634 5 6.293013095855713 8.530235290527344 0
, 0 635 1 5.442734718322754 8.068740844726562 0.46149444580078125
deep 0 636 4 6.5053277015686035 7.377457141876221 0.6912837028503418
burst 0 637 5 9.159953117370605 6.532957553863525 0.8444995880126953
of 0 638 2 1.1246317625045776 4.329868793487549 2.2030887603759766
convection 0 639 10 2.4012932777404785 6.663046836853027 0
formed 0 640 6 5.297699928283691 5.661599159240723 1.0014476776123047
in 0 641 2 3.187335252761841 5.487219333648682 0.17437982559204102
the 0 642 3 0.4929627776145935 2.4672019481658936 3.020017385482788
northern 0 643 8 5.516914367675781 5.994941711425781 0
semicircle 0 644 10 3.8406710624694824 4.33863639831543 1.6563053131103516
of 0 645 2 0.3140237629413605 1.4233310222625732 2.9153053760528564
<unk> 0 646 5 3.477970600128174 1.2532694339752197 0.17006158828735352
. 0 647 1 1.6889219284057617 3.775864601135254 0
<eos> 0 648 5 0.05751932039856911 0.25104764103889465 3.5248169600963593
<unk> 0 649 5 2.726604700088501 6.094543933868408 0
center 0 650 6 14.06347370147705 7.469313144683838 0
was 0 651 3 3.3622334003448486 7.343369007110596 0.1259441375732422
found 0 652 5 8.710280418395996 7.894101142883301 0
to 0 653 2 1.518172025680542 4.041741371154785 3.8523597717285156
have 0 654 4 2.318235158920288 2.627889394760132 1.4138519763946533
shifted 0 655 7 13.381600379943848 6.952091693878174 0
towards 0 656 7 7.724025726318359 5.521927356719971 1.4301643371582031
the 0 657 3 1.1233617067337036 4.663172721862793 0.8587546348571777
new 0 658 3 6.852494716644287 8.320432662963867 0
convection 0 659 10 15.25047492980957 7.10625696182251 1.2141757011413574
leading 0 660 7 12.450082778930664 4.531545639038086 2.574711322784424
to 0 661 2 0.20631596446037292 1.3097237348556519 3.221821904182434
an 0 662 2 4.839937210083008 3.623105525970459 0
increase 0 663 8 4.097322940826416 6.472081184387207 0
in 0 664 2 0.4389519691467285 1.9361954927444458 4.535885691642761
intensity 0 665 9 5.731814384460449 5.530562877655029 0
. 0 666 1 1.6769766807556152 3.907813310623169 1.6227495670318604
<eos> 0 667 5 0.05872455611824989 0.2553536593914032 3.6524596512317657
<unk> 0 668 5 2.7155373096466064 6.085061550140381 0
forecast 0 669 8 16.917421340942383 7.4634222984313965 0
showed 0 670 6 13.584962844848633 6.15753173828125 1.3058905601501465
a 0 671 1 3.5185670852661133 4.136943340301514 2.0205883979797363
slight 0 672 6 8.0001220703125 9.18543815612793 0
decrease 0 673 8 4.38958740234375 6.417294025421143 2.768144130706787
in 0 674 2 0.3702828586101532 1.6207531690597534 4.796540856361389
wind 0 675 4 4.788200855255127 5.125234127044678 0
shear 0 676 5 0.0534440241754055 0.3555142879486084 4.769719839096069
as 0 677 2 5.724519729614258 3.6689436435699463 0
<unk> 0 678 5 5.093581199645996 3.8012855052948 0
continued 0 679 9 5.9356303215026855 6.626758575439453 0
westward 0 680 8 5.3293776512146 4.024191856384277 2.602566719055176
and 0 681 3 3.308558225631714 3.911167621612549 0.11302423477172852
no 0 682 2 11.378982543945312 7.29342794418335 0
change 0 683 6 8.945666313171387 7.26563835144043 0.027789592742919922
in 0 684 2 2.6769773960113525 5.057392597198486 2.2082457542419434
intensity 0 685 9 3.2254505157470703 4.555468559265137 0.5019240379333496
over 0 686 4 7.795679092407227 4.945332050323486 0
the 0 687 3 0.7183812260627747 2.734428882598877 2.2109031677246094
<unk> 0 688 5 1.8525586128234863 5.705585479736328 0
<unk> 0 689 5 4.396026611328125 5.112005710601807 0.5935797691345215
day 0 690 3 9.68730354309082 5.226136684417725 0
forecast 0 691 8 9.476168632507324 6.393524169921875 0
was 0 692 3 6.366840362548828 3.265327215194702 3.128196954727173
predicted 0 693 9 8.410832405090332 8.04432201385498 0
. 0 694 1 1.0777506828308105 2.9085216522216797 5.135800361633301
<eos> 0 695 5 0.057439494878053665 0.2514013648033142 2.6571202874183655
<unk> 0 696 5 2.714604377746582 6.082205295562744 0
, 0 697 1 4.5359721183776855 7.472072601318359 0
the 0 698 3 4.010462284088135 5.918410301208496 1.5536623001098633
convection 0 699 10 18.09493637084961 9.101981163024902 0
decreased 0 700 9 7.230746269226074 7.368156433105469 1.7338247299194336
once 0 701 4 9.262289047241211 4.792055130004883 2.576101303100586
more 0 702 4 3.264291286468506 5.122671604156494 0
and 0 703 3 3.905205726623535 3.779379367828369 1.343292236328125
the 0 704 3 2.742982864379883 7.10074520111084 0
low 0 705 3 5.804276943206787 5.791639804840088 1.309105396270752
became 0 706 6 4.617613315582275 6.0263352394104 0
completely 0 707 10 9.941751480102539 6.388998985290527 0
exposed 0 708 7 6.048335552215576 6.774761199951172 0
by 0 709 2 4.830575942993164 3.9725828170776367 2.802178382873535
the 0 710 3 1.3477178812026978 4.7470550537109375 0
late 0 711 4 8.467592239379883 6.218741416931152 0
morning 0 712 7 4.6365861892700195 5.148987770080566 1.069753646850586
hours 0 713 5 2.488752603530884 3.5546884536743164 1.59429931640625
and 0 714 3 6.096978664398193 2.0978684425354004 1.456820011138916
<unk> 0 715 5 2.9751017093658447 7.5101637840271 0
weakened 0 716 8 7.879273891448975 6.75814151763916 0.7520222663879395
again 0 717 5 7.91253662109375 4.248874664306641 2.5092668533325195
. 0 718 1 1.2225708961486816 3.5641064643859863 0.6847681999206543
<eos> 0 719 5 0.05588743835687637 0.244423508644104 3.3196829557418823
<unk> 0 720 5 2.716160535812378 6.078057289123535 0
the 0 721 3 9.730481147766113 7.469128131866455 0
afternoon 0 722 9 14.470812797546387 9.072662353515625 0
, 0 723 1 5.214993000030518 7.522976875305176 1.5496854782104492
the 0 724 3 3.1618432998657227 7.232873439788818 0.2901034355163574
center 0 725 6 11.007882118225098 9.151124954223633 0
of 0 726 2 0.8050205707550049 4.552371978759766 4.598752975463867
<unk> 0 727 5 3.270137071609497 4.996203899383545 0
was 0 728 3 5.459062099456787 6.491233825683594 0
only 0 729 4 8.80446720123291 8.945446968078613 0
a 0 730 1 3.4068565368652344 7.264979362487793 1.6804676055908203
swirl 0 731 5 15.25132942199707 8.581292152404785 0
of 0 732 2 0.14407752454280853 1.04366934299469 7.537622809410095
clouds 0 733 6 3.1949944496154785 8.811848640441895 0
, 0 734 1 1.774951696395874 5.091420650482178 3.720427989959717
devoid 0 735 6 12.7723970413208 5.650605201721191 0
of 0 736 2 0.0019013904966413975 0.023225756362080574 5.627379445359111
convection 0 737 10 3.741943597793579 6.4422430992126465 0
. 0 738 1 1.800933599472046 4.128859519958496 2.3133835792541504
<eos> 0 739 5 0.07034503668546677 0.29203540086746216 3.836824119091034
<unk> 0 740 5 2.710522174835205 6.093770980834961 0
the 0 741 3 9.699119567871094 7.465814113616943 0
overnight 0 742 9 19.25873374938965 9.071843147277832 0
hours 0 743 5 8.800569534301758 10.329449653625488 0
on 0 744 2 6.897834777832031 6.036922454833984 4.292527198791504
<unk> 0 745 5 0.933512270450592 3.6695010662078857 2.3674213886260986
<unk> 0 746 5 0.935516893863678 3.698425769805908 0
into 0 747 4 12.148653984069824 3.5380377769470215 0.16038799285888672
the 0 748 3 1.6756572723388672 3.8187081813812256 0
morning 0 749 7 5.6399946212768555 6.893407344818115 0
of 0 750 2 1.0373554229736328 2.9652042388916016 3.9282031059265137
<unk> 0 751 5 0.16518041491508484 0.8526125550270081 2.1125916838645935
<unk> 0 752 5 0.10886642336845398 0.600325345993042 0.25228720903396606
, 0 753 1 0.6700911521911621 2.323918342590332 0
convection 0 754 10 13.290956497192383 4.728485584259033 0
associated 0 755 10 8.031061172485352 6.185397148132324 0
with 0 756 4 0.013720165938138962 0.1370067447423935 6.048390403389931
<unk> 0 757 5 3.0122196674346924 4.232823848724365 0
began 0 758 5 4.959931373596191 6.805914878845215 0
to 0 759 2 0.48220911622047424 2.854358673095703 3.9515562057495117
redevelop 0 760 9 9.007380485534668 6.843764781951904 0
somewhat 0 761 8 10.992535591125488 4.711076736450195 2.132688045501709
, 0 762 1 2.797271728515625 4.79960823059082 0
mostly 0 763 6 13.4415283203125 5.09779167175293 0
to 0 764 2 5.384143829345703 5.77490758895874 0
the 0 765 3 0.729266881942749 3.716294765472412 2.058612823486328
north 0 766 5 2.2656610012054443 3.0471246242523193 0.6691701412200928
of 0 767 2 0.9467384815216064 2.7076404094696045 0.33948421478271484
the 0 768 3 1.2825613021850586 2.1823337078094482 0.5253067016601562
circulation 0 769 11 7.477533340454102 4.8506364822387695 0
, 0 770 1 3.357893943786621 3.271240234375 1.5793962478637695
due 0 771 3 7.498695373535156 6.21301794052124 0
to 0 772 2 0.03550826385617256 0.2849562168121338 5.9280617237091064
the 0 773 3 1.6960407495498657 4.760818958282471 0
strong 0 774 6 6.003849506378174 7.7750935554504395 0
southerly 0 775 9 9.188911437988281 5.532595157623291 2.2424983978271484
wind 0 776 4 2.7222485542297363 5.746342182159424 0
shear 0 777 5 0.08638764917850494 0.688483715057373 5.057858467102051
. 0 778 1 0.8464022874832153 3.41729736328125 0
<eos> 0 779 5 0.06681463867425919 0.2809889018535614 3.1363084614276886
<unk> 0 780 5 2.711602210998535 6.066835880279541 0
mid 0 781 3 17.228147506713867 7.467549800872803 0
<unk> 0 782 5 0.11214373260736465 1.04530668258667 6.422243118286133
morning 0 783 7 8.40442180633545 5.718036651611328 0
, 0 784 1 3.767350196838379 8.87574291229248 0
<unk> 0 785 5 1.9415122270584106 6.726513862609863 2.149229049682617
re 0 786 2 12.915627479553223 5.816287994384766 0.9102258682250977
<unk> 0 787 5 0.023719841614365578 0.20337563753128052 5.612912356853485
intensified 0 788 11 5.251751899719238 7.274115085601807 0
slightly 0 789 8 6.908783912658691 4.713460445404053 2.560654640197754
due 0 790 3 6.936679363250732 4.915739059448242 0
to 0 791 2 0.022806158289313316 0.19719883799552917 4.718540221452713
the 0 792 3 2.0579376220703125 5.394982814788818 0
redevelopment 0 793 13 14.428237915039062 7.7039008140563965 0
of 0 794 2 0.21615050733089447 1.3367189168930054 6.367181897163391
some 0 795 4 10.421088218688965 3.211296558380127 0
convection 0 796 10 9.293027877807617 7.293738842010498 0
. 0 797 1 2.0963637828826904 4.172740936279297 3.120997905731201
<eos> 0 798 5 0.06660822778940201 0.280098021030426 3.892642915248871
<unk> 0 799 5 2.7064990997314453 6.095641613006592 0
, 0 800 1 4.531744003295898 7.464446067810059 0
the 0 801 3 4.018178939819336 5.924923896789551 1.5395221710205078
redevelopment 0 802 13 19.532039642333984 9.105517387390137 0
was 0 803 3 4.642934322357178 5.867342472076416 3.2381749153137207
short 0 804 5 10.510656356811523 8.391921997070312 0
lived 0 805 5 5.4535393714904785 4.075235843658447 4.316686153411865
and 0 806 3 2.6690497398376465 3.620089054107666 0.45514678955078125
wind 0 807 4 15.107539176940918 8.283295631408691 0
shear 0 808 5 2.8789069652557373 6.95450496673584 1.3287906646728516
again 0 809 5 12.09538459777832 6.559478759765625 0.39502620697021484
took 0 810 4 8.19465160369873 6.925844192504883 0
its 0 811 3 5.0070343017578125 5.269914150238037 1.6559300422668457
toll 0 812 4 0.3876764476299286 2.808990001678467 2.4609241485595703
on 0 813 2 1.1357953548431396 3.779179573059082 0
<unk> 0 814 5 2.512641668319702 4.78338623046875 0
by 0 815 2 8.000463485717773 5.464087963104248 0
late 0 816 4 7.551356315612793 5.368560791015625 0.09552717208862305
morning 0 817 7 6.648043155670166 2.408536672592163 2.960024118423462
. 0 818 1 1.0439951419830322 3.5938117504119873 0
<eos> 0 819 5 0.06270907819271088 0.26876428723335266 3.3250474631786346
<unk> 0 820 5 2.7269060611724854 6.096848964691162 0
convection 0 821 10 19.266199111938477 7.460720062255859 0
around 0 822 6 6.928374767303467 7.036820888519287 0.42389917373657227
the 0 823 3 0.5943142175674438 2.6339759826660156 4.4028449058532715
system 0 824 6 6.2314910888671875 5.76078987121582 0
became 0 825 6 4.581736087799072 6.458563327789307 0
dislocated 0 826 10 10.2557954788208 6.611478805541992 0
from 0 827 4 4.863636493682861 4.810919761657715 1.8005590438842773
the 0 828 3 0.7728460431098938 3.493091583251953 1.3178281784057617
center 0 829 6 2.3027074337005615 6.129449367523193 0
and 0 830 3 3.648662805557251 4.1653242111206055 1.964125156402588
<unk> 0 831 5 4.912590980529785 7.713122844696045 0
weakened 0 832 8 4.92038106918335 7.768562316894531 0
slightly 0 833 8 5.952016830444336 4.3907389640808105 3.3778233528137207
. 0 834 1 1.4199382066726685 4.048069000244141 0.3426699638366699
<eos> 0 835 5 0.05519404634833336 0.24190999567508698 3.8061590045690536
<unk> 0 836 5 2.713418483734131 6.073561668395996 0
weakening 0 837 9 21.20922088623047 7.47003698348999 0
trend 0 838 5 9.40902328491211 6.743941783905029 0.7260951995849609
continued 0 839 9 4.618777275085449 6.615862846374512 0.12807893753051758
through 0 840 7 6.065949440002441 5.0698981285095215 1.5459647178649902
the 0 841 3 0.8881514668464661 3.515540838241577 1.5543572902679443
afternoon 0 842 9 4.890373229980469 6.8694562911987305 0
as 0 843 2 6.817291736602783 3.4003164768218994 3.469139814376831
the 0 844 3 2.850323438644409 3.6513023376464844 0
storm 0 845 5 1.5491549968719482 4.672364711761475 0
was 0 846 3 5.46878719329834 5.279733180999756 0
being 0 847 5 7.995844841003418 7.255730628967285 0
affected 0 848 8 7.9227800369262695 6.974160671234131 0.2815699577331543
by 0 849 2 0.1738785356283188 0.9332714676856995 6.040889203548431
strong 0 850 6 5.719208717346191 5.083538055419922 0
southerly 0 851 9 10.926779747009277 2.2348058223724365 2.8487322330474854
shear 0 852 5 5.824488162994385 2.8046743869781494 0
. 0 853 1 1.3660788536071777 3.634519100189209 0
<eos> 0 854 5 0.06019950658082962 0.25980329513549805 3.374715805053711
<unk> 0 855 5 2.7284469604492188 6.076953411102295 0
became 0 856 6 8.028829574584961 7.473190784454346 0
almost 0 857 6 11.491369247436523 4.895802021026611 2.5773887634277344
fully 0 858 5 8.678791046142578 6.313250541687012 0
devoid 0 859 6 10.714495658874512 7.618710517883301 0
of 0 860 2 0.014520782046020031 0.12900514900684357 7.489705368876457
any 0 861 3 6.287475109100342 7.667691707611084 0
convection 0 862 10 4.93020486831665 9.496402740478516 0
by 0 863 2 8.391837120056152 4.755828857421875 4.740573883056641
mid 0 864 3 5.7896199226379395 5.079629421234131 0
<unk> 0 865 5 0.020736856386065483 0.1814994215965271 4.898129999637604
afternoon 0 866 9 5.7902350425720215 2.6669297218322754 0
and 0 867 3 3.097842216491699 3.4478724002838135 0
the 0 868 3 3.32415509223938 6.638605117797852 0
storm 0 869 5 3.7456650733947754 6.569412708282471 0.06919240951538086
weakened 0 870 8 4.997493743896484 6.05190896987915 0.5175037384033203
to 0 871 2 1.4281494617462158 4.22476053237915 1.8271484375
<unk> 0 872 5 6.655947208404541 1.7966259717941284 2.428134560585022
mph 0 873 3 0.5771656036376953 2.648776054382324 0
( 0 874 1 0.012751543894410133 0.11814693361520767 2.5306291207671165
<unk> 0 875 5 0.0008806263213045895 0.010916127823293209 0.10723080579191446
km 0 876 2 0.020557992160320282 0.1456352323293686 0
/ 0 877 1 7.704617019044235e-05 0.0008581101428717375 0.14477712218649685
h 0 878 1 3.302028926555067e-05 0.000410120323067531 0.0004479898198042065
) 0 879 1 0.0014585352037101984 0.013092953711748123 0
, 0 880 1 3.295171022415161 3.9506585597991943 0
barely 0 881 6 12.311317443847656 5.94183874130249 0
holding 0 882 7 14.861714363098145 6.27161169052124 0
on 0 883 2 6.1104416847229 5.273836135864258 0.9977755546569824
to 0 884 2 5.243975639343262 3.0908069610595703 2.1830291748046875
tropical 0 885 8 6.239343643188477 3.765857219696045 0
storm 0 886 5 0.3076784610748291 1.0358985662460327 2.729958653450012
status 0 887 6 2.511519193649292 1.8974363803863525 0
. 0 888 1 1.1023619174957275 3.631265878677368 0
<eos> 0 889 5 0.06214778125286102 0.2661455571651459 3.3651203215122223
<unk> 0 890 5 2.714517831802368 6.101204872131348 0
regained 0 891 8 12.395650863647461 7.481474876403809 0
a 0 892 1 4.146068096160889 4.8284759521484375 2.652998924255371
small 0 893 5 7.732686519622803 8.621515274047852 0
amount 0 894 6 6.661489486694336 8.393648147583008 0.22786712646484375
of 0 895 2 0.06443441659212112 0.47493836283683777 7.91870978474617
convection 0 896 10 10.375372886657715 8.686952590942383 0
in 0 897 2 3.3192429542541504 5.120983123779297 3.565969467163086
the 0 898 3 0.7869348526000977 3.2067606449127197 1.9142224788665771
late 0 899 4 8.267047882080078 6.587946891784668 0
night 0 900 5 9.809942245483398 4.273354530334473 2.3145923614501953
hours 0 901 5 4.398404121398926 4.451108932495117 0
, 0 902 1 1.2736842632293701 3.5167922973632812 0.9343166351318359
but 0 903 3 3.8916096687316895 5.608099937438965 0
not 0 904 3 8.428454399108887 6.3058366775512695 0
enough 0 905 6 5.569505214691162 7.640202522277832 0
to 0 906 2 0.5718188285827637 3.34024715423584 4.299955368041992
still 0 907 5 13.003426551818848 7.239066123962402 0
be 0 908 2 3.9031999111175537 7.270937919616699 0
classified 0 909 10 3.873063087463379 7.672762393951416 0
a 0 910 1 7.935788631439209 2.556210517883301 5.116551876068115
tropical 0 911 8 0.5593839883804321 1.96514892578125 0.5910615921020508
storm 0 912 5 1.772953987121582 1.6163296699523926 0.3488192558288574
. 0 913 1 0.7856002449989319 2.9406731128692627 0
<eos> 0 914 5 0.06344922631978989 0.2699888348579407 2.670684278011322
<unk> 0 915 5 2.7250170707702637 6.095890522003174 0
to 0 916 2 11.748313903808594 7.48525333404541 0
the 0 917 3 2.722133159637451 5.962793350219727 1.5224599838256836
lack 0 918 4 11.960572242736816 9.328753471374512 0
of 0 919 2 0.008334921672940254 0.0863698273897171 9.242383643984795
convection 0 920 10 10.8309965133667 9.751870155334473 0
, 0 921 1 2.2395882606506348 5.902653694152832 3.8492164611816406
<unk> 0 922 5 4.132708549499512 6.263324737548828 0
was 0 923 3 4.256843090057373 7.698252201080322 0
downgraded 0 924 10 5.34691858291626 8.309281349182129 0
to 0 925 2 0.3201325833797455 1.5626232624053955 6.746658086776733
a 0 926 1 0.3355422019958496 1.3574312925338745 0.205191969871521
<unk> 0 927 5 8.846147537231445 1.9884204864501953 0
<unk> 0 928 5 2.8298659324645996 4.225374698638916 0
at 0 929 2 10.82443904876709 4.375093460083008 0
<unk> 0 930 5 0.6473893523216248 2.323054552078247 2.0520389080047607
( 0 931 1 11.663063049316406 0.7003611922264099 1.6226933598518372
<unk> 0 932 5 0.19756272435188293 1.5303866863250732 0
) 0 933 1 0.8330399394035339 2.2181384563446045 0
with 0 934 4 7.7376203536987305 4.5114426612854 0
winds 0 935 5 2.381868839263916 4.035933971405029 0.4755086898803711
of 0 936 2 0.1830115169286728 1.2780460119247437 2.7578879594802856
<unk> 0 937 5 0.17329512536525726 1.0662473440170288 0.21179866790771484
mph 0 938 3 0.8676153421401978 1.3545794486999512 0
( 0 939 1 0.004276196472346783 0.0413670539855957 1.3132123947143555
<unk> 0 940 5 0.0008751262212172151 0.010919541120529175 0.03044751286506653
km 0 941 2 0.0037011306267231703 0.032880790531635284 0
/ 0 942 1 0.00014308246318250895 0.0015045793261379004 0.031376211205497384
h 0 943 1 3.302028926555067e-05 0.00041940470691770315 0.0010851746192201972
) 0 944 1 0.0029058142099529505 0.023635925725102425 0
. 0 945 1 1.4106788635253906 3.3674721717834473 0
<eos> 0 946 5 0.06009211763739586 0.25975245237350464 3.1077197194099426
<unk> 0 947 5 2.706171751022339 6.098217487335205 0
there 0 948 5 14.643989562988281 7.4578142166137695 0
was 0 949 3 2.431570529937744 3.9585869312286377 3.499227285385132
no 0 950 2 3.5788352489471436 4.9202752113342285 0
convection 0 951 10 15.06307601928711 10.057991027832031 0
around 0 952 6 6.563325881958008 6.213594436645508 3.8443965911865234
the 0 953 3 0.548354983329773 2.572948455810547 3.640645980834961
system 0 954 6 5.320176124572754 6.0314717292785645 0
, 0 955 1 1.5269473791122437 4.496523857116699 1.5349478721618652
it 0 956 2 10.370861053466797 4.520652770996094 0
would 0 957 5 5.723466873168945 5.513461112976074 0
have 0 958 4 1.947559118270874 5.538035869598389 0
normally 0 959 8 15.521391868591309 6.877077102661133 0
been 0 960 4 1.966328501701355 6.6326799392700195 0.24439716339111328
classified 0 961 10 5.210446834564209 8.090862274169922 0
a 0 962 1 7.608538627624512 2.6266772747039795 5.464184999465942
remnant 0 963 7 8.929281234741211 3.8767290115356445 0
low 0 964 3 0.3973708152770996 2.1457977294921875 1.730931282043457
but 0 965 3 11.01785659790039 4.400493621826172 0
, 0 966 1 7.085678577423096 7.584513187408447 0
due 0 967 3 4.554942607879639 6.154711723327637 1.4298014640808105
to 0 968 2 0.022759435698390007 0.2093351036310196 5.945376619696617
the 0 969 3 1.4718687534332275 4.882420063018799 0
possibility 0 970 11 7.58042573928833 7.9299798011779785 0
of 0 971 2 0.24594621360301971 1.0061441659927368 6.923835635185242
the 0 972 3 3.9315178394317627 7.336153984069824 0
storm 0 973 5 2.936828136444092 7.211913585662842 0.12424039840698242
regenerating 0 974 12 19.208616256713867 2.748429775238037 4.463483810424805
over 0 975 4 5.348762035369873 5.041072368621826 0
the 0 976 3 0.9912281632423401 3.8886494636535645 1.1524229049682617
next 0 977 4 6.774413108825684 6.147571563720703 0
several 0 978 7 4.582071781158447 3.718175172805786 2.429396390914917
days 0 979 4 0.6210720539093018 1.7937904596328735 1.9243847131729126
, 0 980 1 0.34793612360954285 1.8425105810165405 0
it 0 981 2 2.4900307655334473 4.96974515914917 0
was 0 982 3 2.101036310195923 5.724781036376953 0
considered 0 983 10 5.865274429321289 7.469538688659668 0
a 0 984 1 1.7782373428344727 5.300389289855957 2.169149398803711
tropical 0 985 8 1.911250114440918 6.119271278381348 0
depression 0 986 10 0.9367908835411072 1.7255454063415527 4.393725872039795
. 0 987 1 0.9472227096557617 3.521578788757324 0
<eos> 0 988 5 0.05833382532000542 0.25358811020851135 3.267990678548813
<unk> 0 989 5 2.725627899169922 6.095962047576904 0
next 0 990 4 12.183615684509277 7.481911659240723 0
morning 0 991 7 13.21777629852295 8.236959457397461 0
, 0 992 1 2.287388324737549 6.787190914154053 1.4497685432434082
<unk> 0 993 5 1.7690616846084595 5.4579854011535645 1.3292055130004883
was 0 994 3 3.729870319366455 8.388635635375977 0
downgraded 0 995 10 10.36807632446289 9.055051803588867 0
to 0 996 2 0.3014071583747864 1.5010319948196411 7.554019808769226
a 0 997 1 0.3444606363773346 1.4716315269470215 0.02940046787261963
remnant 0 998 7 7.146118640899658 2.358686923980713 0
low 0 999 3 0.5166826248168945 2.4155383110046387 0
as 0 1000 2 5.619599342346191 4.846497058868408 0
strong 0 1001 6 9.607671737670898 3.488100290298462 1.3583967685699463
wind 0 1002 4 3.5660946369171143 3.290196657180786 0.19790363311767578
shear 0 1003 5 0.01855490356683731 0.17260116338729858 3.1175954937934875
and 0 1004 3 5.2935709953308105 6.506896018981934 0
dry 0 1005 3 6.487599849700928 7.261996269226074 0
air 0 1006 3 0.8494237065315247 4.07749080657959 3.1845054626464844
caused 0 1007 6 6.5927815437316895 7.0005621910095215 0
the 0 1008 3 2.175612211227417 5.583465576171875 1.4170966148376465
demise 0 1009 6 13.047122955322266 5.280092239379883 0.3033733367919922
of 0 1010 2 0.01497768796980381 0.12477762997150421 5.155314609408379
the 0 1011 3 1.5484905242919922 4.186110496520996 0
storm 0 1012 5 2.5907809734344482 5.585514068603516 0
. 0 1013 1 1.1929707527160645 3.7282276153564453 1.8572864532470703
<eos> 0 1014 5 0.05795669928193092 0.2527365982532501 3.475491017103195
<unk> 0 1015 5 2.7319679260253906 6.078728675842285 0
redevelopment 0 1016 13 20.406736373901367 7.478846549987793 0
was 0 1017 3 2.523303508758545 7.116842269897461 0.36200428009033203
expected 0 1018 8 7.724588394165039 7.73874568939209 0
with 0 1019 4 8.849531173706055 2.731106996536255 5.007638692855835
<unk> 0 1020 5 2.454052209854126 5.12044095993042 0
as 0 1021 2 6.827195167541504 6.50754976272583 0
it 0 1022 2 7.321650981903076 5.552616596221924 0.9549331665039062
began 0 1023 5 6.198397636413574 5.2170891761779785 0.3355274200439453
to 0 1024 2 1.4839378595352173 5.310697555541992 0
move 0 1025 4 6.2772016525268555 7.813348770141602 0
over 0 1026 4 5.346482276916504 5.993567943572998 1.8197808265686035
colder 0 1027 6 12.70303726196289 4.507273197174072 1.4862947463989258
waters 0 1028 6 2.442713499069214 6.22984504699707 0
and 0 1029 3 2.7991950511932373 4.311610221862793 1.9182348251342773
remain 0 1030 6 9.912362098693848 9.230362892150879 0
under 0 1031 5 7.304145812988281 7.5719709396362305 1.6583919525146484
strong 0 1032 6 9.467497825622559 5.222888469696045 2.3490824699401855
wind 0 1033 4 2.8991596698760986 4.770544052124023 0.4523444175720215
shear 0 1034 5 0.06257157027721405 0.40357327461242676 4.366970777511597
until 0 1035 5 6.9666595458984375 2.768289804458618 0
it 0 1036 2 3.0346572399139404 4.551811695098877 0
dissipated 0 1037 10 3.380281925201416 4.924361705780029 0
. 0 1038 1 1.7096918821334839 3.572483777999878 1.3518779277801514
<eos> 0 1039 5 0.05163330212235451 0.2318325936794281 3.34065118432045
<unk> 0 1040 5 2.7077596187591553 6.085387229919434 0
, 0 1041 1 4.55224609375 7.480907917022705 0
the 0 1042 3 4.014254093170166 5.91790771484375 1.563000202178955
remnant 0 1043 7 14.302828788757324 9.098359107971191 0
low 0 1044 3 3.3933401107788086 7.251715183258057 1.8466439247131348
associated 0 1045 10 11.2413969039917 5.191294193267822 2.0604209899902344
with 0 1046 4 0.15818268060684204 1.2509140968322754 3.940380096435547
<unk> 0 1047 5 2.881993055343628 4.7708821296691895 0
began 0 1048 5 12.081269264221191 4.54337739944458 0.22750473022460938
to 0 1049 2 0.4886811077594757 2.8193764686584473 1.7240009307861328
show 0 1050 4 11.332052230834961 5.602438926696777 0
signs 0 1051 5 1.3120818138122559 5.128633499145508 0.47380542755126953
of 0 1052 2 0.4716011881828308 2.3870387077331543 2.7415947914123535
redevelopment 0 1053 13 12.647411346435547 8.418566703796387 0
during 0 1054 6 6.235745429992676 4.181473731994629 4.237092971801758
the 0 1055 3 0.5466406345367432 2.5964367389678955 1.5850369930267334
afternoon 0 1056 9 7.113247871398926 6.827375411987305 0
on 0 1057 2 6.652191162109375 3.2309410572052 3.5964343547821045
<unk> 0 1058 5 0.3349369168281555 1.6024211645126343 1.628519892692566
<unk> 0 1059 5 0.11607596278190613 0.6897139549255371 0.9127072095870972
. 0 1060 1 0.9363148808479309 2.334754467010498 0
<eos> 0 1061 5 0.06412895768880844 0.2724720239639282 2.06228244304657
<unk> 0 1062 5 2.715282678604126 6.105790615081787 0
around 0 1063 6 16.47835922241211 7.461370468139648 0
the 0 1064 3 1.7211928367614746 3.806548833847046 3.6548216342926025
system 0 1065 6 11.619210243225098 9.023111343383789 0
increased 0 1066 9 9.618816375732422 6.861291885375977 2.1618194580078125
significantly 0 1067 13 6.225993633270264 6.08269739151001 0.7785944938659668
and 0 1068 3 3.629326581954956 4.695186138153076 1.3875112533569336
the 0 1069 3 3.3674161434173584 7.578657627105713 0
low 0 1070 3 6.540493488311768 6.444981575012207 1.1336760520935059
was 0 1071 3 4.711376667022705 6.53228235244751 0
no 0 1072 2 10.580366134643555 6.8402791023254395 0
longer 0 1073 6 0.033356454223394394 0.26986974477767944 6.57040935754776
exposed 0 1074 7 6.303596019744873 7.656576156616211 0
. 0 1075 1 2.541292667388916 3.2407772541046143 4.415798902511597
<eos> 0 1076 5 0.05082977935671806 0.22947807610034943 3.011299178004265
<unk> 0 1077 5 2.716609001159668 6.083391189575195 0
<unk> 0 1078 5 2.42411470413208 7.466941833496094 0
<unk> 0 1079 5 2.806835412979126 6.238509654998779 1.2284321784973145
, 0 1080 1 3.1523540019989014 6.284090518951416 0
wind 0 1081 4 16.796791076660156 5.797605514526367 0.48648500442504883
shear 0 1082 5 2.3026235103607178 6.739169120788574 0
took 0 1083 4 10.238921165466309 6.3657732009887695 0.3733959197998047
over 0 1084 4 3.1057796478271484 6.017275333404541 0.3484978675842285
the 0 1085 3 1.2685164213180542 4.722580432891846 1.2946949005126953
system 0 1086 6 4.510707378387451 8.390158653259277 0
again 0 1087 5 8.7660551071167 5.012592792510986 3.377565860748291
. 0 1088 1 2.6447298526763916 3.6594269275665283 1.353165864944458
<eos> 0 1089 5 0.055485840886831284 0.24436324834823608 3.4150636792182922
<unk> 0 1090 5 2.7168209552764893 6.09323263168335 0
around 0 1091 6 16.501623153686523 7.463281631469727 0
the 0 1092 3 1.719666838645935 3.8092987537384033 3.6539828777313232
remnant 0 1093 7 17.208587646484375 9.005263328552246 0
low 0 1094 3 4.445765495300293 6.470415115356445 2.534848213195801
was 0 1095 3 4.502847194671631 5.76680326461792 0.7036118507385254
torn 0 1096 4 12.579829216003418 8.103687286376953 0
away 0 1097 4 4.378939628601074 4.549925327301025 3.5537619590759277
and 0 1098 3 3.4033827781677246 4.276839256286621 0.2730860710144043
the 0 1099 3 3.003917694091797 7.605929851531982 0
low 0 1100 3 6.952507495880127 6.266448020935059 1.3394818305969238
was 0 1101 3 3.793015480041504 6.563155174255371 0
exposed 0 1102 7 7.033676624298096 7.096593856811523 0
once 0 1103 4 11.026755332946777 3.2858638763427734 3.81072998046875
more 0 1104 4 1.7755777835845947 4.101548671722412 0
. 0 1105 1 1.6229603290557861 4.8458967208862305 0
<eos> 0 1106 5 0.0631328672170639 0.2701694071292877 4.575727313756943
<unk> 0 1107 5 2.7189810276031494 6.0795578956604 0
<unk> 0 1108 5 2.4231200218200684 7.460502624511719 0
<unk> 0 1109 5 2.8067774772644043 6.247505187988281 1.2129974365234375
<unk> 0 1110 5 1.915452003479004 6.3003034591674805 0
did 0 1111 3 11.456865310668945 3.9689393043518066 2.331364154815674
not 0 1112 3 0.7569176554679871 4.159759998321533 0
state 0 1113 5 10.391132354736328 8.371759414672852 0
the 0 1114 3 2.254546642303467 5.333941459655762 3.03781795501709
chance 0 1115 6 11.50378704071045 10.39976692199707 0
of 0 1116 2 1.7119812965393066 3.2299132347106934 7.169853687286377
regeneration 0 1117 12 16.74797248840332 8.532785415649414 0
once 0 1118 4 12.377467155456543 4.508419990539551 4.024365425109863
the 0 1119 3 2.7566659450531006 5.7665300369262695 0
low 0 1120 3 11.081802368164062 9.630383491516113 0
became 0 1121 6 8.759958267211914 7.4966630935668945 2.1337203979492188
exposed 0 1122 7 7.195352554321289 7.259479999542236 0.2371830940246582
. 0 1123 1 1.9356192350387573 3.994600534439087 3.2648794651031494
<eos> 0 1124 5 0.05722479522228241 0.2500964105129242 3.7445041239261627
<unk> 0 1125 5 2.7068183422088623 6.089299201965332 0
, 0 1126 1 4.51882791519165 7.45130729675293 0
on 0 1127 2 6.78627872467041 5.923844814300537 1.5274624824523926
<unk> 0 1128 5 2.819575786590576 4.266272068023682 1.6575727462768555
<unk> 0 1129 5 0.9084398746490479 3.024916410446167 1.2413556575775146
, 0 1130 1 0.69912189245224 1.7546217441558838 1.2702946662902832
wind 0 1131 4 18.45115852355957 4.196823596954346 0
shear 0 1132 5 4.511413097381592 5.654036521911621 0
and 0 1133 3 2.725872755050659 5.311175346374512 0.3428611755371094
dry 0 1134 3 6.410346508026123 7.444583892822266 0
air 0 1135 3 0.7939159274101257 3.9841644763946533 3.4604194164276123
led 0 1136 3 9.000622749328613 6.661867618560791 0
to 0 1137 2 0.11137879639863968 0.7819432616233826 5.8799243569374084
the 0 1138 3 1.8966591358184814 4.967747211456299 0
remnants 0 1139 8 7.885214805603027 6.448772430419922 0
of 0 1140 2 0.030764279887080193 0.2785583436489105 6.170214086771011
<unk> 0 1141 5 2.49235463142395 4.237616539001465 0
deteriorating 0 1142 13 16.694433212280273 6.17678165435791 0
into 0 1143 4 6.066484451293945 6.195388317108154 0
an 0 1144 2 4.3242645263671875 4.2334136962890625 1.9619746208190918
open 0 1145 4 5.894662857055664 4.921851634979248 0
wave 0 1146 4 8.414546966552734 5.27768611907959 0
. 0 1147 1 2.151409387588501 4.466385364532471 0.8113007545471191
<eos> 0 1148 5 0.06327591091394424 0.270004540681839 4.196380823850632
<unk> 0 1149 5 2.7239203453063965 6.092668533325195 0
, 0 1150 1 4.536515712738037 7.464393615722656 0
on 0 1151 2 6.797036647796631 5.925010681152344 1.5393829345703125
<unk> 0 1152 5 2.824993848800659 4.2697954177856445 1.6552152633666992
<unk> 0 1153 5 0.9133559465408325 3.0217676162719727 1.2480278015136719
, 0 1154 1 0.7015984654426575 1.7550925016403198 1.2666751146316528
the 0 1155 3 7.155285835266113 4.211173057556152 0
remnants 0 1156 8 12.971626281738281 8.389683723449707 0
of 0 1157 2 0.142555832862854 1.1019352674484253 7.287748456001282
<unk> 0 1158 5 1.2661693096160889 2.465918779373169 0
redeveloped 0 1159 11 14.906509399414062 5.994175434112549 0
and 0 1160 3 4.992137432098389 5.4460768699646 0.5480985641479492
global 0 1161 6 19.169519424438477 8.288043975830078 0
models 0 1162 6 11.025385856628418 8.2406644821167 0.047379493713378906
picked 0 1163 6 13.63820743560791 6.3558831214904785 1.8847813606262207
up 0 1164 2 0.2233104705810547 1.3731590509414673 4.982724070549011
on 0 1165 2 6.520641326904297 6.626779079437256 0
the 0 1166 3 1.8786187171936035 4.603376388549805 2.023402690887451
reformed 0 1167 8 18.475297927856445 7.8592209815979 0
system 0 1168 6 7.775484085083008 8.399473190307617 0
. 0 1169 1 1.8732900619506836 4.130714416503906 4.268758773803711
<eos> 0 1170 5 0.061044152826070786 0.2624807059764862 3.86823371052742
<unk> 0 1171 5 2.7137625217437744 6.100562572479248 0
more 0 1172 4 14.269855499267578 7.454829216003418 0
, 0 1173 1 5.71210241317749 8.44808578491211 0
the 0 1174 3 4.391131401062012 7.464341640472412 0.9837441444396973
chance 0 1175 6 14.447233200073242 9.136955261230469 0
of 0 1176 2 2.319213628768921 2.949951410293579 6.18700385093689
regeneration 0 1177 12 14.545106887817383 8.667587280273438 0
was 0 1178 3 6.894737720489502 4.917681694030762 3.749905586242676
possible 0 1179 8 8.368245124816895 8.343326568603516 0
as 0 1180 2 5.617803573608398 3.682513952255249 4.660812616348267
the 0 1181 3 2.2652111053466797 5.556672096252441 0
remnants 0 1182 8 11.92944049835205 9.967059135437012 0
of 0 1183 2 0.4376917779445648 2.4878079891204834 7.479251146316528
<unk> 0 1184 5 1.5949642658233643 3.3543155193328857 0
headed 0 1185 6 11.234291076660156 7.235654830932617 0
towards 0 1186 7 4.000375747680664 5.994844436645508 1.2408103942871094
the 0 1187 3 0.8774225115776062 2.4147801399230957 3.580064296722412
<unk> 0 1188 5 2.9180915355682373 5.164858818054199 0
. 0 1189 1 3.7209534645080566 6.601556777954102 0
<eos> 0 1190 5 0.06031777337193489 0.26077914237976074 6.340777635574341
<unk> 0 1191 5 2.7182960510253906 6.101566791534424 0
, 0 1192 1 4.527926445007324 7.45639705657959 0
on 0 1193 2 6.8003411293029785 5.92229700088501 1.53410005569458
<unk> 0 1194 5 2.8251726627349854 4.272592544555664 1.6497044563293457
<unk> 0 1195 5 0.9099491834640503 3.0295047760009766 1.2430877685546875
, 0 1196 1 0.7016286849975586 1.7548794746398926 1.274625301361084
dry 0 1197 3 20.650907516479492 4.164458751678467 0
air 0 1198 3 4.848105430603027 5.229184150695801 0
and 0 1199 3 3.3929054737091064 5.670654296875 0
wind 0 1200 4 7.620556831359863 7.1044464111328125 0
shear 0 1201 5 1.0497655868530273 2.957641363143921 4.146805047988892
caused 0 1202 6 5.3815999031066895 6.431236743927002 0
the 0 1203 3 2.0867137908935547 5.635114669799805 0.7961220741271973
remnants 0 1204 8 8.254718780517578 5.782385349273682 0
to 0 1205 2 3.2042431831359863 0.8134167790412903 4.968968570232391
dissipate 0 1206 9 4.387074947357178 6.273327350616455 0
entirely 0 1207 8 12.404747009277344 5.187089443206787 1.086237907409668
. 0 1208 1 2.2470126152038574 4.834667682647705 0.35242176055908203
<eos> 0 1209 5 0.054393332451581955 0.24152527749538422 4.593142405152321
= 0 1210 1 3.759943962097168 6.090885162353516 0
= 0 1211 1 0.10175595432519913 0.698303759098053 5.392581403255463
<unk> 0 1212 5 5.424307823181152 5.644076347351074 0
= 0 1213 1 1.927416443824768 7.081822872161865 0
= 0 1214 1 0.0011502772103995085 0.01531652919948101 7.066506342962384
<eos> 0 1215 5 19.589412689208984 4.844776153564453 0
<unk> 0 1216 5 0.8005062341690063 4.3500590324401855 0.4947171211242676
<unk> 0 1217 5 2.426555633544922 6.623627662658691 0
passed 0 1218 6 13.74056625366211 5.794314384460449 0.8293132781982422
to 0 1219 2 4.7577691078186035 5.19047737121582 0.6038370132446289
the 0 1220 3 1.5076522827148438 3.3401646614074707 1.8503127098083496
south 0 1221 5 6.525408744812012 6.486959934234619 0
of 0 1222 2 3.1605374813079834 3.4727728366851807 3.0141870975494385
the 0 1223 3 1.5078448057174683 2.139863967895508 1.3329088687896729
<unk> 0 1224 5 1.1981852054595947 5.92256498336792 0
<unk> 0 1225 5 3.2558488845825195 7.028051853179932 0
islands 0 1226 7 8.791714668273926 6.236811637878418 0.7912402153015137
on 0 1227 2 3.4228289127349854 4.26601505279541 1.9707965850830078
<unk> 0 1228 5 0.2536729574203491 1.1517648696899414 3.1142501831054688
<unk> 0 1229 5 0.16891171038150787 0.7578852772712708 0.39387959241867065
, 0 1230 1 1.5806279182434082 2.642920970916748 0
outer 0 1231 5 18.172006607055664 4.913064956665039 0
rain 0 1232 4 14.549832344055176 4.078246116638184 0.8348188400268555
bands 0 1233 5 13.743692398071289 4.515467643737793 0
produced 0 1234 8 10.298478126525879 4.738400459289551 0
minor 0 1235 5 11.307809829711914 4.309627056121826 0.4287734031677246
rainfall 0 1236 8 3.331766128540039 6.242457389831543 0
, 0 1237 1 2.8634862899780273 4.320357799530029 1.9220995903015137
totaling 0 1238 8 7.890800476074219 6.381658554077148 0
around 0 1239 6 6.802623748779297 3.781054735183716 2.6006038188934326
<unk> 0 1240 5 0.20456860959529877 0.9567057490348816 2.8243489861488342
<unk> 0 1241 5 0.4629746079444885 1.9739315509796143 0
<eos> 0 1242 5 0.38884857296943665 1.2538998126983643 0.72003173828125
@ 0 1243 1 2.751719648586004e-06 2.8548836780828424e-05 1.2538712638615834
<unk> 0 1244 5 0.00015133678971324116 0.0021940332371741533 0
inches 0 1245 6 1.2413569688796997 2.5088040828704834 0
( 0 1246 1 0.004834920633584261 0.046713706105947495 2.462090376764536
<unk> 0 1247 5 0.0006989401299506426 0.008632245473563671 0.03808146063238382
mm 0 1248 2 0.1338079273700714 0.5532976388931274 0
) 0 1249 1 0.0009658751077950001 0.010397830978035927 0.5428998079150915
. 0 1250 1 1.6415729522705078 3.3607301712036133 0
<eos> 0 1251 5 0.06207051873207092 0.2660783529281616 3.0946518182754517
<unk> 0 1252 5 2.698256492614746 6.1082329750061035 0
were 0 1253 4 8.275017738342285 7.4492316246032715 0
no 0 1254 2 9.783936500549316 9.181159973144531 0
reports 0 1255 7 18.602073669433594 1.8504693508148193 7.330690622329712
of 0 1256 2 0.421690434217453 2.196946620941162 0
damage 0 1257 6 5.819510459899902 7.6118669509887695 0
or 0 1258 2 5.723392963409424 4.640644550323486 2.971222400665283
flooding 0 1259 8 8.817231178283691 8.281950950622559 0
from 0 1260 4 5.0816802978515625 4.6248273849487305 3.657123565673828
the 0 1261 3 1.343071699142456 4.669122219085693 0
rain 0 1262 4 11.410221099853516 6.067587852478027 0
and 0 1263 3 3.6673402786254883 3.9231724739074707 2.1444153785705566
overall 0 1264 7 12.739126205444336 8.075841903686523 0
effects 0 1265 7 6.836698532104492 6.973935604095459 1.1019062995910645
were 0 1266 4 2.8058021068573 5.192215919494629 1.78171968460083
minor 0 1267 5 7.390141487121582 7.968520164489746 0
. 0 1268 1 0.8334472179412842 3.236971139907837 4.731549024581909
<eos> 0 1269 5 0.058688726276159286 0.2546742856502533 2.9822968542575836
<unk> 0 1270 5 2.7252535820007324 6.086776256561279 0
days 0 1271 4 14.185803413391113 7.462669849395752 0
after 0 1272 5 3.2218830585479736 6.075861930847168 1.386807918548584
the 0 1273 3 1.453049659729004 4.73286247253418 1.3429994583129883
low 0 1274 3 12.324271202087402 8.51619815826416 0
dissipated 0 1275 10 9.147106170654297 5.94433069229126 2.5718674659729004
, 0 1276 1 0.7270407676696777 2.989875316619873 2.9544553756713867
the 0 1277 3 1.2388198375701904 3.6304187774658203 0
remnant 0 1278 7 10.483367919921875 5.953158855438232 0
moisture 0 1279 8 4.805606842041016 3.679630994796753 2.2735278606414795
from 0 1280 4 6.802431106567383 6.230233669281006 0
<unk> 0 1281 5 1.6338021755218506 2.441129684448242 3.7891039848327637
brought 0 1282 7 6.1426215171813965 6.2110276222229 0
showers 0 1283 7 9.080037117004395 6.208041191101074 0.002986431121826172
and 0 1284 3 1.0185747146606445 3.146594524383545 3.0614466667175293
thunderstorms 0 1285 13 0.5366271734237671 3.1418631076812744 0.004731416702270508
to 0 1286 2 1.280219554901123 4.106966972351074 0
<unk> 0 1287 5 2.6510066986083984 3.5263075828552246 0.5806593894958496
<unk> 0 1288 5 4.381475448608398 3.9024267196655273 0
where 0 1289 5 7.944993019104004 4.2076497077941895 0
up 0 1290 2 11.388307571411133 4.303414344787598 0
to 0 1291 2 0.7155454158782959 3.2432475090026855 1.060166835784912
<unk> 0 1292 5 0.48323261737823486 2.3048930168151855 0.9383544921875
in 0 1293 2 6.424470901489258 4.592708110809326 0
( 0 1294 1 0.12311479449272156 0.8225462436676025 3.7701618671417236
<unk> 0 1295 5 0.0052311597391963005 0.06275764852762222 0.7597885951399803
<unk> 0 1296 5 4.376333713531494 0.6732670068740845 0
<eos> 0 1297 5 0.8002063632011414 1.8745752573013306 0
@ 0 1298 1 0.0 2.751719648586004e-06 1.874572505581682
<unk> 0 1299 5 3.852359805023298e-05 0.0005849663866683841 0
mm 0 1300 2 0.31153908371925354 0.8188390135765076 0
) 0 1301 1 0.00014308246318250895 0.001890913350507617 0.816948100226
of 0 1302 2 2.092613458633423 4.593796253204346 0
rain 0 1303 4 0.9062247276306152 1.5931165218353271 3.0006797313690186
fell 0 1304 4 0.7140388488769531 2.4166550636291504 0
. 0 1305 1 2.065979480743408 4.006172180175781 0
<eos> 0 1306 5 0.07038352638483047 0.29168179631233215 3.714490383863449
<unk> 0 1307 5 2.7309772968292236 6.082727909088135 0
heavy 0 1308 5 15.796843528747559 7.461730003356934 0
rains 0 1309 5 4.23206090927124 7.8464250564575195 0
led 0 1310 3 7.388922214508057 6.7844157218933105 1.062009334564209
to 0 1311 2 0.27353766560554504 1.607245683670044 5.177170038223267
minor 0 1312 5 5.529498100280762 6.073017120361328 0
street 0 1313 6 15.922478675842285 2.7525649070739746 3.3204522132873535
flooding 0 1314 8 0.400505006313324 1.7166393995285034 1.0359255075454712
and 0 1315 3 3.225255250930786 3.9968762397766113 0
some 0 1316 4 6.6729350090026855 7.515450477600098 0
urban 0 1317 5 12.133963584899902 7.328812122344971 0.18663835525512695
flooding 0 1318 8 3.8179006576538086 5.729928016662598 1.598884105682373
. 0 1319 1 2.03505277633667 4.789794445037842 0.9401335716247559
<eos> 0 1320 5 0.054949045181274414 0.24193428456783295 4.547860160470009
<unk> 0 1321 5 2.727754831314087 6.096532344818115 0
known 0 1322 5 14.298891067504883 7.456611633300781 0
damage 0 1323 6 13.874663352966309 4.742019176483154 2.714592456817627
was 0 1324 3 3.413193941116333 6.226171016693115 0
caused 0 1325 6 5.738541126251221 8.238117218017578 0
by 0 1326 2 0.17395567893981934 1.0341094732284546 7.2040077447891235
the 0 1327 3 2.0163464546203613 6.307772159576416 0
flood 0 1328 5 8.109970092773438 8.851221084594727 0
. 0 1329 1 4.91416072845459 6.259477138519287 2.5917439460754395
<eos> 0 1330 5 0.05401633679866791 0.23977142572402954 6.019705712795258
=========================================================================================
| End of testing | test loss  3.31 | test ppl    27.28
=========================================================================================
