word sentid sentpos wlen surp entropy entred
= 0 0 1 6.762388229370117 7.472126007080078 0
<unk> 0 1 5 3.3011107444763184 1.5629937648773193 5.909132242202759
<unk> 0 2 5 1.2154688835144043 5.523879051208496 0
<unk> 0 3 5 2.5897231101989746 3.0616955757141113 2.4621834754943848
<unk> 0 4 5 2.0970022678375244 3.324688196182251 0
= 0 5 1 0.7361573576927185 2.49582576751709 0.8288624286651611
<eos> 0 6 5 11.5729398727417 1.4092447757720947 1.0865809917449951
<unk> 0 7 5 0.09976916015148163 0.8498315215110779 0.5594132542610168
<unk> 0 8 5 0.3002898395061493 1.7802966833114624 0
<unk> 0 9 5 0.9381061792373657 2.7173497676849365 0
<unk> 0 10 5 1.0774452686309814 2.5591440200805664 0.15820574760437012
is 0 11 2 6.650739669799805 2.4025967121124268 0.15654730796813965
a 0 12 1 0.6348801851272583 1.676910161972046 0.7256865501403809
<unk> 0 13 5 1.2569704055786133 6.049965858459473 0
<unk> 0 14 5 0.6974241733551025 4.678054332733154 1.3719115257263184
silent 0 15 6 6.586607933044434 5.448454856872559 0
short 0 16 5 2.954265594482422 5.167753219604492 0.2807016372680664
comedy 0 17 6 4.997148513793945 3.7840356826782227 1.3837175369262695
produced 0 18 8 4.7565531730651855 4.536725044250488 0
by 0 19 2 0.13153499364852905 0.690187394618988 3.8465376496315002
the 0 20 3 2.7131900787353516 1.8080689907073975 0
<unk> 0 21 5 0.3893439471721649 2.832831859588623 0
<unk> 0 22 5 2.50997257232666 6.847937107086182 0
. 0 23 1 4.180263996124268 6.306141376495361 0.5417957305908203
<eos> 0 24 5 0.002663614694029093 0.019627545028924942 6.286513831466436
<unk> 0 25 5 4.699474334716797 3.5348663330078125 0
film 0 26 4 9.643403053283691 6.097446918487549 0
is 0 27 2 4.407521724700928 6.077220916748047 0.020226001739501953
a 0 28 1 1.9350744485855103 4.9374518394470215 1.1397690773010254
comedy 0 29 6 6.94741678237915 7.342421054840088 0
of 0 30 2 6.681581020355225 4.876958847045898 2.4654622077941895
circumstances 0 31 13 19.075321197509766 4.464603424072266 0.4123554229736328
, 0 32 1 2.996464729309082 5.621237277984619 0
in 0 33 2 5.333630561828613 6.512490272521973 0
which 0 34 5 0.86979740858078 3.526170015335083 2.9863202571868896
the 0 35 3 1.9405875205993652 4.925215244293213 0
<unk> 0 36 5 3.42103910446167 7.418290138244629 0
family 0 37 6 5.322695255279541 8.872686386108398 0
is 0 38 2 2.4020802974700928 7.757845878601074 1.1148405075073242
going 0 39 5 9.264305114746094 9.15811824798584 0
to 0 40 2 0.10713835805654526 0.7556455731391907 8.40247267484665
host 0 41 4 8.752800941467285 8.127298355102539 0
a 0 42 1 1.672946810722351 3.9881398677825928 4.139158487319946
dinner 0 43 6 9.028478622436523 9.765727043151855 0
. 0 44 1 3.6770071983337402 6.038064479827881 3.7276625633239746
<eos> 0 45 5 0.012663408182561398 0.07281381636857986 5.965250663459301
<unk> 0 46 5 2.9206066131591797 4.52583646774292 0
focus 0 47 5 17.279296875 6.275388717651367 0
of 0 48 2 6.2652482986450195 3.4452478885650635 2.8301408290863037
the 0 49 3 1.352565050125122 5.016331195831299 0
humor 0 50 5 13.01346492767334 8.658222198486328 0
is 0 51 2 8.611041069030762 5.8237175941467285 2.8345046043395996
in 0 52 2 5.696281433105469 8.345979690551758 0
a 0 53 1 3.085108757019043 5.706279277801514 2.639700412750244
<unk> 0 54 5 3.2050933837890625 9.803600311279297 0
pie 0 55 3 12.225497245788574 8.156511306762695 1.6470890045166016
that 0 56 4 5.503756999969482 5.989914894104004 2.1665964126586914
brandy 0 57 6 19.704208374023438 7.632658958435059 0
is 0 58 2 2.4394500255584717 7.283945560455322 0.34871339797973633
added 0 59 5 12.739069938659668 9.372699737548828 0
to 0 60 2 0.6174535751342773 2.637174129486084 6.735525608062744
in 0 61 2 6.365217208862305 5.73057222366333 0
an 0 62 2 5.449581146240234 4.34520959854126 1.3853626251220703
attempt 0 63 7 3.9404404163360596 7.59777307510376 0
to 0 64 2 0.05958574637770653 0.41867566108703613 7.179097414016724
make 0 65 4 5.321810722351074 8.866450309753418 0
it 0 66 2 3.07808780670166 5.4663496017456055 3.4001007080078125
more 0 67 4 4.9258294105529785 6.741523265838623 0
appreciable 0 68 11 20.648496627807617 8.006359100341797 0
, 0 69 1 3.400941848754883 3.5905957221984863 4.4157633781433105
but 0 70 3 3.6469953060150146 6.302877902984619 0
three 0 71 5 12.0189208984375 6.731391906738281 0
people 0 72 6 6.174551486968994 8.529345512390137 0
each 0 73 4 8.38418960571289 6.883814811706543 1.6455307006835938
add 0 74 3 12.356298446655273 7.169449806213379 0
brandy 0 75 6 17.199766159057617 6.016144275665283 1.1533055305480957
to 0 76 2 2.6211628913879395 4.597681045532227 1.4184632301330566
the 0 77 3 1.2206640243530273 5.247891902923584 0
pie 0 78 3 9.783625602722168 9.910492897033691 0
. 0 79 1 1.0218313932418823 4.109855651855469 5.800637245178223
<eos> 0 80 5 0.003764428198337555 0.026251569390296936 4.083604082465172
<unk> 0 81 5 2.2973084449768066 5.26956844329834 0
becomes 0 82 7 8.828164100646973 6.7463579177856445 0
<unk> 0 83 5 4.338800430297852 6.2891082763671875 0.45724964141845703
upon 0 84 4 10.43398666381836 4.878442764282227 1.410665512084961
eating 0 85 6 7.514142036437988 6.306687831878662 0
the 0 86 3 3.2552051544189453 7.244349956512451 0
pie 0 87 3 6.048550128936768 9.87333869934082 0
, 0 88 1 2.0316972732543945 5.310694217681885 4.5626444816589355
including 0 89 9 8.704012870788574 5.890944957733154 0
the 0 90 3 2.640843152999878 6.637148857116699 0
family 0 91 6 8.811572074890137 10.00815200805664 0
cat 0 92 3 8.309347152709961 7.052363395690918 2.9557886123657227
, 0 93 1 1.6595211029052734 4.725841522216797 2.326521873474121
and 0 94 3 2.81585693359375 5.9442458152771 0
the 0 95 3 2.5171008110046387 6.858237266540527 0
film 0 96 4 8.723259925842285 9.33303451538086 0
concludes 0 97 9 9.227895736694336 6.806229114532471 2.5268054008483887
. 0 98 1 3.3612070083618164 3.2716431617736816 3.534585952758789
<eos> 0 99 5 0.020701253786683083 0.10820282995700836 3.1634403318166733
<unk> 0 100 5 2.2213664054870605 5.264423847198486 0
cast 0 101 4 13.224738121032715 6.862560272216797 0
or 0 102 2 13.195645332336426 5.479691982269287 1.3828682899475098
staff 0 103 5 13.134408950805664 9.090757369995117 0
credits 0 104 7 12.085598945617676 7.896243095397949 1.194514274597168
for 0 105 3 3.173333168029785 6.554656982421875 1.3415861129760742
this 0 106 4 4.974559307098389 4.771849155426025 1.7828078269958496
film 0 107 4 3.696483612060547 7.082950115203857 0
are 0 108 3 4.53809928894043 5.472281455993652 1.610668659210205
known 0 109 5 7.158056735992432 8.507887840270996 0
. 0 110 1 4.07345724105835 2.943920850753784 5.563966989517212
<eos> 0 111 5 0.011128104291856289 0.0656052976846695 2.8783155530691147
<unk> 0 112 5 2.031080722808838 5.311057090759277 0
film 0 113 4 10.117406845092773 6.479561805725098 0
was 0 114 3 5.819682598114014 7.478708267211914 0
released 0 115 8 3.5798380374908447 7.361990451812744 0.11671781539916992
on 0 116 2 2.020875930786133 3.2519686222076416 4.1100218296051025
<unk> 0 117 5 0.42548778653144836 2.123680591583252 1.1282880306243896
<unk> 0 118 5 0.6093413829803467 2.649846076965332 0
, 0 119 1 1.2102296352386475 1.8302241563796997 0.8196219205856323
<unk> 0 120 5 0.035912610590457916 0.3145056664943695 1.5157184898853302
, 0 121 1 1.4206812381744385 3.1788136959075928 0
to 0 122 2 5.79446268081665 4.747066974639893 0
mixed 0 123 5 6.081099987030029 5.895566463470459 0
reviews 0 124 7 0.3591822385787964 2.2026944160461426 3.6928720474243164
in 0 125 2 4.012949466705322 3.414475679397583 0
trade 0 126 5 16.0526180267334 3.5161221027374268 0
publications 0 127 12 2.8219547271728516 4.535566329956055 0
. 0 128 1 1.1658498048782349 3.157223701477051 1.378342628479004
<eos> 0 129 5 0.004122033249586821 0.028407249599695206 3.1288164518773556
<unk> 0 130 5 2.457880973815918 5.1151323318481445 0
mentioned 0 131 9 12.18679141998291 5.941374778747559 0
that 0 132 4 2.368446111679077 4.324780464172363 1.6165943145751953
the 0 133 3 1.8181318044662476 4.585565090179443 0
film 0 134 4 1.5701286792755127 6.574098587036133 0
was 0 135 3 1.427703619003296 4.661436557769775 1.9126620292663574
too 0 136 3 7.36945104598999 6.245499134063721 0
long 0 137 4 5.640080451965332 8.377185821533203 0
and 0 138 3 2.8700273036956787 3.9196348190307617 4.457551002502441
it 0 139 2 5.740756034851074 8.298794746398926 0
was 0 140 3 1.0846630334854126 4.200486660003662 4.098308086395264
unbelievable 0 141 12 14.212385177612305 6.9987006187438965 0
that 0 142 4 4.3848724365234375 4.124039173126221 2.874661445617676
one 0 143 3 8.093247413635254 4.877661228179932 0
pie 0 144 3 14.434428215026855 6.360766410827637 0
split 0 145 5 14.563189506530762 6.452977657318115 0
eight 0 146 5 14.521319389343262 5.875667572021484 0.5773100852966309
ways 0 147 4 9.055027961730957 7.335484027862549 0
would 0 148 5 10.612997055053711 4.65643835067749 2.6790456771850586
be 0 149 2 1.3451106548309326 5.526845932006836 0
able 0 150 4 7.168151378631592 8.897531509399414 0
to 0 151 2 0.025244345888495445 0.2119545191526413 8.685576990246773
impact 0 152 6 12.530782699584961 8.665608406066895 0
everyone 0 153 8 10.473395347595215 5.792715072631836 2.8728933334350586
. 0 154 1 2.4628632068634033 5.217835903167725 0.5748791694641113
<eos> 0 155 5 0.02106722816824913 0.11050274223089218 5.107333160936832
<unk> 0 156 5 2.1371471881866455 5.437126159667969 0
film 0 157 4 10.37964153289795 6.1924543380737305 0
is 0 158 2 8.022220611572266 6.345038414001465 0
presumed 0 159 8 8.180081367492676 7.5685319900512695 0
lost 0 160 4 2.5895702838897705 3.746818780899048 3.8217132091522217
. 0 161 1 2.8667306900024414 4.489413261413574 0
<eos> 0 162 5 0.020519504323601723 0.10988085716962814 4.379532404243946
= 0 163 1 2.896665334701538 5.651094436645508 0
= 0 164 1 0.2117891013622284 1.19125235080719 4.459842085838318
<unk> 0 165 5 6.432949066162109 4.459646224975586 0
= 0 166 1 1.6800709962844849 5.939012050628662 0
= 0 167 1 0.0013951363507658243 0.01770131103694439 5.921310739591718
<eos> 0 168 5 19.329227447509766 4.80281925201416 0
<unk> 0 169 5 1.4502416849136353 5.623034477233887 0
the 0 170 3 7.5471272468566895 5.664401531219482 0
film 0 171 4 5.726547718048096 7.8426923751831055 0
is 0 172 2 2.4129703044891357 5.993084907531738 1.8496074676513672
presumed 0 173 8 8.131656646728516 6.704764366149902 0
lost 0 174 4 2.5173540115356445 3.621861696243286 3.082902669906616
, 0 175 1 2.532546281814575 4.472806930541992 0
a 0 176 1 5.82983922958374 5.820302963256836 0
synopsis 0 177 8 11.080633163452148 9.417134284973145 0
survives 0 178 8 7.9318742752075195 6.0126729011535645 3.40446138381958
in 0 179 2 1.8654462099075317 5.104640960693359 0.9080319404602051
<unk> 0 180 5 2.108322858810425 3.8451991081237793 1.25944185256958
<unk> 0 181 5 2.416649341583252 4.811820030212402 0
<unk> 0 182 5 3.434278964996338 3.6738810539245605 1.1379389762878418
<unk> 0 183 5 2.3954129219055176 4.8670759201049805 0
from 0 184 4 8.997199058532715 4.81564474105835 0.05143117904663086
<unk> 0 185 5 1.025229811668396 3.343376398086548 1.4722683429718018
<unk> 0 186 5 1.411940336227417 4.308608531951904 0
, 0 187 1 2.5515594482421875 4.069705963134766 0.23890256881713867
<unk> 0 188 5 1.5753031969070435 4.881532192230225 0
. 0 189 1 1.5480667352676392 3.623378276824951 1.2581539154052734
<eos> 0 190 5 0.009397073648869991 0.05782568082213402 3.565552596002817
<unk> 0 191 5 2.5495712757110596 5.072953224182129 0
states 0 192 6 10.096634864807129 5.927271842956543 0
: 0 193 1 5.117039680480957 1.8632348775863647 4.064036965370178
" 0 194 1 0.47173598408699036 2.6168859004974365 0
<unk> 0 195 5 2.6154322624206543 6.231520175933838 0
in 0 196 2 8.04909610748291 5.4174370765686035 0.8140830993652344
a 0 197 1 4.498507499694824 4.78890323638916 0.6285338401794434
country 0 198 7 8.86498737335205 9.763907432556152 0
town 0 199 4 9.118730545043945 7.387023448944092 2.3768839836120605
is 0 200 2 2.166869878768921 6.281676769256592 1.1053466796875
often 0 201 5 8.417365074157715 7.667349815368652 0
tedious 0 202 7 15.249374389648438 9.011268615722656 0
and 0 203 3 2.1905484199523926 3.8556177616119385 5.155650854110718
<unk> 0 204 5 3.730276107788086 9.832274436950684 0
, 0 205 1 2.1123032569885254 5.392594337463379 4.439680099487305
and 0 206 3 2.07658314704895 6.459695339202881 0
were 0 207 4 12.15384578704834 7.461456298828125 0
it 0 208 2 11.530056953430176 9.410533905029297 0
not 0 209 3 5.6230058670043945 8.279315948486328 1.1312179565429688
for 0 210 3 6.192221641540527 7.460506439208984 0.8188095092773438
the 0 211 3 2.289964199066162 6.627319812774658 0.8331866264343262
little 0 212 6 9.834948539733887 9.495000839233398 0
dinners 0 213 7 18.937881469726562 7.92675256729126 1.5682482719421387
and 0 214 3 4.728768825531006 4.917211532592773 3.0095410346984863
teas 0 215 4 16.812204360961914 9.147233963012695 0
the 0 216 3 9.463085174560547 4.649585247039795 4.4976487159729
townsfolk 0 217 9 13.768080711364746 9.402835845947266 0
are 0 218 3 3.5705482959747314 6.592667579650879 2.8101682662963867
constantly 0 219 10 11.962100982666016 7.797311782836914 0
given 0 220 5 8.463729858398438 8.753778457641602 0
, 0 221 1 4.577297687530518 4.4877400398254395 4.266038417816162
existence 0 222 9 19.774045944213867 5.720424175262451 0
in 0 223 2 6.4321608543396 6.535926818847656 0
some 0 224 4 7.137267589569092 6.600646018981934 0
localities 0 225 10 11.964278221130371 7.497124195098877 0
would 0 226 5 11.214202880859375 4.716028213500977 2.7810959815979004
be 0 227 2 1.8374295234680176 6.049771785736084 0
a 0 228 1 3.7494499683380127 9.280301094055176 0
very 0 229 4 5.33011531829834 9.705039978027344 0
<unk> 0 230 5 5.169293403625488 8.937565803527832 0.7674741744995117
thing 0 231 5 6.509427547454834 8.564481735229492 0.37308406829833984
indeed 0 232 6 13.136367797851562 3.9379210472106934 4.626560688018799
. 0 233 1 0.63743656873703 2.536550760269165 1.4013702869415283
<eos> 0 234 5 1.5769627094268799 0.955344021320343 1.581206738948822
<unk> 0 235 5 4.01277494430542 6.227080821990967 0
the 0 236 3 6.449412822723389 6.663503646850586 0
time 0 237 4 8.396735191345215 9.675600051879883 0
honored 0 238 7 18.222509384155273 7.095248699188232 2.5803513526916504
get 0 239 3 15.64783763885498 6.051974773406982 1.04327392578125
<unk> 0 240 5 3.4588489532470703 7.230769634246826 0
<unk> 0 241 5 2.3568928241729736 7.40256404876709 0
of 0 242 2 6.4419169425964355 8.245269775390625 0
the 0 243 3 1.7590495347976685 6.279078483581543 1.966191291809082
small 0 244 5 10.729859352111816 9.698068618774414 0
town 0 245 4 5.303665637969971 9.389636993408203 0.30843162536621094
are 0 246 3 13.384876251220703 5.001354694366455 4.388282299041748
an 0 247 2 7.287233829498291 8.905397415161133 0
established 0 248 11 8.637890815734863 9.01007080078125 0
feature 0 249 7 9.555408477783203 9.410760879516602 0
to 0 250 2 6.271023750305176 4.389215469360352 5.02154541015625
the 0 251 3 3.6764469146728516 8.319079399108887 0
social 0 252 6 10.508719444274902 9.3478422164917 0
calendar 0 253 8 13.868958473205566 8.75564956665039 0.5921926498413086
; 0 254 1 6.800704479217529 4.199221611022949 4.556427955627441
they 0 255 4 5.040470123291016 6.243131160736084 0
are 0 256 3 2.3754875659942627 6.738969802856445 0
just 0 257 4 7.07928466796875 8.691046714782715 0
as 0 258 2 5.176090240478516 7.979668140411377 0.7113785743713379
much 0 259 4 4.333291530609131 8.819415092468262 0
a 0 260 1 4.187338829040527 7.322117328643799 1.497297763824463
matter 0 261 6 12.088560104370117 8.91407299041748 0
of 0 262 2 0.39858976006507874 1.8949816226959229 7.019091367721558
necessity 0 263 9 10.274702072143555 10.315322875976562 0
and 0 264 3 4.1263427734375 3.792833089828491 6.522489786148071
as 0 265 2 5.426623821258545 9.908957481384277 0
such 0 266 4 6.471188545227051 6.743491172790527 3.16546630859375
have 0 267 4 9.3738374710083 6.9143147468566895 0
come 0 268 4 6.365564823150635 7.422658443450928 0
to 0 269 2 2.4194436073303223 5.439916610717773 1.9827418327331543
stay 0 270 4 10.057269096374512 6.911747455596924 0
. 0 271 1 2.964387893676758 5.78190803527832 1.1298394203186035
<eos> 0 272 5 2.520308017730713 0.6938581466674805 5.08804988861084
<unk> 0 273 5 4.253671646118164 6.251031398773193 0
<unk> 0 274 5 2.297609806060791 6.793599605560303 0
thought 0 275 7 11.440413475036621 6.848443508148193 0
well 0 276 4 12.442164421081543 4.8390278816223145 2.009415626525879
of 0 277 2 5.619266033172607 5.585698127746582 0
this 0 278 4 4.7707672119140625 5.42559814453125 0.16009998321533203
established 0 279 11 14.891498565673828 8.701565742492676 0
feature 0 280 7 12.054201126098633 8.803314208984375 0
. 0 281 1 2.8253612518310547 5.769845008850098 3.0334692001342773
<eos> 0 282 5 1.849619746208191 0.8676972389221191 4.9021477699279785
<unk> 0 283 5 3.5275540351867676 6.376227378845215 0
made 0 284 4 8.527546882629395 6.7873663902282715 0
it 0 285 2 3.126214027404785 6.178847312927246 0.6085190773010254
a 0 286 1 2.386615514755249 6.6658124923706055 0
joyous 0 287 6 12.496136665344238 9.514266014099121 0
occasion 0 288 8 11.247507095336914 8.449125289916992 1.065140724182129
for 0 289 3 3.2463996410369873 4.375782012939453 4.073343276977539
themselves 0 290 10 12.460768699645996 5.897547721862793 0
as 0 291 2 5.80674934387207 4.242854595184326 1.6546931266784668
well 0 292 4 4.240511417388916 5.62412691116333 0
as 0 293 2 1.0212905406951904 2.3571348190307617 3.2669920921325684
their 0 294 5 6.031852722167969 7.537843227386475 0
guests 0 295 6 10.441781044006348 10.406232833862305 0
. 0 296 1 2.0357325077056885 4.702322006225586 5.703910827636719
<eos> 0 297 5 1.6252772808074951 0.9283360242843628 3.773985981941223
<unk> 0 298 5 3.3277859687805176 6.394634246826172 0
were 0 299 4 8.203214645385742 6.747187614440918 0
hardly 0 300 6 11.113907814025879 8.911140441894531 0
an 0 301 2 6.429593563079834 8.64447021484375 0.26667022705078125
overly 0 302 6 9.697369575500488 8.821150779724121 0
wealthy 0 303 7 9.469366073608398 9.509317398071289 0
family 0 304 6 7.379671096801758 7.456808567047119 2.05250883102417
, 0 305 1 2.082038640975952 5.100181579589844 2.3566269874572754
and 0 306 3 2.2417497634887695 4.580830097198486 0.5193514823913574
their 0 307 5 5.775794982910156 7.023469924926758 0
table 0 308 5 16.1324520111084 10.503703117370605 0
was 0 309 3 2.1275341510772705 6.832991600036621 3.6707115173339844
never 0 310 5 6.523075103759766 8.953995704650879 0
notable 0 311 7 15.876995086669922 8.675616264343262 0.2783794403076172
for 0 312 3 3.0704104900360107 3.633129358291626 5.042486906051636
an 0 313 2 7.766989707946777 6.3965864181518555 0
<unk> 0 314 5 3.732832431793213 8.941170692443848 0
of 0 315 2 5.326886177062988 8.999035835266113 0
the 0 316 3 2.2482287883758545 7.490381240844727 1.5086545944213867
good 0 317 4 8.863062858581543 9.397955894470215 0
things 0 318 6 7.722658157348633 8.452929496765137 0.9450263977050781
of 0 319 2 2.9359474182128906 5.415024757385254 3.037904739379883
life 0 320 4 7.892744541168213 5.667728900909424 0
, 0 321 1 2.8072853088378906 3.5006890296936035 2.1670398712158203
but 0 322 3 2.8254010677337646 6.239462375640869 0
whenever 0 323 8 12.956341743469238 6.770055770874023 0
they 0 324 4 2.751293182373047 5.490838527679443 1.27921724319458
gave 0 325 4 9.000754356384277 6.35485315322876 0
a 0 326 1 4.338343620300293 5.547166347503662 0.8076868057250977
dinner 0 327 6 8.57877254486084 9.913819313049316 0
they 0 328 4 6.476486682891846 6.411022663116455 3.5027966499328613
cast 0 329 4 11.462919235229492 6.037668228149414 0.373354434967041
all 0 330 3 6.9609479904174805 6.698301315307617 0
thoughts 0 331 8 15.625109672546387 6.406120300292969 0.29218101501464844
of 0 332 2 2.6525254249572754 4.949374675750732 1.4567456245422363
economy 0 333 7 15.788496971130371 7.092864990234375 0
to 0 334 2 6.039612770080566 4.429401397705078 2.663463592529297
the 0 335 3 3.3781559467315674 8.051868438720703 0
country 0 336 7 7.060128688812256 9.46917724609375 0
winds 0 337 5 24.22743797302246 3.871288299560547 5.597888946533203
and 0 338 3 3.3682374954223633 3.8400237560272217 0.031264543533325195
worked 0 339 6 12.206422805786133 9.384010314941406 0
to 0 340 2 3.8265602588653564 6.065823078155518 3.3181872367858887
the 0 341 3 6.745024681091309 8.387722969055176 0
one 0 342 3 9.307708740234375 9.493966102600098 0
end 0 343 3 9.674659729003906 7.338794231414795 2.1551718711853027
that 0 344 4 6.300591468811035 5.0803728103637695 2.2584214210510254
their 0 345 5 7.948300838470459 7.6421589851379395 0
guests 0 346 6 11.411856651306152 10.227171897888184 0
have 0 347 4 4.6186065673828125 6.332683086395264 3.89448881149292
a 0 348 1 6.307808876037598 8.085531234741211 0
pleasant 0 349 8 10.434173583984375 9.36856460571289 0
time 0 350 4 6.402068138122559 9.202160835266113 0.16640377044677734
. 0 351 1 2.4580283164978027 4.613287925720215 4.588872909545898
" 0 352 1 0.3626136779785156 0.7794872522354126 3.8338006734848022
<eos> 0 353 5 1.651023922022432e-05 0.00018074244144372642 0.7793065097939689
" 0 354 1 8.363903999328613 5.256057262420654 0
<unk> 0 355 5 1.7873234748840332 6.3567304611206055 0
the 0 356 3 8.649938583374023 5.524230480194092 0.8324999809265137
night 0 357 5 9.140541076660156 8.670312881469727 0
before 0 358 6 6.331140995025635 4.683219909667969 3.987092971801758
such 0 359 4 13.113842010498047 6.32874059677124 0
an 0 360 2 3.814568281173706 7.426522254943848 0
event 0 361 5 6.386687278747559 8.91113567352295 0
neither 0 362 7 15.634613990783691 5.951608180999756 2.9595274925231934
<unk> 0 363 5 3.2726645469665527 8.494589805603027 0
, 0 364 1 6.935391426086426 1.5285820960998535 6.966007709503174
<unk> 0 365 5 2.783060312271118 4.980743408203125 0
, 0 366 1 2.1611173152923584 4.485878944396973 0.49486446380615234
or 0 367 2 2.136850118637085 3.5867958068847656 0.899083137512207
<unk> 0 368 5 1.0028308629989624 5.850142478942871 0
<unk> 0 369 5 2.316464424133301 6.117292404174805 0
could 0 370 5 9.10268497467041 6.078063488006592 0.03922891616821289
get 0 371 3 5.445916175842285 7.205700397491455 0
those 0 372 5 11.129801750183105 7.268442153930664 0
minutes 0 373 7 10.84572982788086 9.69865894317627 0
' 0 374 1 8.5354642868042 5.791717529296875 3.9069414138793945
solid 0 375 5 16.02178192138672 9.156525611877441 0
sleep 0 376 5 12.890168190002441 9.375574111938477 0
for 0 377 3 6.424874305725098 6.063915729522705 3.3116583824157715
thought 0 378 7 12.443888664245605 6.996056079864502 0
that 0 379 4 5.465465545654297 4.855353832244873 2.140702247619629
they 0 380 4 3.943753480911255 6.831302165985107 0
might 0 381 5 7.0404205322265625 6.507606029510498 0.3236961364746094
have 0 382 4 2.848599433898926 6.95601224899292 0
overlooked 0 383 10 14.908952713012695 7.583556652069092 0
some 0 384 4 7.48604154586792 5.829682350158691 1.7538743019104004
essential 0 385 9 14.528709411621094 6.916443347930908 0
in 0 386 2 7.790116310119629 9.518148422241211 0
the 0 387 3 1.7052767276763916 6.654117584228516 2.8640308380126953
guests 0 388 6 15.134254455566406 9.639692306518555 0
' 0 389 1 2.0444679260253906 4.1269636154174805 5.512728691101074
comfort 0 390 7 12.26937198638916 10.007015228271484 0
. 0 391 1 1.897659420967102 6.279815673828125 3.7271995544433594
<eos> 0 392 5 1.96859872341156 1.1324299573898315 5.1473857164382935
<unk> 0 393 5 3.905822277069092 6.443811416625977 0
the 0 394 3 6.6482110023498535 6.78519868850708 0
first 0 395 5 7.254283428192139 9.918307304382324 0
crow 0 396 4 16.084407806396484 8.51858139038086 1.3997259140014648
of 0 397 2 4.955963611602783 7.24108362197876 1.2774977684020996
the 0 398 3 1.2836772203445435 4.640763282775879 2.600320339202881
rooster 0 399 7 16.21686553955078 8.924572944641113 0
they 0 400 4 9.342585563659668 6.288673400878906 2.635899543762207
would 0 401 5 5.384286880493164 7.4600830078125 0
come 0 402 4 6.157749176025391 7.5003862380981445 0
hopping 0 403 7 22.009201049804688 4.708323955535889 2.792062282562256
down 0 404 4 6.791809558868408 5.617030143737793 0
to 0 405 2 3.1347265243530273 5.546828269958496 0.07020187377929688
the 0 406 3 2.671348810195923 7.58344841003418 0
kitchen 0 407 7 9.232325553894043 9.685117721557617 0
to 0 408 2 6.792445182800293 6.1779046058654785 3.5072131156921387
get 0 409 3 4.792196273803711 8.211785316467285 0
the 0 410 3 2.8698978424072266 7.221689701080322 0.9900956153869629
<unk> 0 411 5 3.715513229370117 10.46902084350586 0
into 0 412 4 6.971287727355957 8.621173858642578 1.8478469848632812
shape 0 413 5 13.983882904052734 5.620694160461426 3.0004796981811523
. 0 414 1 1.4526782035827637 4.2737627029418945 1.3469314575195312
<eos> 0 415 5 1.3722647428512573 1.0066639184951782 3.2670987844467163
<unk> 0 416 5 3.7427539825439453 6.308819770812988 0
little 0 417 6 12.839913368225098 6.8098015785217285 0
wonder 0 418 6 15.275534629821777 6.739665985107422 0.07013559341430664
that 0 419 4 6.065084934234619 6.658722400665283 0.08094358444213867
on 0 420 2 10.645994186401367 5.951132297515869 0.7075901031494141
occasion 0 421 8 8.598650932312012 5.340070724487305 0.6110615730285645
of 0 422 2 7.965241432189941 4.78355073928833 0.5565199851989746
the 0 423 3 1.6879340410232544 6.063581943511963 0
dinner 0 424 6 9.610797882080078 9.503440856933594 0
here 0 425 4 10.962120056152344 6.155514240264893 3.347926616668701
pictured 0 426 8 19.223344802856445 4.812112331390381 1.3434019088745117
- 0 427 1 13.376716613769531 6.870629787445068 0
when 0 428 4 7.040109634399414 7.33881139755249 0
the 0 429 3 2.9684314727783203 5.933605194091797 1.4052062034606934
prize 0 430 5 14.21338939666748 10.072936058044434 0
dish 0 431 4 14.25010871887207 6.778676986694336 3.2942590713500977
was 0 432 3 2.1438422203063965 7.177762508392334 0
a 0 433 1 5.398019313812256 9.189579010009766 0
splendid 0 434 8 12.46321964263916 9.904346466064453 0
homemade 0 435 8 17.224048614501953 9.926942825317383 0
<unk> 0 436 5 3.2072205543518066 9.701175689697266 0.2257671356201172
pie 0 437 3 8.693507194519043 7.131351947784424 2.569823741912842
- 0 438 1 9.608298301696777 5.640621185302734 1.4907307624816895
the 0 439 3 3.515958309173584 7.64640998840332 0
<unk> 0 440 5 2.9888205528259277 10.296411514282227 0
were 0 441 4 6.203996181488037 9.030896186828613 1.2655153274536133
ever 0 442 4 9.880120277404785 9.356019020080566 0
looking 0 443 7 9.368852615356445 9.455416679382324 0
after 0 444 5 7.354038715362549 4.850289821624756 4.605126857757568
the 0 445 3 2.4072823524475098 6.824849605560303 0
need 0 446 4 12.778183937072754 10.601683616638184 0
of 0 447 2 4.915034294128418 3.207702159881592 7.393981456756592
the 0 448 3 2.765829086303711 8.4290771484375 0
said 0 449 4 14.795254707336426 10.386083602905273 0
pie 0 450 3 8.845481872558594 9.543403625488281 0.8426799774169922
. 0 451 1 1.8338000774383545 5.110294342041016 4.433109283447266
<eos> 0 452 5 1.379122018814087 0.9860467910766602 4.1242475509643555
<unk> 0 453 5 3.482926368713379 6.447827339172363 0
<unk> 0 454 5 2.18460750579834 6.964834213256836 0
<unk> 0 455 5 2.6001052856445312 7.054322242736816 0
would 0 456 5 8.022602081298828 7.487152576446533 0
<unk> 0 457 5 5.815831184387207 7.467376708984375 0.019775867462158203
to 0 458 2 5.55915641784668 6.832086563110352 0.6352901458740234
the 0 459 3 3.660841941833496 8.170373916625977 0
table 0 460 5 10.27963924407959 10.003263473510742 0
whereupon 0 461 9 18.990602493286133 5.930845260620117 4.072418212890625
it 0 462 2 2.9108009338378906 4.773486137390137 1.1573591232299805
sat 0 463 3 10.52151870727539 5.437238693237305 0
in 0 464 2 3.420170783996582 5.596253395080566 0
solemn 0 465 6 17.562376022338867 5.823759078979492 0
state 0 466 5 11.336993217468262 9.585561752319336 0
, 0 467 1 2.747380256652832 5.715670108795166 3.86989164352417
and 0 468 3 2.319655179977417 6.311831474304199 0
give 0 469 4 12.116962432861328 7.356626510620117 0
it 0 470 2 2.7603628635406494 5.630134582519531 1.726491928100586
a 0 471 1 1.7267966270446777 5.464945316314697 0.16518926620483398
stir 0 472 4 13.773414611816406 9.75658130645752 0
; 0 473 1 7.479211807250977 5.01184606552124 4.744735240936279
then 0 474 4 6.814277172088623 6.13456392288208 0
<unk> 0 475 5 4.558976650238037 5.2470879554748535 0.8874759674072266
<unk> 0 476 5 2.550447702407837 7.925658702850342 0
would 0 477 5 6.4278364181518555 7.74725866317749 0.17840003967285156
<unk> 0 478 5 6.177660942077637 7.425264835357666 0.3219938278198242
over 0 479 4 9.62702751159668 6.342845439910889 1.0824193954467773
and 0 480 3 5.398447513580322 5.613778114318848 0.729067325592041
give 0 481 4 6.133725643157959 8.891018867492676 0
it 0 482 2 2.449829578399658 5.110090732574463 3.780928134918213
a 0 483 1 1.999759316444397 5.6584343910217285 0
stir 0 484 4 14.060075759887695 9.705810546875 0
; 0 485 1 7.2173991203308105 4.643535614013672 5.062274932861328
finally 0 486 7 10.808246612548828 5.801245212554932 0
<unk> 0 487 5 5.441627502441406 3.0209977626800537 2.780247449874878
<unk> 0 488 5 2.3240716457366943 7.303606986999512 0
would 0 489 5 6.532334327697754 7.843134880065918 0
have 0 490 4 3.4402294158935547 7.355440616607666 0.48769426345825195
to 0 491 2 3.385559558868408 7.444033145904541 0
come 0 492 4 6.327357292175293 7.513818740844727 0
over 0 493 4 7.865579605102539 5.507355213165283 2.0064635276794434
and 0 494 3 4.3607177734375 5.542026519775391 0
honor 0 495 5 14.770580291748047 8.194929122924805 0
it 0 496 2 3.046043872833252 4.579997539520264 3.614931583404541
likewise 0 497 8 19.45615577697754 4.135049343109131 0.4449481964111328
. 0 498 1 0.7111771106719971 2.8968770503997803 1.2381722927093506
<eos> 0 499 5 1.1269843578338623 1.039737343788147 1.8571397066116333
<unk> 0 500 5 3.518075704574585 6.176877975463867 0
arrived 0 501 7 12.048535346984863 6.939788818359375 0
the 0 502 3 5.367193222045898 5.396615505218506 1.5431733131408691
guests 0 503 6 11.136926651000977 8.29417896270752 0
. 0 504 1 3.9126272201538086 5.982537746429443 2.311641216278076
<eos> 0 505 5 0.5283280611038208 0.9125090837478638 5.07002866268158
<unk> 0 506 5 2.6203057765960693 6.413793087005615 0
<unk> 0 507 5 2.242117166519165 7.022402286529541 0
and 0 508 3 4.165493965148926 6.782145977020264 0.24025630950927734
the 0 509 3 3.9422385692596436 3.9426119327545166 2.839534044265747
<unk> 0 510 5 2.098177433013916 8.752838134765625 0
<unk> 0 511 5 2.4966721534729004 8.568593978881836 0.18424415588378906
, 0 512 1 3.6823108196258545 7.792581558227539 0.7760124206542969
they 0 513 4 6.780270099639893 6.850183010101318 0.9423985481262207
were 0 514 4 2.4048869609832764 7.718019485473633 0
, 0 515 1 7.252162933349609 9.36635971069336 0
and 0 516 3 4.097380638122559 8.075140953063965 1.2912187576293945
some 0 517 4 8.50914478302002 8.117585182189941 0
neighbors 0 518 9 15.504424095153809 7.927609920501709 0.18997526168823242
. 0 519 1 6.84390115737915 7.715813159942627 0.21179676055908203
<eos> 0 520 5 0.38523009419441223 0.8260602355003357 6.889752924442291
<unk> 0 521 5 2.6763319969177246 6.618825435638428 0
she 0 522 3 14.199438095092773 6.786973476409912 0
was 0 523 3 2.7284634113311768 7.420773506164551 0
receiving 0 524 9 12.869869232177734 8.595244407653809 0
them 0 525 4 8.282273292541504 6.440407752990723 2.154836654663086
the 0 526 3 3.886481761932373 6.642809867858887 0
recollection 0 527 12 17.108524322509766 9.797537803649902 0
came 0 528 4 16.28888702392578 4.000004291534424 5.7975335121154785
to 0 529 2 2.0952906608581543 4.833473205566406 0
<unk> 0 530 5 2.7282214164733887 6.155529499053955 0
<unk> 0 531 5 3.7486412525177 5.1809492111206055 0.9745802879333496
that 0 532 4 8.217376708984375 4.7554216384887695 0.42552757263183594
the 0 533 3 3.3357315063476562 7.2421441078186035 0
beloved 0 534 7 13.641438484191895 9.5977201461792 0
<unk> 0 535 5 2.4064528942108154 8.769771575927734 0.8279485702514648
pie 0 536 3 10.933194160461426 7.822728633880615 0.9470429420471191
had 0 537 3 4.098972797393799 6.812991619110107 1.0097370147705078
not 0 538 3 6.0076775550842285 7.437543869018555 0
received 0 539 8 7.133642196655273 6.3958516120910645 1.0416922569274902
its 0 540 3 6.564788341522217 6.501827239990234 0
flavoring 0 541 9 19.593135833740234 9.922405242919922 0
. 0 542 1 3.24955153465271 9.476783752441406 0.4456214904785156
<eos> 0 543 5 0.7761975526809692 0.990298330783844 8.486485421657562
<unk> 0 544 5 2.5361855030059814 6.041317462921143 0
she 0 545 3 11.887287139892578 6.625881195068359 0
speeds 0 546 6 20.933204650878906 7.474340438842773 0
to 0 547 2 3.4202561378479004 6.835370063781738 0.6389703750610352
a 0 548 1 4.143716812133789 6.730008602142334 0.1053614616394043
<unk> 0 549 5 2.768505096435547 9.661327362060547 0
of 0 550 2 4.748014450073242 7.864090919494629 1.797236442565918
whiskey 0 551 7 12.732791900634766 7.134922027587891 0.7291688919067383
in 0 552 2 4.150081634521484 5.723456859588623 1.4114651679992676
the 0 553 3 1.6874401569366455 5.342605113983154 0.38085174560546875
kitchen 0 554 7 6.71804666519165 9.744972229003906 0
. 0 555 1 2.185058832168579 5.295356273651123 4.449615955352783
<eos> 0 556 5 0.47555816173553467 0.8746441602706909 4.420712113380432
<unk> 0 557 5 2.486697196960449 6.372774600982666 0
pours 0 558 5 14.617107391357422 6.9517107009887695 0
into 0 559 4 5.77442741394043 6.607388973236084 0.34432172775268555
the 0 560 3 1.5073316097259521 4.438661098480225 2.1687278747558594
pie 0 561 3 8.493826866149902 9.95654296875 0
the 0 562 3 8.985058784484863 5.991481304168701 3.965061664581299
right 0 563 5 7.6432294845581055 9.250991821289062 0
proportion 0 564 10 21.019386291503906 6.584836006164551 2.6661558151245117
of 0 565 2 1.6693297624588013 4.37775182723999 2.2070841789245605
liquor 0 566 6 14.129982948303223 5.9815263748168945 0
, 0 567 1 2.452146530151367 5.874241352081299 0.1072850227355957
and 0 568 3 1.9492815732955933 6.428372859954834 0
goes 0 569 4 8.527737617492676 7.390831470489502 0
back 0 570 4 5.474812984466553 5.298968315124512 2.0918631553649902
to 0 571 2 0.7864863276481628 3.448914051055908 1.8500542640686035
her 0 572 3 4.845183372497559 5.207042694091797 0
guests 0 573 6 12.755489349365234 9.413418769836426 0
. 0 574 1 1.4364047050476074 4.18356466293335 5.229854106903076
<eos> 0 575 5 0.4331073462963104 0.8485239148139954 3.3350407481193542
<unk> 0 576 5 2.7633442878723145 6.558070659637451 0
<unk> 0 577 5 2.3724663257598877 7.1995720863342285 0
<unk> 0 578 5 2.492042303085327 6.906549453735352 0.29302263259887695
remembers 0 579 9 13.892370223999023 7.441690444946289 0
that 0 580 4 1.8515143394470215 4.449721336364746 2.991969108581543
the 0 581 3 2.6576051712036133 5.108931064605713 0
pie 0 582 3 8.147449493408203 10.091198921203613 0
has 0 583 3 5.438961029052734 6.999791622161865 3.091407299041748
not 0 584 3 6.0470170974731445 6.525905132293701 0.47388648986816406
been 0 585 4 0.9629886150360107 4.971157073974609 1.5547480583190918
flavored 0 586 8 13.557805061340332 9.079361915588379 0
. 0 587 1 4.025544166564941 4.025662422180176 5.053699493408203
<eos> 0 588 5 0.1575773060321808 0.48753634095191956 3.5381260812282562
<unk> 0 589 5 2.095879554748535 5.781418800354004 0
, 0 590 1 4.819918155670166 6.814218044281006 0
too 0 591 3 9.328933715820312 6.116472244262695 0.6977458000183105
, 0 592 1 0.33877283334732056 2.5508804321289062 3.565591812133789
excuses 0 593 7 16.097148895263672 7.661225318908691 0
himself 0 594 7 8.479934692382812 6.175711154937744 1.4855141639709473
and 0 595 3 3.675459146499634 5.515462875366211 0.6602482795715332
a 0 596 1 6.054599761962891 8.69676685333252 0
moment 0 597 6 11.599655151367188 9.912035942077637 0
later 0 598 5 7.609643459320068 5.968637943267822 3.9433979988098145
is 0 599 2 5.775818347930908 5.756034851074219 0.21260309219360352
found 0 600 5 7.294051170349121 8.959855079650879 0
pouring 0 601 7 15.101984977722168 4.999519348144531 3.9603357315063477
whiskey 0 602 7 11.220396995544434 7.552794933319092 0
into 0 603 4 4.270106315612793 5.717844486236572 1.8349504470825195
the 0 604 3 1.5569919347763062 4.492828845977783 1.225015640258789
sacred 0 605 6 14.736703872680664 9.554191589355469 0
<unk> 0 606 5 3.408853054046631 9.963873863220215 0
. 0 607 1 2.1670007705688477 6.78251838684082 3.1813554763793945
<eos> 0 608 5 0.06628631800413132 0.26840993762016296 6.514108449220657
<unk> 0 609 5 2.2557601928710938 6.115257263183594 0
sooner 0 610 6 20.078641891479492 7.042533874511719 0
has 0 611 3 6.375786304473877 8.391091346740723 0
he 0 612 2 10.55698013305664 7.484730243682861 0.9063611030578613
ceased 0 613 6 14.06411075592041 9.126255989074707 0
and 0 614 3 6.51113224029541 5.18721342086792 3.939042568206787
returned 0 615 8 8.382100105285645 9.435859680175781 0
to 0 616 2 0.7394468784332275 3.3873629570007324 6.048496723175049
his 0 617 3 4.003299236297607 4.853557109832764 0
guest 0 618 5 14.055952072143555 9.034211158752441 0
than 0 619 4 15.574423789978027 6.088446617126465 2.9457645416259766
<unk> 0 620 5 2.567798614501953 6.433631896972656 0
<unk> 0 621 5 2.003669500350952 4.6883544921875 1.7452774047851562
, 0 622 1 2.060837984085083 4.128603935241699 0.5597505569458008
who 0 623 3 2.1234588623046875 5.259671688079834 0
has 0 624 3 6.009753704071045 7.295779228210449 0
just 0 625 4 8.52668571472168 7.33355712890625 0
remembered 0 626 10 11.3568754196167 7.691659927368164 0
about 0 627 5 9.166810035705566 5.3178911209106445 2.3737688064575195
the 0 628 3 1.6756173372268677 5.211332321166992 0.10655879974365234
forgotten 0 629 9 17.005779266357422 10.43521785736084 0
flavoring 0 630 9 19.68950653076172 8.89797306060791 1.5372447967529297
, 0 631 1 4.101299285888672 6.358897686004639 2.5390753746032715
rushes 0 632 6 17.279874801635742 6.6444878578186035 0
in 0 633 2 5.636211395263672 4.15298318862915 2.491504669189453
and 0 634 3 4.069809913635254 7.1784539222717285 0
makes 0 635 5 8.338473320007324 10.235296249389648 0
for 0 636 3 8.987017631530762 5.901270866394043 4.3340253829956055
the 0 637 3 2.4491608142852783 6.590550422668457 0
whiskey 0 638 7 15.21993637084961 10.334479331970215 0
. 0 639 1 2.837164878845215 7.397595405578613 2.9368839263916016
<eos> 0 640 5 0.026457758620381355 0.13243666291236877 7.2651587426662445
<unk> 0 641 5 2.0829341411590576 5.711964130401611 0
pours 0 642 5 14.337967872619629 6.926997661590576 0
' 0 643 1 11.329059600830078 6.384102821350098 0.5428948402404785
the 0 644 3 4.782501697540283 8.801827430725098 0
right 0 645 5 8.589879989624023 9.78525161743164 0
proportion 0 646 10 23.103208541870117 6.923327445983887 2.861924171447754
' 0 647 1 2.3752784729003906 3.633784294128418 3.2895431518554688
in 0 648 2 4.208079814910889 6.372342586517334 0
, 0 649 1 11.280217170715332 5.405024528503418 0.967318058013916
too 0 650 3 10.839818954467773 6.6728105545043945 0
. 0 651 1 1.838362455368042 3.9910500049591064 2.681760549545288
" 0 652 1 3.5245163440704346 0.44608765840530396 3.5449623465538025
<eos> 0 653 5 5.503434294951148e-06 8.048563176998869e-05 0.44600717277353397
= 0 654 1 3.390260934829712 5.972572326660156 0
= 0 655 1 0.08494021743535995 0.6597837209701538 5.312788605690002
<unk> 0 656 5 5.812442302703857 4.190049171447754 0
= 0 657 1 1.4002249240875244 5.736324310302734 0
= 0 658 1 0.0012604260118678212 0.01601574383676052 5.720308566465974
<eos> 0 659 5 21.060590744018555 4.507547855377197 0
<unk> 0 660 5 1.4391632080078125 5.594616413116455 0
writer 0 661 6 11.51941204071045 5.717197895050049 0
of 0 662 2 7.371894836425781 1.9540045261383057 3.763193368911743
the 0 663 3 0.9566349387168884 3.805269479751587 0
scenario 0 664 8 13.167959213256836 6.937231063842773 0
is 0 665 2 4.068964958190918 6.631941795349121 0.30528926849365234
unknown 0 666 7 7.067607879638672 5.762975215911865 0.8689665794372559
, 0 667 1 1.4770640134811401 3.5118465423583984 2.251128673553467
but 0 668 3 2.0238051414489746 5.5673322677612305 0
it 0 669 2 4.069645881652832 6.660841464996338 0
was 0 670 3 3.1118416786193848 3.708913803100586 2.951927661895752
most 0 671 4 9.505395889282227 7.698105812072754 0
likely 0 672 6 1.423454999923706 5.8061699867248535 1.8919358253479004
<unk> 0 673 5 3.2788918018341064 6.99116849899292 0
<unk> 0 674 5 2.0804288387298584 6.159447193145752 0.831721305847168
. 0 675 1 3.5026743412017822 5.55886173248291 0.6005854606628418
<eos> 0 676 5 0.008480940945446491 0.05265842378139496 5.506203308701515
<unk> 0 677 5 1.9514210224151611 5.330686092376709 0
was 0 678 3 3.9501938819885254 6.484494209289551 0
an 0 679 2 6.397235870361328 8.21540355682373 0
experienced 0 680 11 5.609690189361572 7.761224746704102 0.4541788101196289
<unk> 0 681 5 2.5227749347686768 8.01260757446289 0
employed 0 682 8 8.541183471679688 6.900809288024902 1.1117982864379883
by 0 683 2 1.0829815864562988 3.2538652420043945 3.646944046020508
<unk> 0 684 5 1.0014067888259888 3.7150487899780273 0
<unk> 0 685 5 1.4616420269012451 4.55665397644043 0
<unk> 0 686 5 2.914389133453369 4.118958950042725 0.4376950263977051
<unk> 0 687 5 2.6090056896209717 4.27541971206665 0
<unk> 0 688 5 2.668968439102173 4.083861351013184 0.1915583610534668
while 0 689 5 9.90014934539795 4.037441253662109 0.04642009735107422
writing 0 690 7 6.760639190673828 6.466836452484131 0
scripts 0 691 7 6.332189559936523 5.420338153839111 1.0464982986450195
for 0 692 3 0.9410257339477539 3.1333119869232178 2.2870261669158936
the 0 693 3 1.290340542793274 4.240803241729736 0
<unk> 0 694 5 1.415417194366455 6.872991561889648 0
productions 0 695 11 7.562544822692871 6.6705217361450195 0.2024698257446289
. 0 696 1 1.4136395454406738 3.806140422821045 2.8643813133239746
<eos> 0 697 5 0.0051869479939341545 0.03450950235128403 3.771630920469761
<unk> 0 698 5 1.9085685014724731 5.173666000366211 0
film 0 699 4 11.683253288269043 6.350372791290283 0
director 0 700 8 4.395437717437744 6.968296527862549 0
is 0 701 2 10.39545726776123 1.6605137586593628 5.307782769203186
unknown 0 702 7 5.553341865539551 6.774543762207031 0
, 0 703 1 1.3858665227890015 3.847775459289551 2.9267683029174805
but 0 704 3 1.3879950046539307 4.425296783447266 0
it 0 705 2 4.052644729614258 6.828272819519043 0
may 0 706 3 6.021938323974609 3.875056028366089 2.953216791152954
have 0 707 4 1.0135666131973267 2.889329433441162 0.9857265949249268
been 0 708 4 0.29586517810821533 2.161942720413208 0.7273867130279541
<unk> 0 709 5 3.5867724418640137 7.4412970542907715 0
<unk> 0 710 5 2.2629244327545166 4.504787445068359 2.936509609222412
<unk> 0 711 5 2.7936105728149414 4.2225022315979 0.282285213470459
. 0 712 1 2.9260687828063965 4.807898998260498 0
<eos> 0 713 5 0.0014418696518987417 0.011637267656624317 4.796261730603874
<unk> 0 714 5 1.7459361553192139 5.03420877456665 0
historian 0 715 9 12.347064018249512 6.067323207855225 0
<unk> 0 716 5 0.12860451638698578 0.939113199710846 5.128210008144379
<unk> 0 717 5 0.17334210872650146 1.422713041305542 0
<unk> 0 718 5 2.6624057292938232 6.532135009765625 0
does 0 719 4 10.107400894165039 6.549989700317383 0
not 0 720 3 0.5498189926147461 3.3082616329193115 3.2417280673980713
attribute 0 721 9 4.811586380004883 6.96433687210083 0
a 0 722 1 3.9680261611938477 4.786034107208252 2.178302764892578
cameraman 0 723 9 4.4190778732299805 9.305835723876953 0
for 0 724 3 2.7475714683532715 4.188051700592041 5.117784023284912
this 0 725 4 4.579958438873291 5.119563102722168 0
production 0 726 10 4.822547435760498 7.628880023956299 0
, 0 727 1 1.7687355279922485 4.263625144958496 3.3652548789978027
but 0 728 3 1.2257217168807983 4.0894060134887695 0.17421913146972656
at 0 729 2 7.98286771774292 6.503593921661377 0
least 0 730 5 3.5887646675109863 4.340139389038086 2.163454532623291
two 0 731 3 3.6893510818481445 5.069786548614502 0
possible 0 732 8 7.704570770263672 7.965699672698975 0
candidates 0 733 10 7.456600666046143 8.98981761932373 0
exist 0 734 5 5.6602983474731445 5.0423264503479 3.94749116897583
. 0 735 1 1.4457274675369263 3.7177176475524902 1.3246088027954102
<eos> 0 736 5 0.0008998764678835869 0.007723495829850435 3.70999415172264
<unk> 0 737 5 1.9452366828918457 4.938912391662598 0
<unk> 0 738 5 1.5999600887298584 5.795559406280518 0
was 0 739 3 3.3474345207214355 5.75996208190918 0.03559732437133789
the 0 740 3 2.9972119331359863 7.296651363372803 0
first 0 741 5 1.583008050918579 5.851548671722412 1.4451026916503906
cameraman 0 742 9 2.249054193496704 6.0102410316467285 0
of 0 743 2 1.5322470664978027 3.156048536300659 2.8541924953460693
the 0 744 3 0.6241649389266968 2.4092185497283936 0.7468299865722656
<unk> 0 745 5 1.2916268110275269 6.074399948120117 0
company 0 746 7 3.956454038619995 7.141096115112305 0
, 0 747 1 2.0342299938201904 4.459962844848633 2.681133270263672
but 0 748 3 3.8555264472961426 5.528509140014648 0
he 0 749 2 3.427846670150757 6.642680644989014 0
was 0 750 3 1.6826962232589722 5.871431350708008 0.7712492942810059
soon 0 751 4 6.547786712646484 7.732325077056885 0
joined 0 752 6 4.89720344543457 8.39707088470459 0
by 0 753 2 0.34125766158103943 1.7172963619232178 6.679774522781372
<unk> 0 754 5 1.1136455535888672 4.258316516876221 0
<unk> 0 755 5 0.654004693031311 3.2260677814483643 1.0322487354278564
<unk> 0 756 5 2.7560274600982666 3.51200270652771 0
who 0 757 3 6.521547794342041 3.689168930053711 0
had 0 758 3 2.18985915184021 6.611595153808594 0
years 0 759 5 13.96742057800293 6.916453838348389 0
of 0 760 2 2.1706907749176025 5.454530715942383 1.4619231224060059
experience 0 761 10 3.5306193828582764 7.89776611328125 0
as 0 762 2 4.586441516876221 4.649491786956787 3.248274326324463
a 0 763 1 1.1657739877700806 4.554757118225098 0.09473466873168945
still 0 764 5 14.571328163146973 8.170723915100098 0
and 0 765 3 7.693997383117676 7.730524063110352 0.4401998519897461
motion 0 766 6 12.11441421508789 9.628451347351074 0
picture 0 767 7 0.1439288854598999 1.1263216733932495 8.502129673957825
photographer 0 768 12 2.2846779823303223 6.164968490600586 0
. 0 769 1 0.582913875579834 2.3290932178497314 3.8358752727508545
<eos> 0 770 5 0.0028673671185970306 0.020904000848531723 2.3081892170011997
<unk> 0 771 5 1.8571484088897705 5.009154319763184 0
role 0 772 4 18.20271110534668 6.188495635986328 0
of 0 773 2 5.621288776397705 4.637801647186279 1.5506939888000488
the 0 774 3 2.239285707473755 3.425351142883301 1.2124505043029785
cameraman 0 775 9 4.389912128448486 6.878317356109619 0
was 0 776 3 2.469641923904419 5.154891490936279 1.7234258651733398
uncredited 0 777 10 4.4336466789245605 7.580528736114502 0
in 0 778 2 0.9357892870903015 3.162802219390869 4.417726516723633
<unk> 0 779 5 1.5320394039154053 3.3349251747131348 0
productions 0 780 11 6.422645092010498 4.004079341888428 0
. 0 781 1 2.625964641571045 3.932586669921875 0.07149267196655273
<eos> 0 782 5 0.003569037187844515 0.025104913860559464 3.9074817560613155
<unk> 0 783 5 1.8012789487838745 5.014149188995361 0
cast 0 784 4 9.563484191894531 5.974331855773926 0
credits 0 785 7 13.9766845703125 5.153613567352295 0.8207182884216309
are 0 786 3 9.1214599609375 5.474462509155273 0
unknown 0 787 7 4.562183856964111 8.346278190612793 0
, 0 788 1 1.7753534317016602 3.214451789855957 5.131826400756836
but 0 789 3 1.1998060941696167 3.7259106636047363 0
many 0 790 4 7.477148056030273 6.374279499053955 0
<unk> 0 791 5 4.094787120819092 6.405886173248291 0
<unk> 0 792 5 3.072540283203125 7.49170446395874 0
productions 0 793 11 4.081506252288818 7.108102798461914 0.38360166549682617
are 0 794 3 3.4593992233276367 5.7364606857299805 1.3716421127319336
fragmentary 0 795 11 5.405801296234131 7.9931511878967285 0
. 0 796 1 1.0270472764968872 3.1957836151123047 4.797367572784424
<eos> 0 797 5 0.0011887701693922281 0.00972065795212984 3.186062957160175
<unk> 0 798 5 1.640863060951233 5.146176815032959 0
late 0 799 4 17.522186279296875 5.754319190979004 0
<unk> 0 800 5 2.637110471725464 6.162482261657715 0
, 0 801 1 5.119001865386963 6.329355239868164 0
the 0 802 3 3.902829647064209 4.992778778076172 1.3365764617919922
<unk> 0 803 5 2.256657361984253 7.3799309730529785 0
company 0 804 7 7.138204574584961 6.99747371673584 0.38245725631713867
released 0 805 8 9.026215553283691 5.965260028839111 1.0322136878967285
a 0 806 1 2.924135684967041 5.271240711212158 0.6940193176269531
list 0 807 4 8.242361068725586 7.925997734069824 0
of 0 808 2 0.25237423181533813 1.4938329458236694 6.432164788246155
the 0 809 3 2.0432584285736084 6.360191345214844 0
important 0 810 9 11.653453826904297 6.888904094696045 0
personalities 0 811 13 6.570822715759277 8.20953369140625 0
in 0 812 2 2.033440351486206 3.809671640396118 4.399862051010132
their 0 813 5 6.4752278327941895 3.533686876296997 0.2759847640991211
films 0 814 5 3.283264398574829 7.36768102645874 0
. 0 815 1 2.032559871673584 3.973446846008301 3.3942341804504395
<eos> 0 816 5 0.004430342931300402 0.030091548338532448 3.9433552976697683
<unk> 0 817 5 1.9177579879760742 5.246698379516602 0
list 0 818 4 14.242653846740723 6.058403968811035 0
includes 0 819 8 7.634082794189453 6.050821781158447 0.007582187652587891
<unk> 0 820 5 2.1361277103424072 5.487987518310547 0.5628342628479004
<eos> 0 821 5 7.985550880432129 4.5001959800720215 0.9877915382385254
<unk> 0 822 5 0.3431108593940735 2.4233806133270264 2.076815366744995
, 0 823 1 1.7238123416900635 4.008426189422607 0
<unk> 0 824 5 0.8500937223434448 3.7827301025390625 0.22569608688354492
<unk> 0 825 5 0.6564894914627075 3.1441197395324707 0.6386103630065918
<unk> 0 826 5 4.061830997467041 1.8077678680419922 1.3363518714904785
, 0 827 1 0.6521967649459839 2.055610179901123 0
<unk> 0 828 5 0.6247978210449219 2.1670656204223633 0
<unk> 0 829 5 0.3025932013988495 2.03936505317688 0.1277005672454834
<unk> 0 830 5 4.0584330558776855 1.4205118417739868 0.6188532114028931
, 0 831 1 0.649010181427002 1.8760547637939453 0
<unk> 0 832 5 0.4395354390144348 1.7812803983688354 0.09477436542510986
<unk> 0 833 5 0.23499980568885803 1.6999608278274536 0.08131957054138184
, 0 834 1 0.44720709323883057 1.4307197332382202 0.2692410945892334
<unk> 0 835 5 0.3353825807571411 1.4936206340789795 0
<unk> 0 836 5 0.21392163634300232 1.570499300956726 0
, 0 837 1 0.41391685605049133 1.3222665786743164 0.24823272228240967
<unk> 0 838 5 0.3130524158477783 1.410070776939392 0
<unk> 0 839 5 0.20884205400943756 1.5238372087478638 0
, 0 840 1 0.39838334918022156 1.2822182178497314 0.24161899089813232
<unk> 0 841 5 0.2987462878227234 1.370562195777893 0
<unk> 0 842 5 0.20715242624282837 1.4949424266815186 0
<unk> 0 843 5 3.7380497455596924 1.2549265623092651 0.24001586437225342
, 0 844 1 0.5473175048828125 1.5917471647262573 0
<unk> 0 845 5 0.32126355171203613 1.4840316772460938 0.10771548748016357
<unk> 0 846 5 0.2023891657590866 1.4675718545913696 0.01645982265472412
, 0 847 1 0.4038841128349304 1.3358619213104248 0.13170993328094482
<unk> 0 848 5 0.2737908959388733 1.325048565864563 0.010813355445861816
<unk> 0 849 5 0.19652798771858215 1.4096325635910034 0
, 0 850 1 0.38222241401672363 1.2582165002822876 0.15141606330871582
<unk> 0 851 5 0.2693110406398773 1.2910106182098389 0
<unk> 0 852 5 0.19437061250209808 1.3885066509246826 0
, 0 853 1 0.3740333318710327 1.2345209121704102 0.15398573875427246
<unk> 0 854 5 0.2668318450450897 1.2821617126464844 0
<unk> 0 855 5 0.1946926862001419 1.3785102367401123 0
<unk> 0 856 5 3.6678409576416016 1.2183058261871338 0.16020441055297852
, 0 857 1 0.5156314969062805 1.5118197202682495 0
<unk> 0 858 5 0.29781341552734375 1.4220787286758423 0.08974099159240723
<unk> 0 859 5 0.1922050565481186 1.3793096542358398 0.04276907444000244
, 0 860 1 0.3976210951805115 1.3220534324645996 0.057256221771240234
<unk> 0 861 5 0.2569090723991394 1.2758687734603882 0.046184659004211426
<unk> 0 862 5 0.18896079063415527 1.3355693817138672 0
<unk> 0 863 5 3.5892834663391113 1.2418217658996582 0.09374761581420898
. 0 864 1 7.483145236968994 1.537328839302063 0
<eos> 0 865 5 0.006719682831317186 0.046027716249227524 1.4913011230528355
<unk> 0 866 5 2.005864143371582 4.334332466125488 0
surviving 0 867 9 18.648969650268555 3.9345998764038086 0.3997325897216797
film 0 868 4 7.754595756530762 6.2552971839904785 0
still 0 869 5 15.360511779785156 7.555877685546875 0
gives 0 870 5 10.457928657531738 7.879662990570068 0
the 0 871 3 2.050701856613159 5.471133708953857 2.408529281616211
possibility 0 872 11 12.378957748413086 5.768535137176514 0
of 0 873 2 0.7261767983436584 1.7392668724060059 4.029268264770508
identifying 0 874 11 12.196200370788574 7.320521354675293 0
eight 0 875 5 13.302351951599121 5.160238742828369 2.160282611846924
actors 0 876 6 5.278541088104248 6.862175941467285 0
. 0 877 1 3.2640573978424072 4.851749420166016 2.0104265213012695
<eos> 0 878 5 0.0039321789517998695 0.027459410950541496 4.824290009215474
= 0 879 1 3.1211769580841064 5.0901994705200195 0
= 0 880 1 0.1342976838350296 0.7837870717048645 4.306412398815155
<unk> 0 881 5 6.067267417907715 3.739311933517456 0
and 0 882 3 4.453994274139404 5.360071182250977 0
reception 0 883 9 9.639989852905273 5.643631935119629 0
= 0 884 1 0.02543969638645649 0.21656307578086853 5.42706885933876
= 0 885 1 6.328822928480804e-05 0.0009260012884624302 0.2156370744924061
<eos> 0 886 5 20.707685470581055 4.7949066162109375 0
<unk> 0 887 5 1.6727224588394165 5.457616806030273 0
single 0 888 6 15.097618103027344 5.686227321624756 0
reel 0 889 4 7.1428728103637695 5.874261856079102 0
comedy 0 890 6 8.412487030029297 7.0382304191589355 0
, 0 891 1 3.705052375793457 6.300248622894287 0.7379817962646484
approximately 0 892 13 11.947601318359375 6.410946846008301 0
<unk> 0 893 5 0.3826213777065277 2.2355499267578125 4.175396919250488
<unk> 0 894 5 1.2728368043899536 4.623641490936279 0
<unk> 0 895 5 0.5339882373809814 1.7622923851013184 2.861349105834961
feet 0 896 4 4.45975923538208 5.780938625335693 0
long 0 897 4 5.532910346984863 1.713722825050354 4.067215800285339
, 0 898 1 0.7755013704299927 2.234107732772827 0
was 0 899 3 0.674771785736084 3.3849027156829834 0
released 0 900 8 2.505333185195923 6.642997741699219 0
on 0 901 2 1.4971544742584229 3.0404112339019775 3.602586507797241
<unk> 0 902 5 0.22523391246795654 1.1503040790557861 1.8901071548461914
<unk> 0 903 5 0.2174300104379654 1.2357220649719238 0
, 0 904 1 0.8903611302375793 1.6244513988494873 0
<unk> 0 905 5 0.01963059790432453 0.1827457696199417 1.4417056292295456
. 0 906 1 1.318267583847046 2.8763577938079834 0
<eos> 0 907 5 0.014226371422410011 0.08059228956699371 2.7957655042409897
<unk> 0 908 5 3.1341512203216553 4.943891525268555 0
film 0 909 4 7.470711708068848 6.178417682647705 0
likely 0 910 6 17.0832462310791 7.175076484680176 0
had 0 911 3 4.551643371582031 8.405116081237793 0
a 0 912 1 1.6968371868133545 5.328341960906982 3.0767741203308105
wide 0 913 4 7.5145769119262695 8.506012916564941 0
national 0 914 8 12.641495704650879 4.480846405029297 4.0251665115356445
release 0 915 7 2.6645946502685547 6.8137712478637695 0
, 0 916 1 2.0154714584350586 4.4560418128967285 2.357729434967041
with 0 917 4 3.377084255218506 6.038549423217773 0
advertisements 0 918 14 10.197734832763672 5.859638214111328 0.1789112091064453
in 0 919 2 3.8599703311920166 7.034177780151367 0
theaters 0 920 8 7.1410322189331055 4.523556709289551 2.5106210708618164
known 0 921 5 12.128929138183594 5.8319573402404785 0
in 0 922 2 7.872779846191406 0.6867035627365112 5.145253777503967
<unk> 0 923 5 1.4453848600387573 3.8346965312957764 0
, 0 924 1 3.805696964263916 2.674215078353882 1.1604814529418945
<unk> 0 925 5 2.3118348121643066 5.73020601272583 0
, 0 926 1 0.915736198425293 2.81748104095459 2.9127249717712402
<unk> 0 927 5 0.9719275832176208 2.4357237815856934 0.3817572593688965
, 0 928 1 0.5894767045974731 1.5651142597198486 0.8706095218658447
and 0 929 3 2.010653495788574 1.6528992652893066 0
<unk> 0 930 5 0.28880569338798523 1.9327481985092163 0
. 0 931 1 1.0018223524093628 3.3496358394622803 0
<eos> 0 932 5 0.003582761622965336 0.025191955268383026 3.3244438841938972
<unk> 0 933 5 3.182631015777588 5.279083728790283 0
film 0 934 4 7.025521278381348 7.1116204261779785 0
would 0 935 5 11.318886756896973 7.366454601287842 0
also 0 936 4 3.9902162551879883 6.268416881561279 1.0980377197265625
be 0 937 2 1.0992084741592407 4.935581684112549 1.3328351974487305
shown 0 938 5 6.317389011383057 6.257254600524902 0
in 0 939 2 1.8044778108596802 4.684575080871582 1.5726795196533203
<unk> 0 940 5 1.453291893005371 4.20687198638916 0.4777030944824219
, 0 941 1 2.369074821472168 5.138380527496338 0
<unk> 0 942 5 1.0560423135757446 4.405144214630127 0.7332363128662109
and 0 943 3 3.178412675857544 3.501680374145508 0.9034638404846191
was 0 944 3 6.3409647941589355 4.068573474884033 0
met 0 945 3 8.972326278686523 7.6002888679504395 0
with 0 946 4 0.25443801283836365 1.1976597309112549 6.402629137039185
praise 0 947 6 7.108276844024658 6.884316444396973 0
by 0 948 2 2.8022964000701904 3.0674474239349365 3.816869020462036
the 0 949 3 1.7413188219070435 4.642300128936768 0
audience 0 950 8 5.714786529541016 6.146733283996582 0
at 0 951 2 6.619899749755859 4.041906356811523 2.1048269271850586
the 0 952 3 0.9229827523231506 3.4742801189422607 0.5676262378692627
<unk> 0 953 5 2.6226212978363037 5.398758888244629 0
<unk> 0 954 5 2.1206037998199463 5.798227310180664 0
. 0 955 1 4.757069110870361 5.363924980163574 0.43430233001708984
<eos> 0 956 5 0.003486515488475561 0.024680115282535553 5.339244864881039
<unk> 0 957 5 2.673112630844116 5.283064365386963 0
<unk> 0 958 5 1.795632243156433 6.772478103637695 0
, 0 959 1 2.3469715118408203 6.385621070861816 0.3868570327758789
years 0 960 5 16.926725387573242 5.064767360687256 1.3208537101745605
after 0 961 5 2.7105965614318848 4.361390113830566 0.7033772468566895
the 0 962 3 1.127760410308838 4.40053653717041 0
film 0 963 4 1.3520780801773071 5.4481072425842285 0
's 0 964 2 1.3165314197540283 3.5072765350341797 1.9408307075500488
release 0 965 7 1.0232086181640625 4.436284065246582 0
, 0 966 1 0.1894395649433136 1.1579152345657349 3.278368830680847
the 0 967 3 5.675241947174072 7.6911444664001465 0
film 0 968 4 1.3098350763320923 5.698457717895508 1.9926867485046387
was 0 969 3 1.3889979124069214 5.442347049713135 0.25611066818237305
approved 0 970 8 11.035758972167969 7.600782871246338 0
without 0 971 7 9.856911659240723 2.913661241531372 4.687121629714966
censorship 0 972 10 7.468624591827393 7.406851768493652 0
by 0 973 2 5.372612953186035 5.060644626617432 2.3462071418762207
the 0 974 3 1.5745728015899658 5.144864082336426 0
<unk> 0 975 5 1.892706274986267 6.726878643035889 0
<unk> 0 976 5 3.5669972896575928 7.15068244934082 0
<unk> 0 977 5 2.8091797828674316 7.246908664703369 0
of 0 978 2 7.2042059898376465 7.105874061584473 0.14103460311889648
<unk> 0 979 5 1.2214661836624146 3.974811553955078 3.1310625076293945
of 0 980 2 9.158785820007324 4.988546848297119 0
<unk> 0 981 5 1.3271102905273438 3.6332848072052 1.355262041091919
<unk> 0 982 5 4.434693813323975 3.9970638751983643 0
. 0 983 1 1.8882442712783813 4.799778461456299 0
<eos> 0 984 5 0.010261226445436478 0.0627015009522438 4.737076960504055
<unk> 0 985 5 2.5085911750793457 5.105949878692627 0
<unk> 0 986 5 1.5926640033721924 6.432782173156738 0
<unk> 0 987 5 3.040811538696289 6.222553253173828 0.21022891998291016
<unk> 0 988 5 2.5695817470550537 6.787713527679443 0
<unk> 0 989 5 2.70847487449646 7.040521621704102 0
reviewer 0 990 8 12.788454055786133 7.079275131225586 0
found 0 991 5 10.768837928771973 1.600994348526001 5.478280782699585
the 0 992 3 1.1657947301864624 3.3796613216400146 0
subject 0 993 7 11.729116439819336 3.7256078720092773 0
to 0 994 2 2.817012310028076 6.220146656036377 0
be 0 995 2 1.2921772003173828 4.49354362487793 1.7266030311584473
too 0 996 3 6.016361713409424 6.03017520904541 0
long 0 997 4 6.279336929321289 8.402660369873047 0
, 0 998 1 1.921511173248291 3.9772398471832275 4.425420522689819
but 0 999 3 2.2997519969940186 5.428272247314453 0
did 0 1000 3 6.147893905639648 6.7319416999816895 0
not 0 1001 3 0.23001089692115784 1.6751104593276978 5.056831240653992
find 0 1002 4 5.516994476318359 7.965047836303711 0
it 0 1003 2 2.503237724304199 4.923659324645996 3.041388511657715
to 0 1004 2 4.025687217712402 7.3392109870910645 0
be 0 1005 2 0.535355806350708 3.2704226970672607 4.068788290023804
a 0 1006 1 2.665677547454834 7.303956031799316 0
fault 0 1007 5 10.275679588317871 8.579456329345703 0
. 0 1008 1 1.3056482076644897 4.103784084320068 4.475672245025635
<eos> 0 1009 5 0.011788411997258663 0.06891535222530365 4.034868732094765
<unk> 0 1010 5 1.791121006011963 4.866745948791504 0
reviewer 0 1011 8 9.381747245788574 4.2725114822387695 0.5942344665527344
states 0 1012 6 12.840744972229004 0.9020713567733765 3.370440125465393
, 0 1013 1 1.855989933013916 3.6440017223358154 0
" 0 1014 1 0.537224292755127 2.8705668449401855 0.7734348773956299
<unk> 0 1015 5 2.7857117652893066 6.238520622253418 0
domestic 0 1016 8 18.16312599182129 5.967366695404053 0.27115392684936523
comedy 0 1017 6 10.6593017578125 8.86629867553711 0
with 0 1018 4 8.714977264404297 7.065189361572266 1.8011093139648438
a 0 1019 1 3.476980209350586 6.137824058532715 0.9273653030395508
different 0 1020 9 8.211174011230469 9.700240135192871 0
flavor 0 1021 6 10.504571914672852 9.437980651855469 0.26225948333740234
. 0 1022 1 5.741530418395996 5.661149978637695 3.7768306732177734
<eos> 0 1023 5 0.6165288686752319 0.9549371600151062 4.706212818622589
<unk> 0 1024 5 2.957153558731079 6.413993835449219 0
fact 0 1025 4 15.545731544494629 6.297473430633545 0.11652040481567383
, 0 1026 1 3.2184736728668213 6.635656356811523 0
with 0 1027 4 6.4145331382751465 7.354356288909912 0
a 0 1028 1 2.8776509761810303 6.645201683044434 0.7091546058654785
<unk> 0 1029 5 3.209024429321289 9.893793106079102 0
pie 0 1030 3 14.069831848144531 7.8863935470581055 2.007399559020996
for 0 1031 3 6.05873966217041 6.084494590759277 1.8018989562988281
a 0 1032 1 3.6295480728149414 7.315004825592041 0
basis 0 1033 5 15.46707534790039 9.625017166137695 0
the 0 1034 3 9.187837600708008 4.300458908081055 5.324558258056641
flavor 0 1035 6 13.61725902557373 9.334512710571289 0
comes 0 1036 5 9.190858840942383 4.285861492156982 5.048651218414307
to 0 1037 2 2.11893367767334 5.1153788566589355 0
resemble 0 1038 8 10.088913917541504 6.712178707122803 0
brandy 0 1039 6 19.003459930419922 5.790487289428711 0.9216914176940918
very 0 1040 4 14.763420104980469 4.524239540100098 1.2662477493286133
strongly 0 1041 8 9.042179107666016 8.093246459960938 0
by 0 1042 2 7.295583724975586 3.674705743789673 4.418540716171265
the 0 1043 3 2.1995468139648438 7.687633991241455 0
time 0 1044 4 6.292870044708252 9.583782196044922 0
that 0 1045 4 4.981485843658447 5.4715681076049805 4.112214088439941
the 0 1046 3 2.6998372077941895 6.181983947753906 0
cook 0 1047 4 15.67648696899414 7.892630100250244 0
, 0 1048 1 4.786689758300781 8.291661262512207 0
the 0 1049 3 3.1836299896240234 7.192466735839844 1.0991945266723633
maid 0 1050 4 14.077718734741211 8.783262252807617 0
and 0 1051 3 3.3158090114593506 4.666919708251953 4.116342544555664
the 0 1052 3 1.5723824501037598 6.749790191650391 0
mistress 0 1053 8 10.014801979064941 8.779809951782227 0
of 0 1054 2 1.6708705425262451 4.487580299377441 4.292229652404785
the 0 1055 3 1.7322767972946167 4.949435234069824 0
house 0 1056 5 9.145820617675781 8.723109245300293 0
and 0 1057 3 4.722511291503906 6.0627312660217285 2.6603779792785645
her 0 1058 3 7.248218536376953 8.33551025390625 0
daughter 0 1059 8 8.170159339904785 10.021950721740723 0
have 0 1060 4 6.796446323394775 5.368485927581787 4.6534647941589355
added 0 1061 5 10.845242500305176 7.980819225311279 0
the 0 1062 3 3.373577356338501 6.545600414276123 1.4352188110351562
proper 0 1063 6 10.680156707763672 10.307409286499023 0
proportion 0 1064 10 15.041312217712402 10.626693725585938 0
of 0 1065 2 0.41102471947669983 2.0474634170532227 8.579230308532715
flavoring 0 1066 9 21.77965545654297 6.251935958862305 0
, 0 1067 1 3.6451311111450195 7.307758331298828 0
neither 0 1068 7 12.274847030639648 8.023309707641602 0
one 0 1069 3 7.782143592834473 8.27276611328125 0
knowing 0 1070 7 13.02558708190918 5.909743309020996 2.363022804260254
that 0 1071 4 5.015854835510254 7.806697845458984 0
the 0 1072 3 2.46248197555542 6.320305824279785 1.4863920211791992
others 0 1073 6 8.365178108215332 9.816890716552734 0
have 0 1074 4 3.859637498855591 5.525128364562988 4.291762351989746
done 0 1075 4 6.905564308166504 8.113079071044922 0
likewise 0 1076 8 13.573792457580566 5.962886333465576 2.1501927375793457
. 0 1077 1 1.1435166597366333 4.11366605758667 1.8492202758789062
<eos> 0 1078 5 1.7383372783660889 0.9091442227363586 3.2045218348503113
<unk> 0 1079 5 3.059170961380005 6.536506175994873 0
humor 0 1080 5 16.06668472290039 6.459288597106934 0.07721757888793945
in 0 1081 2 5.564150810241699 6.343705177307129 0.11558341979980469
this 0 1082 4 4.9950737953186035 5.170886039733887 1.1728191375732422
piece 0 1083 5 7.191194534301758 7.763051986694336 0
centers 0 1084 7 17.63616371154785 5.587738037109375 2.175313949584961
around 0 1085 6 5.101963043212891 4.319097995758057 1.2686400413513184
this 0 1086 4 6.918761730194092 5.364428520202637 0
pie 0 1087 3 14.798744201660156 9.528322219848633 0
. 0 1088 1 2.87080454826355 5.3496222496032715 4.178699970245361
<eos> 0 1089 5 1.4584678411483765 0.9727466106414795 4.376875638961792
<unk> 0 1090 5 3.0017356872558594 6.562394142150879 0
happened 0 1091 8 16.346282958984375 6.643256187438965 0
to 0 1092 2 1.6903417110443115 5.266401767730713 1.376854419708252
the 0 1093 3 3.3404603004455566 7.422590255737305 0
guests 0 1094 6 10.889270782470703 9.342459678649902 0
who 0 1095 3 5.222220420837402 5.482494354248047 3.8599653244018555
<unk> 0 1096 5 5.320089340209961 8.313182830810547 0
of 0 1097 2 6.833499431610107 6.702348232269287 1.6108345985412598
it 0 1098 2 6.980511665344238 6.209705829620361 0.4926424026489258
certainly 0 1099 9 15.7450532913208 5.832509517669678 0.3771963119506836
draws 0 1100 5 16.76071548461914 7.036746501922607 0
upon 0 1101 4 5.488633632659912 6.8052215576171875 0.23152494430541992
the 0 1102 3 2.041036367416382 6.838703155517578 0
imagination 0 1103 11 9.646860122680664 10.863895416259766 0
. 0 1104 1 2.6708478927612305 4.2338738441467285 6.630021572113037
<eos> 0 1105 5 1.2855606079101562 0.9973261952400208 3.2365476489067078
<unk> 0 1106 5 3.095752477645874 6.477433204650879 0
eight 0 1107 5 16.112640380859375 6.43048095703125 0.046952247619628906
people 0 1108 6 7.275641918182373 7.737244129180908 0
, 0 1109 1 3.66494083404541 7.389182090759277 0.34806203842163086
not 0 1110 3 7.158718585968018 7.484921455383301 0
to 0 1111 2 4.475467205047607 8.314179420471191 0
speak 0 1112 5 7.209029674530029 8.11163330078125 0.2025461196899414
of 0 1113 2 4.627099514007568 6.344461917877197 1.7671713829040527
the 0 1114 3 2.068187713623047 6.580786228179932 0
cat 0 1115 3 10.210970878601074 10.194063186645508 0
, 0 1116 1 1.4446830749511719 5.0653581619262695 5.128705024719238
getting 0 1117 7 14.163165092468262 8.149125099182129 0
drunk 0 1118 5 6.681110382080078 7.964417457580566 0.1847076416015625
on 0 1119 2 5.59420919418335 5.402234077453613 2.562183380126953
the 0 1120 3 1.5268166065216064 5.615576267242432 0
brandy 0 1121 6 18.253398895263672 9.249706268310547 0
in 0 1122 2 4.817835330963135 6.637905597686768 2.6118006706237793
one 0 1123 3 6.515414237976074 5.799701690673828 0.8382039070129395
<unk> 0 1124 5 5.416817665100098 6.608839988708496 0
pie 0 1125 3 10.176453590393066 7.608676910400391 0
! 0 1126 1 7.3720927238464355 4.903881549835205 2.7047953605651855
<eos> 0 1127 5 1.8091695308685303 0.9725362062454224 3.9313453435897827
... 0 1128 3 5.045711040496826 7.157411575317383 0
<unk> 0 1129 5 3.6128931045532227 5.8270158767700195 1.3303956985473633
do 0 1130 2 10.673189163208008 6.2189621925354 0
not 0 1131 3 2.5467369556427 6.209893226623535 0.009068965911865234
single 0 1132 6 15.831591606140137 8.355915069580078 0
out 0 1133 3 8.497736930847168 6.593539714813232 1.7623753547668457
this 0 1134 4 6.883199691772461 5.516383647918701 1.0771560668945312
subject 0 1135 7 10.821298599243164 8.806715965270996 0
as 0 1136 2 7.040519714355469 4.883056640625 3.923659324645996
being 0 1137 5 9.04433536529541 6.742090225219727 0
more 0 1138 4 7.308094501495361 8.508256912231445 0
evidently 0 1139 9 17.214942932128906 9.04127311706543 0
padded 0 1140 6 15.599546432495117 8.722145080566406 0.31912803649902344
than 0 1141 4 4.2140069007873535 4.935166835784912 3.786978244781494
others 0 1142 6 10.003875732421875 6.827095031738281 0
shown 0 1143 5 14.415202140808105 4.494454383850098 2.3326406478881836
on 0 1144 2 4.484201431274414 5.085587501525879 0
the 0 1145 3 1.375054955482483 5.4128899574279785 0
screen 0 1146 6 6.0016303062438965 9.189337730407715 0
this 0 1147 4 12.615159034729004 3.7941970825195312 5.395140647888184
week 0 1148 4 6.0819268226623535 6.692882537841797 0
. 0 1149 1 1.3091113567352295 4.329691410064697 2.3631911277770996
<eos> 0 1150 5 1.2855992317199707 1.0091214179992676 3.3205699920654297
<unk> 0 1151 5 3.3837311267852783 6.449947357177734 0
as 0 1152 2 9.011335372924805 6.667047023773193 0
well 0 1153 4 4.474778175354004 6.324007034301758 0.34303998947143555
as 0 1154 2 0.6378575563430786 2.895885467529297 3.428121566772461
<unk> 0 1155 5 2.4710452556610107 7.084542751312256 0
were 0 1156 4 8.639978408813477 6.533831596374512 0.5507111549377441
guilty 0 1157 6 12.623639106750488 9.151512145996094 0
and 0 1158 3 3.6896772384643555 3.3810901641845703 5.770421981811523
it 0 1159 2 7.25330924987793 9.098938941955566 0
is 0 1160 2 3.5128226280212402 5.579181671142578 3.5197572708129883
time 0 1161 4 11.137153625488281 7.685247898101807 0
that 0 1162 4 3.3320536613464355 5.605519771575928 2.079728126525879
the 0 1163 3 3.1327712535858154 6.826916694641113 0
manufacturers 0 1164 13 17.971960067749023 10.00948715209961 0
realize 0 1165 7 11.38149356842041 7.551421642303467 2.4580655097961426
the 0 1166 3 3.3685388565063477 4.338038921356201 3.2133827209472656
importance 0 1167 10 8.303587913513184 10.676068305969238 0
of 0 1168 2 0.32823362946510315 1.9146344661712646 8.761433839797974
the 0 1169 3 1.7592449188232422 7.007253170013428 0
scenario 0 1170 8 14.74813461303711 10.167651176452637 0
end 0 1171 3 14.567123413085938 5.918497562408447 4.2491536140441895
of 0 1172 2 3.408879041671753 5.687167167663574 0.23133039474487305
matters 0 1173 7 16.449256896972656 4.930109024047852 0.7570581436157227
. 0 1174 1 3.252875804901123 5.885183811187744 0
<eos> 0 1175 5 0.8559040427207947 1.0277447700500488 4.857439041137695
<unk> 0 1176 5 3.3696835041046143 6.57120943069458 0
<unk> 0 1177 5 2.0323588848114014 6.65960693359375 0
pie 0 1178 3 14.675658226013184 6.671578407287598 0
episode 0 1179 7 15.11783218383789 6.8777947425842285 0
was 0 1180 3 4.09829568862915 6.839404582977295 0.038390159606933594
well 0 1181 4 7.207501411437988 8.327934265136719 0
done 0 1182 4 5.184059143066406 5.595289707183838 2.732644557952881
, 0 1183 1 2.5393004417419434 4.5775532722473145 1.0177364349365234
which 0 1184 5 6.10023307800293 5.572127819061279 0
is 0 1185 2 3.9644200801849365 7.276718616485596 0
the 0 1186 3 3.623659372329712 8.245122909545898 0
faint 0 1187 5 17.921751022338867 8.421955108642578 0
praise 0 1188 6 14.765962600708008 9.035841941833496 0
that 0 1189 4 5.245949745178223 4.184722900390625 4.851119041442871
we 0 1190 2 4.437061309814453 7.234134674072266 0
do 0 1191 2 5.8504533767700195 7.153235912322998 0.08089876174926758
not 0 1192 3 3.220020055770874 6.204529285430908 0.9487066268920898
like 0 1193 4 5.664522647857666 7.2760329246521 0
to 0 1194 2 2.76688289642334 5.762306213378906 1.5137267112731934
<unk> 0 1195 5 5.860929489135742 7.9275946617126465 0
out 0 1196 3 6.874396800994873 5.929815292358398 1.997779369354248
to 0 1197 2 5.20198392868042 4.742310047149658 1.1875052452087402
anyone 0 1198 6 8.019281387329102 7.654020309448242 0
. 0 1199 1 2.105729341506958 5.359097480773926 2.2949228286743164
" 0 1200 1 0.9334392547607422 1.0532091856002808 4.305888295173645
<eos> 0 1201 5 1.651023922022432e-05 0.0001888245897134766 1.0530203610105673
<unk> 0 1202 5 1.2790708541870117 4.529480457305908 0
of 0 1203 2 7.830657482147217 3.965315341949463 0.5641651153564453
<unk> 0 1204 5 0.7686771154403687 2.479701519012451 1.4856138229370117
<unk> 0 1205 5 3.857764720916748 6.613635540008545 0
<unk> 0 1206 5 2.668858528137207 5.99063777923584 0.6229977607727051
<unk> 0 1207 5 3.547736406326294 6.286671161651611 0
was 0 1208 3 5.737332820892334 6.09525728225708 0.19141387939453125
not 0 1209 3 5.930384159088135 7.554633617401123 0
amused 0 1210 6 8.385204315185547 7.448519229888916 0.10611438751220703
by 0 1211 2 1.1694655418395996 3.327279567718506 4.12123966217041
the 0 1212 3 0.8311371207237244 3.3493990898132324 0
plot 0 1213 4 6.461838245391846 8.304606437683105 0
and 0 1214 3 3.282416820526123 3.462315559387207 4.842290878295898
stated 0 1215 6 7.888321399688721 7.8111701011657715 0
, 0 1216 1 2.897775650024414 2.2916040420532227 5.519566059112549
" 0 1217 1 0.05163048207759857 0.44251909852027893 1.8490849435329437
<unk> 0 1218 5 3.0371789932250977 6.0184831619262695 0
me 0 1219 2 13.047975540161133 6.101593971252441 0
the 0 1220 3 5.484363079071045 7.101141452789307 0
last 0 1221 4 7.257348537445068 9.768770217895508 0
scene 0 1222 5 6.98716926574707 8.147976875305176 1.620793342590332
had 0 1223 3 9.751175880432129 5.917702674865723 2.230274200439453
no 0 1224 2 6.104822635650635 6.7526702880859375 0
humor 0 1225 5 11.1262845993042 9.844789505004883 0
. 0 1226 1 2.167999744415283 4.595762252807617 5.249027252197266
<eos> 0 1227 5 0.8360282778739929 1.0107604265213013 3.585001826286316
<unk> 0 1228 5 3.5767288208007812 6.077846527099609 0
was 0 1229 3 4.126341342926025 6.305283546447754 0
only 0 1230 4 8.265791893005371 8.075328826904297 0
the 0 1231 3 3.2061047554016113 6.915582180023193 1.1597466468811035
necessary 0 1232 9 13.963868141174316 7.591307163238525 0
ending 0 1233 6 11.204275131225586 9.049290657043457 0
to 0 1234 2 2.050957679748535 4.483906269073486 4.565384387969971
the 0 1235 3 2.7343714237213135 7.6739373207092285 0
beginning 0 1236 9 8.611738204956055 9.156951904296875 0
. 0 1237 1 2.6615045070648193 3.4582793712615967 5.698672533035278
<eos> 0 1238 5 0.8721970319747925 1.016031265258789 2.4422481060028076
<unk> 0 1239 5 3.1814024448394775 6.146066188812256 0
humor 0 1240 5 16.027570724487305 6.225374221801758 0
does 0 1241 4 8.474225044250488 6.801928997039795 0
not 0 1242 3 0.9125840663909912 4.510436058044434 2.2914929389953613
<unk> 0 1243 5 6.461047172546387 8.231558799743652 0
from 0 1244 4 7.507169246673584 7.301685810089111 0.929872989654541
<unk> 0 1245 5 2.9344546794891357 6.526360034942627 0.7753257751464844
. 0 1246 1 3.321641206741333 5.754900932312012 0.7714591026306152
" 0 1247 1 1.1918644905090332 1.0303208827972412 4.7245800495147705
<eos> 0 1248 5 2.751696047198493e-05 0.00034822282032109797 1.0299726599769201
<unk> 0 1249 5 1.2110081911087036 4.422969818115234 0
<unk> 0 1250 5 0.8065147399902344 4.258240699768066 0.16472911834716797
<unk> 0 1251 5 4.0892767906188965 3.544840097427368 0.7134006023406982
<unk> 0 1252 5 2.483081340789795 4.990414619445801 0
<unk> 0 1253 5 3.5352189540863037 5.188979148864746 0
stated 0 1254 6 7.040894031524658 5.594927787780762 0
, 0 1255 1 3.026181936264038 2.5242888927459717 3.07063889503479
" 0 1256 1 0.06348494440317154 0.5315036773681641 1.9927852153778076
<unk> 0 1257 5 2.6062939167022705 6.0005035400390625 0
is 0 1258 2 3.3139967918395996 5.9302849769592285 0.07021856307983398
the 0 1259 3 2.860037088394165 7.151571750640869 0
old 0 1260 3 9.456868171691895 7.934649467468262 0
story 0 1261 5 8.1815767288208 7.651915550231934 0.2827339172363281
of 0 1262 2 1.8778207302093506 5.919302463531494 1.7326130867004395
too 0 1263 3 15.007503509521484 4.609916687011719 1.3093857765197754
many 0 1264 4 2.5744261741638184 6.411771297454834 0
cooks 0 1265 5 11.623903274536133 8.373647689819336 0
, 0 1266 1 2.225294589996338 4.7261786460876465 3.6474690437316895
and 0 1267 3 2.00677752494812 6.296431541442871 0
it 0 1268 2 3.5100159645080566 7.32579231262207 0
is 0 1269 2 2.0522565841674805 5.040280342102051 2.2855119705200195
quite 0 1270 5 7.548116207122803 7.814843654632568 0
funny 0 1271 5 5.520973205566406 8.348589897155762 0
after 0 1272 5 9.805468559265137 4.093174934387207 4.255414962768555
the 0 1273 3 1.982412338256836 6.5565972328186035 0
first 0 1274 5 5.746764183044434 9.48887825012207 0
scenes 0 1275 6 10.697908401489258 8.33971118927002 1.1491670608520508
are 0 1276 3 4.464118003845215 4.785804271697998 3.5539069175720215
out 0 1277 3 8.264801979064941 9.166495323181152 0
of 0 1278 2 1.152945637702942 3.5829572677612305 5.583538055419922
the 0 1279 3 1.9754477739334106 6.9017014503479 0
way 0 1280 3 5.214527606964111 9.927446365356445 0
. 0 1281 1 1.2459715604782104 4.507493019104004 5.419953346252441
<eos> 0 1282 5 1.221283197402954 1.0220513343811035 3.4854416847229004
<unk> 0 1283 5 3.59942364692688 6.224170207977295 0
early 0 1284 5 16.083860397338867 6.302855491638184 0
part 0 1285 4 10.875565528869629 6.70652961730957 0
of 0 1286 2 0.3037131726741791 1.8594732284545898 4.8470563888549805
the 0 1287 3 1.0026987791061401 3.8232808113098145 0
film 0 1288 4 2.326768398284912 7.442466735839844 0
takes 0 1289 5 8.516899108886719 5.986110687255859 1.4563560485839844
too 0 1290 3 9.606117248535156 5.932216644287109 0.05389404296875
much 0 1291 4 0.794650673866272 2.733344793319702 3.1988718509674072
time 0 1292 4 1.3705366849899292 5.128775596618652 0
with 0 1293 4 7.457218647003174 3.1864798069000244 1.942295789718628
trivial 0 1294 7 16.94925308227539 6.191713809967041 0
details 0 1295 7 7.428515434265137 9.916595458984375 0
leading 0 1296 7 14.988433837890625 4.400094032287598 5.516501426696777
up 0 1297 2 3.829291343688965 2.9103572368621826 1.489736795425415
to 0 1298 2 0.33335191011428833 1.940788745880127 0.9695684909820557
the 0 1299 3 1.4331259727478027 5.6376848220825195 0
final 0 1300 5 7.801741123199463 9.865907669067383 0
situation 0 1301 9 14.663846015930176 8.368343353271484 1.4975643157958984
. 0 1302 1 1.1142632961273193 3.6572117805480957 4.711131572723389
<eos> 0 1303 5 0.8706889748573303 1.0167771577835083 2.6404346227645874
... 0 1304 3 6.409463405609131 6.335136413574219 0
<unk> 0 1305 5 3.5684666633605957 4.922158718109131 1.412977695465088
weak 0 1306 4 20.32498550415039 5.638224124908447 0
point 0 1307 5 12.856253623962402 7.190983772277832 0
in 0 1308 2 4.785601615905762 6.642388343811035 0.5485954284667969
the 0 1309 3 1.5790221691131592 5.875242233276367 0.767146110534668
story 0 1310 5 6.045168399810791 9.247992515563965 0
is 0 1311 2 4.772255897521973 5.337077617645264 3.910914897918701
the 0 1312 3 3.529749870300293 8.144575119018555 0
fact 0 1313 4 7.667922019958496 9.192304611206055 0
that 0 1314 4 0.13561582565307617 0.9284337759017944 8.26387083530426
the 0 1315 3 2.3926596641540527 5.520798683166504 0
pie 0 1316 3 12.748800277709961 9.588698387145996 0
is 0 1317 2 2.1101434230804443 6.977268218994141 2.6114301681518555
cut 0 1318 3 10.357250213623047 8.247041702270508 0
into 0 1319 4 4.698696613311768 5.2415385246276855 3.0055031776428223
eight 0 1320 5 12.226309776306152 4.621413230895996 0.6201252937316895
small 0 1321 5 10.187355995178223 8.148999214172363 0
pieces 0 1322 6 4.215817451477051 8.793989181518555 0
, 0 1323 1 2.8684916496276855 4.356769561767578 4.437219619750977
making 0 1324 6 8.482007026672363 6.963599681854248 0
it 0 1325 2 1.3233225345611572 4.482168674468994 2.481431007385254
difficult 0 1326 9 5.006783485412598 6.04726505279541 0
to 0 1327 2 0.42879819869995117 1.6093157529830933 4.437949299812317
believe 0 1328 7 7.324552536010742 8.085321426391602 0
in 0 1329 2 4.883781909942627 4.972311496734619 3.1130099296569824
its 0 1330 3 6.4821085929870605 6.348252296447754 0
remarkable 0 1331 10 14.017009735107422 9.699689865112305 0
power 0 1332 5 9.42195987701416 9.741987228393555 0
. 0 1333 1 1.0538092851638794 3.7239367961883545 6.0180504322052
<eos> 0 1334 5 1.0812206268310547 1.0077002048492432 2.7162365913391113
<unk> 0 1335 5 3.426783323287964 6.2829060554504395 0
pies 0 1336 4 17.270540237426758 6.13700532913208 0.14590072631835938
would 0 1337 5 10.081673622131348 6.00975227355957 0.12725305557250977
have 0 1338 4 2.8915374279022217 6.5579304695129395 0
been 0 1339 4 2.0334389209747314 7.071765422821045 0
as 0 1340 2 7.718654155731201 8.68619441986084 0
easy 0 1341 4 8.162032127380371 7.94143533706665 0.7447590827941895
to 0 1342 2 2.6851816177368164 2.825115203857422 5.1163201332092285
make 0 1343 4 5.4621663093566895 8.060908317565918 0
as 0 1344 2 2.9746627807617188 6.766506195068359 1.2944021224975586
one 0 1345 3 6.77793550491333 6.496124744415283 0.27038145065307617
and 0 1346 3 6.495297431945801 4.403718948364258 2.0924057960510254
would 0 1347 5 8.679997444152832 6.823227405548096 0
have 0 1348 4 2.534454584121704 6.864973545074463 0
been 0 1349 4 2.2654807567596436 7.367427825927734 0
more 0 1350 4 6.757491111755371 8.861276626586914 0
convincing 0 1351 10 9.106768608093262 8.698261260986328 0.16301536560058594
. 0 1352 1 2.3477256298065186 4.645906925201416 4.052354335784912
<eos> 0 1353 5 1.1733784675598145 1.0190068483352661 3.62690007686615
<unk> 0 1354 5 2.8936424255371094 6.173232078552246 0
character 0 1355 9 15.11238956451416 6.0609259605407715 0.11230611801147461
parts 0 1356 5 13.074338912963867 5.715862274169922 0.3450636863708496
are 0 1357 3 4.299373626708984 6.462086200714111 0
all 0 1358 3 7.240049839019775 8.696403503417969 0
well 0 1359 4 7.462482452392578 9.274322509765625 0
taken 0 1360 5 10.481392860412598 5.370217323303223 3.9041051864624023
, 0 1361 1 2.430065393447876 5.055646896362305 0.31457042694091797
although 0 1362 8 7.0616984367370605 5.3942952156066895 0
the 0 1363 3 2.681875467300415 5.905595779418945 0
cook 0 1364 4 16.320592880249023 9.599884033203125 0
would 0 1365 5 8.674393653869629 8.216547012329102 1.3833370208740234
have 0 1366 4 2.8061652183532715 6.714151859283447 1.5023951530456543
been 0 1367 4 2.739515781402588 7.680061340332031 0
better 0 1368 6 7.230312824249268 9.17712116241455 0
if 0 1369 2 8.418365478515625 6.059847831726074 3.1172733306884766
she 0 1370 3 5.756676197052002 5.602230072021484 0.45761775970458984
had 0 1371 3 3.8876748085021973 6.911435127258301 0
not 0 1372 3 5.293257236480713 7.460515022277832 0
seized 0 1373 6 12.497503280639648 7.3072919845581055 0.15322303771972656
so 0 1374 2 8.840521812438965 5.671660900115967 1.6356310844421387
many 0 1375 4 2.260572910308838 2.589371681213379 3.082289218902588
opportunities 0 1376 13 10.422073364257812 8.751368522644043 0
to 0 1377 2 3.2654001712799072 4.098757266998291 4.652611255645752
talk 0 1378 4 9.107336044311523 8.323415756225586 0
directly 0 1379 8 11.38696575164795 5.390206813812256 2.93320894241333
at 0 1380 2 7.263017177581787 4.23105525970459 1.159151554107666
the 0 1381 3 1.5789659023284912 5.2523674964904785 0
camera 0 1382 6 9.851842880249023 7.03074312210083 0
. 0 1383 1 1.051493763923645 3.914597511291504 3.116145610809326
" 0 1384 1 0.6219387054443359 0.9675922393798828 2.947005271911621
<eos> 0 1385 5 5.503434294951148e-06 8.564481686335057e-05 0.9675065945630195
=========================================================================================
| End of testing | test loss  4.02 | test ppl    55.46
=========================================================================================
