word sentid sentpos wlen surp entropy entred
= 0 0 1 6.762388229370117 7.472126007080078 0
<unk> 0 1 5 3.3011107444763184 1.5629937648773193 5.909132242202759
<unk> 0 2 5 1.2154688835144043 5.523879051208496 0
<unk> 0 3 5 2.5897231101989746 3.0616955757141113 2.4621834754943848
= 0 4 1 0.9023104310035706 3.324688196182251 0
<eos> 0 5 5 11.793513298034668 1.512387990951538 1.812300205230713
= 0 6 1 11.115560531616211 0.9678179025650024 0.5445700883865356
<unk> 0 7 5 0.28870514035224915 1.6671693325042725 0
<unk> 0 8 5 0.3827809989452362 2.569368600845337 0
<unk> 0 9 5 0.9875780344009399 3.2921695709228516 0
= 0 10 1 5.500269412994385 3.1566288471221924 0.13554072380065918
<eos> 0 11 5 9.60366439819336 2.2705366611480713 0.8860921859741211
<unk> 0 12 5 0.23459117114543915 1.827014446258545 0.44352221488952637
<unk> 0 13 5 0.6975120902061462 2.908567428588867 0
<unk> 0 14 5 1.6767373085021973 3.280729293823242 0
<unk> 0 15 5 1.2918071746826172 2.9190502166748047 0.3616790771484375
is 0 16 2 5.045223712921143 2.8083481788635254 0.1107020378112793
one 0 17 3 7.46115779876709 1.4564698934555054 1.35187828540802
of 0 18 2 0.009045046754181385 0.10143522173166275 1.3550346717238426
the 0 19 3 0.9404341578483582 3.0437846183776855 0
first 0 20 5 3.8041324615478516 5.256566047668457 0
five 0 21 4 7.061463356018066 6.578948497772217 0
<unk> 0 22 5 1.4420732259750366 6.881308078765869 0
level 0 23 5 14.23224925994873 5.4694743156433105 1.4118337631225586
stack 0 24 5 18.753170013427734 6.820898056030273 0
interchanges 0 25 12 18.977256774902344 8.474194526672363 0
built 0 26 5 3.5027692317962646 4.947421073913574 3.526773452758789
in 0 27 2 2.0633625984191895 3.466599225997925 1.4808218479156494
<unk> 0 28 5 1.125757098197937 2.398293972015381 1.068305253982544
, 0 29 1 3.0509090423583984 4.132418632507324 0
<unk> 0 30 5 2.118494749069214 6.117260456085205 0
. 0 31 1 1.626155138015747 2.978364944458008 3.1388955116271973
<eos> 0 32 5 0.0003661045921035111 0.0036913526710122824 2.9746735917869955
<unk> 0 33 5 4.573972225189209 4.630926609039307 0
at 0 34 2 9.640737533569336 5.758762836456299 0
the 0 35 3 1.2733898162841797 3.2464730739593506 2.5122897624969482
junction 0 36 8 9.477766036987305 5.383002758026123 0
of 0 37 2 0.5665080547332764 2.483069658279419 2.899933099746704
the 0 38 3 1.6441155672073364 3.2218017578125 0
<unk> 0 39 5 0.6282236576080322 4.048783302307129 0
<unk> 0 40 5 1.7291603088378906 4.965076923370361 0
<unk> 0 41 5 1.7289705276489258 4.491299629211426 0.47377729415893555
<unk> 0 42 5 1.621433138847351 4.209500312805176 0.28179931640625
( 0 43 1 4.41379976272583 4.222800254821777 0
<unk> 0 44 5 0.7685959339141846 4.537918567657471 0
<unk> 0 45 5 1.9455173015594482 3.4522624015808105 1.0856561660766602
, 0 46 1 6.291415691375732 3.2186291217803955 0.23363327980041504
<unk> 0 47 5 0.45631128549575806 3.1058285236358643 0.11280059814453125
<unk> 0 48 5 1.6073745489120483 3.812119722366333 0
<unk> 0 49 5 1.3030478954315186 3.2909820079803467 0.5211377143859863
) 0 50 1 1.2310324907302856 3.179349660873413 0.1116323471069336
and 0 51 3 1.376663327217102 3.903041362762451 0
the 0 52 3 2.0457115173339844 2.636331081390381 1.2667102813720703
<unk> 0 53 5 0.4704056680202484 3.508448600769043 0
<unk> 0 54 5 1.1588068008422852 5.6427106857299805 0
( 0 55 1 2.4501984119415283 4.917582035064697 0.7251286506652832
<unk> 0 56 5 0.4917505979537964 3.60028076171875 1.3173012733459473
<unk> 0 57 5 1.9467982053756714 3.192145347595215 0.40813541412353516
<unk> 0 58 5 1.2806322574615479 3.15944242477417 0.03270292282104492
, 0 59 1 5.48838472366333 3.000574827194214 0.15886759757995605
<unk> 0 60 5 0.43002957105636597 3.1199679374694824 0
<unk> 0 61 5 1.6652379035949707 3.103726863861084 0.016241073608398438
) 0 62 1 1.7730586528778076 2.874478340148926 0.2292485237121582
, 0 63 1 1.3353737592697144 4.862466335296631 0
it 0 64 2 7.131827354431152 5.993564605712891 0
replaces 0 65 8 12.719015121459961 4.4817399978637695 1.511824607849121
an 0 66 2 6.397745132446289 3.176712989807129 1.3050270080566406
antiquated 0 67 10 13.42790699005127 6.443934440612793 0
partial 0 68 7 14.069738388061523 7.892363548278809 0
cloverleaf 0 69 10 10.368322372436523 7.867445945739746 0.0249176025390625
interchange 0 70 11 3.7930498123168945 7.114922523498535 0.7525234222412109
constructed 0 71 11 11.303767204284668 3.4017515182495117 3.7131710052490234
in 0 72 2 2.186953544616699 3.929753303527832 0
the 0 73 3 2.5063157081604004 2.2638230323791504 1.6659302711486816
1960s 0 74 5 6.066155433654785 6.464699745178223 0
. 0 75 1 1.1149401664733887 3.2875192165374756 3.177180528640747
<eos> 0 76 5 0.001026543090119958 0.008633271791040897 3.2788859447464347
<unk> 0 77 5 3.5416316986083984 4.767356872558594 0
$ 0 78 1 15.50742244720459 6.140580654144287 0
<unk> 0 79 5 0.0019178789807483554 0.025286763906478882 6.115293890237808
million 0 80 7 2.078348398208618 1.4382613897323608 0
project 0 81 7 11.716585159301758 5.674909591674805 0
was 0 82 3 2.6034293174743652 6.798880100250244 0
started 0 83 7 7.565804481506348 7.147058486938477 0
in 0 84 2 1.1450852155685425 3.468229055404663 3.6788294315338135
<unk> 0 85 5 0.21273845434188843 1.0788270235061646 2.3894020318984985
and 0 86 3 3.600893020629883 3.314826011657715 0
completed 0 87 9 4.930222511291504 6.872711181640625 0
in 0 88 2 1.0633702278137207 3.622697591781616 3.250013589859009
<unk> 0 89 5 0.1391545832157135 0.7621633410453796 2.8605342507362366
<unk> 0 90 5 2.8740336894989014 2.377915382385254 0
. 0 91 1 0.575082540512085 2.128836154937744 0.24907922744750977
<eos> 0 92 5 0.0007126920390874147 0.006321112625300884 2.1225150423124433
<unk> 0 93 5 3.652571678161621 4.684062957763672 0
was 0 94 3 3.563380002975464 6.432081699371338 0
designed 0 95 8 4.474610328674316 7.133734226226807 0
by 0 96 2 1.430411458015442 2.525176525115967 4.60855770111084
the 0 97 3 3.256033182144165 2.292468309402466 0.23270821571350098
<unk> 0 98 5 0.8700850009918213 5.066849708557129 0
<unk> 0 99 5 1.6648828983306885 6.767198085784912 0
and 0 100 3 4.197320461273193 6.251950263977051 0.5152478218078613
built 0 101 5 5.57157039642334 6.9391560554504395 0
by 0 102 2 1.1836340427398682 3.275937557220459 3.6632184982299805
<unk> 0 103 5 0.4742180109024048 2.036957263946533 1.2389802932739258
<unk> 0 104 5 0.6337505578994751 3.4122190475463867 0
<unk> 0 105 5 2.4904725551605225 4.023551940917969 0
. 0 106 1 2.2135324478149414 4.084949970245361 0
<eos> 0 107 5 0.0009411259670741856 0.008108852431178093 4.076841117814183
<unk> 0 108 5 2.917274236679077 4.738757133483887 0
interchange 0 109 11 16.352869033813477 6.044816017150879 0
is 0 110 2 2.8304972648620605 5.766497611999512 0.2783184051513672
considered 0 111 10 7.48432731628418 5.64923620223999 0.11726140975952148
by 0 112 2 3.7158544063568115 4.307566165924072 1.341670036315918
<unk> 0 113 5 1.8281384706497192 4.546020030975342 0
<unk> 0 114 5 1.8306714296340942 4.533952713012695 0.012067317962646484
to 0 115 2 1.8570672273635864 4.420580863952637 0.1133718490600586
be 0 116 2 0.5697551965713501 2.0631582736968994 2.3574225902557373
one 0 117 3 4.144796848297119 4.771440029144287 0
of 0 118 2 0.02595413662493229 0.27594003081321716 4.49549999833107
" 0 119 1 9.51862621307373 1.5785691738128662 0
<unk> 0 120 5 2.8132400512695312 5.507673740386963 0
<unk> 0 121 5 2.883312463760376 4.719592094421387 0.7880816459655762
's 0 122 2 2.4459002017974854 5.562446117401123 0
<unk> 0 123 5 4.4189839363098145 5.032071113586426 0.5303750038146973
<unk> 0 124 5 1.9968547821044922 6.024439811706543 0
<unk> 0 125 5 1.4626822471618652 5.947297096252441 0.07714271545410156
" 0 126 1 2.1224558353424072 5.446199417114258 0.5010976791381836
because 0 127 7 8.800304412841797 5.18953800201416 0.25666141510009766
of 0 128 2 1.5179286003112793 3.6473135948181152 1.542224407196045
its 0 129 3 1.2253749370574951 3.469538688659668 0.17777490615844727
height 0 130 6 8.13042163848877 9.399567604064941 0
( 0 131 1 7.307494640350342 4.560318470001221 4.839249134063721
as 0 132 2 5.423354625701904 6.5313286781311035 0
high 0 133 4 9.196002960205078 5.771763801574707 0.7595648765563965
as 0 134 2 0.03227782994508743 0.2856244444847107 5.486139357089996
a 0 135 1 5.67500638961792 3.135763645172119 0
<unk> 0 136 5 1.2261399030685425 6.612442493438721 0
<unk> 0 137 5 0.8709504008293152 4.347109317779541 2.2653331756591797
story 0 138 5 10.741379737854004 3.8918914794921875 0.4552178382873535
building 0 139 8 7.199085235595703 5.469765663146973 0
) 0 140 1 1.0178097486495972 4.126789569854736 1.3429760932922363
, 0 141 1 2.534691333770752 3.265565872192383 0.8612236976623535
its 0 142 3 7.5391716957092285 5.73322868347168 0
<unk> 0 143 5 3.4551851749420166 9.44239616394043 0
permanent 0 144 9 14.773846626281738 8.073575973510742 1.3688201904296875
bridges 0 145 7 14.935043334960938 9.43557357788086 0
and 0 146 3 3.120213747024536 6.071862697601318 3.363710880279541
other 0 147 5 6.472879409790039 7.4945573806762695 0
unusual 0 148 7 10.451946258544922 9.482177734375 0
design 0 149 6 6.980108737945557 8.59035873413086 0.8918190002441406
and 0 150 3 5.850893974304199 8.331872940063477 0.2584857940673828
construction 0 151 12 4.736377239227295 9.702905654907227 0
features 0 152 8 5.762587070465088 7.597829341888428 2.105076313018799
. 0 153 1 0.8057222366333008 3.949012279510498 3.6488170623779297
<eos> 0 154 5 0.004083618521690369 0.028090359643101692 3.9209219198673964
<unk> 0 155 5 2.8600287437438965 5.145920276641846 0
<unk> 0 156 5 1.8552813529968262 6.417276859283447 0
, 0 157 1 2.905015468597412 6.212505340576172 0.2047715187072754
the 0 158 3 2.6780548095703125 5.408616542816162 0.8038887977600098
<unk> 0 159 5 2.571805238723755 7.203685760498047 0
<unk> 0 160 5 1.9442968368530273 6.871720790863037 0.33196496963500977
<unk> 0 161 5 2.0400898456573486 6.584113121032715 0.28760766983032227
<unk> 0 162 5 2.2147748470306396 6.447544097900391 0.13656902313232422
named 0 163 5 12.185197830200195 5.623331069946289 0.8242130279541016
the 0 164 3 5.299168109893799 3.8268415927886963 1.7964894771575928
<unk> 0 165 5 1.07455313205719 6.096498966217041 0
<unk> 0 166 5 1.5431163311004639 6.545109272003174 0
<unk> 0 167 5 1.4553749561309814 5.286437034606934 1.2586722373962402
as 0 168 2 9.349002838134766 5.044270038604736 0.24216699600219727
" 0 169 1 5.9664812088012695 5.032884120941162 0.011385917663574219
<unk> 0 170 5 1.5122407674789429 6.586088180541992 0
<unk> 0 171 5 1.7051597833633423 5.026926040649414 1.5591621398925781
<unk> 0 172 5 1.6879807710647583 3.956005096435547 1.0709209442138672
of 0 173 2 7.340132713317871 3.5622029304504395 0.3938021659851074
the 0 174 3 1.914160132408142 4.319360256195068 0
<unk> 0 175 5 0.8640187978744507 5.673242092132568 0
" 0 176 1 1.9328882694244385 5.644162178039551 0.029079914093017578
. 0 177 1 4.254834175109863 3.6217288970947266 2.022433280944824
<eos> 0 178 5 0.010993275791406631 0.06532227993011475 3.556406617164612
= 0 179 1 2.840847969055176 4.889360427856445 0
= 0 180 1 0.1939605325460434 1.0190238952636719 3.8703365325927734
<unk> 0 181 5 5.420725345611572 5.170085430145264 0
= 0 182 1 1.480209231376648 5.97731876373291 0
= 0 183 1 0.001018121954984963 0.012695117853581905 5.964623645879328
<eos> 0 184 5 18.93416404724121 4.253817081451416 0
<unk> 0 185 5 0.8717387914657593 4.475664138793945 0
<unk> 0 186 5 1.9069093465805054 6.081704139709473 0
<unk> 0 187 5 1.2969253063201904 4.880621910095215 1.2010822296142578
<unk> 0 188 5 1.5030720233917236 5.099567413330078 0
, 0 189 1 3.61838436126709 4.297140598297119 0.802426815032959
north 0 190 5 12.412576675415039 5.352182865142822 0
of 0 191 2 3.8624908924102783 1.40126371383667 3.9509191513061523
downtown 0 192 8 10.196389198303223 2.1863648891448975 0
in 0 193 2 7.658041954040527 1.8435490131378174 0.3428158760070801
<unk> 0 194 5 0.6771905422210693 2.427609443664551 0
, 0 195 1 0.6168756484985352 2.6890835762023926 0
<unk> 0 196 5 2.7544891834259033 5.04944372177124 0
, 0 197 1 1.3438173532485962 4.574124813079834 0.47531890869140625
is 0 198 2 2.548133611679077 5.5681657791137695 0
a 0 199 1 1.8453600406646729 4.226200580596924 1.3419651985168457
massive 0 200 7 9.343476295471191 8.138202667236328 0
five 0 201 4 13.308220863342285 8.129607200622559 0.008595466613769531
<unk> 0 202 5 0.1387803554534912 1.2585033178329468 6.871103882789612
level 0 203 5 10.157740592956543 6.337635040283203 0
freeway 0 204 7 9.062256813049316 8.461607933044434 0
interchange 0 205 11 11.64185905456543 6.134278774261475 2.327329158782959
. 0 206 1 4.525216102600098 3.8108315467834473 2.3234472274780273
<eos> 0 207 5 0.0005834191688336432 0.0052184793166816235 3.8056130674667656
<unk> 0 208 5 3.5857598781585693 4.155948162078857 0
is 0 209 2 2.873492956161499 6.02821683883667 0
the 0 210 3 1.9330353736877441 5.294885158538818 0.7333316802978516
junction 0 211 8 12.497978210449219 6.136602401733398 0
of 0 212 2 1.0284783840179443 3.081644296646118 3.0549581050872803
two 0 213 3 4.423349857330322 4.040414333343506 0
major 0 214 5 4.333560943603516 6.862513542175293 0
highways 0 215 8 7.244725227355957 7.045137405395508 0
carrying 0 216 8 11.477713584899902 4.637786865234375 2.407350540161133
heavy 0 217 5 9.658310890197754 5.415846824645996 0
rush 0 218 4 12.500447273254395 7.052773475646973 0
hour 0 219 4 11.446992874145508 5.801318645477295 1.2514548301696777
traffic 0 220 7 9.430541038513184 6.3818793296813965 0
, 0 221 1 2.328169107437134 4.864443302154541 1.5174360275268555
the 0 222 3 4.632421493530273 7.045796871185303 0
<unk> 0 223 5 2.9297149181365967 7.33749532699585 0
<unk> 0 224 5 1.8710542917251587 6.84223747253418 0.4952578544616699
<unk> 0 225 5 1.687094807624817 6.101905822753906 0.7403316497802734
<unk> 0 226 5 1.5533405542373657 6.34602165222168 0
( 0 227 1 4.250303745269775 5.221613883972168 1.1244077682495117
<unk> 0 228 5 0.25255441665649414 2.0523643493652344 3.1692495346069336
<unk> 0 229 5 0.6915160417556763 2.7001614570617676 0
) 0 230 1 3.280419111251831 1.6016454696655273 1.0985159873962402
and 0 231 3 3.761608600616455 7.384011745452881 0
the 0 232 3 2.1523380279541016 3.751970052719116 3.6320416927337646
<unk> 0 233 5 0.761627197265625 5.024117946624756 0
<unk> 0 234 5 1.407522439956665 5.977497577667236 0
( 0 235 1 4.619593143463135 5.737710952758789 0.23978662490844727
<unk> 0 236 5 0.4896317720413208 3.530282497406006 2.207428455352783
<unk> 0 237 5 0.8734186887741089 2.811452627182007 0.718829870223999
) 0 238 1 2.2312092781066895 2.72341251373291 0.08804011344909668
, 0 239 1 3.3327512741088867 6.389901161193848 0
and 0 240 3 2.8524506092071533 6.309986591339111 0.07991456985473633
is 0 241 2 5.653101444244385 5.750904083251953 0.5590825080871582
the 0 242 3 2.6765756607055664 6.586220741271973 0
first 0 243 5 3.8048534393310547 5.395686626434326 1.1905341148376465
five 0 244 4 10.418922424316406 7.331562042236328 0
<unk> 0 245 5 1.648127555847168 6.477270126342773 0.8542919158935547
level 0 246 5 9.238105773925781 6.996529579162598 0
stack 0 247 5 13.538155555725098 8.309449195861816 0
interchange 0 248 11 7.255510330200195 6.826428413391113 1.4830207824707031
to 0 249 2 2.2672653198242188 4.365030288696289 2.461398124694824
be 0 250 2 2.553323268890381 6.550145626068115 0
built 0 251 5 1.9228237867355347 5.964913368225098 0.5852322578430176
in 0 252 2 2.786372184753418 4.501720428466797 1.4631929397583008
the 0 253 3 1.9047807455062866 3.001899480819702 1.4998209476470947
city 0 254 4 4.03941535949707 6.34447717666626 0
. 0 255 1 0.9651170969009399 3.0962769985198975 3.2482001781463623
<eos> 0 256 5 0.00011556770914467052 0.0012260591611266136 3.095050939358771
<unk> 0 257 5 3.1519052982330322 4.693732261657715 0
replaces 0 258 8 14.90019416809082 6.09133243560791 0
the 0 259 3 1.1524488925933838 3.469676971435547 2.6216554641723633
antiquated 0 260 10 19.315414428710938 5.908542633056641 0
three 0 261 5 9.567389488220215 7.237370014190674 0
<unk> 0 262 5 0.3596336245536804 2.748180866241455 4.489189147949219
level 0 263 5 9.362303733825684 6.793354511260986 0
, 0 264 1 6.362483024597168 7.8837080001831055 0
modified 0 265 8 11.140578269958496 6.881365776062012 1.0023422241210938
cloverleaf 0 266 10 11.565272331237793 7.860288143157959 0
interchange 0 267 11 4.061485767364502 6.554678440093994 1.3056097030639648
built 0 268 5 8.127974510192871 4.657286643981934 1.8973917961120605
in 0 269 2 2.4434332847595215 4.348965644836426 0.3083209991455078
the 0 270 3 2.4916350841522217 1.8747936487197876 2.474171996116638
1960s 0 271 5 5.73668909072876 6.356043338775635 0
that 0 272 4 7.686755180358887 3.2931032180786133 3.0629401206970215
caused 0 273 6 9.584729194641113 7.075737953186035 0
a 0 274 1 3.1074912548065186 5.538530349731445 1.5372076034545898
severe 0 275 6 8.289605140686035 9.181683540344238 0
bottleneck 0 276 10 9.608354568481445 9.00947093963623 0.1722126007080078
by 0 277 2 6.742426872253418 4.35509729385376 4.654373645782471
narrowing 0 278 9 15.429902076721191 5.6043829917907715 0
<unk> 0 279 5 3.7193641662597656 3.6180450916290283 1.9863379001617432
<unk> 0 280 5 1.9272692203521729 6.281202793121338 0
down 0 281 4 7.8441948890686035 5.857663154602051 0.4235396385192871
to 0 282 2 1.7961400747299194 5.0788893699646 0.7787737846374512
two 0 283 3 7.0639190673828125 4.268972873687744 0.8099164962768555
lanes 0 284 5 1.5025436878204346 6.157212734222412 0
at 0 285 2 5.442917823791504 4.860329627990723 1.2968831062316895
the 0 286 3 1.4089010953903198 3.926401138305664 0.9339284896850586
junction 0 287 8 5.6685991287231445 6.575514316558838 0
of 0 288 2 0.843149721622467 2.1318655014038086 4.443648815155029
the 0 289 3 1.8410537242889404 3.942537546157837 0
two 0 290 3 3.405963659286499 5.54099178314209 0
highways 0 291 8 8.138267517089844 6.596923828125 0
. 0 292 1 1.3094815015792847 4.145893573760986 2.4510302543640137
<eos> 0 293 5 0.00012107070506317541 0.0012925583869218826 4.1446010153740644
<unk> 0 294 5 3.728351354598999 5.177952289581299 0
looped 0 295 6 16.365516662597656 6.826830863952637 0
ramps 0 296 5 14.074419021606445 6.441959381103516 0.3848714828491211
of 0 297 2 6.146101474761963 5.435420513153076 1.0065388679504395
the 0 298 3 1.3644828796386719 5.1885528564453125 0.24686765670776367
cloverleaf 0 299 10 11.284804344177246 7.809351921081543 0
forced 0 300 6 16.915781021118164 4.3429412841796875 3.4664106369018555
motorists 0 301 9 9.236063003540039 5.890990734100342 0
to 0 302 2 0.38213714957237244 2.2171058654785156 3.673884868621826
slow 0 303 4 10.512706756591797 8.161666870117188 0
down 0 304 4 2.3349807262420654 4.419434070587158 3.7422327995300293
drastically 0 305 11 17.797109603881836 5.249218940734863 0
, 0 306 1 2.703565835952759 6.021539688110352 0
backing 0 307 7 14.810524940490723 6.523532867431641 0
up 0 308 2 4.734695911407471 6.540073394775391 0
traffic 0 309 7 6.805126667022705 6.890262126922607 0
. 0 310 1 4.445859909057617 6.414968013763428 0.4752941131591797
<eos> 0 311 5 0.0004512119048740715 0.004136953037232161 6.410831060726196
<unk> 0 312 5 4.249735355377197 6.071073532104492 0
<unk> 0 313 5 2.4825146198272705 8.05541706085205 0
hand 0 314 4 15.273018836975098 6.653287887573242 1.4021291732788086
exits 0 315 5 11.51331901550293 7.7643632888793945 0
contributed 0 316 11 17.596187591552734 6.203880786895752 1.5604825019836426
to 0 317 2 0.30188044905662537 2.071216344833374 4.132664442062378
the 0 318 3 0.5344299077987671 2.917123317718506 0
congestion 0 319 10 8.264930725097656 9.265868186950684 0
. 0 320 1 5.2685136795043945 7.320563793182373 1.9453043937683105
<eos> 0 321 5 0.0013152395840734243 0.010661270469427109 7.309902522712946
<unk> 0 322 5 3.7797906398773193 6.148993492126465 0
, 0 323 1 4.3215484619140625 7.643667697906494 0
its 0 324 3 10.596943855285645 6.869030475616455 0.7746372222900391
two 0 325 3 7.550499439239502 9.324944496154785 0
frontage 0 326 8 16.555496215820312 7.997121810913086 1.3278226852416992
roads 0 327 5 5.161197662353516 6.983545303344727 1.0135765075683594
were 0 328 4 3.517021894454956 5.089852333068848 1.893692970275879
not 0 329 3 6.863829135894775 8.190752029418945 0
directly 0 330 8 7.675633907318115 8.639486312866211 0
connected 0 331 9 1.6998463869094849 6.369898796081543 2.269587516784668
to 0 332 2 0.942409873008728 2.667694330215454 3.702204465866089
each 0 333 4 7.1263747215271 3.78102970123291 0
other 0 334 5 0.6035654544830322 3.350309371948242 0.43072032928466797
, 0 335 1 1.7010157108306885 3.550077199935913 0
making 0 336 6 8.634679794311523 4.23978328704834 0
local 0 337 5 10.512974739074707 4.875827789306641 0
access 0 338 6 7.070664882659912 8.493522644042969 0
difficult 0 339 9 10.737531661987305 3.9921646118164062 4.5013580322265625
. 0 340 1 2.4569344520568848 3.5532121658325195 0.4389524459838867
<eos> 0 341 5 0.00047889217967167497 0.004324551206082106 3.5488876146264374
<unk> 0 342 5 3.8132433891296387 6.294789791107178 0
to 0 343 2 9.55314826965332 7.814243793487549 0
the 0 344 3 2.6141252517700195 6.562153339385986 1.2520904541015625
celebratory 0 345 11 19.827341079711914 7.502988815307617 0
gesture 0 346 7 15.03552532196045 9.480892181396484 0
, 0 347 1 2.908998489379883 6.598180294036865 2.882711887359619
the 0 348 3 3.3956832885742188 8.147517204284668 0
" 0 349 1 6.541182518005371 9.18670654296875 0
<unk> 0 350 5 2.0091452598571777 9.552505493164062 0
<unk> 0 351 5 2.6560065746307373 6.015867710113525 3.536637783050537
" 0 352 1 1.019843339920044 4.870122909545898 1.145744800567627
name 0 353 4 10.52615737915039 8.184685707092285 0
refers 0 354 6 8.763911247253418 5.7379889488220215 2.4466967582702637
to 0 355 2 0.019339095801115036 0.18671923875808716 5.551269710063934
the 0 356 3 0.8757591247558594 3.8630571365356445 0
five 0 357 4 10.098267555236816 9.016140937805176 0
flyover 0 358 7 14.44962215423584 7.835411071777344 1.180729866027832
ramps 0 359 5 3.332211971282959 7.766080856323242 0.06933021545410156
handling 0 360 8 16.991943359375 5.349114418029785 2.416966438293457
the 0 361 3 1.9105072021484375 6.670969009399414 0
left 0 362 4 8.447052955627441 9.115015983581543 0
<unk> 0 363 5 3.430459499359131 7.121901988983154 1.9931139945983887
turn 0 364 4 6.297735214233398 5.91715669631958 1.2047452926635742
movements 0 365 9 11.631316184997559 8.539806365966797 0
that 0 366 4 5.439736843109131 4.836997032165527 3.7028093338012695
tower 0 367 5 18.29561424255371 7.663219451904297 0
over 0 368 4 6.455337047576904 6.329575061798096 1.3336443901062012
the 0 369 3 0.8445723652839661 3.9663147926330566 2.363260269165039
landscape 0 370 9 11.187845230102539 8.961111068725586 0
. 0 371 1 1.2381154298782349 4.136143684387207 4.824967384338379
<eos> 0 372 5 0.002250871853902936 0.01692948490381241 4.119214199483395
<unk> 0 373 5 4.082009792327881 5.690617084503174 0
interchange 0 374 11 11.696595191955566 7.697646141052246 0
is 0 375 2 2.8106203079223633 7.13165807723999 0.5659880638122559
as 0 376 2 9.886971473693848 6.379216194152832 0.7524418830871582
high 0 377 4 5.82906436920166 6.271296977996826 0.10791921615600586
as 0 378 2 0.04088783636689186 0.3743954598903656 5.896901518106461
a 0 379 1 4.527601718902588 3.7619121074676514 0
<unk> 0 380 5 2.0927083492279053 8.17123031616211 0
<unk> 0 381 5 1.6153216361999512 6.399580955505371 1.7716493606567383
story 0 382 5 8.671981811523438 4.904105186462402 1.4954757690429688
building 0 383 8 7.581892013549805 8.030233383178711 0
, 0 384 1 2.087221384048462 5.380523204803467 2.649710178375244
and 0 385 3 2.2199630737304688 5.793834686279297 0
includes 0 386 8 7.621026039123535 6.493584632873535 0
<unk> 0 387 5 3.9428412914276123 5.725600719451904 0.7679839134216309
bridges 0 388 7 8.507647514343262 7.461970329284668 0
spread 0 389 6 15.982428550720215 4.5000810623168945 2.9618892669677734
across 0 390 6 3.4129433631896973 5.500720977783203 0
five 0 391 4 10.721731185913086 3.336142063140869 2.164578914642334
levels 0 392 6 8.819512367248535 7.883094310760498 0
( 0 393 1 5.790566444396973 3.9449899196624756 3.9381043910980225
the 0 394 3 3.714263916015625 6.567044258117676 0
" 0 395 1 6.924182415008545 8.357263565063477 0
<unk> 0 396 5 1.7526037693023682 8.60350513458252 0
<unk> 0 397 5 2.5418472290039062 6.455310821533203 2.1481943130493164
" 0 398 1 1.2751576900482178 5.306135177612305 1.1491756439208984
) 0 399 1 0.6858572959899902 4.0459113121032715 1.2602238655090332
, 0 400 1 2.429263114929199 5.136608600616455 0
<unk> 0 401 5 3.391719341278076 6.064819812774658 0
support 0 402 7 14.67146110534668 6.3904571533203125 0
tiers 0 403 5 17.644447326660156 6.460505485534668 0
, 0 404 1 1.6398531198501587 4.378430366516113 2.0820751190185547
and 0 405 3 1.093004822731018 4.31946325302124 0.05896711349487305
<unk> 0 406 5 1.6356306076049805 6.1048173904418945 0
miles 0 407 5 8.632312774658203 7.438766956329346 0
of 0 408 2 7.016246795654297 0.7909647822380066 6.647802174091339
additional 0 409 10 13.90825366973877 5.234463214874268 0
highway 0 410 7 8.749615669250488 8.120166778564453 0
. 0 411 1 2.208853006362915 5.326400279998779 2.793766498565674
<eos> 0 412 5 0.0007869499386288226 0.006752207409590483 5.319648072589189
<unk> 0 413 5 4.1143341064453125 5.23063850402832 0
highest 0 414 7 16.252182006835938 7.370066165924072 0
ramps 0 415 5 12.318720817565918 8.235870361328125 0
are 0 416 3 2.0443618297576904 5.404017448425293 2.831852912902832
<unk> 0 417 5 2.398789167404175 7.149199962615967 0
feet 0 418 4 6.358516216278076 5.629804611206055 1.519395351409912
( 0 419 1 0.23862937092781067 1.140160083770752 4.489644527435303
<unk> 0 420 5 0.0007953724707476795 0.010475006885826588 1.1296850768849254
m 0 421 1 0.9848745465278625 1.1986281871795654 0
) 0 422 1 0.00272695766761899 0.025698037818074226 1.1729301493614912
above 0 423 5 4.453595161437988 4.884267330169678 0
ground 0 424 6 4.5954976081848145 4.158929824829102 0.7253375053405762
. 0 425 1 4.098689079284668 2.895028591156006 1.2639012336730957
<eos> 0 426 5 0.00034392430097796023 0.003328493097797036 2.891700098058209
<unk> 0 427 5 3.748687982559204 5.4087724685668945 0
lanes 0 428 5 8.992605209350586 7.027679443359375 0
of 0 429 2 5.133788108825684 6.073227405548096 0.9544520378112793
<unk> 0 430 5 1.9895392656326294 4.968597412109375 1.1046299934387207
<unk> 0 431 5 2.1406404972076416 6.976170539855957 0
, 0 432 1 5.300483226776123 5.812103271484375 1.164067268371582
which 0 433 5 4.088628768920898 5.608478546142578 0.20362472534179688
are 0 434 3 2.0990302562713623 6.2271552085876465 0
on 0 435 2 6.7138519287109375 7.901861190795898 0
the 0 436 3 0.768690824508667 3.4794304370880127 4.422430753707886
bottom 0 437 6 8.892001152038574 6.662713050842285 0
level 0 438 5 10.148027420043945 2.794282913208008 3.8684301376342773
, 0 439 1 1.7403489351272583 3.274301528930664 0
are 0 440 3 0.7590736150741577 3.35192608833313 0
<unk> 0 441 5 3.5287373065948486 7.719497203826904 0
feet 0 442 4 4.0171637535095215 5.181884288787842 2.5376129150390625
( 0 443 1 0.4839729368686676 1.692392110824585 3.489492177963257
<unk> 0 444 5 0.0005449100863188505 0.007278146222233772 1.6851139646023512
m 0 445 1 0.883385419845581 1.1766135692596436 0
) 0 446 1 0.003582761622965336 0.032474249601364136 1.1441393196582794
below 0 447 5 7.797061920166016 4.0220160484313965 0
ground 0 448 6 4.838440418243408 4.7436723709106445 0
level 0 449 5 1.0815424919128418 2.9650180339813232 1.7786543369293213
, 0 450 1 2.2056870460510254 3.250598430633545 0
giving 0 451 6 8.804128646850586 5.723126411437988 0
the 0 452 3 1.7169373035430908 5.3096699714660645 0.41345643997192383
structure 0 453 9 10.24982738494873 8.505897521972656 0
a 0 454 1 1.9783728122711182 5.852370262145996 2.65352725982666
total 0 455 5 5.898781776428223 8.842199325561523 0
height 0 456 6 3.81390380859375 3.290884494781494 5.551314830780029
of 0 457 2 0.04685089737176895 0.3951200246810913 2.895764470100403
<unk> 0 458 5 0.19118154048919678 1.0314136743545532 0
feet 0 459 4 2.365388870239258 3.408365488052368 0
from 0 460 4 10.63442611694336 0.6923384666442871 2.716027021408081
bottom 0 461 6 16.506742477416992 3.5887632369995117 0
to 0 462 2 1.5726120471954346 4.478229522705078 0
top 0 463 3 8.601666450500488 7.1144328117370605 0
<unk> 0 464 5 6.663455486297607 2.520686626434326 4.593746185302734
part 0 465 4 13.655681610107422 4.474405765533447 0
of 0 466 2 1.9558004140853882 3.629237651824951 0.8451681137084961
the 0 467 3 0.45473870635032654 2.5177268981933594 1.1115107536315918
project 0 468 7 10.756875991821289 8.51302433013916 0
, 0 469 1 3.512089490890503 2.1295180320739746 6.3835062980651855
<unk> 0 470 5 5.5902862548828125 6.3375935554504395 0
<unk> 0 471 5 2.232614040374756 6.37619686126709 0
<unk> 0 472 5 1.8705190420150757 2.3372511863708496 4.03894567489624
was 0 473 3 11.59968376159668 5.04048490524292 0
widened 0 474 7 8.77806568145752 7.5146002769470215 0
to 0 475 2 1.44652259349823 4.0124897956848145 3.502110481262207
include 0 476 7 6.616747856140137 4.923176288604736 0
four 0 477 4 4.996240615844727 3.9240477085113525 0.9991285800933838
dedicated 0 478 9 13.8213472366333 7.753542900085449 0
high 0 479 4 10.796882629394531 8.706121444702148 0
<unk> 0 480 5 1.8263263702392578 7.227667331695557 1.4784541130065918
occupancy 0 481 9 5.225046157836914 6.297411918640137 0.9302554130554199
vehicle 0 482 7 6.880331039428711 7.513871192932129 0
lanes 0 483 5 5.190814971923828 7.99970817565918 0
( 0 484 1 5.471037864685059 4.101926326751709 3.8977818489074707
<unk> 0 485 5 1.505291223526001 5.820075988769531 0
lanes 0 486 5 10.04461669921875 3.8172833919525146 2.0027925968170166
) 0 487 1 0.7707546949386597 2.963563919067383 0.8537194728851318
that 0 488 4 6.979001045227051 3.3323938846588135 0
are 0 489 3 3.1855671405792236 7.437172889709473 0
barrier 0 490 7 18.463348388671875 8.342300415039062 0
<unk> 0 491 5 2.7317986488342285 6.2960124015808105 2.046288013458252
separated 0 492 9 13.725974082946777 7.719814300537109 0
and 0 493 3 2.996445417404175 6.055066108703613 1.664748191833496
reversible 0 494 10 14.02910041809082 9.044876098632812 0
. 0 495 1 1.227259874343872 4.672286510467529 4.372589588165283
<eos> 0 496 5 0.00017059670062735677 0.0017078083474189043 4.67057870212011
<unk> 0 497 5 4.179281711578369 5.517657279968262 0
roads 0 498 5 10.148523330688477 7.670872211456299 0
on 0 499 2 7.053196907043457 6.0373148918151855 1.6335573196411133
the 0 500 3 0.8752169609069824 3.823355197906494 2.2139596939086914
five 0 501 4 11.555566787719727 7.096398830413818 0
levels 0 502 6 8.864461898803711 5.669182300567627 1.4272165298461914
are 0 503 3 2.324028968811035 5.317376136779785 0.3518061637878418
: 0 504 1 8.957063674926758 8.294581413269043 0
<eos> 0 505 5 10.777066230773926 6.094028949737549 2.200552463531494
<unk> 0 506 5 2.0057179927825928 7.474791526794434 0
<unk> 0 507 5 1.8972313404083252 6.714807987213135 0.7599835395812988
: 0 508 1 6.832231044769287 4.744319438934326 1.9704885482788086
<unk> 0 509 5 0.2914954721927643 2.1566505432128906 2.5876688957214355
<unk> 0 510 5 1.5430035591125488 5.754178047180176 0
, 0 511 1 4.275815963745117 3.695033550262451 2.0591444969177246
an 0 512 2 6.519954681396484 5.571639060974121 0
eight 0 513 5 6.949844837188721 7.337400436401367 0
lane 0 514 4 7.7109174728393555 0.884397029876709 6.453003406524658
highway 0 515 7 7.370565414428711 8.463404655456543 0
, 0 516 1 2.7899341583251953 6.737194538116455 1.726210117340088
four 0 517 4 7.903135299682617 6.031950950622559 0.7052435874938965
lanes 0 518 5 3.9115843772888184 7.014162540435791 0
going 0 519 5 11.332754135131836 5.8193182945251465 1.1948442459106445
each 0 520 4 10.211077690124512 4.886847019195557 0.9324712753295898
way 0 521 3 6.414266109466553 6.502859115600586 0
<eos> 0 522 5 11.099441528320312 5.997429847717285 0.5054292678833008
<unk> 0 523 5 2.267669677734375 6.5932230949401855 0
<unk> 0 524 5 2.179995536804199 6.59846305847168 0
: 0 525 1 8.658931732177734 2.4213790893554688 4.177083969116211
<unk> 0 526 5 0.1820593774318695 1.4716205596923828 0.9497585296630859
junction 0 527 8 11.17676067352295 5.762893199920654 0
of 0 528 2 6.005448341369629 5.230236530303955 0.5326566696166992
the 0 529 3 1.3304067850112915 4.362382888793945 0.8678536415100098
two 0 530 3 3.9924328327178955 6.761234283447266 0
six 0 531 3 9.925372123718262 7.342048168182373 0
<unk> 0 532 5 0.9320414066314697 4.788987636566162 2.553060531616211
lane 0 533 4 2.6826376914978027 6.1348466873168945 0
frontage 0 534 8 11.69146728515625 7.554614543914795 0
roads 0 535 5 6.558796405792236 7.062544822692871 0.49206972122192383
, 0 536 1 1.7851812839508057 4.927770137786865 2.134774684906006
each 0 537 4 6.933853626251221 5.980180263519287 0
having 0 538 6 10.576443672180176 7.2168049812316895 0
three 0 539 5 3.952349901199341 4.890789031982422 2.3260159492492676
through 0 540 7 11.674179077148438 7.519074440002441 0
lanes 0 541 5 10.004252433776855 5.291650772094727 2.227423667907715
in 0 542 2 5.584591865539551 5.22596549987793 0.06568527221679688
each 0 543 4 3.2475690841674805 4.939667701721191 0.2862977981567383
direction 0 544 9 0.1929919719696045 1.412681221961975 3.5269864797592163
, 0 545 1 2.719794273376465 3.2840073108673096 0
left 0 546 4 13.19233512878418 6.667901992797852 0
<unk> 0 547 5 3.3008437156677246 5.801396369934082 0.8665056228637695
turn 0 548 4 9.810653686523438 6.390233516693115 0
lanes 0 549 5 4.101728439331055 7.175032138824463 0
and 0 550 3 3.279125690460205 5.636201858520508 1.538830280303955
<unk> 0 551 5 3.387611150741577 8.971813201904297 0
, 0 552 1 4.608917713165283 7.550500869750977 1.4213123321533203
and 0 553 3 2.492236375808716 6.781139850616455 0.7693610191345215
easy 0 554 4 15.387565612792969 6.800187110900879 0
access 0 555 6 2.3114235401153564 7.088723182678223 0
to 0 556 2 0.8205251097679138 3.635172128677368 3.4535510540008545
<unk> 0 557 5 3.857877731323242 4.089518070220947 0
<unk> 0 558 5 3.602464199066162 6.597334384918213 0
and 0 559 3 4.58328104019165 6.199707508087158 0.3976268768310547
<unk> 0 560 5 0.8420063257217407 4.1867241859436035 2.0129833221435547
<unk> 0 561 5 1.9976693391799927 6.096927165985107 0
<unk> 0 562 5 3.5086166858673096 5.203555107116699 0.8933720588684082
<eos> 0 563 5 4.6282057762146 5.997791767120361 0
<unk> 0 564 5 6.599810600280762 0.24184192717075348 5.755949839949608
<unk> 0 565 5 4.376123428344727 6.696381092071533 0
: 0 566 1 7.447232723236084 5.784468650817871 0.9119124412536621
<unk> 0 567 5 0.39678192138671875 2.428091049194336 3.356377601623535
<unk> 0 568 5 1.7685043811798096 6.016009330749512 0
<unk> 0 569 5 1.8367912769317627 4.598235607147217 1.417773723602295
, 0 570 1 4.581255912780762 5.4764509201049805 0
ten 0 571 3 13.092045783996582 5.3058085441589355 0.17064237594604492
regular 0 572 7 13.370532989501953 5.7840681076049805 0
lanes 0 573 5 6.895112037658691 7.85152006149292 0
, 0 574 1 2.368462562561035 5.760934352874756 2.090585708618164
five 0 575 4 8.106700897216797 4.649787425994873 1.1111469268798828
going 0 576 5 16.638586044311523 7.678752422332764 0
each 0 577 4 10.050641059875488 5.164492130279541 2.5142602920532227
way 0 578 3 6.57039737701416 6.872740268707275 0
, 0 579 1 2.117034912109375 5.524694442749023 1.348045825958252
and 0 580 3 1.0027276277542114 4.492242813110352 1.0324516296386719
four 0 581 4 4.419886589050293 5.6877241134643555 0
<unk> 0 582 5 2.836731433868408 7.859653472900391 0
lanes 0 583 5 7.818957328796387 6.811434745788574 1.0482187271118164
( 0 584 1 4.245434284210205 6.1903977394104 0.6210370063781738
two 0 585 3 5.453587532043457 5.8000006675720215 0.3903970718383789
going 0 586 5 15.16772747039795 8.09415054321289 0
each 0 587 4 7.665898323059082 5.350108623504639 2.744041919708252
way 0 588 3 5.841361999511719 6.525886058807373 0
) 0 589 1 1.3210688829421997 4.7505717277526855 1.7753143310546875
separated 0 590 9 13.287328720092773 4.042196273803711 0.7083754539489746
by 0 591 2 2.5453763008117676 5.128453731536865 0
barriers 0 592 8 15.95958423614502 5.252445220947266 0
<eos> 0 593 5 18.532573699951172 5.583808898925781 0
<unk> 0 594 5 2.257408618927002 6.417586326599121 0
<unk> 0 595 5 2.73391056060791 6.445863723754883 0
and 0 596 3 4.5148749351501465 4.225299835205078 2.2205638885498047
<unk> 0 597 5 0.8098951578140259 4.109126567840576 0.11617326736450195
: 0 598 1 8.097729682922363 5.189412593841553 0
<unk> 0 599 5 0.2660999596118927 1.8853380680084229 3.30407452583313
connection 0 600 10 15.978946685791016 5.874847412109375 0
ramps 0 601 5 10.618618965148926 5.311856269836426 0.5629911422729492
( 0 602 1 4.230147361755371 5.148087024688721 0.16376924514770508
two 0 603 3 6.2713117599487305 4.68964958190918 0.458437442779541
levels 0 604 6 11.6278657913208 8.06157112121582 0
) 0 605 1 2.3975207805633545 5.289192199707031 2.772378921508789
, 0 606 1 2.7197227478027344 5.037049770355225 0.25214242935180664
eliminating 0 607 11 13.302698135375977 6.363494873046875 0
the 0 608 3 1.6301796436309814 5.515818119049072 0.8476767539978027
left 0 609 4 8.487700462341309 8.327072143554688 0
exits 0 610 5 11.103843688964844 6.84124231338501 1.4858298301696777
of 0 611 2 3.2566399574279785 5.252016544342041 1.5892257690429688
the 0 612 3 0.5451382994651794 2.6656954288482666 2.5863211154937744
modified 0 613 8 13.418106079101562 7.209867477416992 0
cloverleaf 0 614 10 9.403421401977539 7.48809289932251 0
<eos> 0 615 5 17.448205947875977 3.859079360961914 3.6290135383605957
<unk> 0 616 5 2.531543254852295 7.418964862823486 0
interchange 0 617 11 6.657844543457031 6.9067158699035645 0.5122489929199219
, 0 618 1 2.1293680667877197 4.260068893432617 2.6466469764709473
with 0 619 4 4.344781398773193 5.950728893280029 0
its 0 620 3 6.825864791870117 5.3518829345703125 0.5988459587097168
decorative 0 621 10 18.058773040771484 8.800201416015625 0
etchings 0 622 8 22.947307586669922 8.995964050292969 0
on 0 623 2 5.041364669799805 6.921137809753418 2.074826240539551
<unk> 0 624 5 4.045384407043457 4.43286657333374 2.4882712364196777
concrete 0 625 8 12.002836227416992 5.879719257354736 0
elements 0 626 8 13.37466049194336 8.043069839477539 0
, 0 627 1 2.777888536453247 4.328572750091553 3.7144970893859863
along 0 628 5 6.339693069458008 6.517992973327637 0
with 0 629 4 0.11032749712467194 0.6832780838012695 5.834714889526367
the 0 630 3 1.5683495998382568 5.628751277923584 0
visually 0 631 8 15.629776000976562 9.256248474121094 0
appealing 0 632 9 14.413466453552246 9.782042503356934 0
coloration 0 633 10 18.77650260925293 9.641780853271484 0.14026165008544922
specified 0 634 9 14.639548301696777 5.12265682220459 4.5191240310668945
by 0 635 2 1.7098404169082642 4.101368427276611 1.0212883949279785
the 0 636 3 0.8797461986541748 4.33210563659668 0
<unk> 0 637 5 2.189396858215332 8.851595878601074 0
<unk> 0 638 5 2.4037959575653076 7.280405521392822 1.571190357208252
of 0 639 2 6.792450904846191 6.830384731292725 0.45002079010009766
<unk> 0 640 5 1.6822518110275269 4.846810817718506 1.9835739135742188
( 0 641 1 6.120203495025635 5.355985164642334 0
<unk> 0 642 5 1.202933430671692 6.143756866455078 0
) 0 643 1 0.9063114523887634 3.512641668319702 2.631115198135376
, 0 644 1 2.784154176712036 3.578972339630127 0
can 0 645 3 13.027674674987793 6.305132865905762 0
be 0 646 2 0.48980388045310974 3.051251173019409 3.2538816928863525
regarded 0 647 8 10.780450820922852 6.564206123352051 0
as 0 648 2 0.21485461294651031 1.1701302528381348 5.394075870513916
an 0 649 2 4.334195137023926 5.2863264083862305 0
enormous 0 650 8 11.012412071228027 7.484314918518066 0
work 0 651 4 9.319141387939453 9.547114372253418 0
of 0 652 2 2.8135578632354736 5.70240592956543 3.8447084426879883
public 0 653 6 8.59069538116455 8.64404010772705 0
art 0 654 3 7.800415992736816 7.69062614440918 0.9534139633178711
. 0 655 1 1.13478684425354 4.344768524169922 3.345857620239258
<eos> 0 656 5 0.0008668760419823229 0.007358911447227001 4.337409612722695
<unk> 0 657 5 4.632452964782715 5.277059078216553 0
<unk> 0 658 5 1.5384342670440674 6.781973361968994 0
<unk> 0 659 5 2.2957634925842285 6.3571062088012695 0.4248671531677246
also 0 660 4 6.553640842437744 6.796817779541016 0
incorporates 0 661 12 9.364042282104492 8.30398941040039 0
a 0 662 1 2.6300852298736572 5.99433708190918 2.309652328491211
hiking 0 663 6 17.085296630859375 8.981292724609375 0
and 0 664 3 4.473067760467529 8.050299644470215 0.9309930801391602
bike 0 665 4 8.0589599609375 9.529590606689453 0
trail 0 666 5 5.894461631774902 7.9187493324279785 1.6108412742614746
, 0 667 1 2.1835358142852783 5.10781717300415 2.810932159423828
named 0 668 5 9.801575660705566 6.578149795532227 0
the 0 669 3 2.6466519832611084 4.149167537689209 2.4289822578430176
<unk> 0 670 5 0.8113839030265808 4.857821941375732 0
<unk> 0 671 5 1.7853834629058838 7.112157344818115 0
, 0 672 1 3.15012788772583 6.440634727478027 0.6715226173400879
which 0 673 5 2.901844024658203 6.086953163146973 0.3536815643310547
runs 0 674 4 5.623381614685059 6.255318641662598 0
under 0 675 5 8.020079612731934 5.431034564971924 0.8242840766906738
all 0 676 3 10.400797843933105 3.2675952911376953 2.1634392738342285
levels 0 677 6 8.14542007446289 6.425591945648193 0
of 0 678 2 0.33738043904304504 1.8997763395309448 4.5258156061172485
the 0 679 3 2.1335532665252686 7.324370861053467 0
interchange 0 680 11 10.425768852233887 8.025291442871094 0
. 0 681 1 1.11418616771698 3.850600004196167 4.174691438674927
<eos> 0 682 5 0.002102331258356571 0.015960976481437683 3.8346390277147293
<unk> 0 683 5 3.7121052742004395 5.0317912101745605 0
section 0 684 7 12.769111633300781 6.779520511627197 0
of 0 685 2 2.266040563583374 6.096890926361084 0.6826295852661133
the 0 686 3 0.5386579632759094 2.635723829269409 3.461167097091675
trail 0 687 5 7.9915056228637695 6.822864055633545 0
passing 0 688 7 14.115318298339844 5.843615531921387 0.9792485237121582
beneath 0 689 7 8.104981422424316 4.854442596435547 0.9891729354858398
the 0 690 3 0.7803995013237 2.8736159801483154 1.9808266162872314
interchange 0 691 11 9.295751571655273 6.894791126251221 0
was 0 692 3 3.763380765914917 5.401656627655029 1.4931344985961914
constructed 0 693 11 4.5335893630981445 7.354915142059326 0
as 0 694 2 4.763670444488525 4.828771114349365 2.526144027709961
part 0 695 4 3.154951572418213 3.498384952545166 1.3303861618041992
of 0 696 2 0.0008089515031315386 0.00965061690658331 3.4887343356385827
the 0 697 3 0.7723286747932434 2.328178644180298 0
<unk> 0 698 5 1.3133447170257568 6.73004150390625 0
<unk> 0 699 5 1.8177093267440796 7.088910102844238 0
project 0 700 7 6.692163944244385 6.7177934646606445 0.37111663818359375
by 0 701 2 6.528143405914307 3.9927539825439453 2.725039482116699
<unk> 0 702 5 1.597283959388733 3.4123036861419678 0.5804502964019775
. 0 703 1 3.187880039215088 4.903170108795166 0
<eos> 0 704 5 0.00098512414842844 0.008256776258349419 4.894913332536817
<unk> 0 705 5 4.114561080932617 4.866148471832275 0
interchange 0 706 11 11.836440086364746 6.539796352386475 0
is 0 707 2 2.928347110748291 5.834707260131836 0.7050890922546387
considered 0 708 10 7.50480842590332 6.029521942138672 0
by 0 709 2 3.5112693309783936 4.396078109741211 1.633443832397461
<unk> 0 710 5 2.209209442138672 4.502407550811768 0
<unk> 0 711 5 2.2990543842315674 4.345261573791504 0.15714597702026367
as 0 712 2 3.5450756549835205 4.145577430725098 0.19968414306640625
one 0 713 3 3.390669584274292 4.547168731689453 0
of 0 714 2 0.017019400373101234 0.18928873538970947 4.357879996299744
" 0 715 1 7.760612487792969 1.3218727111816406 0
<unk> 0 716 5 3.3185181617736816 4.513726711273193 0
<unk> 0 717 5 2.918344736099243 4.504282474517822 0.009444236755371094
's 0 718 2 2.084033489227295 5.072686195373535 0
<unk> 0 719 5 4.659296035766602 4.647463321685791 0.42522287368774414
<unk> 0 720 5 2.3941826820373535 6.183287143707275 0
<unk> 0 721 5 1.636446475982666 6.071578502655029 0.1117086410522461
" 0 722 1 1.9944993257522583 5.512613296508789 0.5589652061462402
, 0 723 1 2.965956449508667 5.0860676765441895 0.4265456199645996
calling 0 724 7 8.52773666381836 5.838204383850098 0
it 0 725 2 2.4351284503936768 4.053934574127197 1.7842698097229004
a 0 726 1 2.286437749862671 3.1495978832244873 0.90433669090271
" 0 727 1 0.24479322135448456 1.8157669305801392 1.3338309526443481
labyrinth 0 728 9 16.396568298339844 8.289376258850098 0
of 0 729 2 1.35887610912323 4.797524452209473 3.491851806640625
lanes 0 730 5 11.539480209350586 8.411577224731445 0
" 0 731 1 1.1116902828216553 3.909219980239868 4.502357244491577
and 0 732 3 3.7463159561157227 2.915364980697632 0.9938549995422363
a 0 733 1 4.091830730438232 7.2306108474731445 0
" 0 734 1 1.2734777927398682 6.745931625366211 0.4846792221069336
five 0 735 4 10.521240234375 9.457823753356934 0
<unk> 0 736 5 0.2551356554031372 2.1616604328155518 7.296163320541382
level 0 737 5 8.430267333984375 6.9951629638671875 0
marvel 0 738 6 21.256296157836914 8.492749214172363 0
of 0 739 2 5.097562789916992 7.934172630310059 0.5585765838623047
engineering 0 740 11 10.518488883972168 7.3922119140625 0.5419607162475586
" 0 741 1 1.5611292123794556 6.8674516677856445 0.5247602462768555
because 0 742 7 10.171526908874512 3.681682825088501 3.1857688426971436
of 0 743 2 1.8333626985549927 3.400235176086426 0.2814476490020752
its 0 744 3 1.2719727754592896 3.5596578121185303 0
height 0 745 6 7.901009559631348 9.39968204498291 0
, 0 746 1 3.352649211883545 4.623793601989746 4.775888442993164
the 0 747 3 5.10919713973999 8.804024696350098 0
number 0 748 6 6.763735294342041 9.682971000671387 0
of 0 749 2 0.29990196228027344 1.9909409284591675 7.692030072212219
its 0 750 3 8.652351379394531 9.228697776794434 0
bridges 0 751 7 10.885744094848633 9.678094863891602 0
and 0 752 3 2.2271463871002197 5.455323219299316 4.222771644592285
other 0 753 5 6.368448734283447 7.565065383911133 0
unusual 0 754 7 11.185601234436035 9.560388565063477 0
design 0 755 6 8.465293884277344 9.112359046936035 0.4480295181274414
and 0 756 3 5.295457363128662 8.016220092773438 1.0961389541625977
construction 0 757 12 5.144503116607666 10.172025680541992 0
features 0 758 8 7.289246559143066 7.296619892120361 2.875405788421631
. 0 759 1 0.8079140186309814 3.679893970489502 3.6167259216308594
<eos> 0 760 5 0.008175376802682877 0.0504317544400692 3.6294622160494328
= 0 761 1 2.31982159614563 4.921424865722656 0
= 0 762 1 0.14961937069892883 0.8559688329696655 4.065456032752991
<unk> 0 763 5 5.873007774353027 5.046787738800049 0
= 0 764 1 1.4857250452041626 6.010324478149414 0
= 0 765 1 0.00165661727078259 0.01997886411845684 5.990345614030957
<eos> 0 766 5 19.491817474365234 4.377701759338379 0
<unk> 0 767 5 0.848051905632019 4.407007217407227 0
<unk> 0 768 5 2.450644016265869 6.361616134643555 0
<unk> 0 769 5 1.5641628503799438 5.088934421539307 1.272681713104248
<unk> 0 770 5 1.7174917459487915 5.205784797668457 0
project 0 771 7 13.808156967163086 4.354953765869141 0.8508310317993164
was 0 772 3 3.8392720222473145 5.770190238952637 0
planned 0 773 7 6.9080586433410645 6.699365615844727 0
as 0 774 2 4.24208402633667 3.7840166091918945 2.915349006652832
a 0 775 1 1.0895253419876099 3.0125348567962646 0.7714817523956299
replacement 0 776 11 6.740942478179932 8.571802139282227 0
for 0 777 3 0.6035737991333008 2.672743797302246 5.8990583419799805
the 0 778 3 1.0330846309661865 3.800089120864868 0
existing 0 779 8 9.816741943359375 4.98453950881958 0
, 0 780 1 7.878933906555176 6.030771255493164 0
antiquated 0 781 10 15.74416732788086 6.978673934936523 0
interchange 0 782 11 9.000249862670898 8.113265037536621 0
that 0 783 4 5.465680122375488 4.624201774597168 3.489063262939453
accommodated 0 784 12 12.881179809570312 6.448209285736084 0
<unk> 0 785 5 1.819112777709961 5.131235122680664 1.31697416305542
<unk> 0 786 5 0.8384952545166016 4.6490020751953125 0.48223304748535156
<unk> 0 787 5 0.35269099473953247 2.095677614212036 2.5533244609832764
vehicles 0 788 8 5.672708988189697 5.967599391937256 0
daily 0 789 5 10.273836135864258 4.3040771484375 1.6635222434997559
and 0 790 3 3.7116332054138184 4.652416229248047 0
was 0 791 3 2.855196714401245 7.050513744354248 0
located 0 792 7 7.103907108306885 8.022773742675781 0
in 0 793 2 1.8793163299560547 3.954444646835327 4.068329095840454
one 0 794 3 8.984906196594238 3.379331350326538 0.5751132965087891
of 0 795 2 1.0432838201522827 4.87965202331543 0
the 0 796 3 0.6103018522262573 2.407801628112793 2.4718503952026367
most 0 797 4 4.286344051361084 7.201283931732178 0
intensely 0 798 9 16.124237060546875 7.1585540771484375 0.042729854583740234
developed 0 799 9 7.266144752502441 7.852395057678223 0
commercial 0 800 10 11.129633903503418 7.506028652191162 0.34636640548706055
zones 0 801 5 9.748993873596191 5.921431541442871 1.584597110748291
in 0 802 2 1.6921663284301758 4.017606735229492 1.903824806213379
<unk> 0 803 5 1.5659089088439941 2.1047139167785645 1.9128928184509277
. 0 804 1 0.6250923275947571 2.618473768234253 0
<eos> 0 805 5 0.001051118946634233 0.008790885098278522 2.6096828831359744
<unk> 0 806 5 3.5908849239349365 5.022622108459473 0
was 0 807 3 3.3843846321105957 6.713488578796387 0
a 0 808 1 3.803159713745117 7.3106369972229 0
collaborative 0 809 13 12.145565032958984 9.102069854736328 0
project 0 810 7 3.315964460372925 7.9011759757995605 1.2008938789367676
between 0 811 7 6.190504550933838 5.488119602203369 2.4130563735961914
the 0 812 3 1.865824580192566 2.202821969985962 3.2852976322174072
<unk> 0 813 5 1.0464208126068115 5.583034515380859 0
, 0 814 1 4.666432857513428 4.801945686340332 0.7810888290405273
affected 0 815 8 16.016023635864258 4.040708541870117 0.7612371444702148
motorists 0 816 9 15.235075950622559 2.4251928329467773 1.6155157089233398
and 0 817 3 1.5468504428863525 3.8780999183654785 0
property 0 818 8 12.402503967285156 9.042689323425293 0
owners 0 819 6 4.072037220001221 7.864020824432373 1.17866849899292
, 0 820 1 1.899632215499878 4.175930023193359 3.6880908012390137
and 0 821 3 1.1999256610870361 5.131938457489014 0
the 0 822 3 2.6285855770111084 7.946325778961182 0
primary 0 823 7 10.68517780303955 8.602493286132812 0
contractor 0 824 10 5.3112921714782715 9.416720390319824 0
, 0 825 1 3.9371588230133057 5.536966800689697 3.879753589630127
<unk> 0 826 5 1.6509631872177124 6.127622127532959 0
<unk> 0 827 5 0.5291768312454224 3.409088611602783 2.718533515930176
. 0 828 1 2.9268088340759277 2.898796558380127 0.5102920532226562
<eos> 0 829 5 0.0027518479619175196 0.020465753972530365 2.8783308044075966
<unk> 0 830 5 3.1292848587036133 5.604204177856445 0
essential 0 831 9 18.393259048461914 7.258004188537598 0
consideration 0 832 13 14.41186809539795 9.335699081420898 0
was 0 833 3 2.374147653579712 4.661793231964111 4.673905849456787
to 0 834 2 3.305480480194092 7.88466215133667 0
complete 0 835 8 9.250093460083008 7.859362602233887 0.025299549102783203
the 0 836 3 1.2414988279342651 5.376564979553223 2.482797622680664
project 0 837 7 4.135396957397461 8.519488334655762 0
with 0 838 4 5.418610572814941 4.708957672119141 3.810530662536621
as 0 839 2 12.757024765014648 6.493716239929199 0
little 0 840 6 8.9257230758667 4.607043266296387 1.8866729736328125
disruption 0 841 10 13.85053825378418 4.617040157318115 0
to 0 842 2 2.3291072845458984 3.558711051940918 1.0583291053771973
the 0 843 3 1.4861392974853516 6.495837688446045 0
traffic 0 844 7 9.455230712890625 8.85499382019043 0
flow 0 845 4 9.782934188842773 6.882964134216309 1.972029685974121
as 0 846 2 1.6706944704055786 5.1763129234313965 1.706651210784912
possible 0 847 8 2.2930006980895996 5.482878684997559 0
. 0 848 1 0.779617965221405 2.9167721271514893 2.5661065578460693
<eos> 0 849 5 0.0012190138222649693 0.009967824444174767 2.9068043027073145
<unk> 0 850 5 3.5771069526672363 5.7848429679870605 0
for 0 851 3 9.776206970214844 7.578469753265381 0
upgrading 0 852 9 11.217411041259766 6.4044413566589355 1.1740283966064453
the 0 853 3 1.2549753189086914 5.813103675842285 0.5913376808166504
interchange 0 854 11 11.392848014831543 8.609265327453613 0
, 0 855 1 4.172147750854492 5.523707866668701 3.085557460784912
in 0 856 2 5.791733264923096 7.363555431365967 0
addition 0 857 8 4.369032382965088 4.792665481567383 2.570889949798584
to 0 858 2 0.06388942152261734 0.3679661750793457 4.424699306488037
the 0 859 3 1.6026113033294678 6.634915828704834 0
need 0 860 4 7.782224655151367 8.95976448059082 0
to 0 861 2 1.5946149826049805 1.2505754232406616 7.709189057350159
increase 0 862 8 7.368201732635498 7.80748176574707 0
traffic 0 863 7 5.102986812591553 4.808804512023926 2.9986772537231445
flow 0 864 4 6.747655391693115 5.819296360015869 0
and 0 865 3 3.448202610015869 4.556337356567383 1.2629590034484863
reduce 0 866 6 5.474767684936523 9.088144302368164 0
congestion 0 867 10 4.439301490783691 5.531537055969238 3.556607246398926
, 0 868 1 2.101837158203125 5.334664821624756 0.19687223434448242
were 0 869 4 4.889773368835449 7.20194149017334 0
to 0 870 2 6.395462512969971 9.0678129196167 0
improve 0 871 7 6.456129550933838 6.8932414054870605 2.1745715141296387
air 0 872 3 9.028999328613281 5.7761735916137695 1.117067813873291
quality 0 873 7 2.468545436859131 4.244174003601074 1.5319995880126953
, 0 874 1 3.241610288619995 5.6934614181518555 0
safety 0 875 6 9.271393775939941 7.31060266494751 0
, 0 876 1 1.3175852298736572 3.4534642696380615 3.8571383953094482
and 0 877 3 0.7216446399688721 4.756470203399658 0
local 0 878 5 8.94301700592041 9.748610496520996 0
access 0 879 6 7.042797088623047 9.04306697845459 0.7055435180664062
. 0 880 1 1.8925933837890625 3.556903839111328 5.486163139343262
<eos> 0 881 5 0.0007759489817544818 0.006639738101512194 3.550264101009816
<unk> 0 882 5 3.349529981613159 5.948300838470459 0
<unk> 0 883 5 3.1254518032073975 7.76336145401001 0
<unk> 0 884 5 2.470452308654785 6.336569786071777 1.4267916679382324
submitted 0 885 9 10.427068710327148 6.719015121459961 0
the 0 886 3 2.023102045059204 4.737578392028809 1.9814367294311523
lowest 0 887 6 14.051573753356934 8.227069854736328 0
bid 0 888 3 7.009155750274658 8.136019706726074 0.0910501480102539
and 0 889 3 6.554227352142334 3.576200485229492 4.559819221496582
was 0 890 3 4.962640762329102 8.665968894958496 0
awarded 0 891 7 5.650920867919922 8.52248477935791 0.14348411560058594
the 0 892 3 1.3857370615005493 4.569365978240967 3.9531188011169434
$ 0 893 1 8.422435760498047 6.5113115310668945 0
<unk> 0 894 5 0.0006136755109764636 0.008715327829122543 6.502596203237772
million 0 895 7 2.6273884773254395 1.5737178325653076 0
contract 0 896 8 4.693127155303955 7.538017272949219 0
by 0 897 2 4.104111671447754 4.932258605957031 2.6057586669921875
<unk> 0 898 5 1.7775906324386597 3.2814667224884033 1.650791883468628
, 0 899 1 3.981954336166382 5.9501166343688965 0
the 0 900 3 4.0633544921875 5.589946746826172 0.3601698875427246
largest 0 901 7 6.20695686340332 7.403338432312012 0
ever 0 902 4 8.4677734375 8.414521217346191 0
by 0 903 2 8.290972709655762 7.9070634841918945 0.5074577331542969
that 0 904 4 8.00700855255127 4.073683261871338 3.8333802223205566
agency 0 905 6 9.666836738586426 4.6468377113342285 0
. 0 906 1 0.6386858224868774 2.447646379470825 2.1991913318634033
<eos> 0 907 5 0.0028673671185970306 0.02087314985692501 2.4267732296139
<unk> 0 908 5 2.787874460220337 5.253936767578125 0
construction 0 909 12 11.875298500061035 7.026518821716309 0
contract 0 910 8 11.308393478393555 6.851160526275635 0.17535829544067383
for 0 911 3 5.730435848236084 5.955519676208496 0.8956408500671387
the 0 912 3 1.2225847244262695 4.343537330627441 1.6119823455810547
<unk> 0 913 5 1.660858392715454 6.557777404785156 0
<unk> 0 914 5 1.6990811824798584 6.702619552612305 0
<unk> 0 915 5 1.0030180215835571 5.235974311828613 1.4666452407836914
was 0 916 3 3.9578464031219482 7.3207573890686035 0
unique 0 917 6 13.181441307067871 7.726047992706299 0
in 0 918 2 2.1057803630828857 3.978868246078491 3.7471797466278076
that 0 919 4 6.604272842407227 4.881999492645264 0
it 0 920 2 3.0556845664978027 6.941837787628174 0
contained 0 921 9 9.270851135253906 4.909026622772217 2.032811164855957
elements 0 922 8 10.5173978805542 6.102203845977783 0
not 0 923 3 11.427022933959961 1.9098018407821655 4.192402005195618
found 0 924 5 7.758712291717529 7.231414318084717 0
in 0 925 2 0.9058119058609009 3.103278636932373 4.128135681152344
other 0 926 5 5.699762344360352 3.888232707977295 0
construction 0 927 12 9.133567810058594 7.243810176849365 0
project 0 928 7 9.965508460998535 6.494527816772461 0.7492823600769043
contracts 0 929 9 9.804563522338867 6.653152942657471 0
. 0 930 1 1.4945621490478516 3.7317092418670654 2.9214437007904053
<eos> 0 931 5 0.0013511506840586662 0.010990715585649014 3.7207185262814164
<unk> 0 932 5 3.124130964279175 5.5709123611450195 0
example 0 933 7 19.717496871948242 7.294410228729248 0
, 0 934 1 4.186776161193848 6.602436065673828 0.6919741630554199
it 0 935 2 8.314550399780273 6.683448791503906 0
specified 0 936 9 12.684649467468262 4.321313858032227 2.3621349334716797
the 0 937 3 3.0572006702423096 4.568652629852295 0
concrete 0 938 8 12.81015396118164 9.467131614685059 0
maturity 0 939 8 22.585887908935547 9.346168518066406 0.12096309661865234
method 0 940 6 11.7119722366333 4.114015579223633 5.232152938842773
to 0 941 2 4.8394856452941895 4.159399509429932 0
be 0 942 2 2.9452731609344482 7.820404529571533 0
used 0 943 4 3.821904420852661 8.512669563293457 0
to 0 944 2 2.1582143306732178 3.828199863433838 4.684469699859619
ensure 0 945 6 6.7713751792907715 8.091194152832031 0
the 0 946 3 1.8842198848724365 5.345829486846924 2.7453646659851074
concrete 0 947 8 12.650456428527832 9.383077621459961 0
's 0 948 2 8.505374908447266 9.586698532104492 0
strength 0 949 8 8.445751190185547 9.934307098388672 0
( 0 950 1 7.223125457763672 5.547529697418213 4.386777400970459
the 0 951 3 3.672679901123047 7.341533660888672 0
first 0 952 5 7.029018878936768 9.524590492248535 0
time 0 953 4 4.585474014282227 8.469600677490234 1.0549898147583008
<unk> 0 954 5 4.20319128036499 6.09143590927124 2.378164768218994
had 0 955 3 3.8555386066436768 7.111752986907959 0
ever 0 956 4 8.918456077575684 7.105260372161865 0.00649261474609375
done 0 957 4 7.991187572479248 6.5467729568481445 0.5584874153137207
so 0 958 2 1.9350799322128296 5.794571399688721 0.7522015571594238
) 0 959 1 0.7496737837791443 3.531510353088379 2.263061046600342
, 0 960 1 2.033068895339966 3.911107301712036 0
and 0 961 3 2.0035359859466553 6.447159767150879 0
contained 0 962 9 13.239023208618164 6.534366607666016 0
an 0 963 2 4.413922309875488 5.96419095993042 0.5701756477355957
early 0 964 5 7.605998992919922 7.881523609161377 0
completion 0 965 10 11.023652076721191 8.813045501708984 0
bonus 0 966 5 14.325536727905273 5.823782444000244 2.9892630577087402
, 0 967 1 3.969966411590576 6.884580135345459 0
a 0 968 1 4.062108993530273 7.101810455322266 0
sliding 0 969 7 12.557278633117676 9.49911117553711 0
scale 0 970 5 13.041439056396484 9.052811622619629 0.44629955291748047
of 0 971 2 3.7992398738861084 6.623669624328613 2.4291419982910156
up 0 972 2 7.36359977722168 6.168479919433594 0.45518970489501953
to 0 973 2 0.09780453145503998 0.6383374929428101 5.530142426490784
$ 0 974 1 6.910933017730713 1.9592658281326294 0
<unk> 0 975 5 0.0016841026954352856 0.020544936880469322 1.93872089125216
million 0 976 7 2.270179271697998 2.3071846961975098 0
if 0 977 2 11.027143478393555 3.3601062297821045 0
the 0 978 3 1.9803816080093384 5.526974678039551 0
company 0 979 7 7.213260650634766 9.154105186462402 0
completed 0 980 9 8.612542152404785 6.341148376464844 2.8129568099975586
the 0 981 3 2.2475202083587646 5.328906059265137 1.012242317199707
contract 0 982 8 6.39971399307251 8.583043098449707 0
within 0 983 6 10.559027671813965 3.466809034347534 5.116234064102173
four 0 984 4 7.36580228805542 4.314806938171387 0
years 0 985 5 2.1426753997802734 3.718189239501953 0.5966176986694336
. 0 986 1 0.7668967247009277 2.7775542736053467 0.9406349658966064
<eos> 0 987 5 0.0011887701693922281 0.009849797934293747 2.767704475671053
<unk> 0 988 5 3.5950798988342285 5.362776279449463 0
built 0 989 5 9.26784610748291 7.404696464538574 0
into 0 990 4 10.765618324279785 4.02734375 3.377352714538574
the 0 991 3 1.2350130081176758 4.0379133224487305 0
construction 0 992 12 5.844028472900391 8.161684036254883 0
contract 0 993 8 7.789278507232666 4.933614730834961 3.228069305419922
was 0 994 3 7.540167808532715 5.1908135414123535 0
a 0 995 1 4.497809886932373 8.127832412719727 0
provision 0 996 9 10.31851577758789 9.246000289916992 0
that 0 997 4 2.577282428741455 3.9291296005249023 5.31687068939209
<unk> 0 998 5 3.384610414505005 7.081993579864502 0
was 0 999 3 3.658715009689331 7.50123929977417 0
charged 0 1000 7 11.67313289642334 8.330758094787598 0
for 0 1001 3 4.967007637023926 2.2942733764648438 6.036484718322754
" 0 1002 1 7.654786586761475 9.039024353027344 0
lane 0 1003 4 18.83987045288086 10.170104026794434 0
rentals 0 1004 7 16.375179290771484 7.957866668701172 2.2122373580932617
" 0 1005 1 0.2165275514125824 1.3144450187683105 6.643421649932861
by 0 1006 2 5.925230026245117 4.806983947753906 0
<unk> 0 1007 5 2.70951509475708 6.664542198181152 0
for 0 1008 3 7.641424655914307 6.278993129730225 0.38554906845092773
time 0 1009 4 9.825704574584961 7.349813938140869 0
they 0 1010 4 9.696732521057129 4.799345016479492 2.550468921661377
closed 0 1011 6 12.533133506774902 5.801580429077148 0
down 0 1012 4 8.434433937072754 4.469200134277344 1.3323802947998047
traffic 0 1013 7 12.659320831298828 4.592217922210693 0
lanes 0 1014 5 11.398561477661133 4.651654243469238 0
 0 1015 1 9.913620948791504 4.134288311004639 0.5173659324645996
fees 0 1016 4 16.777475357055664 7.050101280212402 0
based 0 1017 5 9.384961128234863 6.1658124923706055 0.8842887878417969
on 0 1018 2 0.21102960407733917 1.3244210481643677 4.841391444206238
hourly 0 1019 6 15.37936019897461 6.580362796783447 0
assessments 0 1020 11 12.6852445602417 8.07319450378418 0
and 0 1021 3 4.4353790283203125 5.630395412445068 2.4427990913391113
the 0 1022 3 3.4703140258789062 9.786736488342285 0
time 0 1023 4 8.905538558959961 9.916046142578125 0
of 0 1024 2 2.878472328186035 7.458459854125977 2.4575862884521484
day 0 1025 3 8.386164665222168 5.692906379699707 1.7655534744262695
the 0 1026 3 6.387754917144775 6.803407192230225 0
lane 0 1027 4 15.654562950134277 9.362205505371094 0
was 0 1028 3 3.399794340133667 6.632471084594727 2.729734420776367
closed 0 1029 6 8.748669624328613 8.883589744567871 0
. 0 1030 1 1.016610026359558 3.3606009483337402 5.522988796234131
<eos> 0 1031 5 0.001018121954984963 0.008448626846075058 3.352152321487665
<unk> 0 1032 5 3.5376665592193604 5.676854133605957 0
fees 0 1033 4 16.645416259765625 7.690215110778809 0
ranged 0 1034 6 12.080911636352539 5.788045883178711 1.9021692276000977
from 0 1035 4 0.2503710091114044 1.523662805557251 4.26438307762146
$ 0 1036 1 3.290491819381714 5.258838176727295 0
<unk> 0 1037 5 0.0008778762421570718 0.011238005943596363 5.247600170783699
to 0 1038 2 2.935840129852295 2.300299882888794 0
a 0 1039 1 8.894258499145508 0.7944556474685669 1.505844235420227
high 0 1040 4 8.328775405883789 6.867427349090576 0
of 0 1041 2 4.423556327819824 5.774790287017822 1.092637062072754
$ 0 1042 1 2.612039566040039 2.1576344966888428 3.6171557903289795
<unk> 0 1043 5 0.0018574203131720424 0.02201182208955288 2.13562267459929
<unk> 0 1044 5 0.7278196215629578 2.462571859359741 0
<unk> 0 1045 5 0.6957373023033142 1.0643515586853027 1.3982203006744385
for 0 1046 3 4.589145183563232 4.300272464752197 0
rush 0 1047 4 15.157124519348145 7.293956279754639 0
hours 0 1048 5 6.8497138023376465 6.833611011505127 0.4603452682495117
. 0 1049 1 1.7747206687927246 3.846968412399292 2.986642599105835
<eos> 0 1050 5 0.0016346286283805966 0.012980636209249496 3.8339877761900425
<unk> 0 1051 5 4.071619033813477 5.698009014129639 0
order 0 1052 5 13.435623168945312 7.771015644073486 0
not 0 1053 3 11.786849975585938 7.826382637023926 0
to 0 1054 2 3.7735085487365723 7.137596607208252 0.6887860298156738
interfere 0 1055 9 11.677337646484375 7.78118371963501 0
with 0 1056 4 0.6981642246246338 2.8694088459014893 4.9117748737335205
traffic 0 1057 7 9.714226722717285 4.714515209197998 0
flow 0 1058 4 7.579139232635498 7.670930862426758 0
during 0 1059 6 8.162447929382324 6.721646785736084 0.9492840766906738
construction 0 1060 12 5.194144248962402 3.689011335372925 3.032635450363159
, 0 1061 1 1.723069429397583 4.979464054107666 0
the 0 1062 3 6.9915008544921875 4.963866233825684 0.015597820281982422
new 0 1063 3 6.3827409744262695 9.244911193847656 0
interchange 0 1064 11 10.981264114379883 9.008623123168945 0.23628807067871094
was 0 1065 3 1.4356355667114258 5.5803422927856445 3.428280830383301
designed 0 1066 8 6.552484035491943 8.578365325927734 0
largely 0 1067 7 11.893588066101074 2.6587462425231934 5.919619083404541
as 0 1068 2 4.77079439163208 3.7137465476989746 0
elevated 0 1069 8 18.365360260009766 3.4121615886688232 0.30158495903015137
flyover 0 1070 7 17.240854263305664 5.995388031005859 0
ramps 0 1071 5 5.877951622009277 7.4023284912109375 0
and 0 1072 3 3.3127598762512207 5.66777229309082 1.7345561981201172
viaducts 0 1073 8 9.21951675415039 8.537656784057617 0
so 0 1074 2 8.96004581451416 5.994410514831543 2.543246269226074
they 0 1075 4 4.912021160125732 5.569895267486572 0.4245152473449707
could 0 1076 5 0.8710521459579468 3.3665571212768555 2.203338146209717
be 0 1077 2 2.165985345840454 6.421145439147949 0
built 0 1078 5 4.785214900970459 8.54357624053955 0
high 0 1079 4 12.403629302978516 5.7447638511657715 2.7988123893737793
over 0 1080 4 7.137447834014893 5.097438335418701 0.6473255157470703
the 0 1081 3 1.1671967506408691 4.622128486633301 0.4753098487854004
existing 0 1082 8 6.601837635040283 8.97092056274414 0
junction 0 1083 8 10.833084106445312 8.845632553100586 0.1252880096435547
lanes 0 1084 5 11.005943298339844 4.967938423156738 3.8776941299438477
; 0 1085 1 6.544032096862793 3.6538848876953125 1.3140535354614258
once 0 1086 4 9.639363288879395 6.229579448699951 0
traffic 0 1087 7 10.690350532531738 6.187446117401123 0.042133331298828125
was 0 1088 3 1.4722017049789429 5.97037410736084 0.2170720100402832
transferred 0 1089 11 8.280309677124023 7.195688247680664 0
to 0 1090 2 1.258139729499817 3.4868621826171875 3.7088260650634766
the 0 1091 3 0.9417976140975952 3.94201922416687 0
new 0 1092 3 4.526310920715332 7.777000904083252 0
structures 0 1093 10 12.145649909973145 6.868479251861572 0.9085216522216797
the 0 1094 3 7.671604156494141 3.6598691940307617 3.2086100578308105
old 0 1095 3 9.714547157287598 9.157514572143555 0
lanes 0 1096 5 7.391482830047607 8.405105590820312 0.7524089813232422
could 0 1097 5 6.243407726287842 4.4006781578063965 4.004427433013916
simply 0 1098 6 11.860790252685547 4.7960710525512695 0
be 0 1099 2 1.2634286880493164 5.401979923248291 0
closed 0 1100 6 6.5029778480529785 7.707749366760254 0
off 0 1101 3 8.69445514678955 4.554614543914795 3.153134822845459
and 0 1102 3 4.977736473083496 5.261931419372559 0
removed 0 1103 7 7.564454555511475 8.223421096801758 0
. 0 1104 1 1.9947950839996338 5.031269550323486 3.1921515464782715
<eos> 0 1105 5 0.00017059670062735677 0.0017603718442842364 5.029509178479202
<unk> 0 1106 5 4.518555164337158 5.755035877227783 0
of 0 1107 2 7.624633312225342 7.980477809906006 0
the 0 1108 3 0.8611569404602051 3.2216849327087402 4.758792877197266
original 0 1109 8 6.983435153961182 7.967252254486084 0
interchange 0 1110 11 9.633561134338379 8.811991691589355 0
remained 0 1111 8 7.77427339553833 5.841713905334473 2.970277786254883
when 0 1112 4 10.878798484802246 7.077602386474609 0
the 0 1113 3 1.2155940532684326 4.521485805511475 2.5561165809631348
project 0 1114 7 6.86509895324707 7.58758020401001 0
was 0 1115 3 0.9964399337768555 4.5184807777404785 3.0690994262695312
finished 0 1116 8 4.808663845062256 7.027585506439209 0
. 0 1117 1 1.7616719007492065 3.9437332153320312 3.0838522911071777
<eos> 0 1118 5 0.00020361308997962624 0.0020393040031194687 3.941693911328912
<unk> 0 1119 5 3.857858419418335 5.713291168212891 0
save 0 1120 4 18.736658096313477 7.363607883453369 0
time 0 1121 4 8.421965599060059 7.244654178619385 0.11895370483398438
and 0 1122 3 4.865606784820557 7.164552211761475 0.08010196685791016
money 0 1123 5 9.077690124511719 9.37598705291748 0
, 0 1124 1 4.25060510635376 7.617844104766846 1.7581429481506348
innovative 0 1125 10 16.772417068481445 7.959461688995361 0
construction 0 1126 12 6.359936237335205 9.962085723876953 0
methods 0 1127 7 8.211308479309082 6.39650821685791 3.565577507019043
were 0 1128 4 3.7356722354888916 4.96911096572876 1.4273972511291504
employed 0 1129 8 9.816697120666504 8.519814491271973 0
: 0 1130 1 9.187868118286133 4.356821537017822 4.16299295425415
<unk> 0 1131 5 2.8517723083496094 7.4709086418151855 0
original 0 1132 8 15.941515922546387 6.369153022766113 1.1017556190490723
plans 0 1133 5 6.386283874511719 9.282971382141113 0
called 0 1134 6 11.012236595153809 4.567635536193848 4.715335845947266
for 0 1135 3 3.1037709712982178 5.328394889831543 0
the 0 1136 3 2.2454521656036377 7.351109504699707 0
segments 0 1137 8 17.650863647460938 8.091837882995605 0
of 0 1138 2 1.3824130296707153 4.457557201385498 3.6342806816101074
the 0 1139 3 0.8865430951118469 4.442620277404785 0.01493692398071289
long 0 1140 4 10.83290958404541 8.022252082824707 0
ramps 0 1141 5 10.757101058959961 5.371856212615967 2.6503958702087402
and 0 1142 3 3.37432861328125 5.521869659423828 0
spans 0 1143 5 14.4476957321167 8.844147682189941 0
( 0 1144 1 6.376443862915039 6.543463230133057 2.3006844520568848
used 0 1145 4 10.434290885925293 6.2428436279296875 0.30061960220336914
to 0 1146 2 2.2370705604553223 4.125473976135254 2.1173696517944336
direct 0 1147 6 8.742164611816406 8.108182907104492 0
<unk> 0 1148 5 3.9385361671447754 7.5399370193481445 0.5682458877563477
connect 0 1149 7 13.466465950012207 7.180156707763672 0.35978031158447266
roads 0 1150 5 10.229706764221191 6.673019886016846 0.5071368217468262
) 0 1151 1 0.7840152382850647 3.283482551574707 3.3895373344421387
to 0 1152 2 3.3672235012054443 4.740963935852051 0
be 0 1153 2 6.558614730834961 6.676958084106445 0
made 0 1154 4 6.961255073547363 7.326040744781494 0
of 0 1155 2 4.258782863616943 5.897109031677246 1.428931713104248
steel 0 1156 5 5.18357515335083 9.129645347595215 0
, 0 1157 1 2.5518455505371094 5.908974647521973 3.220670700073242
but 0 1158 3 5.251091480255127 7.628201007843018 0
because 0 1159 7 8.6921968460083 7.206449508666992 0.4217514991760254
building 0 1160 8 14.096863746643066 4.778280258178711 2.4281692504882812
with 0 1161 4 7.214272975921631 8.124796867370605 0
steel 0 1162 5 7.024662971496582 7.954514026641846 0.17028284072875977
would 0 1163 5 5.7493510246276855 8.5283842086792 0
interfere 0 1164 9 10.932174682617188 5.529118061065674 2.9992661476135254
with 0 1165 4 0.4080556333065033 1.8584785461425781 3.6706395149230957
heavy 0 1166 5 10.182805061340332 5.942580699920654 0
traffic 0 1167 7 3.544189691543579 8.043252944946289 0
flow 0 1168 4 6.755588531494141 5.824383735656738 2.218869209289551
during 0 1169 6 7.700238227844238 4.803743839263916 1.0206398963928223
construction 0 1170 12 3.9857735633850098 3.873415946960449 0.9303278923034668
, 0 1171 1 2.0166988372802734 4.226932048797607 0
cast 0 1172 4 17.88975715637207 5.7966132164001465 0
<unk> 0 1173 5 3.7427361011505127 9.36392593383789 0
in 0 1174 2 6.6149396896362305 9.145501136779785 0.21842479705810547
<unk> 0 1175 5 1.984810471534729 5.967141151428223 3.1783599853515625
place 0 1176 5 9.922513961791992 9.00944995880127 0
<unk> 0 1177 5 5.879698753356934 7.431430816650391 1.578019142150879
concrete 0 1178 8 12.347407341003418 7.864382266998291 0
was 0 1179 3 6.2895708084106445 9.176600456237793 0
substituted 0 1180 11 12.862733840942383 8.711238861083984 0.4653615951538086
in 0 1181 2 3.2417821884155273 4.699272632598877 4.011966228485107
the 0 1182 3 1.726688027381897 5.499489784240723 0
plans 0 1183 5 13.54426383972168 8.835397720336914 0
. 0 1184 1 1.433234691619873 3.804778814315796 5.030618906021118
<eos> 0 1185 5 0.00040186746628023684 0.0037222299724817276 3.801056584343314
<unk> 0 1186 5 3.7412638664245605 5.739616870880127 0
, 0 1187 1 4.990056037902832 7.795840740203857 0
<unk> 0 1188 5 2.6479177474975586 6.722047328948975 1.0737934112548828
decided 0 1189 7 11.151620864868164 4.231485366821289 2.4905619621276855
to 0 1190 2 0.8731215000152588 3.3571157455444336 0.8743696212768555
use 0 1191 3 3.7150509357452393 7.399518966674805 0
<unk> 0 1192 5 3.2915568351745605 5.657081127166748 1.7424378395080566
concrete 0 1193 8 11.260099411010742 6.804829120635986 0
<unk> 0 1194 5 3.275972366333008 8.18545913696289 0
bridges 0 1195 7 10.95632266998291 6.935470104217529 1.2499890327453613
, 0 1196 1 2.944658041000366 4.72950553894043 2.2059645652770996
rather 0 1197 6 8.907655715942383 6.89307165145874 0
than 0 1198 4 0.01716250367462635 0.1984197050333023 6.694651946425438
casting 0 1199 7 12.610712051391602 8.546326637268066 0
the 0 1200 3 2.0255126953125 7.102293014526367 1.4440336227416992
bridge 0 1201 6 5.820059299468994 9.074771881103516 0
elements 0 1202 8 13.222969055175781 6.272500514984131 2.8022713661193848
in 0 1203 2 4.423068046569824 4.64521598815918 1.6272845268249512
place 0 1204 5 7.739142417907715 5.674748420715332 0
, 0 1205 1 4.213162422180176 3.6647541522979736 2.0099942684173584
and 0 1206 3 1.6201701164245605 5.57837438583374 0
used 0 1207 4 7.274815082550049 9.00538444519043 0
a 0 1208 1 3.6094508171081543 5.705883026123047 3.299501419067383
unique 0 1209 6 8.928974151611328 9.180357933044434 0
machine 0 1210 7 11.239701271057129 8.458017349243164 0.7223405838012695
, 0 1211 1 4.271494388580322 6.86122465133667 1.5967926979064941
designed 0 1212 8 6.880893707275391 7.426065921783447 0
and 0 1213 3 6.200974941253662 2.931020975112915 4.495044946670532
constructed 0 1214 11 4.720329284667969 7.978806972503662 0
by 0 1215 2 1.9853194952011108 4.8571953773498535 3.1216115951538086
<unk> 0 1216 5 1.0218356847763062 3.980696201324463 0.8764991760253906
<unk> 0 1217 5 1.387985348701477 5.320761203765869 0
of 0 1218 2 6.296893119812012 4.233087062835693 1.0876741409301758
<unk> 0 1219 5 1.2738631963729858 3.8315436840057373 0.40154337882995605
and 0 1220 3 4.032349109649658 5.44782018661499 0
costing 0 1221 7 16.320375442504883 5.306107997894287 0.14171218872070312
about 0 1222 5 7.769958972930908 4.104764461517334 1.2013435363769531
$ 0 1223 1 0.5520918369293213 1.4667361974716187 2.6380282640457153
<unk> 0 1224 5 0.0012300113448873162 0.01457322109490633 1.4521629763767123
million 0 1225 7 1.5151176452636719 1.5684669017791748 0
, 0 1226 1 4.0062079429626465 3.3055808544158936 0
to 0 1227 2 6.319800853729248 6.991652011871338 0
move 0 1228 4 9.241716384887695 6.901590824127197 0.09006118774414062
the 0 1229 3 1.8968323469161987 6.173123359680176 0.7284674644470215
pieces 0 1230 6 12.100329399108887 9.195722579956055 0
into 0 1231 4 4.303936004638672 5.164486408233643 4.031236171722412
place 0 1232 5 11.489924430847168 5.4460625648498535 0
. 0 1233 1 1.3363767862319946 4.52677583694458 0.9192867279052734
<eos> 0 1234 5 0.0010456194868311286 0.008656349964439869 4.51811948698014
<unk> 0 1235 5 3.2356512546539307 5.500730514526367 0
the 0 1236 3 9.94456672668457 7.454575538635254 0
construction 0 1237 12 6.057417392730713 9.110873222351074 0
, 0 1238 1 6.997082710266113 3.692108392715454 5.41876482963562
<unk> 0 1239 5 4.468430995941162 8.241690635681152 0
<unk> 0 1240 5 2.7043349742889404 6.190342903137207 2.0513477325439453
<eos> 0 1241 5 3.2480945587158203 5.365420341491699 0.8249225616455078
@ 0 1242 1 0.0029526702128350735 0.03144511207938194 5.333975229412317
<unk> 0 1243 5 0.002550997771322727 0.03545691817998886 0
million 0 1244 7 5.641531944274902 4.728968620300293 0
cubic 0 1245 5 3.41615891456604 6.480203151702881 0
yards 0 1246 5 5.46670389175415 1.474042296409607 5.006160855293274
of 0 1247 2 5.029459476470947 2.4338676929473877 0
earthwork 0 1248 9 14.300517082214355 7.219803333282471 0
was 0 1249 3 5.522435665130615 6.028587818145752 1.1912155151367188
used 0 1250 4 4.712952136993408 7.20835018157959 0
, 0 1251 1 2.799146890640259 3.983184814453125 3.225165367126465
<unk> 0 1252 5 6.042222499847412 4.630366325378418 0
<unk> 0 1253 5 1.449846863746643 6.190732002258301 0
<unk> 0 1254 5 0.6036426424980164 2.331280469894409 3.8594515323638916
cubic 0 1255 5 3.2362101078033447 6.703411102294922 0
yards 0 1256 5 4.386928081512451 1.2770568132400513 5.426354289054871
of 0 1257 2 7.737526893615723 1.4903993606567383 0
concrete 0 1258 8 3.730581521987915 6.516799449920654 0
was 0 1259 3 5.138047695159912 5.275212287902832 1.2415871620178223
mixed 0 1260 5 13.044416427612305 7.337856292724609 0
on 0 1261 2 5.088900566101074 4.360461711883545 2.9773945808410645
site 0 1262 4 9.354665756225586 5.193448066711426 0
, 0 1263 1 1.5559394359588623 4.272663116455078 0.9207849502563477
and 0 1264 3 1.2256033420562744 5.46764612197876 0
<unk> 0 1265 5 2.8687491416931152 6.943539619445801 0
<unk> 0 1266 5 1.1530447006225586 5.930648326873779 1.0128912925720215
<unk> 0 1267 5 0.8525454998016357 3.367422103881836 2.5632262229919434
square 0 1268 6 6.193747520446777 6.5630669593811035 0
feet 0 1269 4 0.4358507990837097 1.4182443618774414 5.144822597503662
of 0 1270 2 9.726142883300781 0.45931264758110046 0.9589317142963409
retaining 0 1271 9 13.542786598205566 7.285092830657959 0
walls 0 1272 5 8.681014060974121 5.443754196166992 1.8413386344909668
were 0 1273 4 3.6838741302490234 5.161248683929443 0.28250551223754883
built 0 1274 5 2.7589731216430664 6.632739543914795 0
. 0 1275 1 1.448927640914917 4.145522594451904 2.4872169494628906
<eos> 0 1276 5 0.0004622153064701706 0.0042283544316887856 4.1412942400202155
<unk> 0 1277 5 3.8111727237701416 5.318551063537598 0
, 0 1278 1 5.37239408493042 7.431972980499268 0
<unk> 0 1279 5 2.4294986724853516 6.583841323852539 0.8481316566467285
<unk> 0 1280 5 2.7803211212158203 4.1019287109375 2.481912612915039
<unk> 0 1281 5 2.552913188934326 3.5241284370422363 0.5778002738952637
feet 0 1282 4 7.546063423156738 4.228301048278809 0
of 0 1283 2 7.050490856170654 1.5536253452301025 2.674675703048706
drilled 0 1284 7 17.71375274658203 7.064128398895264 0
shafts 0 1285 6 8.38772201538086 7.613168239593506 0
and 0 1286 3 2.8390564918518066 4.169950485229492 3.4432177543640137
<unk> 0 1287 5 1.617300033569336 7.165554046630859 0
<unk> 0 1288 5 1.3412790298461914 6.5694661140441895 0.5960879325866699
<unk> 0 1289 5 1.1918781995773315 4.018874645233154 2.550591468811035
linear 0 1290 6 15.352505683898926 6.707720756530762 0
feet 0 1291 4 6.329777240753174 8.251472473144531 0
of 0 1292 2 4.070678234100342 4.799777507781982 3.451694965362549
drainage 0 1293 8 14.820314407348633 7.680544376373291 0
pipe 0 1294 4 12.361109733581543 7.611562728881836 0.06898164749145508
were 0 1295 4 3.0172746181488037 8.416939735412598 0
completed 0 1296 9 6.852919578552246 6.928006172180176 1.4889335632324219
. 0 1297 1 1.7433619499206543 4.071927070617676 2.8560791015625
<eos> 0 1298 5 0.005134852137416601 0.034886762499809265 4.0370403081178665
<unk> 0 1299 5 3.837162733078003 5.457956790924072 0
addition 0 1300 8 15.072958946228027 7.386696815490723 0
to 0 1301 2 3.5909440517425537 5.9968061447143555 1.3898906707763672
the 0 1302 3 1.0444037914276123 4.738453388214111 1.2583527565002441
construction 0 1303 12 6.29951810836792 9.004799842834473 0
of 0 1304 2 1.9148989915847778 6.146659851074219 2.858139991760254
<unk> 0 1305 5 3.646724224090576 3.4048678874969482 2.7417919635772705
permanent 0 1306 9 16.265060424804688 7.1669793128967285 0
bridges 0 1307 7 7.599078178405762 9.318231582641602 0
, 0 1308 1 2.6390159130096436 5.767065525054932 3.55116605758667
six 0 1309 3 10.889493942260742 7.437344551086426 0
temporary 0 1310 9 11.942276000976562 8.024049758911133 0
bridges 0 1311 7 5.453360557556152 9.014477729797363 0
were 0 1312 4 4.936944961547852 4.8758344650268555 4.138643264770508
built 0 1313 5 2.3181445598602295 5.8798508644104 0
, 0 1314 1 2.3733770847320557 4.726849555969238 1.153001308441162
resulting 0 1315 9 11.092201232910156 4.573056221008301 0.1537933349609375
in 0 1316 2 0.04509805515408516 0.333549827337265 4.239506393671036
<unk> 0 1317 5 4.087942600250244 5.5534348487854 0
<unk> 0 1318 5 2.4962401390075684 8.341961860656738 0
<eos> 0 1319 5 2.7939834594726562 5.217040538787842 3.1249213218688965
@ 0 1320 1 0.00037693671765737236 0.004987636581063271 5.2120529022067785
<unk> 0 1321 5 0.0010868648532778025 0.015522245317697525 0
million 0 1322 7 3.9097228050231934 4.8646674156188965 0
square 0 1323 6 6.618265151977539 5.741400241851807 0
feet 0 1324 4 0.47107556462287903 1.7017371654510498 4.039663076400757
of 0 1325 2 8.371201515197754 0.7759562134742737 0.9257809519767761
bridge 0 1326 6 9.415703773498535 7.795848369598389 0
deck 0 1327 4 8.738157272338867 7.537642478942871 0.2582058906555176
. 0 1328 1 1.7128247022628784 6.064842224121094 1.4728002548217773
<eos> 0 1329 5 0.00021461838332470506 0.0021473243832588196 6.062694899737835
<unk> 0 1330 5 4.426816940307617 5.1741132736206055 0
project 0 1331 7 11.13079833984375 7.473503112792969 0
was 0 1332 3 2.101328134536743 7.360813617706299 0.11268949508666992
designed 0 1333 8 4.163082122802734 7.065519332885742 0.29529428482055664
by 0 1334 2 1.6393771171569824 2.2870283126831055 4.778491020202637
the 0 1335 3 2.917644500732422 3.101253032684326 0
<unk> 0 1336 5 1.3479669094085693 6.361148357391357 0
<unk> 0 1337 5 2.52744197845459 7.397687911987305 0
who 0 1338 3 9.090980529785156 6.6935715675354 0.7041163444519043
provided 0 1339 8 7.549807071685791 6.816762924194336 0
professional 0 1340 12 13.504842758178711 6.641872406005859 0.17489051818847656
engineering 0 1341 11 6.526102066040039 8.788634300231934 0
consultation 0 1342 12 14.726131439208984 6.590271949768066 2.198362350463867
throughout 0 1343 10 11.070906639099121 4.860666751861572 1.7296051979064941
the 0 1344 3 0.4555063247680664 2.143754720687866 2.716912031173706
construction 0 1345 12 5.887850761413574 7.746628761291504 0
, 0 1346 1 4.137916564941406 3.5871024131774902 4.159526348114014
which 0 1347 5 4.026572227478027 6.739284515380859 0
had 0 1348 3 4.194098472595215 6.532248020172119 0.20703649520874023
begun 0 1349 5 5.779020309448242 6.646357536315918 0
in 0 1350 2 1.9942831993103027 4.767909526824951 1.8784480094909668
<unk> 0 1351 5 0.467922180891037 2.1568875312805176 2.6110219955444336
and 0 1352 3 3.673769474029541 3.2350082397460938 0
was 0 1353 3 2.950918197631836 6.69225549697876 0
completed 0 1354 9 2.052661180496216 6.999488353729248 0
in 0 1355 2 1.1319291591644287 3.1766984462738037 3.8227899074554443
<unk> 0 1356 5 0.2829926609992981 1.426973819732666 1.7497246265411377
<unk> 0 1357 5 1.77110755443573 2.0604488849639893 0
, 0 1358 1 3.8185322284698486 1.2984936237335205 0.7619552612304688
more 0 1359 4 12.301924705505371 5.326380252838135 0
than 0 1360 4 0.15028806030750275 1.178950309753418 4.147429943084717
<unk> 0 1361 5 2.0093932151794434 4.480965614318848 0
months 0 1362 6 5.07216739654541 4.2920026779174805 0.1889629364013672
sooner 0 1363 6 14.251463890075684 2.5379109382629395 1.754091739654541
than 0 1364 4 0.22621901333332062 0.8479224443435669 1.6899884939193726
planned 0 1365 7 5.959534645080566 5.902052402496338 0
. 0 1366 1 0.474355548620224 2.3751471042633057 3.5269052982330322
<eos> 0 1367 5 0.0010236214147880673 0.008623527362942696 2.366523576900363
= 0 1368 1 4.551066875457764 5.531332969665527 0
= 0 1369 1 0.07375717163085938 0.4971177279949188 5.0342152416706085
<unk> 0 1370 5 5.709573745727539 4.037837505340576 0
= 0 1371 1 2.1126224994659424 7.043555736541748 0
= 0 1372 1 0.001205266802571714 0.015105336904525757 7.028450399637222
<eos> 0 1373 5 21.810571670532227 4.782020568847656 0
<unk> 0 1374 5 1.298613429069519 5.225459575653076 0
<unk> 0 1375 5 2.0545461177825928 6.093494415283203 0
, 0 1376 1 2.8846306800842285 5.199120998382568 0.8943734169006348
the 0 1377 3 2.5563597679138184 5.235943794250488 0
<unk> 0 1378 5 2.6253275871276855 7.161762237548828 0
<unk> 0 1379 5 2.3280344009399414 7.678615570068359 0
<unk> 0 1380 5 1.8078432083129883 6.7548394203186035 0.9237761497497559
<unk> 0 1381 5 2.0475661754608154 6.75175142288208 0.0030879974365234375
named 0 1382 5 12.590930938720703 5.836996078491211 0.9147553443908691
the 0 1383 3 5.171144008636475 3.3532867431640625 2.4837093353271484
<unk> 0 1384 5 0.9472447037696838 5.525229454040527 0
<unk> 0 1385 5 1.6051636934280396 6.8186235427856445 0
" 0 1386 1 8.963950157165527 5.45821475982666 1.3604087829589844
<unk> 0 1387 5 1.17326021194458 7.02262544631958 0
<unk> 0 1388 5 3.407599449157715 2.5293803215026855 4.4932451248168945
<unk> 0 1389 5 2.4914588928222656 2.7138116359710693 0
of 0 1390 2 8.787288665771484 2.8754522800445557 0
the 0 1391 3 1.7998466491699219 3.8570706844329834 0
<unk> 0 1392 5 0.8405026793479919 5.388348579406738 0
" 0 1393 1 1.4444973468780518 5.474609851837158 0
for 0 1394 3 5.630903244018555 3.9523825645446777 1.5222272872924805
its 0 1395 3 4.83549165725708 5.027091979980469 0
massive 0 1396 7 11.806456565856934 8.924429893493652 0
size 0 1397 4 5.672715663909912 9.095803260803223 0
, 0 1398 1 0.6975891590118408 2.5500266551971436 6.545776605606079
its 0 1399 3 11.207038879394531 4.800239562988281 0
innovative 0 1400 10 11.142868995666504 9.32052230834961 0
design 0 1401 6 4.128271579742432 9.414016723632812 0
, 0 1402 1 2.051391124725342 6.139363765716553 3.2746529579162598
the 0 1403 3 5.6751508712768555 7.206460952758789 0
complexity 0 1404 10 11.666121482849121 8.969307899475098 0
and 0 1405 3 3.5376172065734863 1.4837580919265747 7.485549807548523
rapidity 0 1406 8 15.155903816223145 9.519192695617676 0
of 0 1407 2 0.23886607587337494 1.6158523559570312 7.9033403396606445
its 0 1408 3 4.513916969299316 6.78211784362793 0
construction 0 1409 12 5.574781894683838 9.68461799621582 0
and 0 1410 3 3.5204145908355713 5.705865859985352 3.9787521362304688
the 0 1411 3 3.1056668758392334 8.389121055603027 0
need 0 1412 4 7.41408109664917 9.404304504394531 0
it 0 1413 2 11.264921188354492 1.3642551898956299 8.040049314498901
fulfilled 0 1414 9 17.485958099365234 3.6449995040893555 0
for 0 1415 3 5.184781551361084 4.312067031860352 0
the 0 1416 3 1.7873469591140747 7.01320743560791 0
community 0 1417 9 12.659988403320312 8.713578224182129 0
. 0 1418 1 1.1831815242767334 3.7299325466156006 4.983645677566528
<eos> 0 1419 5 0.002614174038171768 0.019192643463611603 3.710739903151989
<unk> 0 1420 5 2.9818406105041504 5.211421966552734 0
as 0 1421 2 11.099374771118164 6.590672492980957 0
the 0 1422 3 2.205455780029297 4.514673233032227 2.0759992599487305
managing 0 1423 8 12.247964859008789 8.08350658416748 0
agency 0 1424 6 11.15710163116455 4.04796838760376 4.035538196563721
, 0 1425 1 4.00029182434082 4.631715774536133 0
<unk> 0 1426 5 2.555666446685791 6.973145961761475 0
<unk> 0 1427 5 2.292987108230591 7.292182922363281 0
<unk> 0 1428 5 2.437957286834717 6.451541900634766 0.8406410217285156
as 0 1429 2 8.107230186462402 6.339995861053467 0.11154603958129883
the 0 1430 3 2.1148624420166016 5.234072685241699 1.1059231758117676
primary 0 1431 7 7.6509318351745605 7.857786178588867 0
contractor 0 1432 10 2.7385334968566895 7.69152307510376 0.16626310348510742
, 0 1433 1 3.13519287109375 3.7349061965942383 3.9566168785095215
and 0 1434 3 2.8448874950408936 7.16108512878418 0
<unk> 0 1435 5 1.8151708841323853 7.144420623779297 0.016664505004882812
<unk> 0 1436 5 0.9159108400344849 5.227611541748047 1.91680908203125
as 0 1437 2 6.433988094329834 5.576203346252441 0
the 0 1438 3 2.2981107234954834 5.751465320587158 0
primary 0 1439 7 7.772164344787598 7.616888523101807 0
consultant 0 1440 10 9.057086944580078 6.925199031829834 0.6916894912719727
received 0 1441 8 15.860103607177734 3.492544174194336 3.432654857635498
the 0 1442 3 2.29594087600708 6.4990620613098145 0
award 0 1443 5 4.531959056854248 8.68488597869873 0
in 0 1444 2 4.7267985343933105 3.6993496417999268 4.985536336898804
recognition 0 1445 11 6.522458553314209 2.522006034851074 1.1773436069488525
of 0 1446 2 0.037665583193302155 0.24086831510066986 2.2811377197504044
their 0 1447 5 4.8629302978515625 2.94627046585083 0
cooperative 0 1448 11 14.66271686553955 8.066539764404297 0
alliance 0 1449 8 12.41092586517334 8.51740837097168 0
in 0 1450 2 4.505690574645996 4.250787734985352 4.266620635986328
completing 0 1451 10 15.62531566619873 3.4937963485717773 0.7569913864135742
the 0 1452 3 0.9380868673324585 4.015635967254639 0
project 0 1453 7 4.552347660064697 8.02265739440918 0
. 0 1454 1 0.5496867895126343 2.4447154998779297 5.57794189453125
<eos> 0 1455 5 0.001986750867217779 0.01525118388235569 2.429464315995574
=========================================================================================
| End of testing | test loss  3.82 | test ppl    45.46
=========================================================================================
