word sentid sentpos wlen surp entropy entred
= 0 0 1 6.762388229370117 7.472126007080078 0
<unk> 0 1 5 3.3011107444763184 1.5629937648773193 5.909132242202759
<unk> 0 2 5 1.2154688835144043 5.523879051208496 0
b 0 3 1 13.029821395874023 3.0616955757141113 2.4621834754943848
= 0 4 1 0.6601189970970154 2.1994669437408447 0.8622286319732666
<eos> 0 5 5 12.513837814331055 1.298701286315918 0.9007656574249268
= 0 6 1 10.744340896606445 1.1952747106552124 0.10342657566070557
<unk> 0 7 5 0.4344158470630646 2.397512912750244 0
<unk> 0 8 5 0.4475524425506592 3.0898563861846924 0
b 0 9 1 10.543440818786621 3.7557804584503174 0
= 0 10 1 3.2962770462036133 3.738290309906006 0.017490148544311523
<eos> 0 11 5 11.360469818115234 2.3882172107696533 1.3500730991363525
<unk> 0 12 5 0.26934143900871277 2.1266860961914062 0.26153111457824707
<unk> 0 13 5 1.2620540857315063 4.378674030303955 0
b 0 14 1 9.806438446044922 4.235042572021484 0.1436314582824707
( 0 15 1 3.3022871017456055 3.9843530654907227 0.2506895065307617
abbreviated 0 16 11 6.68955135345459 3.7655839920043945 0.21876907348632812
<unk> 0 17 5 0.6827905178070068 3.432755470275879 0.3328285217285156
<unk> 0 18 5 2.131598472595215 4.127995014190674 0
b 0 19 1 8.838017463684082 3.798002243041992 0.32999277114868164
, 0 20 1 3.499497413635254 3.5190327167510986 0.27896952629089355
<unk> 0 21 5 0.9631248712539673 4.664402008056641 0
<unk> 0 22 5 1.544954538345337 3.969743013381958 0.6946589946746826
b 0 23 1 10.075462341308594 3.3004777431488037 0.6692652702331543
) 0 24 1 1.7462842464447021 3.4220991134643555 0
, 0 25 1 4.0278215408325195 2.3231565952301025 1.098942518234253
occasionally 0 26 12 13.489255905151367 5.66420316696167 0
designated 0 27 10 8.992389678955078 4.03684139251709 1.62736177444458
<unk> 0 28 5 2.5038609504699707 3.5346643924713135 0.5021770000457764
<unk> 0 29 5 2.667285919189453 4.182169437408447 0
<unk> 0 30 5 1.849149227142334 3.8107330799102783 0.37143635749816895
( 0 31 1 3.1610684394836426 3.5925188064575195 0.2182142734527588
to 0 32 2 11.720458030700684 4.328440189361572 0
distinguish 0 33 11 5.765765190124512 6.61825704574585 0
it 0 34 2 3.3841934204101562 5.428364276885986 1.1898927688598633
from 0 35 4 0.22751517593860626 1.255438208580017 4.172926068305969
the 0 36 3 1.7299197912216187 4.441053867340088 0
red 0 37 3 10.653471946716309 5.164045333862305 0
dwarf 0 38 5 7.74641227722168 5.281543731689453 0
<unk> 0 39 5 3.251519203186035 4.968353748321533 0.3131899833679199
<unk> 0 40 5 2.375556468963623 5.380380153656006 0
<unk> 0 41 5 1.6085481643676758 4.394200801849365 0.9861793518066406
) 0 42 1 1.6871304512023926 4.488086700439453 0
, 0 43 1 1.9635272026062012 4.507980823516846 0
also 0 44 4 8.23157787322998 2.5283212661743164 1.9796595573425293
named 0 45 5 6.587213516235352 7.259911060333252 0
<unk> 0 46 5 1.292651891708374 4.383528709411621 2.876382350921631
, 0 47 1 3.1592235565185547 4.748058319091797 0
is 0 48 2 1.5135875940322876 4.578069686889648 0.16998863220214844
an 0 49 2 3.382023572921753 3.9134879112243652 0.6645817756652832
<unk> 0 50 5 1.324709415435791 5.721951484680176 0
planet 0 51 6 11.386330604553223 6.310181140899658 0
approximately 0 52 13 11.89808464050293 5.574076175689697 0.7361049652099609
<unk> 0 53 5 0.3865894377231598 2.237975835800171 3.3361003398895264
light 0 54 5 7.866466045379639 4.230181694030762 0
<unk> 0 55 5 0.7046087980270386 3.1138036251068115 1.1163780689239502
years 0 56 5 0.017831098288297653 0.1731964498758316 2.94060717523098
away 0 57 4 2.0939810276031494 3.8364298343658447 0
from 0 58 4 0.5603497624397278 1.867510199546814 1.9689196348190308
the 0 59 3 1.2615684270858765 3.0666239261627197 0
<unk> 0 60 5 1.0553736686706543 5.329233169555664 0
in 0 61 2 5.787786960601807 5.969862937927246 0
the 0 62 3 1.403555989265442 3.060319185256958 2.909543752670288
constellation 0 63 13 5.295714378356934 5.360010147094727 0
of 0 64 2 2.1749186515808105 3.189631462097168 2.1703786849975586
<unk> 0 65 5 0.22199517488479614 1.4404550790786743 1.7491763830184937
. 0 66 1 0.7128887176513672 2.6368091106414795 0
<eos> 0 67 5 0.002487646881490946 0.019210971891880035 2.6175981387495995
<unk> 0 68 5 3.8930556774139404 4.226166248321533 0
planet 0 69 6 12.323412895202637 4.979947566986084 0
orbits 0 70 6 9.17034912109375 4.4940643310546875 0.4858832359313965
the 0 71 3 1.9466097354888916 5.292147636413574 0
<unk> 0 72 5 2.112511157989502 7.033967971801758 0
twin 0 73 4 13.463199615478516 6.357536792755127 0.6764311790466309
star 0 74 4 4.44668436050415 4.411006927490234 1.9465298652648926
, 0 75 1 2.6493170261383057 5.838727951049805 0
<unk> 0 76 5 2.4506771564483643 5.509953498840332 0.32877445220947266
<unk> 0 77 5 1.2042224407196045 3.6780409812927246 1.8319125175476074
<unk> 0 78 5 1.972049355506897 3.5628862380981445 0.11515474319458008
, 0 79 1 1.7481238842010498 3.642699956893921 0
approximately 0 80 13 11.16446304321289 5.317965507507324 0
every 0 81 5 10.218932151794434 1.7409987449645996 3.5769667625427246
five 0 82 4 7.719266414642334 5.451975345611572 0
days 0 83 4 4.855828285217285 4.452343940734863 0.999631404876709
. 0 84 1 2.623979330062866 5.786169052124023 0
<eos> 0 85 5 0.0006384302978403866 0.005789171904325485 5.780379880219698
<unk> 0 86 5 3.1114730834960938 4.714868068695068 0
in 0 87 2 7.835543155670166 4.8443522453308105 0
<unk> 0 88 5 1.204877495765686 3.5271313190460205 1.31722092628479
<unk> 0 89 5 2.7171759605407715 5.324450492858887 0
by 0 90 2 10.059712409973145 5.343141555786133 0
<unk> 0 91 5 0.919760525226593 3.930293321609497 1.4128482341766357
<unk> 0 92 5 0.7341031432151794 3.6935482025146484 0.23674511909484863
and 0 93 3 4.789449691772461 3.6954596042633057 0
<unk> 0 94 5 0.538898766040802 3.145292282104492 0.5501673221588135
<unk> 0 95 5 0.22468076646327972 1.6220368146896362 1.523255467414856
<unk> 0 96 5 1.4267351627349854 3.849050998687744 0
, 0 97 1 1.610877513885498 4.079936981201172 0
it 0 98 2 3.7371623516082764 5.795703887939453 0
was 0 99 3 1.8959228992462158 3.8581883907318115 1.9375154972076416
one 0 100 3 6.098508834838867 6.875672340393066 0
of 0 101 2 0.03409653156995773 0.3347524106502533 6.540919929742813
the 0 102 3 0.47570672631263733 2.128732919692993 0
first 0 103 5 2.1801209449768066 5.469776153564453 0
hot 0 104 3 12.86440372467041 7.014642715454102 0
<unk> 0 105 5 1.1050697565078735 4.6930060386657715 2.32163667678833
to 0 106 2 3.5309841632843018 6.581302642822266 0
be 0 107 2 1.5524145364761353 5.502364635467529 1.0789380073547363
discovered 0 108 10 4.5747480392456055 7.606718063354492 0
. 0 109 1 4.688668251037598 3.7443177700042725 3.8624002933502197
<eos> 0 110 5 0.0003576795570552349 0.003483084263280034 3.7408346857409924
<unk> 0 111 5 2.791883707046509 5.138973712921143 0
is 0 112 2 3.4246397018432617 5.594168663024902 0
also 0 113 4 4.539472579956055 5.931352615356445 0
one 0 114 3 5.139369964599609 5.502459526062012 0.4288930892944336
of 0 115 2 0.010759429074823856 0.11976437270641327 5.3826951533555984
the 0 116 3 0.43599116802215576 2.01132869720459 0
first 0 117 5 4.802363872528076 5.321977138519287 0
non 0 118 3 8.57717227935791 7.068009376525879 0
<unk> 0 119 5 0.008241386152803898 0.07600917667150497 6.992000199854374
resolved 0 120 8 17.718542098999023 6.026782989501953 0
planets 0 121 7 4.5037689208984375 7.087648868560791 0
to 0 122 2 1.9504482746124268 3.854238510131836 3.233410358428955
be 0 123 2 1.2112916707992554 4.534384250640869 0
detected 0 124 8 6.967520713806152 6.978089332580566 0
directly 0 125 8 10.026013374328613 4.134209156036377 2.8438801765441895
. 0 126 1 3.446521282196045 4.683117866516113 0
<eos> 0 127 5 0.00024213125288952142 0.0024522789753973484 4.680665587540716
<unk> 0 128 5 2.782505989074707 5.0629658699035645 0
<unk> 0 129 5 2.164766311645508 5.019012928009033 0.04395294189453125
b 0 130 1 8.631513595581055 4.863670825958252 0.15534210205078125
is 0 131 2 1.5394415855407715 4.220254898071289 0.6434159278869629
the 0 132 3 1.6944446563720703 5.238296985626221 0
innermost 0 133 9 8.854758262634277 6.145283222198486 0
known 0 134 5 5.8759236335754395 6.195943355560303 0
planet 0 135 6 2.559652090072632 5.702178955078125 0.49376440048217773
in 0 136 2 2.421891212463379 4.413456439971924 1.2887225151062012
its 0 137 3 5.8269195556640625 3.391035556793213 1.022420883178711
planetary 0 138 9 7.456818103790283 7.680875778198242 0
system 0 139 6 1.4237853288650513 5.190011978149414 2.490863800048828
. 0 140 1 1.4280366897583008 2.7801930904388428 2.4098188877105713
<eos> 0 141 5 0.0009576254524290562 0.00822821818292141 2.7719648722559214
<unk> 0 142 5 3.4293010234832764 4.866983890533447 0
<unk> 0 143 5 2.05706524848938 4.5788679122924805 0.2881159782409668
<unk> 0 144 5 2.500389575958252 4.257009506225586 0.32185840606689453
the 0 145 3 8.572670936584473 3.9961984157562256 0.26081109046936035
<unk> 0 146 5 1.7698417901992798 6.657076835632324 0
<unk> 0 147 5 1.8912615776062012 6.4255290031433105 0.23154783248901367
<unk> 0 148 5 1.0862960815429688 4.898448944091797 1.5270800590515137
launched 0 149 8 14.60740852355957 5.535987377166748 0
a 0 150 1 3.565868854522705 5.268775939941406 0.2672114372253418
process 0 151 7 10.387933731079102 7.731119632720947 0
for 0 152 3 4.3381123542785645 5.2682414054870605 2.4628782272338867
giving 0 153 6 11.532064437866211 5.72653865814209 0
proper 0 154 6 11.338199615478516 5.59426212310791 0.1322765350341797
names 0 155 5 6.051375865936279 9.033540725708008 0
to 0 156 2 2.4883577823638916 4.500643253326416 4.532897472381592
certain 0 157 7 10.339021682739258 5.304072856903076 0
<unk> 0 158 5 3.2427549362182617 7.355300426483154 0
and 0 159 3 4.226133823394775 6.449082374572754 0.9062180519104004
their 0 160 5 9.323933601379395 4.711363315582275 1.7377190589904785
host 0 161 4 6.103460311889648 8.300948143005371 0
stars 0 162 5 1.699672818183899 5.250671863555908 3.050276279449463
. 0 163 1 1.1987135410308838 3.3962013721466064 1.8544704914093018
<eos> 0 164 5 0.0006439312710426748 0.005719110835343599 3.390482261311263
<unk> 0 165 5 2.862039089202881 5.3932695388793945 0
process 0 166 7 17.16414451599121 5.601287364959717 0
involved 0 167 8 13.060721397399902 5.659758567810059 0
public 0 168 6 12.951520919799805 6.9074859619140625 0
nomination 0 169 10 15.488861083984375 8.897418975830078 0
and 0 170 3 3.2483561038970947 4.804385662078857 4.093033313751221
voting 0 171 6 13.352945327758789 8.696131706237793 0
for 0 172 3 2.626549243927002 6.635646343231201 2.060485363006592
the 0 173 3 0.9217994213104248 4.318037033081055 2.3176093101501465
new 0 174 3 6.40642786026001 6.881265163421631 0
names 0 175 5 10.958856582641602 6.685599327087402 0.19566583633422852
. 0 176 1 3.3144798278808594 4.848479270935059 1.8371200561523438
<eos> 0 177 5 0.006755630951374769 0.04382514953613281 4.804654121398926
<unk> 0 178 5 3.0575873851776123 5.39443302154541 0
<unk> 0 179 5 1.840263843536377 6.107083320617676 0
<unk> 0 180 5 2.0873465538024902 5.53732967376709 0.5697536468505859
, 0 181 1 3.0602786540985107 5.766857624053955 0
the 0 182 3 2.896127223968506 5.475379467010498 0.29147815704345703
<unk> 0 183 5 1.9027471542358398 6.880969524383545 0
announced 0 184 9 9.517252922058105 6.699173450469971 0.18179607391357422
the 0 185 3 2.6964361667633057 4.878078460693359 1.8210949897766113
winning 0 186 7 10.727179527282715 8.141494750976562 0
name 0 187 4 4.631785869598389 8.12781047821045 0.013684272766113281
was 0 188 3 7.125835418701172 4.557704925537109 3.57010555267334
<unk> 0 189 5 3.7527782917022705 7.436336994171143 0
for 0 190 3 6.415589809417725 4.206903457641602 3.229433536529541
this 0 191 4 7.285737991333008 5.157094955444336 0
planet 0 192 6 5.280758857727051 8.04826831817627 0
. 0 193 1 1.4527318477630615 3.9706900119781494 4.07757830619812
<eos> 0 194 5 0.002022645203396678 0.01578628271818161 3.954903729259968
<unk> 0 195 5 2.6392855644226074 5.20798397064209 0
winning 0 196 7 15.83723258972168 5.6498494148254395 0
name 0 197 4 10.05527400970459 5.547746181488037 0.10210323333740234
was 0 198 3 3.345618486404419 5.6330461502075195 0
submitted 0 199 9 8.94089126586914 7.527984619140625 0
by 0 200 2 2.6294302940368652 3.074369430541992 4.453615188598633
the 0 201 3 1.1167465448379517 3.139425754547119 0
<unk> 0 202 5 0.6161739230155945 3.8146557807922363 0
<unk> 0 203 5 1.7461234331130981 6.371547222137451 0
<unk> 0 204 5 1.4946503639221191 5.365684986114502 1.0058622360229492
of 0 205 2 5.339548110961914 5.22356653213501 0.1421184539794922
<unk> 0 206 5 1.10316002368927 2.3800907135009766 2.843475818634033
and 0 207 3 4.234043598175049 4.615326881408691 0
honours 0 208 7 17.488868713378906 6.298079490661621 0
the 0 209 3 7.2266764640808105 4.981048107147217 1.3170313835144043
11th 0 210 4 14.678837776184082 3.29715895652771 1.6838891506195068
<unk> 0 211 5 2.607741355895996 6.0585198402404785 0
astronomer 0 212 10 12.841460227966309 6.077246189117432 0
<unk> 0 213 5 3.7092199325561523 4.307492733001709 1.7697534561157227
al 0 214 2 10.796603202819824 4.134657859802246 0.1728348731994629
<unk> 0 215 5 0.0860326960682869 0.7830352783203125 3.3516225814819336
<unk> 0 216 5 0.7139700651168823 3.0746521949768066 0
of 0 217 2 4.839451313018799 4.567024230957031 0
<unk> 0 218 5 1.2041041851043701 2.2059998512268066 2.3610243797302246
<unk> 0 219 5 2.71506667137146 4.131516456604004 0
. 0 220 1 2.625305414199829 4.057866096496582 0.07365036010742188
<eos> 0 221 5 0.008189229294657707 0.052437372505664825 4.005428723990917
= 0 222 1 2.7113423347473145 4.940374374389648 0
= 0 223 1 0.3148823380470276 1.366401195526123 3.5739731788635254
<unk> 0 224 5 4.425743579864502 5.604751110076904 0
= 0 225 1 1.2849360704421997 5.458510398864746 0.1462407112121582
= 0 226 1 0.0014198777498677373 0.017281463369727135 5.441228935495019
<eos> 0 227 5 18.00531005859375 4.174656391143799 0
<unk> 0 228 5 1.0967003107070923 4.792985916137695 0
the 0 229 3 8.906850814819336 5.142425060272217 0
majority 0 230 8 13.63585376739502 5.985450744628906 0
of 0 231 2 0.2659622132778168 1.9640543460845947 4.0213963985443115
known 0 232 5 12.592751502990723 4.118752479553223 0
<unk> 0 233 5 1.801270604133606 6.9552321434021 0
planets 0 234 7 5.182474136352539 7.1866984367370605 0
, 0 235 1 2.8595073223114014 5.345251083374023 1.841447353363037
<unk> 0 236 5 2.3969318866729736 6.074555397033691 0
<unk> 0 237 5 1.8834837675094604 4.217409610748291 1.8571457862854004
b 0 238 1 10.389945030212402 3.5233418941497803 0.6940677165985107
was 0 239 3 9.522107124328613 3.346691370010376 0.1766505241394043
detected 0 240 8 9.318408012390137 6.805027484893799 0
by 0 241 2 1.7088444232940674 3.9437949657440186 2.8612325191497803
the 0 242 3 1.5959081649780273 3.1918435096740723 0.7519514560699463
variations 0 243 10 17.154457092285156 3.944974184036255 0
in 0 244 2 1.782086968421936 3.627103328704834 0.3178708553314209
its 0 245 3 6.771036624908447 6.2053327560424805 0
star 0 246 4 5.9841718673706055 8.893819808959961 0
's 0 247 2 3.9103598594665527 6.098536491394043 2.795283317565918
radial 0 248 6 7.440358638763428 8.517374038696289 0
velocity 0 249 8 0.2196149230003357 1.7752994298934937 6.742074608802795
caused 0 250 6 12.61382007598877 4.936927318572998 0
by 0 251 2 0.28591492772102356 1.860331416130066 3.076595902442932
the 0 252 3 1.3304191827774048 5.187468528747559 0
planet 0 253 6 6.474735260009766 8.669841766357422 0
's 0 254 2 1.2295563220977783 4.032712936401367 4.637128829956055
gravity 0 255 7 5.221269607543945 9.072563171386719 0
. 0 256 1 1.5136070251464844 4.883789539337158 4.1887736320495605
<eos> 0 257 5 0.001342903240583837 0.01093729306012392 4.872852246277034
<unk> 0 258 5 3.2569730281829834 5.618045330047607 0
variations 0 259 10 14.211193084716797 6.054225921630859 0
were 0 260 4 3.2336206436157227 5.522049427032471 0.5321764945983887
detected 0 261 8 5.974252223968506 7.567517280578613 0
by 0 262 2 2.13740873336792 4.101223945617676 3.4662933349609375
making 0 263 6 13.957422256469727 4.359100341796875 0
sensitive 0 264 9 14.544172286987305 6.738589763641357 0
measurements 0 265 12 2.135523796081543 6.086650371551514 0.6519393920898438
of 0 266 2 1.5446738004684448 4.863914489746094 1.22273588180542
the 0 267 3 1.5041038990020752 6.018624305725098 0
<unk> 0 268 5 2.8464338779449463 8.843002319335938 0
shift 0 269 5 12.8788423538208 7.820246696472168 1.0227556228637695
of 0 270 2 2.47704815864563 5.316385746002197 2.5038609504699707
<unk> 0 271 5 2.8331611156463623 5.597918510437012 0
<unk> 0 272 5 2.019948720932007 5.649365425109863 0
's 0 273 2 4.389231204986572 4.428927421569824 1.220438003540039
spectrum 0 274 8 7.089366912841797 8.98849105834961 0
. 0 275 1 1.8409476280212402 4.709097385406494 4.279393672943115
<eos> 0 276 5 0.0006274282350204885 0.005593198351562023 4.703504187054932
<unk> 0 277 5 3.264343500137329 5.701804161071777 0
planet 0 278 6 12.807673454284668 6.49166202545166 0
's 0 279 2 3.9598400592803955 6.291480541229248 0.2001814842224121
existence 0 280 9 8.071983337402344 8.713251113891602 0
was 0 281 3 1.922653317451477 5.543221473693848 3.170029640197754
announced 0 282 9 6.502405166625977 8.577497482299805 0
in 0 283 2 1.6505132913589478 3.5751147270202637 5.002382755279541
<unk> 0 284 5 0.26240700483322144 1.3630009889602661 2.2121137380599976
<unk> 0 285 5 1.437684178352356 3.439737558364868 0
, 0 286 1 1.7093892097473145 3.374217987060547 0.06551957130432129
together 0 287 8 12.972484588623047 4.964078903198242 0
with 0 288 4 0.0315677784383297 0.28795185685157776 4.676127046346664
<unk> 0 289 5 2.128330707550049 3.9165921211242676 0
<unk> 0 290 5 1.099069595336914 4.179092884063721 0
b 0 291 1 9.674808502197266 4.0928449630737305 0.08624792098999023
and 0 292 3 2.7058746814727783 4.1483941078186035 0
the 0 293 3 3.970153570175171 3.935950517654419 0.21244359016418457
planet 0 294 6 7.22608757019043 5.9803009033203125 0
orbiting 0 295 8 10.841379165649414 4.577262878417969 1.4030380249023438
<unk> 0 296 5 1.8914568424224854 4.034353733062744 0.5429091453552246
<unk> 0 297 5 2.224060297012329 4.692440509796143 0
. 0 298 1 1.9802783727645874 4.291138172149658 0.4013023376464844
<eos> 0 299 5 0.0017280782340094447 0.013926961459219456 4.277211210690439
<unk> 0 300 5 2.969985008239746 5.20953369140625 0
<unk> 0 301 5 1.863763689994812 5.937770366668701 0
<unk> 0 302 5 2.0329768657684326 5.724782466888428 0.21298789978027344
b 0 303 1 9.541525840759277 5.927482604980469 0
, 0 304 1 4.272263526916504 5.348991394042969 0.5784912109375
the 0 305 3 3.4779953956604004 5.747829914093018 0
first 0 306 5 3.1826958656311035 7.034884452819824 0
<unk> 0 307 5 2.5278244018554688 7.495628356933594 0
planet 0 308 6 4.4703049659729 7.200315952301025 0.29531240463256836
discovered 0 309 10 6.385994911193848 5.257266044616699 1.9430499076843262
around 0 310 6 8.888016700744629 3.642921209335327 1.614344835281372
a 0 311 1 4.9338274002075195 2.757913589477539 0.8850076198577881
normal 0 312 6 11.863574981689453 7.626589775085449 0
star 0 313 4 4.081737518310547 7.379986763000488 0.24660301208496094
, 0 314 1 1.2606245279312134 4.466298580169678 2.9136881828308105
<unk> 0 315 5 4.8195109367370605 5.204874515533447 0
<unk> 0 316 5 1.8412654399871826 5.865020275115967 0
b 0 317 1 8.73984146118164 5.498071193695068 0.36694908142089844
orbits 0 318 6 9.732747077941895 4.956004619598389 0.5420665740966797
very 0 319 4 11.07950496673584 5.582995414733887 0
close 0 320 5 2.22464919090271 6.091414928436279 0
to 0 321 2 0.19321221113204956 1.1239691972732544 4.967445731163025
its 0 322 3 3.644749879837036 3.9413933753967285 0
star 0 323 4 3.7144055366516113 7.429802417755127 0
, 0 324 1 2.3035051822662354 4.831669330596924 2.598133087158203
closer 0 325 6 12.585291862487793 6.251028060913086 0
than 0 326 4 3.8151118755340576 1.7968882322311401 4.454139828681946
<unk> 0 327 5 2.43562650680542 4.629553318023682 0
does 0 328 4 13.051040649414062 5.100550651550293 0
to 0 329 2 7.804938793182373 3.470034599304199 1.6305160522460938
our 0 330 3 11.1071195602417 6.438987731933594 0
<unk> 0 331 5 4.1217732429504395 7.824218273162842 0
. 0 332 1 2.7875897884368896 6.817117214202881 1.007101058959961
<eos> 0 333 5 0.0029415141325443983 0.021679801866412163 6.795437412336469
<unk> 0 334 5 2.7290427684783936 5.52736759185791 0
planet 0 335 6 11.214973449707031 5.342126369476318 0.1852412223815918
takes 0 336 5 9.164998054504395 5.918355941772461 0
<unk> 0 337 5 3.0396268367767334 5.335183143615723 0.5831727981567383
<unk> 0 338 5 2.130692958831787 5.662497520446777 0
<eos> 0 339 5 2.7019107341766357 2.6387546062469482 3.023742914199829
@ 0 340 1 2.751696047198493e-05 0.00044571017497219145 2.638308896071976
<unk> 0 341 5 0.004066983237862587 0.04876556247472763 0
days 0 342 4 4.066042900085449 4.866304874420166 0
to 0 343 2 1.8368682861328125 4.236546039581299 0.6297588348388672
complete 0 344 8 3.0344948768615723 6.074035167694092 0
an 0 345 2 7.0768961906433105 5.160218715667725 0.9138164520263672
orbit 0 346 5 1.2706573009490967 5.029991149902344 0.13022756576538086
, 0 347 1 2.8064844608306885 5.443742752075195 0
with 0 348 4 4.074819564819336 6.014925479888916 0
a 0 349 1 2.5566885471343994 5.419127941131592 0.5957975387573242
<unk> 0 350 5 3.2353169918060303 7.651182174682617 0
axis 0 351 4 10.410335540771484 5.949679851531982 1.7015023231506348
of 0 352 2 1.5961447954177856 6.139344692230225 0
<unk> 0 353 5 1.3673254251480103 3.410902500152588 2.7284421920776367
<unk> 0 354 5 0.7053544521331787 3.5638651847839355 0
<eos> 0 355 5 0.8955948948860168 2.386173963546753 1.1776912212371826
@ 0 356 1 1.3758546629105695e-05 0.0002319859340786934 2.3859419776126742
<unk> 0 357 5 0.0018271899316459894 0.023578738793730736 0
<unk> 0 358 5 1.6306707859039307 4.728984355926514 0
. 0 359 1 2.5601091384887695 4.107674598693848 0.621309757232666
<eos> 0 360 5 0.000517403008416295 0.004877257626503706 4.102797341067344
<unk> 0 361 5 3.0431861877441406 5.552995204925537 0
limitation 0 362 10 22.540828704833984 5.32949686050415 0.22349834442138672
of 0 363 2 3.8578596115112305 6.322567939758301 0
the 0 364 3 0.9594182968139648 4.104887962341309 2.217679977416992
radial 0 365 6 5.928567886352539 7.632831573486328 0
velocity 0 366 8 0.12961994111537933 1.127545714378357 6.505285859107971
method 0 367 6 7.43936824798584 6.46232795715332 0
used 0 368 4 7.809360504150391 5.799891471862793 0.6624364852905273
to 0 369 2 2.200410842895508 4.503665924072266 1.2962255477905273
detect 0 370 6 5.7959885597229 7.5413079261779785 0
<unk> 0 371 5 3.202316999435425 5.639601707458496 1.9017062187194824
<unk> 0 372 5 2.7443931102752686 7.158779144287109 0
b 0 373 1 7.4851484298706055 6.555098056793213 0.6036810874938965
is 0 374 2 2.467653751373291 5.694652557373047 0.860445499420166
that 0 375 4 6.783132076263428 7.403140544891357 0
only 0 376 4 7.820535659790039 5.461738109588623 1.9414024353027344
a 0 377 1 2.7858328819274902 5.097491264343262 0.36424684524536133
lower 0 378 5 9.06367301940918 6.863158702850342 0
limit 0 379 5 4.3285956382751465 7.818770885467529 0
on 0 380 2 7.349916458129883 5.274244785308838 2.5445261001586914
the 0 381 3 0.8781901597976685 4.014394760131836 1.259850025177002
mass 0 382 4 5.936202526092529 8.217923164367676 0
can 0 383 3 6.156742095947266 5.852561950683594 2.365361213684082
be 0 384 2 0.6992539763450623 4.07327127456665 1.7792906761169434
found 0 385 5 4.663869380950928 7.509120464324951 0
. 0 386 1 3.0278468132019043 4.955907821655273 2.5532126426696777
<eos> 0 387 5 0.00039069168269634247 0.003743329318240285 4.952164492337033
<unk> 0 388 5 3.561053514480591 5.785788059234619 0
the 0 389 3 8.328417778015137 6.152512073516846 0
case 0 390 4 12.69825267791748 8.873424530029297 0
of 0 391 2 2.731367826461792 6.214423656463623 2.659000873565674
<unk> 0 392 5 2.1482558250427246 5.7215256690979 0.49289798736572266
<unk> 0 393 5 1.774950385093689 6.121797561645508 0
b 0 394 1 7.079301357269287 5.748917579650879 0.3728799819946289
, 0 395 1 3.579604148864746 5.349245071411133 0.3996725082397461
this 0 396 4 7.94774055480957 6.368290424346924 0
lower 0 397 5 13.053997993469238 8.009058952331543 0
limit 0 398 5 3.4985122680664062 7.537973403930664 0.4710855484008789
is 0 399 2 1.8492014408111572 5.501648902893066 2.0363245010375977
<unk> 0 400 5 3.370375633239746 7.449792861938477 0
<unk> 0 401 5 1.0242117643356323 4.442515850067139 3.007277011871338
<eos> 0 402 5 0.8875432014465332 2.356999397277832 2.0855164527893066
@ 0 403 1 5.503434294951148e-06 9.252369636669755e-05 2.3569068735814653
<unk> 0 404 5 0.0018933179089799523 0.024816714227199554 0
% 0 405 1 5.725650310516357 4.746835708618164 0
of 0 406 2 2.6623644828796387 4.801050662994385 0
the 0 407 3 0.8172188997268677 3.6416332721710205 1.1594173908233643
mass 0 408 4 3.6028494834899902 7.163703441619873 0
of 0 409 2 2.3538084030151367 6.214681625366211 0.9490218162536621
<unk> 0 410 5 2.787877321243286 4.330749988555908 1.8839316368103027
, 0 411 1 3.065284013748169 4.937387466430664 0
though 0 412 6 7.400722980499268 5.969451904296875 0
depending 0 413 9 13.741884231567383 5.5054612159729 0.4639906883239746
on 0 414 2 0.05492984130978584 0.38370323181152344 5.121757984161377
the 0 415 3 0.6420855522155762 3.495393991470337 0
inclination 0 416 11 8.151470184326172 8.838875770568848 0
of 0 417 2 0.735554575920105 3.0035500526428223 5.835325717926025
the 0 418 3 0.7791075706481934 3.927211046218872 0
orbit 0 419 5 5.499952793121338 7.855186462402344 0
, 0 420 1 2.090738296508789 4.79504919052124 3.0601372718811035
the 0 421 3 1.6602586507797241 5.299238681793213 0
true 0 422 4 11.412459373474121 8.55172061920166 0
mass 0 423 4 4.65613317489624 8.541431427001953 0.010289192199707031
may 0 424 3 7.533192157745361 5.67841911315918 2.8630123138427734
be 0 425 2 0.8963956236839294 4.0023603439331055 1.6760587692260742
much 0 426 4 7.347225189208984 8.322362899780273 0
greater 0 427 7 4.333343505859375 4.481653690338135 3.8407092094421387
. 0 428 1 3.9677045345306396 1.6995766162872314 2.7820770740509033
<eos> 0 429 5 0.0017802973743528128 0.014187033288180828 1.6853895829990506
<unk> 0 430 5 3.180277109146118 5.697969913482666 0
, 0 431 1 4.55717134475708 5.858395099639893 0
astronomers 0 432 11 12.47790813446045 6.329345226287842 0
found 0 433 5 8.129876136779785 5.1224236488342285 1.2069215774536133
recently 0 434 8 15.629524230957031 5.317044258117676 0
that 0 435 4 5.121677875518799 7.487085819244385 0
inclination 0 436 11 13.129586219787598 6.169951915740967 1.317133903503418
of 0 437 2 3.710437536239624 6.234956741333008 0
the 0 438 3 1.4143468141555786 5.559229373931885 0.675727367401123
orbital 0 439 7 7.243155479431152 7.447024822235107 0
plane 0 440 5 3.008268356323242 6.3594441413879395 1.087580680847168
is 0 441 2 3.3390679359436035 6.432934284210205 0
around 0 442 6 8.009255409240723 7.825512409210205 0
<unk> 0 443 5 0.6989622116088867 2.9980669021606445 4.8274455070495605
<unk> 0 444 5 1.163177728652954 4.0428080558776855 0
and 0 445 3 7.487608432769775 2.2646753787994385 1.778132677078247
the 0 446 3 3.7942895889282227 6.433152198791504 0
true 0 447 4 10.292946815490723 8.476237297058105 0
mass 0 448 4 5.077298164367676 8.529230117797852 0
may 0 449 3 9.351824760437012 5.045328617095947 3.4839015007019043
be 0 450 2 1.1265937089920044 3.9189882278442383 1.126340389251709
about 0 451 5 6.385586738586426 7.614507675170898 0
<unk> 0 452 5 0.2934134006500244 1.8136993646621704 5.800808310508728
<unk> 0 453 5 1.3915460109710693 3.968888282775879 0
<eos> 0 454 5 0.573348879814148 1.6661195755004883 2.3027687072753906
@ 0 455 1 0.0 2.270153163408395e-05 1.6660968739688542
<unk> 0 456 5 0.00170883908867836 0.02296815626323223 0
<unk> 0 457 5 1.8694212436676025 4.715821743011475 0
. 0 458 1 2.0200257301330566 4.150805473327637 0.5650162696838379
<eos> 0 459 5 0.0008008728618733585 0.007201483938843012 4.143603989388794
<unk> 0 460 5 3.1382827758789062 5.707634925842285 0
is 0 461 2 3.1092331409454346 5.958063125610352 0
not 0 462 3 5.022650241851807 6.734875679016113 0
to 0 463 2 8.273882865905762 7.694441795349121 0
be 0 464 2 1.2385557889938354 5.42978048324585 2.2646613121032715
assumed 0 465 7 9.838080406188965 7.952007293701172 0
; 0 466 1 7.171215534210205 3.882596731185913 4.069410562515259
the 0 467 3 2.740499496459961 5.55623197555542 0
mutual 0 468 6 14.144511222839355 8.696077346801758 0
inclination 0 469 11 6.863216876983643 8.9871187210083 0
between 0 470 7 7.025400638580322 4.487743377685547 4.499375343322754
c 0 471 1 10.967436790466309 4.735817909240723 0
and 0 472 3 0.8486696481704712 2.7691798210144043 1.9666380882263184
d 0 473 1 3.831495523452759 4.430459976196289 0
is 0 474 2 2.1951093673706055 5.578872203826904 0
<unk> 0 475 5 4.476352214813232 7.8779072761535645 0
degrees 0 476 7 8.096512794494629 4.522701263427734 3.35520601272583
. 0 477 1 1.3243627548217773 3.637186050415039 0.8855152130126953
<eos> 0 478 5 0.001018121954984963 0.008886094205081463 3.6282999562099576
= 0 479 1 2.885472536087036 5.73056697845459 0
= 0 480 1 0.11526134610176086 0.6786578297615051 5.051909148693085
<unk> 0 481 5 4.858180999755859 4.43724250793457 0
characteristics 0 482 15 9.432717323303223 5.310064315795898 0
= 0 483 1 0.10735294222831726 0.550417423248291 4.759646892547607
= 0 484 1 4.6778521209489554e-05 0.0007303973543457687 0.5496870258939452
<eos> 0 485 5 18.192522048950195 4.69736385345459 0
<unk> 0 486 5 1.311589241027832 5.040762424468994 0
the 0 487 3 8.510625839233398 5.377729415893555 0
planet 0 488 6 5.308457851409912 7.6432013511657715 0
's 0 489 2 3.237459182739258 4.349277019500732 3.293924331665039
high 0 490 4 9.377079963684082 7.49584436416626 0
mass 0 491 4 4.139705181121826 6.286076068878174 1.209768295288086
, 0 492 1 3.1287841796875 5.818946838378906 0.4671292304992676
it 0 493 2 5.750362396240234 6.758823871612549 0
is 0 494 2 0.677064061164856 3.0633461475372314 3.6954777240753174
likely 0 495 6 7.94326639175415 7.266680717468262 0
that 0 496 4 1.772290825843811 4.253144264221191 3.0135364532470703
<unk> 0 497 5 2.566645622253418 4.588759422302246 0
<unk> 0 498 5 1.8073561191558838 5.290374755859375 0
b 0 499 1 6.687524795532227 5.080907344818115 0.20946741104125977
is 0 500 2 1.6788424253463745 4.605312824249268 0.47559452056884766
a 0 501 1 2.675975799560547 6.6598219871521 0
gas 0 502 3 9.177753448486328 7.537693977355957 0
giant 0 503 5 2.9429919719696045 4.93194055557251 2.6057534217834473
with 0 504 4 3.961008071899414 5.175755977630615 0
no 0 505 2 5.867112636566162 5.197747230529785 0
solid 0 506 5 8.247197151184082 8.24511432647705 0
surface 0 507 7 7.206125259399414 8.205497741699219 0.03961658477783203
. 0 508 1 2.7594079971313477 6.738643646240234 1.4668540954589844
<eos> 0 509 5 0.0005339073250070214 0.004923706874251366 6.733719939365983
<unk> 0 510 5 3.170870304107666 5.537577152252197 0
<unk> 0 511 5 1.7977595329284668 5.183317184448242 0.3542599678039551
<unk> 0 512 5 2.7483832836151123 5.092540740966797 0.09077644348144531
<unk> 0 513 5 2.6084513664245605 5.095853328704834 0
measured 0 514 8 10.972113609313965 4.875290393829346 0.22056293487548828
the 0 515 3 3.0092315673828125 4.038825511932373 0.8364648818969727
planet 0 516 6 5.8405280113220215 7.425253391265869 0
temperature 0 517 11 10.049406051635742 4.517000198364258 2.9082531929016113
, 0 518 1 4.194169998168945 5.092899322509766 0
and 0 519 3 2.7187252044677734 6.298867225646973 0
found 0 520 5 8.42553997039795 6.626347064971924 0
that 0 521 4 2.198000192642212 4.480594158172607 2.1457529067993164
the 0 522 3 1.728406310081482 5.039882183074951 0
difference 0 523 10 10.173043251037598 6.757044792175293 0
between 0 524 7 0.8112077713012695 2.9928650856018066 3.7641797065734863
the 0 525 3 0.9672496318817139 4.212625503540039 0
two 0 526 3 4.32573127746582 6.6233062744140625 0
sides 0 527 5 8.580329895019531 5.468812942504883 1.1544933319091797
of 0 528 2 2.4765377044677734 5.623156547546387 0
<unk> 0 529 5 4.187887668609619 2.362609386444092 3.260547161102295
<unk> 0 530 5 2.938443183898926 5.515407085418701 0
b 0 531 1 7.034219741821289 5.496634483337402 0.018772602081298828
of 0 532 2 8.388094902038574 4.791013240814209 0.7056212425231934
about 0 533 5 8.956279754638672 3.695671558380127 1.095341682434082
<unk> 0 534 5 0.16109126806259155 1.0577623844146729 2.637909173965454
<unk> 0 535 5 0.8534824848175049 3.54559063911438 0
<unk> 0 536 5 0.9947531819343567 2.270901679992676 1.274688959121704
degrees 0 537 7 10.14448356628418 5.546982765197754 0
<unk> 0 538 5 5.766369342803955 5.554528713226318 0
, 0 539 1 4.736459732055664 5.124390602111816 0.43013811111450195
ranging 0 540 7 11.205379486083984 6.81210470199585 0
from 0 541 4 0.09958217293024063 0.7048825025558472 6.107222199440002
minus 0 542 5 16.519102096557617 2.8177475929260254 0
<unk> 0 543 5 1.2603439092636108 4.14264440536499 0
to 0 544 2 3.0444231033325195 2.2657856941223145 1.8768587112426758
<unk> 0 545 5 0.07391125708818436 0.5850248336791992 1.6807608604431152
degrees 0 546 7 5.23121976852417 3.9854605197906494 0
to 0 547 2 4.95395040512085 2.806126832962036 1.1793336868286133
about 0 548 5 5.304396152496338 4.528796672821045 0
<unk> 0 549 5 0.09486006200313568 0.6961883902549744 3.8326082825660706
<unk> 0 550 5 0.7792850136756897 3.232222080230713 0
<unk> 0 551 5 2.0436105728149414 1.7359061241149902 1.4963159561157227
to 0 552 2 6.864694595336914 4.913515567779541 0
<unk> 0 553 5 0.574851393699646 3.1112418174743652 1.8022737503051758
<unk> 0 554 5 0.15441562235355377 1.0386059284210205 2.0726358890533447
<unk> 0 555 5 0.42839646339416504 1.5907851457595825 0
degrees 0 556 7 7.154877185821533 4.854947090148926 0
<unk> 0 557 5 7.786690711975098 2.674222469329834 2.180724620819092
. 0 558 1 3.459421396255493 4.5235371589660645 0
<eos> 0 559 5 0.0016758571146056056 0.013661903329193592 4.509875255636871
<unk> 0 560 5 2.6549758911132812 5.524231433868408 0
temperature 0 561 11 14.676815032958984 5.579168796539307 0
difference 0 562 10 8.352739334106445 6.191601276397705 0
has 0 563 3 4.618889808654785 4.895411968231201 1.296189308166504
led 0 564 3 6.835275650024414 5.843104839324951 0
to 0 565 2 0.33621084690093994 1.9430325031280518 3.9000723361968994
speculation 0 566 11 8.391007423400879 5.053206443786621 0
that 0 567 4 1.0960962772369385 3.3342936038970947 1.7189128398895264
<unk> 0 568 5 2.612093210220337 4.8843512535095215 0
<unk> 0 569 5 2.1110072135925293 6.3150248527526855 0
b 0 570 1 7.425671577453613 5.8256707191467285 0.48935413360595703
is 0 571 2 2.257551670074463 5.277132511138916 0.5485382080078125
tidal 0 572 5 11.063464164733887 6.946695804595947 0
locked 0 573 6 13.459524154663086 5.447994709014893 1.4987010955810547
with 0 574 4 5.430405616760254 4.660356521606445 0.7876381874084473
the 0 575 3 2.2518954277038574 6.095573902130127 0
same 0 576 4 5.6001996994018555 8.429603576660156 0
side 0 577 4 11.145903587341309 8.691076278686523 0
always 0 578 6 17.16708755493164 5.078348159790039 3.6127281188964844
facing 0 579 6 10.856315612792969 7.04452657699585 0
<unk> 0 580 5 4.119920253753662 5.209414482116699 1.8351120948791504
<unk> 0 581 5 2.5261995792388916 5.529860973358154 0
<unk> 0 582 5 1.9299067258834839 5.122339725494385 0.40752124786376953
<eos> 0 583 5 4.064376354217529 5.97089147567749 0
<unk> 0 584 5 9.653268814086914 0.04418614134192467 5.926705334335566
had 0 585 3 13.0226469039917 5.4050774574279785 0
, 0 586 1 7.536721229553223 6.751285076141357 0
on 0 587 2 7.5599141120910645 6.858073711395264 0
the 0 588 3 2.0230112075805664 4.221742153167725 2.636331558227539
assumption 0 589 10 10.721189498901367 5.068785667419434 0
that 0 590 4 0.26077800989151 0.8742615580558777 4.194524109363556
the 0 591 3 1.7748692035675049 4.4834136962890625 0
planet 0 592 6 3.8920443058013916 7.846534252166748 0
is 0 593 2 2.7896506786346436 5.495723247528076 2.350811004638672
similar 0 594 7 8.236251831054688 7.791684150695801 0
to 0 595 2 0.3325345814228058 1.6524027585983276 6.139281392097473
<unk> 0 596 5 2.927081346511841 4.523929119110107 0
in 0 597 2 5.571251392364502 4.387191295623779 0.13673782348632812
composition 0 598 11 10.033771514892578 4.525245189666748 0
and 0 599 3 3.549265146255493 3.8496346473693848 0.6756105422973633
that 0 600 4 5.126802921295166 8.648521423339844 0
its 0 601 3 4.917157173156738 5.239785671234131 3.408735752105713
environment 0 602 11 13.813055038452148 7.879251480102539 0
is 0 603 2 1.289893388748169 4.938870429992676 2.9403810501098633
close 0 604 5 8.005498886108398 8.030656814575195 0
to 0 605 2 0.2606925964355469 1.2038947343826294 6.826762080192566
chemical 0 606 8 15.292864799499512 4.252597332000732 0
equilibrium 0 607 11 7.1629767417907715 7.8708367347717285 0
, 0 608 1 2.699692964553833 2.738673686981201 5.132163047790527
predicted 0 609 9 13.307990074157715 6.935853958129883 0
<unk> 0 610 5 5.526613235473633 4.455710411071777 2.4801435470581055
<unk> 0 611 5 2.4293181896209717 6.459456443786621 0
b 0 612 1 8.264586448669434 5.043517112731934 1.4159393310546875
to 0 613 2 5.246439456939697 5.496701717376709 0
have 0 614 4 4.520412921905518 5.429936408996582 0.06676530838012695
reflective 0 615 10 16.15531349182129 5.426637649536133 0.0032987594604492188
clouds 0 616 6 10.370648384094238 8.623848915100098 0
of 0 617 2 3.374990224838257 4.661031723022461 3.9628171920776367
silicates 0 618 9 11.64204216003418 6.841928005218506 0
and 0 619 3 3.3051035404205322 3.767197370529175 3.074730634689331
iron 0 620 4 7.160130023956299 8.052862167358398 0
in 0 621 2 4.902721881866455 4.044527530670166 4.008334636688232
its 0 622 3 5.110917091369629 5.259308815002441 0
upper 0 623 5 8.030532836914062 7.652657508850098 0
atmosphere 0 624 10 0.7510716319084167 3.5185327529907227 4.134124755859375
. 0 625 1 0.4288780689239502 2.002454996109009 1.5160777568817139
<eos> 0 626 5 0.0005008985172025859 0.004504924174398184 1.9979500719346106
<unk> 0 627 5 3.054957866668701 5.486307621002197 0
cloud 0 628 5 11.917516708374023 5.889578342437744 0
deck 0 629 4 21.438819885253906 6.250640869140625 0
instead 0 630 7 11.4580717086792 6.817171573638916 0
absorbs 0 631 7 11.738374710083008 6.318140506744385 0.49903106689453125
the 0 632 3 2.2217020988464355 6.273286819458008 0.04485368728637695
sun 0 633 3 3.737053632736206 8.569572448730469 0
's 0 634 2 2.1533849239349365 4.905886173248291 3.6636862754821777
radiation 0 635 9 9.294134140014648 8.370269775390625 0
; 0 636 1 5.5084309577941895 5.129638671875 3.240631103515625
between 0 637 7 11.674388885498047 5.840785503387451 0
that 0 638 4 6.989339351654053 3.5652618408203125 2.2755236625671387
and 0 639 3 7.5599541664123535 5.241691589355469 0
the 0 640 3 2.2717695236206055 6.889662265777588 0
hot 0 641 3 11.463793754577637 7.96457576751709 0
, 0 642 1 5.335318565368652 6.498513221740723 1.4660625457763672
high 0 643 4 7.5019354820251465 8.194177627563477 0
pressure 0 644 8 5.552473545074463 5.996719837188721 2.197457790374756
gas 0 645 3 5.730665683746338 8.006773948669434 0
surrounding 0 646 11 12.859150886535645 7.090746879577637 0.9160270690917969
the 0 647 3 0.5911306142807007 2.829834222793579 4.260912656784058
mantle 0 648 6 7.501259803771973 7.259273529052734 0
, 0 649 1 3.533107042312622 6.32164192199707 0.9376316070556641
exists 0 650 6 15.411733627319336 6.440003871917725 0
a 0 651 1 6.736264705657959 6.574413776397705 0
stratosphere 0 652 12 14.262185096740723 9.082459449768066 0
of 0 653 2 4.29958963394165 6.470050811767578 2.6124086380004883
cooler 0 654 6 9.495960235595703 7.629701614379883 0
gas 0 655 3 6.878130912780762 5.338247299194336 2.291454315185547
. 0 656 1 2.0548322200775146 4.461095333099365 0.8771519660949707
<eos> 0 657 5 0.0006054238765500486 0.005367556121200323 4.455727776978165
<unk> 0 658 5 3.6651856899261475 5.948044776916504 0
outer 0 659 5 13.951292991638184 6.435295104980469 0
shell 0 660 5 10.524219512939453 8.112311363220215 0
of 0 661 2 6.196592807769775 7.749279022216797 0.36303234100341797
dark 0 662 4 10.68471622467041 5.177492141723633 2.571786880493164
, 0 663 1 6.555190086364746 7.311222076416016 0
opaque 0 664 6 8.196551322937012 8.574913024902344 0
, 0 665 1 2.1084742546081543 6.5288920402526855 2.046020984649658
hot 0 666 3 7.82787561416626 7.458989143371582 0
cloud 0 667 5 8.24398136138916 6.343615531921387 1.1153736114501953
is 0 668 2 3.6040477752685547 7.62058162689209 0
assumed 0 669 7 11.063828468322754 8.404083251953125 0
to 0 670 2 0.3250967860221863 1.8994410037994385 6.5046422481536865
consist 0 671 7 7.512485504150391 3.831413984298706 0
of 0 672 2 0.029506800696253777 0.25992223620414734 3.5714917480945587
vanadium 0 673 8 15.1484956741333 7.064589977264404 0
and 0 674 3 2.5935919284820557 5.244393825531006 1.8201961517333984
titanium 0 675 8 8.831806182861328 7.756647109985352 0
oxides 0 676 6 8.182915687561035 4.611111640930176 3.145535469055176
( 0 677 1 5.973262786865234 3.3022735118865967 1.308838129043579
" 0 678 1 7.1423749923706055 5.887618064880371 0
<unk> 0 679 5 1.779888391494751 7.846835136413574 0
planets 0 680 7 12.285690307617188 1.4989140033721924 6.347921133041382
" 0 681 1 0.03705741465091705 0.30887171626091003 1.1900422871112823
) 0 682 1 0.16952258348464966 1.0470622777938843 0
, 0 683 1 1.9245779514312744 3.356985092163086 0
but 0 684 3 4.180141448974609 5.812780857086182 0
other 0 685 5 7.9953107833862305 7.045524597167969 0
compounds 0 686 9 5.813807487487793 8.510433197021484 0
like 0 687 4 6.082222938537598 5.852809906005859 2.657623291015625
<unk> 0 688 5 1.3564988374710083 5.562123775482178 0.29068613052368164
cannot 0 689 6 11.46450138092041 5.0651726722717285 0.4969511032104492
be 0 690 2 0.7493738532066345 4.12781286239624 0.9373598098754883
ruled 0 691 5 12.025196075439453 8.118705749511719 0
out 0 692 3 3.6799087524414062 5.334136962890625 2.7845687866210938
yet 0 693 3 11.424566268920898 4.397509574890137 0.9366273880004883
. 0 694 1 1.5020345449447632 5.607578277587891 0
<eos> 0 695 5 0.0004952250164933503 0.004600073676556349 5.602978203911334
<unk> 0 696 5 3.0511441230773926 6.097535610198975 0
planet 0 697 6 15.035569190979004 6.404423713684082 0
is 0 698 2 2.1247808933258057 6.150399684906006 0.25402402877807617
unlikely 0 699 8 10.17668628692627 6.594666481018066 0
to 0 700 2 0.14035704731941223 0.9785802364349365 5.61608624458313
have 0 701 4 2.155022382736206 4.733803749084473 0
large 0 702 5 9.720335960388184 6.349932670593262 0
moons 0 703 5 6.304683208465576 8.049471855163574 0
, 0 704 1 2.172508478164673 5.531589984893799 2.5178818702697754
since 0 705 5 7.806526184082031 5.374743461608887 0.1568465232849121
tidal 0 706 5 11.719846725463867 5.217069625854492 0.15767383575439453
forces 0 707 6 7.864494323730469 6.667433261871338 0
would 0 708 5 5.828679084777832 6.607379913330078 0.060053348541259766
either 0 709 6 9.566800117492676 6.093195915222168 0.5141839981079102
eject 0 710 5 11.159820556640625 6.066831111907959 0.026364803314208984
them 0 711 4 6.473618030548096 6.368658065795898 0
from 0 712 4 2.291194200515747 5.0539631843566895 1.314694881439209
orbit 0 713 5 9.896085739135742 5.740490436553955 0
or 0 714 2 1.5521764755249023 4.504786968231201 1.235703468322754
destroy 0 715 7 8.247207641601562 9.183328628540039 0
them 0 716 4 4.288960933685303 6.766767978668213 2.416560649871826
on 0 717 2 6.6127190589904785 4.025186061859131 2.741581916809082
short 0 718 5 10.938657760620117 5.421113014221191 0
<unk> 0 719 5 2.79477858543396 6.748651504516602 0
compared 0 720 8 14.920921325683594 4.55535888671875 2.1932926177978516
to 0 721 2 4.983627796173096 6.984157562255859 0
the 0 722 3 1.8322398662567139 6.210543155670166 0.7736144065856934
age 0 723 3 12.43238353729248 8.20982837677002 0
of 0 724 2 0.4407515823841095 2.3896074295043945 5.820220947265625
the 0 725 3 2.5118918418884277 6.287092685699463 0
system 0 726 6 10.112822532653809 7.4267377853393555 0
. 0 727 1 0.5606193542480469 2.4604837894439697 4.966253995895386
<eos> 0 728 5 0.000517403008416295 0.004695559851825237 2.4557882295921445
<unk> 0 729 5 3.422152042388916 6.093255996704102 0
planet 0 730 6 13.128273963928223 6.707884788513184 0
( 0 731 1 4.790013790130615 6.493504524230957 0.21438026428222656
with 0 732 4 8.999330520629883 4.503648281097412 1.989856243133545
<unk> 0 733 5 2.286790132522583 6.565141677856445 0
<unk> 0 734 5 1.6768789291381836 5.441531658172607 1.123610019683838
b 0 735 1 8.910323143005371 4.918200492858887 0.5233311653137207
) 0 736 1 1.0514646768569946 4.14847993850708 0.7697205543518066
was 0 737 3 3.9165539741516113 5.7085981369018555 0
deemed 0 738 6 12.65549373626709 7.613533020019531 0
a 0 739 1 2.536799192428589 6.353543281555176 1.2599897384643555
candidate 0 740 9 9.470135688781738 8.249728202819824 0
for 0 741 3 0.9636944532394409 3.3240766525268555 4.925651550292969
direct 0 742 6 12.621721267700195 5.112682819366455 0
imaging 0 743 7 8.750316619873047 8.562186241149902 0
by 0 744 2 4.388686180114746 5.308181285858154 3.254004955291748
<unk> 0 745 5 1.3454463481903076 4.588259220123291 0.7199220657348633
. 0 746 1 4.08470344543457 4.4781494140625 0.11010980606079102
<eos> 0 747 5 0.0011226098285987973 0.009552554227411747 4.468596859835088
<unk> 0 748 5 3.041466474533081 5.645475387573242 0
results 0 749 7 13.396306991577148 5.948139190673828 0
from 0 750 4 3.353423595428467 3.697361469268799 2.2507777214050293
<unk> 0 751 5 2.6361734867095947 5.524681091308594 0
studies 0 752 7 10.73436164855957 6.227868556976318 0
indicate 0 753 8 9.49099349975586 6.027405738830566 0.20046281814575195
that 0 754 4 0.3140622079372406 1.8186676502227783 4.208738088607788
the 0 755 3 1.6840652227401733 5.47694206237793 0
planet 0 756 6 4.235343933105469 8.48692512512207 0
has 0 757 3 4.053154945373535 5.430138111114502 3.0567870140075684
predominately 0 758 13 16.980674743652344 5.527559757232666 0
blue 0 759 4 12.211745262145996 8.497522354125977 0
color 0 760 5 7.963335990905762 6.808938503265381 1.6885838508605957
, 0 761 1 2.215477705001831 5.475979328155518 1.3329591751098633
is 0 762 2 10.083151817321777 6.995278835296631 0
<unk> 0 763 5 4.366203308105469 7.751406669616699 0
<unk> 0 764 5 1.984074354171753 5.073305130004883 2.6781015396118164
<eos> 0 765 5 1.0576108694076538 3.278125524520874 1.7951796054840088
@ 0 766 1 3.302028926555067e-05 0.0005268586101010442 3.277598665910773
<unk> 0 767 5 0.002614174038171768 0.03419646993279457 0
times 0 768 5 1.9755632877349854 4.4089813232421875 0
as 0 769 2 7.728385925292969 5.69536018371582 0
large 0 770 5 7.155160903930664 4.76192045211792 0.9334397315979004
and 0 771 3 4.867326259613037 1.673995018005371 3.087925434112549
<unk> 0 772 5 2.7810447216033936 8.513091087341309 0
<unk> 0 773 5 3.226724624633789 5.424740791320801 3.088350296020508
<eos> 0 774 5 2.6404097080230713 4.850142955780029 0.5745978355407715
@ 0 775 1 6.603982910746709e-05 0.001016403315588832 4.8491265524644405
<unk> 0 776 5 0.002605933928862214 0.0341402031481266 0
times 0 777 5 3.7590508460998535 5.064702033996582 0
as 0 778 2 5.651856422424316 5.89663028717041 0
massive 0 779 7 2.617405414581299 5.323054313659668 0.5735759735107422
as 0 780 2 1.5072104930877686 4.030386447906494 1.2926678657531738
<unk> 0 781 5 1.2123703956604004 4.390216827392578 0
, 0 782 1 4.095105171203613 3.763618230819702 0.626598596572876
meaning 0 783 7 7.158358097076416 5.570211887359619 0
that 0 784 4 0.6204720735549927 2.646862030029297 2.9233498573303223
the 0 785 3 1.8091914653778076 4.933900833129883 0
mean 0 786 4 9.836570739746094 7.3644609451293945 0
density 0 787 7 5.131155967712402 6.230148792266846 1.1343121528625488
is 0 788 2 4.039955139160156 2.5326266288757324 3.6975221633911133
<unk> 0 789 5 2.128589153289795 6.744250297546387 0
/ 0 790 1 8.71137523651123 2.4553027153015137 4.288947582244873
<unk> 0 791 5 0.12296619266271591 0.9145310521125793 1.5407716631889343
. 0 792 1 1.7301385402679443 4.436675548553467 0
<eos> 0 793 5 0.0007429457036778331 0.006548660341650248 4.4301268882118165
<unk> 0 794 5 2.786146402359009 5.382251262664795 0
has 0 795 3 3.8451578617095947 5.285475254058838 0.09677600860595703
a 0 796 1 1.8172497749328613 5.118089199066162 0.16738605499267578
geometric 0 797 9 12.248769760131836 8.024515151977539 0
albedo 0 798 6 4.368985176086426 7.435041904449463 0.5894732475280762
of 0 799 2 1.5086593627929688 4.486542224884033 2.9484996795654297
<unk> 0 800 5 0.38038983941078186 2.040314197540283 2.44622802734375
<unk> 0 801 5 0.35980424284935 2.0604326725006104 0
<eos> 0 802 5 0.14882689714431763 0.6746335625648499 1.3857991099357605
@ 0 803 1 0.0 1.891796819109004e-05 0.6746146445966588
<unk> 0 804 5 0.00037160664214752614 0.005528096575289965 0
in 0 805 2 7.298213005065918 4.94968318939209 0
visible 0 806 7 12.386506080627441 4.523630142211914 0.4260530471801758
light 0 807 5 2.9003498554229736 6.668088436126709 0
. 0 808 1 1.7429299354553223 3.76203989982605 2.906048536300659
<eos> 0 809 5 0.000539408705662936 0.004854632541537285 3.7571852672845125
= 0 810 1 3.316509246826172 5.245013236999512 0
= 0 811 1 0.08351471275091171 0.5359218716621399 4.709091365337372
<unk> 0 812 5 5.85834264755249 4.955800533294678 0
on 0 813 2 11.237231254577637 4.308199882507324 0.6476006507873535
its 0 814 3 6.775365352630615 5.736625671386719 0
sun 0 815 3 9.631067276000977 7.830933570861816 0
= 0 816 1 0.2728332281112671 1.8113045692443848 6.019629001617432
= 0 817 1 0.0003026577178388834 0.004311862401664257 1.8069927068427205
<eos> 0 818 5 20.43244171142578 5.289614200592041 0
<unk> 0 819 5 1.955086350440979 5.342799186706543 0
<unk> 0 820 5 2.093909502029419 5.593276500701904 0
b 0 821 1 7.047183036804199 4.847271919250488 0.746004581451416
appears 0 822 7 8.951793670654297 4.280777931213379 0.5664939880371094
to 0 823 2 1.5711674690246582 3.853449821472168 0.42732810974121094
be 0 824 2 0.9915281534194946 3.3892929553985596 0.4641568660736084
responsible 0 825 11 11.070960998535156 6.003603458404541 0
for 0 826 3 0.02173858880996704 0.18079331517219543 5.822810143232346
increased 0 827 9 12.569392204284668 5.928872108459473 0
<unk> 0 828 5 4.539255142211914 7.915104389190674 0
activity 0 829 8 5.35245943069458 7.430206298828125 0.48489809036254883
on 0 830 2 5.620331287384033 4.674817085266113 2.7553892135620117
its 0 831 3 5.052858352661133 4.671443462371826 0.0033736228942871094
parent 0 832 6 7.708606243133545 8.030861854553223 0
star 0 833 4 2.8225820064544678 4.556023597717285 3.4748382568359375
. 0 834 1 2.125086545944214 4.260717391967773 0.2953062057495117
<eos> 0 835 5 0.0006329292664304376 0.0056685758754611015 4.255048816092312
<unk> 0 836 5 3.5142178535461426 5.434516429901123 0
suggest 0 837 7 14.016845703125 5.066539287567139 0.3679771423339844
that 0 838 4 0.8183099031448364 3.3819336891174316 1.684605598449707
there 0 839 5 5.84697961807251 5.103973388671875 0
is 0 840 2 1.1713037490844727 2.0915069580078125 3.0124664306640625
a 0 841 1 1.3354575634002686 3.8995790481567383 0
" 0 842 1 5.581751823425293 8.52560806274414 0
hot 0 843 3 8.10393238067627 8.81026840209961 0
spot 0 844 4 5.665383815765381 6.789180278778076 2.021088123321533
" 0 845 1 0.3581697344779968 2.301004648208618 4.488175630569458
on 0 846 2 4.920608043670654 5.519923686981201 0
the 0 847 3 0.9210565090179443 3.6436500549316406 1.8762736320495605
star 0 848 4 4.001843452453613 6.733212947845459 0
around 0 849 6 8.18466567993164 4.817376136779785 1.9158368110656738
<unk> 0 850 5 1.9476581811904907 3.22682785987854 1.5905482769012451
<unk> 0 851 5 1.4441341161727905 4.744054794311523 0
away 0 852 4 12.235228538513184 3.5128426551818848 1.2312121391296387
from 0 853 4 0.46993911266326904 2.1506950855255127 1.362147569656372
the 0 854 3 1.399963617324829 3.724842071533203 0
sub 0 855 3 14.47469711303711 5.908644199371338 0
<unk> 0 856 5 0.18411502242088318 1.3231347799301147 4.585509419441223
planetary 0 857 9 10.40626335144043 7.037245273590088 0
point 0 858 5 11.273362159729004 6.707658767700195 0.3295865058898926
. 0 859 1 2.5079638957977295 4.456595420837402 2.251063346862793
<eos> 0 860 5 0.002300496678799391 0.017597507685422897 4.4389979131519794
<unk> 0 861 5 3.2127845287323 5.549829006195068 0
may 0 862 3 6.3332390785217285 5.499342918395996 0.050486087799072266
be 0 863 2 1.5188710689544678 4.442877769470215 1.0564651489257812
the 0 864 3 2.9397971630096436 7.403687953948975 0
result 0 865 6 6.356279373168945 6.709564685821533 0.6941232681274414
of 0 866 2 0.050898514688014984 0.40021416544914246 6.309350520372391
interactions 0 867 12 11.47582721710205 4.722321033477783 0
between 0 868 7 1.3201497793197632 2.673440933227539 2.048880100250244
the 0 869 3 1.2628989219665527 5.049778461456299 0
magnetic 0 870 8 10.122797012329102 6.377227306365967 0
fields 0 871 6 2.7813007831573486 4.274730682373047 2.10249662399292
of 0 872 2 1.5745657682418823 3.2176249027252197 1.0571057796478271
the 0 873 3 1.4383528232574463 4.773225784301758 0
planet 0 874 6 4.337154865264893 6.339390754699707 0
and 0 875 3 1.3870524168014526 3.5804455280303955 2.7589452266693115
the 0 876 3 1.1641093492507935 4.925596714019775 0
star 0 877 4 4.50524377822876 7.7883830070495605 0
. 0 878 1 2.190037965774536 5.210864543914795 2.5775184631347656
<eos> 0 879 5 0.000539408705662936 0.00491050910204649 5.205954034812748
<unk> 0 880 5 3.4256467819213867 5.7408599853515625 0
mechanism 0 881 9 17.10138702392578 5.982197284698486 0
may 0 882 3 5.770043849945068 5.766061782836914 0.21613550186157227
be 0 883 2 1.0761793851852417 4.223345756530762 1.5427160263061523
similar 0 884 7 7.465378761291504 8.523703575134277 0
to 0 885 2 0.17203494906425476 1.037886381149292 7.485817193984985
that 0 886 4 2.856168270111084 4.679683208465576 0
responsible 0 887 11 19.925138473510742 1.3654663562774658 3.3142168521881104
for 0 888 3 0.21732541918754578 1.3896206617355347 0
the 0 889 3 1.5573633909225464 6.470984935760498 0
activity 0 890 8 10.867324829101562 9.084709167480469 0
of 0 891 2 0.22305454313755035 1.4899187088012695 7.594790458679199
<unk> 0 892 5 2.9934308528900146 5.337859153747559 0
<unk> 0 893 5 2.6952433586120605 5.43900203704834 0
<unk> 0 894 5 2.5215091705322266 5.064858913421631 0.374143123626709
variable 0 895 8 13.013206481933594 5.5962090492248535 0
stars 0 896 5 3.294790029525757 6.767521381378174 0
, 0 897 1 2.457717180252075 4.031012058258057 2.736509323120117
or 0 898 2 6.814115047454834 5.98651123046875 0
the 0 899 3 3.5240800380706787 7.539054870605469 0
interaction 0 900 11 8.673179626464844 8.908426284790039 0
between 0 901 7 1.3026047945022583 2.5430781841278076 6.3653481006622314
<unk> 0 902 5 3.1943933963775635 5.903178691864014 0
and 0 903 3 0.6804460287094116 2.8320915699005127 3.071087121963501
its 0 904 3 6.532756805419922 4.112873077392578 0
moon 0 905 4 6.3409743309021 7.9086408615112305 0
<unk> 0 906 5 3.797934055328369 4.499962329864502 3.4086785316467285
. 0 907 1 1.9392433166503906 5.970471382141113 0
<eos> 0 908 5 0.0009244544780813158 0.007917127572000027 5.962554254569113
=========================================================================================
| End of testing | test loss  3.41 | test ppl    30.35
=========================================================================================
