word sentid sentpos wlen surp entropy entred
= 0 0 1 6.762388229370117 7.472126007080078 0
<unk> 0 1 5 3.3011107444763184 1.5629937648773193 5.909132242202759
<unk> 0 2 5 1.2154688835144043 5.523879051208496 0
<unk> 0 3 5 2.5897231101989746 3.0616955757141113 2.4621834754943848
<unk> 0 4 5 2.0970022678375244 3.324688196182251 0
= 0 5 1 0.7361573576927185 2.49582576751709 0.8288624286651611
<eos> 0 6 5 11.5729398727417 1.4092447757720947 1.0865809917449951
<unk> 0 7 5 0.09976916015148163 0.8498315215110779 0.5594132542610168
<unk> 0 8 5 0.3002898395061493 1.7802966833114624 0
<unk> 0 9 5 0.9381061792373657 2.7173497676849365 0
<unk> 0 10 5 1.0774452686309814 2.5591440200805664 0.15820574760437012
took 0 11 4 14.076071739196777 2.4025967121124268 0.15654730796813965
place 0 12 5 3.894340753555298 5.409142017364502 0
on 0 13 2 2.633692741394043 3.080540180206299 2.328601837158203
<unk> 0 14 5 0.15865328907966614 0.8009894490242004 2.2795507311820984
<unk> 0 15 5 0.3231127858161926 1.0750172138214111 0
<unk> 0 16 5 0.2972217798233032 0.8588038086891174 0.2162134051322937
. 0 17 1 1.8778551816940308 2.786240339279175 0
<eos> 0 18 5 0.00016509389388374984 0.0017574516823515296 2.7844828875968233
<unk> 0 19 5 2.9277873039245605 4.920788764953613 0
annually 0 20 8 16.364803314208984 5.172710418701172 0
, 0 21 1 4.652634143829346 8.381789207458496 0
the 0 22 3 2.6218714714050293 6.398758888244629 1.9830303192138672
event 0 23 5 11.36632251739502 6.4975905418396 0
is 0 24 2 4.130526542663574 6.245522499084473 0.25206804275512695
a 0 25 1 2.9436302185058594 6.9682087898254395 0
side 0 26 4 9.734981536865234 9.422430038452148 0
<unk> 0 27 5 1.1120673418045044 4.591067790985107 4.831362247467041
by 0 28 2 5.930552005767822 7.108598709106445 0
<unk> 0 29 5 0.2289789468050003 1.8827805519104004 5.225818157196045
side 0 30 4 0.12977950274944305 0.9287528991699219 0.9540276527404785
rowing 0 31 6 10.100872993469238 8.155911445617676 0
race 0 32 4 5.406567573547363 7.75171422958374 0.40419721603393555
between 0 33 7 4.065737247467041 5.044800281524658 2.706913948059082
crews 0 34 5 9.15851879119873 2.749267339706421 2.2955329418182373
from 0 35 4 3.1954872608184814 4.897239685058594 0
the 0 36 3 1.0585367679595947 2.6891417503356934 2.2080979347229004
<unk> 0 37 5 0.9638636708259583 5.345919132232666 0
of 0 38 2 7.703266620635986 6.865330219268799 0
<unk> 0 39 5 0.8442751169204712 2.3583130836486816 4.507017135620117
and 0 40 3 3.030972719192505 4.067371845245361 0
<unk> 0 41 5 1.2123937606811523 4.157712936401367 0
along 0 42 5 10.24600887298584 5.454751491546631 0
the 0 43 3 1.191007375717163 2.2885384559631348 3.166213035583496
<unk> 0 44 5 1.654815673828125 6.118395805358887 0
<unk> 0 45 5 2.654641628265381 6.101648330688477 0.016747474670410156
. 0 46 1 2.7814931869506836 6.258663177490234 0
<eos> 0 47 5 0.001772052375599742 0.014065774157643318 6.244597403332591
<unk> 0 48 5 3.6712710857391357 3.8535428047180176 0
won 0 49 3 7.043267250061035 5.947876930236816 0
the 0 50 3 0.8516141176223755 3.3750414848327637 2.5728354454040527
race 0 51 4 4.2776899337768555 4.628025054931641 0
. 0 52 1 5.217769145965576 5.079879283905029 0
<eos> 0 53 5 0.001342903240583837 0.010889159515500069 5.068990124389529
<unk> 0 54 5 2.6773171424865723 4.454375267028809 0
's 0 55 2 4.068892002105713 5.444061279296875 0
crew 0 56 4 7.580783367156982 7.888649940490723 0
featured 0 57 8 8.234977722167969 7.095986366271973 0.79266357421875
the 0 58 3 2.826902151107788 4.961889266967773 2.134097099304199
oldest 0 59 6 9.481983184814453 7.258170127868652 0
competitor 0 60 10 9.461359977722168 7.764943599700928 0
in 0 61 2 2.367837905883789 4.567150115966797 3.197793483734131
<unk> 0 62 5 3.3434336185455322 2.229360818862915 2.337789297103882
<unk> 0 63 5 4.474419116973877 4.660672664642334 0
history 0 64 7 6.973109245300293 4.8291215896606445 0
. 0 65 1 1.9155676364898682 3.0236496925354004 1.8054718971252441
<eos> 0 66 5 0.00134565238840878 0.010962042026221752 3.0126876505091786
<unk> 0 67 5 2.37062668800354 4.8456034660339355 0
race 0 68 4 9.944145202636719 5.782128810882568 0
took 0 69 4 5.40021276473999 7.051100254058838 0
place 0 70 5 0.21256227791309357 1.2720950841903687 5.779005169868469
in 0 71 2 1.3796640634536743 3.3407251834869385 0
very 0 72 4 13.563040733337402 1.689805507659912 1.6509196758270264
difficult 0 73 9 5.361008644104004 6.903096675872803 0
weather 0 74 7 3.7446210384368896 3.6804769039154053 3.2226197719573975
conditions 0 75 10 1.0202586650848389 3.5921120643615723 0.08836483955383301
– 0 76 1 9.310846328735352 4.023112773895264 0
strong 0 77 6 10.992753982543945 7.096227169036865 0
winds 0 78 5 6.304529190063477 7.6014885902404785 0
and 0 79 3 2.216099739074707 5.04949426651001 2.5519943237304688
heavy 0 80 5 5.342207908630371 8.757869720458984 0
rain 0 81 4 0.7587021589279175 3.6462318897247314 5.111637830734253
– 0 82 1 8.642159461975098 6.09028434753418 0
resulting 0 83 9 9.100069999694824 7.8699469566345215 0
in 0 84 2 0.0681079551577568 0.4372345805168152 7.432712376117706
the 0 85 3 1.662351369857788 5.032094955444336 0
slowest 0 86 7 10.000527381896973 8.388734817504883 0
winning 0 87 7 6.580215930938721 8.355742454528809 0.03299236297607422
time 0 88 4 2.007901668548584 6.023734092712402 2.3320083618164062
in 0 89 2 2.1747825145721436 4.400918483734131 1.6228156089782715
over 0 90 4 10.735987663269043 2.4104559421539307 1.9904625415802002
sixty 0 91 5 10.00306224822998 3.73944091796875 0
years 0 92 5 0.3205646574497223 1.7214717864990234 2.0179691314697266
. 0 93 1 0.690987765789032 2.5730247497558594 0
<eos> 0 94 5 0.0013207379961386323 0.010746796615421772 2.5622779531404376
<unk> 0 95 5 3.00593900680542 5.306680679321289 0
won 0 96 3 4.151360034942627 6.496701240539551 0
by 0 97 2 4.867710113525391 3.059220790863037 3.4374804496765137
six 0 98 3 5.0116777420043945 4.703709602355957 0
lengths 0 99 7 1.8900660276412964 4.976862907409668 0
, 0 100 1 1.575479507446289 4.226141452789307 0.7507214546203613
the 0 101 3 4.92988395690918 6.159247398376465 0
largest 0 102 7 5.703280448913574 5.656601428985596 0.5026459693908691
margin 0 103 6 2.796204090118408 6.253222465515137 0
of 0 104 2 1.08304762840271 3.4615318775177 2.7916905879974365
victory 0 105 7 0.32397130131721497 1.8424162864685059 1.6191155910491943
since 0 106 5 3.468729019165039 3.8967220783233643 0
the 0 107 3 1.5489336252212524 2.8544235229492188 1.0422985553741455
<unk> 0 108 5 0.9232262969017029 4.843100070953369 0
race 0 109 4 2.2393572330474854 5.433933734893799 0
. 0 110 1 1.3372132778167725 3.4635839462280273 1.9703497886657715
<eos> 0 111 5 0.0006274282350204885 0.005619923584163189 3.457964022643864
<unk> 0 112 5 2.222494602203369 4.76969051361084 0
's 0 113 2 3.2744009494781494 5.908241271972656 0
<unk> 0 114 5 2.4013290405273438 7.829626560211182 0
beat 0 115 4 9.418703079223633 5.898125648498535 1.9315009117126465
<unk> 0 116 5 1.091389536857605 3.9832499027252197 1.9148757457733154
's 0 117 2 4.235122203826904 4.589855194091797 0
<unk> 0 118 5 1.1033871173858643 5.876912593841553 0
in 0 119 2 4.6074137687683105 4.154278755187988 1.7226338386535645
the 0 120 3 1.0654889345169067 3.4499568939208984 0.7043218612670898
reserve 0 121 7 9.217357635498047 5.799562454223633 0
race 0 122 4 1.772202730178833 5.553495407104492 0.24606704711914062
, 0 123 1 1.4986733198165894 4.1089091300964355 1.4445862770080566
while 0 124 5 5.39064884185791 5.915951251983643 0
<unk> 0 125 5 0.980463445186615 3.675917863845825 2.2400333881378174
won 0 126 3 3.331557035446167 5.387674331665039 0
the 0 127 3 0.6581652760505676 2.8649022579193115 2.5227720737457275
<unk> 0 128 5 2.2558414936065674 5.64396333694458 0
's 0 129 2 6.298120498657227 5.159283638000488 0.4846796989440918
<unk> 0 130 5 1.387099266052246 5.791057586669922 0
<unk> 0 131 5 1.3643769025802612 5.047033786773682 0.7440237998962402
. 0 132 1 2.8109560012817383 4.948831558227539 0.09820222854614258
<eos> 0 133 5 0.000489723461214453 0.00450852420181036 4.944323034025729
= 0 134 1 3.766791582107544 4.679810523986816 0
= 0 135 1 0.06993220746517181 0.41235288977622986 4.2674576342105865
<unk> 0 136 5 5.351840019226074 4.104978084564209 0
= 0 137 1 1.9093677997589111 6.210888385772705 0
= 0 138 1 0.001243758131749928 0.014526230283081532 6.1963621554896235
<eos> 0 139 5 16.962919235229492 3.9358608722686768 0
<unk> 0 140 5 1.3272809982299805 4.649929523468018 0
<unk> 0 141 5 1.7117433547973633 5.367777347564697 0
<unk> 0 142 5 1.6011556386947632 4.69023323059082 0.677544116973877
is 0 143 2 7.95432710647583 3.92793345451355 0.7622997760772705
a 0 144 1 1.7072910070419312 3.1731252670288086 0.7548081874847412
side 0 145 4 9.877119064331055 7.381844997406006 0
<unk> 0 146 5 0.8018215894699097 3.5784964561462402 3.8033485412597656
by 0 147 2 5.242063045501709 6.273314952850342 0
<unk> 0 148 5 0.12930062413215637 1.134136438369751 5.139178514480591
side 0 149 4 0.061649709939956665 0.5177534818649292 0.6163829565048218
rowing 0 150 6 3.5085272789001465 6.728409767150879 0
competition 0 151 11 6.359017372131348 5.803661823272705 0.9247479438781738
between 0 152 7 2.209655284881592 4.717771053314209 1.085890769958496
the 0 153 3 0.5713951587677002 2.1104681491851807 2.6073029041290283
<unk> 0 154 5 0.8385379314422607 4.103670597076416 0
of 0 155 2 6.872242450714111 5.094624996185303 0
<unk> 0 156 5 0.610232949256897 1.623030662536621 3.4715943336486816
( 0 157 1 4.817397594451904 2.831001043319702 0
sometimes 0 158 9 8.486781120300293 3.8336541652679443 0
referred 0 159 8 1.2826919555664062 4.138481140136719 0
to 0 160 2 0.009064188227057457 0.08541767299175262 4.053063467144966
as 0 161 2 0.054010868072509766 0.3831343352794647 0
the 0 162 3 0.6282981634140015 2.2731478214263916 0
" 0 163 1 1.9850016832351685 4.1044535636901855 0
<unk> 0 164 5 1.1755481958389282 6.239429950714111 0
<unk> 0 165 5 2.393792152404785 7.100833415985107 0
" 0 166 1 1.1411476135253906 4.920619487762451 2.1802139282226562
) 0 167 1 0.14847750961780548 1.042508840560913 3.878110647201538
and 0 168 3 1.8773515224456787 3.0375289916992188 0
the 0 169 3 0.7019271850585938 2.98576283454895 0.051766157150268555
<unk> 0 170 5 0.8185974955558777 4.7460761070251465 0
of 0 171 2 6.49045991897583 5.670363426208496 0
<unk> 0 172 5 1.059347152709961 2.191939115524292 3.478424310684204
( 0 173 1 2.327024459838867 3.8639590740203857 0
sometimes 0 174 9 9.01010799407959 3.662879705429077 0.2010793685913086
referred 0 175 8 1.674879789352417 4.967562198638916 0
to 0 176 2 0.013131299056112766 0.12018565833568573 4.84737654030323
as 0 177 2 0.049126483500003815 0.3568582832813263 0
the 0 178 3 0.7907239198684692 2.5497937202453613 0
" 0 179 1 1.9150240421295166 3.990795612335205 0
<unk> 0 180 5 1.0496033430099487 5.974712371826172 0
<unk> 0 181 5 2.3573248386383057 6.408666610717773 0
" 0 182 1 0.6650459170341492 3.4364097118377686 2.972256898880005
) 0 183 1 0.1341986358165741 0.9781387448310852 2.4582709670066833
. 0 184 1 0.4299373924732208 1.9283233880996704 0
<eos> 0 185 5 0.001582232303917408 0.01268233172595501 1.9156410563737154
<unk> 0 186 5 2.8426365852355957 4.285294532775879 0
held 0 187 4 9.635655403137207 5.717540264129639 0
in 0 188 2 5.9928717613220215 4.745865345001221 0.971674919128418
<unk> 0 189 5 1.125206708908081 2.7002346515655518 2.045630693435669
, 0 190 1 1.8096234798431396 4.711004257202148 0
the 0 191 3 4.549315452575684 4.952869415283203 0
race 0 192 4 6.341675758361816 5.533874034881592 0
takes 0 193 5 9.839027404785156 6.33980131149292 0
place 0 194 5 0.10139546543359756 0.7223992347717285 5.617402076721191
on 0 195 2 2.684577703475952 3.4746339321136475 0
the 0 196 3 1.5923998355865479 2.285301923751831 1.1893320083618164
<unk> 0 197 5 0.919256865978241 5.089412689208984 0
<unk> 0 198 5 1.5295724868774414 5.49269437789917 0
<eos> 0 199 5 5.573638439178467 5.216398239135742 0.27629613876342773
@ 0 200 1 0.017767734825611115 0.1546790599822998 5.061719179153442
<unk> 0 201 5 0.0005971721257083118 0.008482479490339756 0.14619658049196005
<unk> 0 202 5 2.558697462081909 1.6277321577072144 0
mile 0 203 4 1.5459039211273193 3.734830379486084 0
( 0 204 1 0.26985034346580505 1.3966587781906128 2.338171601295471
<unk> 0 205 5 0.0011143609881401062 0.014389845542609692 1.382268932648003
<unk> 0 206 5 0.08576289564371109 0.3547284007072449 0
<eos> 0 207 5 0.0008859544759616256 0.007791235577315092 0.3469371651299298
@ 0 208 1 0.0 2.0637903617171105e-06 0.007789171786953375
<unk> 0 209 5 6.328822928480804e-05 0.000975499686319381 0
km 0 210 2 0.00018435361562296748 0.002127919113263488 0
) 0 211 1 0.002919545164331794 0.023328309878706932 0
<unk> 0 212 5 3.1917378902435303 5.735663890838623 0
<unk> 0 213 5 3.212730884552002 6.436769962310791 0
on 0 214 2 9.531529426574707 2.0557446479797363 4.381025314331055
the 0 215 3 1.3868294954299927 1.8398815393447876 0.21586310863494873
<unk> 0 216 5 1.2092264890670776 4.971250057220459 0
<unk> 0 217 5 1.365883469581604 4.62219762802124 0.34905242919921875
in 0 218 2 3.9317214488983154 4.877439498901367 0
southwest 0 219 9 8.954909324645996 2.275012969970703 2.602426528930664
<unk> 0 220 5 0.06775831431150436 0.5654938817024231 1.70951908826828
. 0 221 1 0.8791120648384094 2.338961124420166 0
<eos> 0 222 5 0.0005008985172025859 0.004734815564006567 2.3342263088561594
<unk> 0 223 5 2.88775372505188 3.896455764770508 0
rivalry 0 224 7 16.35097885131836 5.846776008605957 0
is 0 225 2 2.385625123977661 5.945465087890625 0
a 0 226 1 2.806044101715088 6.343742370605469 0
major 0 227 5 2.803593873977661 8.19997501373291 0
point 0 228 5 3.570706367492676 6.8621368408203125 1.3378381729125977
of 0 229 2 0.8141767978668213 2.6150662899017334 4.247070550918579
honour 0 230 6 2.4319448471069336 3.120025396347046 0
between 0 231 7 3.4087746143341064 4.777773857116699 0
the 0 232 3 0.5799474716186523 2.497201442718506 2.2805724143981934
two 0 233 3 1.909714698791504 4.2633376121521 0
universities 0 234 12 3.626162052154541 5.925077438354492 0
and 0 235 3 3.506852865219116 3.2268712520599365 2.6982061862945557
followed 0 236 8 8.941988945007324 5.484783172607422 0
throughout 0 237 10 5.605108261108398 2.175325393676758 3.309457778930664
the 0 238 3 0.245467409491539 1.1505049467086792 1.0248204469680786
<unk> 0 239 5 1.6084229946136475 5.064266204833984 0
<unk> 0 240 5 2.3394649028778076 5.512934684753418 0
and 0 241 3 4.576876640319824 4.869293212890625 0.643641471862793
broadcast 0 242 9 12.765860557556152 2.114715099334717 2.754578113555908
worldwide 0 243 9 4.710935115814209 4.614906311035156 0
. 0 244 1 0.650848388671875 2.271773338317871 2.343132972717285
<eos> 0 245 5 0.003101123496890068 0.022603001445531845 2.2491703368723392
<unk> 0 246 5 3.084188222885132 3.7880196571350098 0
went 0 247 4 7.675643444061279 5.8580522537231445 0
into 0 248 4 1.704573631286621 3.343416929244995 2.5146353244781494
the 0 249 3 0.2843574583530426 1.9518355131149292 1.391581416130066
race 0 250 4 0.9396306872367859 3.8354990482330322 0
as 0 251 2 1.8629133701324463 4.360212326049805 0
reigning 0 252 8 1.0969631671905518 2.68278431892395 1.6774280071258545
champions 0 253 9 0.11079534888267517 0.7683821320533752 1.914402186870575
, 0 254 1 0.9543028473854065 2.573087215423584 0
having 0 255 6 1.737492561340332 4.977364540100098 0
beaten 0 256 6 3.967015027999878 2.4910831451416016 2.486281394958496
<unk> 0 257 5 0.7658181190490723 3.125223398208618 0
by 0 258 2 2.9888575077056885 3.2932064533233643 0
over 0 259 4 8.280515670776367 4.601400375366211 0
a 0 260 1 4.821802139282227 2.04636812210083 2.555032253265381
length 0 261 6 7.535853385925293 3.396414279937744 0
in 0 262 2 3.215954542160034 3.824542999267578 0
the 0 263 3 1.27748441696167 3.7092103958129883 0.11533260345458984
previous 0 264 8 3.2226643562316895 5.306318283081055 0
year 0 265 4 1.3616211414337158 3.8487792015075684 1.4575390815734863
's 0 266 2 0.6725126504898071 1.9581669569015503 1.890612244606018
race 0 267 4 0.9328036904335022 4.033398151397705 0
and 0 268 3 4.494598865509033 3.731809616088867 0.3015885353088379
the 0 269 3 2.9848978519439697 6.618877410888672 0
overall 0 270 7 6.6949143409729 5.326883316040039 1.2919940948486328
lead 0 271 4 4.2655110359191895 6.347097873687744 0
, 0 272 1 4.380342960357666 5.302484512329102 1.0446133613586426
with 0 273 4 3.239536762237549 6.679932594299316 0
<unk> 0 274 5 0.6926416158676147 3.121121883392334 3.5588107109069824
victories 0 275 9 2.376513957977295 4.2385172843933105 0
to 0 276 2 4.6123270988464355 4.079666614532471 0.15885066986083984
<unk> 0 277 5 0.9119263291358948 3.676241397857666 0.4034252166748047
's 0 278 2 0.7341375350952148 2.3108232021331787 1.3654181957244873
<unk> 0 279 5 0.3070840537548065 2.21663236618042 0.09419083595275879
. 0 280 1 2.222607374191284 2.72670841217041 0
<eos> 0 281 5 0.00024213125288952142 0.0025367483031004667 2.7241716638673097
<unk> 0 282 5 1.9028518199920654 4.003373146057129 0
race 0 283 4 9.988746643066406 5.189347267150879 0
was 0 284 3 2.93159556388855 6.775601863861084 0
sponsored 0 285 9 6.198770523071289 5.978912353515625 0.796689510345459
by 0 286 2 0.060447078198194504 0.3951817452907562 5.583730608224869
<unk> 0 287 5 1.6345796585083008 2.3599658012390137 0
for 0 288 3 7.074811935424805 3.6713953018188477 0
the 0 289 3 0.689193606376648 2.957587718963623 0.7138075828552246
fourth 0 290 6 5.584843635559082 4.271010398864746 0
time 0 291 4 1.670741319656372 4.3261799812316895 0
. 0 292 1 3.3771448135375977 3.558135986328125 0.7680439949035645
<eos> 0 293 5 0.002614174038171768 0.020084023475646973 3.538051962852478
<unk> 0 294 5 1.9360196590423584 4.403361797332764 0
first 0 295 5 9.302213668823242 5.70224142074585 0
<unk> 0 296 5 6.219514846801758 6.464200496673584 0
's 0 297 2 8.442497253417969 5.895848751068115 0.5683517456054688
<unk> 0 298 5 1.6792069673538208 6.430171489715576 0
<unk> 0 299 5 1.1391897201538086 5.194828510284424 1.2353429794311523
took 0 300 4 5.754816055297852 6.395688056945801 0
place 0 301 5 4.93121862411499 4.521968841552734 1.8737192153930664
in 0 302 2 1.1262800693511963 3.2046797275543213 1.317289113998413
<unk> 0 303 5 1.9158508777618408 2.817579746246338 0.3870999813079834
, 0 304 1 1.4978036880493164 4.077609539031982 0
but 0 305 3 3.3446428775787354 5.518200874328613 0
did 0 306 3 5.171027183532715 5.888582706451416 0
not 0 307 3 0.07997331768274307 0.6785410642623901 5.210041642189026
become 0 308 6 7.784564971923828 6.10838508605957 0
an 0 309 2 4.494831085205078 3.456810474395752 2.6515746116638184
annual 0 310 6 4.780636310577393 6.290862560272217 0
fixture 0 311 7 0.9445727467536926 4.012855529785156 2.2780070304870605
until 0 312 5 1.5897856950759888 3.4367575645446777 0.5760979652404785
the 0 313 3 2.0085456371307373 2.6647849082946777 0.77197265625
1960s 0 314 5 3.982192039489746 5.855713367462158 0
. 0 315 1 0.821878969669342 2.3248517513275146 3.5308616161346436
<eos> 0 316 5 0.0009191263816319406 0.008087816648185253 2.3167639346793294
<unk> 0 317 5 2.1658711433410645 4.779397964477539 0
<unk> 0 318 5 2.5428528785705566 5.930697917938232 0
, 0 319 1 3.0963494777679443 5.748892784118652 0.18180513381958008
the 0 320 3 3.50213360786438 3.8061330318450928 1.9427597522735596
contest 0 321 7 14.840853691101074 6.364493370056152 0
was 0 322 3 5.5896315574646 4.204695224761963 2.1597981452941895
conducted 0 323 9 8.474146842956543 7.016429901123047 0
as 0 324 2 4.7308244705200195 4.001243591308594 3.015186309814453
part 0 325 4 4.026906490325928 3.4799787998199463 0.5212647914886475
of 0 326 2 0.0022041648626327515 0.024226270616054535 3.4557525292038918
the 0 327 3 0.741897463798523 2.4741454124450684 0
<unk> 0 328 5 1.1143594980239868 5.872540473937988 0
<unk> 0 329 5 1.814359188079834 6.320140838623047 0
<unk> 0 330 5 2.2347702980041504 6.456294536590576 0
, 0 331 1 3.333831310272217 6.387951374053955 0.0683431625366211
but 0 332 3 4.611264705657959 6.195641994476318 0.19230937957763672
as 0 333 2 8.074870109558105 6.416943073272705 0
of 0 334 2 3.047739028930664 4.875483512878418 1.541459560394287
the 0 335 3 4.419651508331299 0.9066870212554932 3.968796491622925
<unk> 0 336 5 1.1619505882263184 4.864055156707764 0
race 0 337 4 2.3825361728668213 5.03816032409668 0
, 0 338 1 0.7769764065742493 3.3881876468658447 1.649972677230835
it 0 339 2 2.7759182453155518 3.3745908737182617 0.013596773147583008
is 0 340 2 1.9588850736618042 2.6313538551330566 0.7432370185852051
held 0 341 4 6.038552761077881 5.966429233551025 0
on 0 342 2 3.4511537551879883 3.9334897994995117 2.0329394340515137
the 0 343 3 1.427497386932373 2.1393239498138428 1.794165849685669
<unk> 0 344 5 1.108648419380188 5.4367194175720215 0
<unk> 0 345 5 1.0740398168563843 4.629511833190918 0.8072075843811035
, 0 346 1 3.347339630126953 4.903343677520752 0
on 0 347 2 6.828723907470703 5.238303184509277 0
the 0 348 3 1.55983304977417 1.9316433668136597 3.3066598176956177
same 0 349 4 4.281484603881836 5.277898788452148 0
day 0 350 3 0.3663175404071808 2.2001914978027344 3.077707290649414
as 0 351 2 1.7630946636199951 4.0389404296875 0
the 0 352 3 0.943200945854187 2.9719762802124023 1.0669641494750977
men 0 353 3 9.164036750793457 5.430710792541504 0
's 0 354 2 0.06433523446321487 0.5399718284606934 4.8907389640808105
main 0 355 4 8.040701866149902 6.7120795249938965 0
and 0 356 3 5.479201793670654 6.027259826660156 0.6848196983337402
reserve 0 357 7 1.3529118299484253 5.672797679901123 0.3544621467590332
races 0 358 5 1.0421652793884277 3.7045609951019287 1.9682366847991943
. 0 359 1 0.9423081278800964 3.5491480827331543 0.15541291236877441
<eos> 0 360 5 0.0011171106016263366 0.009417407214641571 3.5397306755185127
<unk> 0 361 5 2.41331148147583 4.144306659698486 0
reserve 0 362 7 14.34971809387207 5.41090726852417 0
race 0 363 4 6.600252628326416 6.789796829223633 0
, 0 364 1 3.8566339015960693 7.059366226196289 0
contested 0 365 9 4.307367324829102 6.1037702560424805 0.9555959701538086
between 0 366 7 3.3973424434661865 3.6909165382385254 2.412853717803955
<unk> 0 367 5 0.6794441938400269 2.1650118827819824 1.525904655456543
's 0 368 2 5.709835052490234 1.8647005558013916 0.3003113269805908
<unk> 0 369 5 0.7191612720489502 4.388012409210205 0
boat 0 370 4 2.5700371265411377 3.930077314376831 0.457935094833374
and 0 371 3 0.7001977562904358 2.6975314617156982 1.2325458526611328
<unk> 0 372 5 0.4483353793621063 2.3936429023742676 0.30388855934143066
's 0 373 2 2.365377902984619 4.570716381072998 0
<unk> 0 374 5 0.555774986743927 3.7874398231506348 0.7832765579223633
boat 0 375 4 2.2659361362457275 4.328711986541748 0
has 0 376 3 10.593090057373047 4.440192222595215 0
been 0 377 4 1.530494213104248 4.723543643951416 0
held 0 378 4 1.9256194829940796 6.0176191329956055 0
since 0 379 5 2.645153522491455 3.724363327026367 2.2932558059692383
<unk> 0 380 5 0.5638858079910278 1.7331477403640747 1.9912155866622925
. 0 381 1 1.1450494527816772 2.870461940765381 0
<eos> 0 382 5 0.0007869499386288226 0.007261034566909075 2.863200906198472
<unk> 0 383 5 2.9720473289489746 3.8402020931243896 0
usually 0 384 7 11.81197452545166 5.39985466003418 0
takes 0 385 5 4.014958381652832 7.172739028930664 0
place 0 386 5 1.844386100769043 4.389607906341553 2.7831311225891113
on 0 387 2 2.9066059589385986 3.345383644104004 1.0442242622375488
the 0 388 3 0.5439164638519287 2.121680736541748 1.2237029075622559
<unk> 0 389 5 1.004254937171936 4.9568328857421875 0
, 0 390 1 3.307570457458496 4.912773132324219 0.04405975341796875
prior 0 391 5 10.935785293579102 5.794979572296143 0
to 0 392 2 0.022437408566474915 0.1951330602169037 5.599846512079239
the 0 393 3 0.28308072686195374 1.5029746294021606 0
main 0 394 4 6.718463897705078 5.308614253997803 0
<unk> 0 395 5 4.523930549621582 3.8065223693847656 1.502091884613037
<unk> 0 396 5 4.204314231872559 4.6775994300842285 0
. 0 397 1 3.2828032970428467 6.157100200653076 0
<eos> 0 398 5 0.0013537280028685927 0.01133885607123375 6.145761344581842
= 0 399 1 3.0419576168060303 3.935361385345459 0
= 0 400 1 0.11163461208343506 0.6486523747444153 3.2867090106010437
<unk> 0 401 5 7.441939830780029 4.5030975341796875 0
= 0 402 1 1.044684648513794 5.037773609161377 0
= 0 403 1 0.0009053764515556395 0.010940706357359886 5.026832902804017
<eos> 0 404 5 16.82581329345703 4.1001505851745605 0
<unk> 0 405 5 1.3696341514587402 4.608960151672363 0
's 0 406 2 3.8613297939300537 5.507845401763916 0
crew 0 407 4 5.923177242279053 6.821111679077148 0
weighed 0 408 7 6.795378684997559 6.297928333282471 0.5231833457946777
an 0 409 2 5.612614154815674 3.251732349395752 3.0461959838867188
average 0 410 7 0.21124978363513947 1.1708674430847168 2.080864906311035
of 0 411 2 0.0447843112051487 0.3671722412109375 0.8036952018737793
<unk> 0 412 5 0.07200711965560913 0.48706963658332825 0
pounds 0 413 6 7.262150287628174 0.6574171781539917 0
( 0 414 1 0.03958075866103172 0.24040499329566956 0.41701218485832214
<unk> 0 415 5 0.0005366580444388092 0.007107703480869532 0.23329728981480002
<unk> 0 416 5 0.7989076375961304 1.3889009952545166 0
<eos> 0 417 5 0.07550999522209167 0.31847190856933594 1.0704290866851807
@ 0 418 1 0.0 3.4396526871205424e-07 0.3184715646040672
<unk> 0 419 5 8.805243123788387e-05 0.0012392904609441757 0
kg 0 420 2 0.003670767415314913 0.02960149385035038 0
) 0 421 1 0.02713201753795147 0.14670057594776154 0
more 0 422 4 9.025431632995605 2.8855319023132324 0
per 0 423 3 10.655552864074707 0.24399487674236298 2.6415370255708694
<unk> 0 424 5 0.6360331177711487 2.844923257827759 0
than 0 425 4 2.2431106567382812 4.03157377243042 0
their 0 426 5 4.638922214508057 4.576545715332031 0
opponents 0 427 9 0.7575353980064392 3.4331135749816895 1.1434321403503418
, 0 428 1 2.287804126739502 2.5541422367095947 0.8789713382720947
and 0 429 3 1.751875877380371 5.090014457702637 0
featured 0 430 8 12.007271766662598 6.051471710205078 0
the 0 431 3 3.468430519104004 5.184850215911865 0.8666214942932129
oldest 0 432 6 10.241003036499023 7.645740985870361 0
competitor 0 433 10 9.484082221984863 7.661483287811279 0
in 0 434 2 2.427319049835205 4.92557430267334 2.7359089851379395
<unk> 0 435 5 3.2923905849456787 2.3728108406066895 2.5527634620666504
<unk> 0 436 5 4.792091369628906 4.481331825256348 0
history 0 437 7 6.908265113830566 4.714547157287598 0
in 0 438 2 5.569056987762451 2.5651938915252686 2.149353265762329
<unk> 0 439 5 1.680856704711914 3.0716376304626465 0
<unk> 0 440 5 5.1015214920043945 3.0691933631896973 0.0024442672729492188
year 0 441 4 9.065908432006836 3.3781521320343018 0
<unk> 0 442 5 1.0044447183609009 1.8799306154251099 1.498221516609192
old 0 443 3 0.7166337966918945 2.6142337322235107 0
<unk> 0 444 5 0.9721037149429321 4.427971839904785 0
<unk> 0 445 5 1.7180653810501099 4.325475215911865 0.10249662399291992
<unk> 0 446 5 2.0405149459838867 3.7148170471191406 0.6106581687927246
. 0 447 1 2.269375801086426 4.378515720367432 0
<eos> 0 448 5 0.0012961666798219085 0.01079578883945942 4.367719931527972
<unk> 0 449 5 1.96711003780365 4.35432243347168 0
crew 0 450 4 9.848898887634277 5.582080841064453 0
consisted 0 451 9 4.613988876342773 6.977978706359863 0
of 0 452 2 0.060694776475429535 0.46065574884414673 6.5173229575157166
six 0 453 3 5.315971374511719 4.26038122177124 0
<unk> 0 454 5 2.3059654235839844 5.477744102478027 0
, 0 455 1 2.7685256004333496 4.9954609870910645 0.4822831153869629
two 0 456 3 4.389920234680176 4.398900508880615 0.5965604782104492
<unk> 0 457 5 1.4348719120025635 6.078451633453369 0
and 0 458 3 2.305856704711914 4.341060161590576 1.737391471862793
an 0 459 2 7.341611862182617 3.9435718059539795 0.3974883556365967
<unk> 0 460 5 0.981514573097229 4.325122833251953 0
, 0 461 1 3.426337480545044 5.039710998535156 0
while 0 462 5 5.34061861038208 5.674962997436523 0
<unk> 0 463 5 1.5076948404312134 4.643277168273926 1.0316858291625977
's 0 464 2 4.969663143157959 4.3164191246032715 0.3268580436706543
comprised 0 465 9 14.475739479064941 6.649669170379639 0
four 0 466 4 4.405499458312988 4.273140907287598 2.376528263092041
<unk> 0 467 5 2.554450035095215 6.640707492828369 0
, 0 468 1 3.4788031578063965 5.173039436340332 1.467668056488037
three 0 469 5 5.363863468170166 4.9182000160217285 0.2548394203186035
<unk> 0 470 5 1.8305901288986206 5.738467216491699 0
, 0 471 1 1.891196846961975 4.139085292816162 1.599381923675537
an 0 472 2 9.275152206420898 3.740635395050049 0.3984498977661133
<unk> 0 473 5 0.7002749443054199 3.5792222023010254 0.16141319274902344
and 0 474 3 3.2478113174438477 4.559814453125 0
a 0 475 1 2.159972667694092 3.982917308807373 0.576897144317627
<unk> 0 476 5 1.4964182376861572 6.113598823547363 0
. 0 477 1 2.3922677040100098 4.734199047088623 1.3793997764587402
<eos> 0 478 5 0.000588920374866575 0.005330545362085104 4.728868501726538
<unk> 0 479 5 1.8828123807907104 4.578292369842529 0
<unk> 0 480 5 2.503112554550171 5.499882698059082 0
, 0 481 1 2.7995777130126953 5.2292022705078125 0.27068042755126953
<unk> 0 482 5 1.5064208507537842 3.4579596519470215 1.771242618560791
<unk> 0 483 5 0.9114530682563782 3.528733253479004 0
and 0 484 3 1.867216944694519 2.2737741470336914 1.2549591064453125
<unk> 0 485 5 0.07777474820613861 0.6787186861038208 1.5950554609298706
<unk> 0 486 5 0.16193607449531555 1.283721685409546 0
, 0 487 1 3.4581308364868164 4.896841049194336 0
were 0 488 4 2.110842227935791 6.438873767852783 0
former 0 489 6 10.0285062789917 6.670098781585693 0
<unk> 0 490 5 0.9605259299278259 4.924403667449951 1.7456951141357422
, 0 491 1 5.525564670562744 5.982680797576904 0
while 0 492 5 5.9383463859558105 4.20485258102417 1.7778282165527344
<unk> 0 493 5 1.0073533058166504 4.081172466278076 0.12368011474609375
also 0 494 4 7.755516052246094 4.3723368644714355 0
saw 0 495 3 8.108841896057129 6.281863212585449 0
<unk> 0 496 5 1.2967422008514404 4.448364734649658 1.833498477935791
<unk> 0 497 5 1.4817639589309692 5.935918807983398 0
year 0 498 4 10.522018432617188 4.963581085205078 0.9723377227783203
<unk> 0 499 5 0.0733884647488594 0.6819949150085449 4.281586170196533
old 0 500 3 0.24585266411304474 1.090451955795288 0
<unk> 0 501 5 0.7649967074394226 3.7857909202575684 0
<unk> 0 502 5 1.0905970335006714 4.241048812866211 0
return 0 503 6 16.101533889770508 3.595029830932617 0.6460189819335938
, 0 504 1 3.9992709159851074 4.189967155456543 0
having 0 505 6 7.392106056213379 5.913886070251465 0
rowed 0 506 5 2.412205219268799 6.238025188446045 0
in 0 507 2 2.5940020084381104 3.4137442111968994 2.8242809772491455
<unk> 0 508 5 1.5617868900299072 3.585956573486328 0
. 0 509 1 2.41990327835083 4.586822986602783 0
<eos> 0 510 5 0.003582761622965336 0.0253584161400795 4.561464570462704
<unk> 0 511 5 1.466491937637329 4.476065635681152 0
's 0 512 2 3.538830518722534 5.722058296203613 0
boat 0 513 4 5.1605305671691895 7.879749298095703 0
club 0 514 4 6.626224517822266 5.502815246582031 2.376934051513672
president 0 515 9 11.432863235473633 6.152113437652588 0
<unk> 0 516 5 0.5759410262107849 2.8387515544891357 3.313361883163452
<unk> 0 517 5 0.29471495747566223 2.0882468223571777 0.750504732131958
<unk> 0 518 5 2.1271612644195557 6.145109176635742 0
was 0 519 3 3.1796083450317383 6.277120590209961 0
the 0 520 3 2.540322780609131 6.964505195617676 0
seventh 0 521 7 8.417296409606934 5.748157024383545 1.2163481712341309
<unk> 0 522 5 1.8789352178573608 6.300380706787109 0
<unk> 0 523 5 3.1689813137054443 6.84205436706543 0
president 0 524 9 8.204587936401367 6.853536128997803 0
not 0 525 3 13.40503215789795 3.317512035369873 3.5360240936279297
to 0 526 2 1.3459004163742065 4.7570576667785645 0
row 0 527 3 14.769761085510254 6.754156112670898 0
in 0 528 2 3.408731698989868 5.305235385894775 1.448920726776123
his 0 529 3 5.3281145095825195 3.216346502304077 2.0888888835906982
own 0 530 3 5.017575740814209 7.827637672424316 0
<unk> 0 531 5 3.9001495838165283 7.80042839050293 0.02720928192138672
<unk> 0 532 5 3.4050142765045166 6.355005264282227 1.4454231262207031
. 0 533 1 3.1877450942993164 6.706273555755615 0
<eos> 0 534 5 0.002539838431403041 0.019317714497447014 6.686955841258168
= 0 535 1 4.0360918045043945 4.408320426940918 0
= 0 536 1 0.07451388984918594 0.4397910535335541 3.968529373407364
<unk> 0 537 5 5.460914134979248 4.2668585777282715 0
= 0 538 1 1.9825114011764526 6.4309821128845215 0
= 0 539 1 0.0009191263816319406 0.011165990494191647 6.41981612239033
<eos> 0 540 5 17.910890579223633 3.6739814281463623 0
<unk> 0 541 5 1.2971535921096802 4.689661979675293 0
were 0 542 4 7.168886184692383 5.142277717590332 0
pre 0 543 3 11.1193208694458 6.0556321144104 0
<unk> 0 544 5 0.005572297610342503 0.05888339504599571 5.996748719364405
race 0 545 4 0.30695462226867676 1.9022879600524902 0
favourites 0 546 10 0.16203783452510834 1.2395340204238892 0.6627539396286011
, 0 547 1 2.054708480834961 4.502278804779053 0
but 0 548 3 4.01605224609375 6.141669750213623 0
<unk> 0 549 5 3.3037357330322266 6.851058006286621 0
won 0 550 3 4.228954315185547 6.185859680175781 0.6651983261108398
the 0 551 3 1.052173376083374 3.661818265914917 2.5240414142608643
toss 0 552 4 1.018324375152588 3.842620611190796 0
and 0 553 3 0.09106277674436569 0.5387443900108337 3.303876221179962
elected 0 554 7 0.019168544560670853 0.20504403114318848 0.33370035886764526
to 0 555 2 0.20278550684452057 1.1597343683242798 0
start 0 556 5 1.5215044021606445 4.348186016082764 0
from 0 557 4 2.3455240726470947 4.704893589019775 0
the 0 558 3 0.49991923570632935 2.2199623584747314 2.484931230545044
<unk> 0 559 5 1.4280229806900024 5.267545223236084 0
station 0 560 7 0.306327223777771 1.709920048713684 3.5576251745224
. 0 561 1 0.9077739715576172 2.83475923538208 0
<eos> 0 562 5 0.000522732560057193 0.004706359468400478 2.8300528759136796
<unk> 0 563 5 1.7430717945098877 4.476572036743164 0
took 0 564 4 3.680800437927246 6.2657036781311035 0
an 0 565 2 6.088931560516357 4.144362449645996 2.1213412284851074
early 0 566 5 2.1487951278686523 5.444929122924805 0
lead 0 567 4 0.559050977230072 2.920027017593384 2.524902105331421
, 0 568 1 2.4401118755340576 4.572354316711426 0
but 0 569 3 3.1694447994232178 6.3682451248168945 0
the 0 570 3 3.2805981636047363 5.854857444763184 0.5133876800537109
boats 0 571 5 11.778542518615723 7.265921592712402 0
closed 0 572 6 7.045902252197266 6.197076320648193 1.068845272064209
on 0 573 2 3.8416218757629395 5.208639144897461 0.9884371757507324
each 0 574 4 9.214394569396973 3.8771283626556396 1.3315107822418213
other 0 575 5 4.019682884216309 4.178811550140381 0
, 0 576 1 2.4486780166625977 4.1537346839904785 0.025076866149902344
and 0 577 3 1.9167039394378662 5.331418037414551 0
<unk> 0 578 5 2.487823963165283 6.169852256774902 0
<unk> 0 579 5 3.3665783405303955 6.77617073059082 0
<unk> 0 580 5 4.021777153015137 6.945577144622803 0
was 0 581 3 4.3627166748046875 7.2010111808776855 0
forced 0 582 6 3.760767936706543 6.892086982727051 0.30892419815063477
to 0 583 2 0.2685047388076782 1.3753238916397095 5.516763091087341
issue 0 584 5 14.835517883300781 6.358930587768555 0
a 0 585 1 1.949326992034912 4.242610931396484 2.1163196563720703
number 0 586 6 8.685873985290527 8.407868385314941 0
of 0 587 2 0.09452167898416519 0.6421014070510864 7.765766978263855
warnings 0 588 8 10.282282829284668 9.172093391418457 0
to 0 589 2 3.6316957473754883 4.206222057342529 4.965871334075928
both 0 590 4 9.278950691223145 6.642585754394531 0
<unk> 0 591 5 3.2745208740234375 6.199143409729004 0.44344234466552734
in 0 592 2 9.031487464904785 1.7346673011779785 4.464476108551025
an 0 593 2 6.964130401611328 3.0898141860961914 0
attempt 0 594 7 1.1110438108444214 4.838637351989746 0
to 0 595 2 0.16230203211307526 0.941274106502533 3.897363245487213
prevent 0 596 7 5.170414924621582 7.758565902709961 0
a 0 597 1 4.906703472137451 4.496945381164551 3.26162052154541
collision 0 598 9 2.886962652206421 8.439804077148438 0
. 0 599 1 1.3806959390640259 3.69474720954895 4.745056867599487
<eos> 0 600 5 0.0010236214147880673 0.008628826588392258 3.686118382960558
<unk> 0 601 5 1.7129912376403809 4.907927989959717 0
<unk> 0 602 5 3.6583104133605957 6.724714279174805 0
<unk> 0 603 5 3.7305760383605957 6.345714092254639 0.379000186920166
, 0 604 1 3.0203194618225098 6.729011058807373 0
<unk> 0 605 5 2.7591121196746826 3.954025983810425 2.7749850749969482
were 0 606 4 7.4797773361206055 4.918935775756836 0
nearly 0 607 6 11.025862693786621 7.89091682434082 0
a 0 608 1 4.28115177154541 7.891554832458496 0
length 0 609 6 4.863913059234619 6.4410014152526855 1.4505534172058105
ahead 0 610 5 3.442119836807251 5.599920749664307 0.8410806655883789
and 0 611 3 5.006142616271973 2.6368179321289062 2.9631028175354004
<unk> 0 612 5 2.7749552726745605 7.430634498596191 0
responded 0 613 9 10.034053802490234 6.598220348358154 0.8324141502380371
; 0 614 1 9.295571327209473 2.3149595260620117 4.283260822296143
by 0 615 2 6.472177505493164 4.511834621429443 0
the 0 616 3 1.689542531967163 4.19390344619751 0.3179311752319336
time 0 617 4 1.9541411399841309 5.6398820877075195 0
the 0 618 3 2.200702428817749 3.888305187225342 1.7515769004821777
crews 0 619 5 2.6329526901245117 6.6918840408325195 0
passed 0 620 6 4.147494792938232 6.136370658874512 0.5555133819580078
under 0 621 5 7.812906265258789 4.968366622924805 1.168004035949707
<unk> 0 622 5 2.569098949432373 2.616133689880371 2.3522329330444336
<unk> 0 623 5 2.2851829528808594 4.368930816650391 0
they 0 624 4 7.891295909881592 3.4919002056121826 0.877030611038208
were 0 625 4 1.9137074947357178 5.507589817047119 0
level 0 626 5 13.008771896362305 7.797096252441406 0
. 0 627 1 5.001814365386963 5.874568939208984 1.9225273132324219
<eos> 0 628 5 0.0020693582482635975 0.016034452244639397 5.858534486964345
<unk> 0 629 5 1.6454418897628784 4.596055507659912 0
<unk> 0 630 5 3.4669651985168457 6.641719341278076 0
<unk> 0 631 5 3.764636993408203 6.460526943206787 0.18119239807128906
<unk> 0 632 5 2.9565083980560303 6.791143417358398 0
moved 0 633 5 7.285796165466309 6.926169395446777 0
ahead 0 634 5 6.9732747077941895 5.012217044830322 1.913952350616455
once 0 635 4 10.897602081298828 3.2308290004730225 1.7813880443572998
again 0 636 5 0.48796844482421875 2.271885395050049 0.9589436054229736
, 0 637 1 1.5691092014312744 4.081856727600098 0
and 0 638 3 1.9710807800292969 4.982259750366211 0
were 0 639 4 8.907596588134766 5.587745666503906 0
clear 0 640 5 9.255425453186035 7.30773401260376 0
of 0 641 2 2.9762766361236572 5.038089752197266 2.269644260406494
<unk> 0 642 5 3.6744892597198486 3.1907224655151367 1.847367286682129
after 0 643 5 6.5107598304748535 4.5914788246154785 0
<unk> 0 644 5 2.7876763343811035 5.62058162689209 0
strokes 0 645 7 9.99881649017334 6.4182868003845215 0
. 0 646 1 2.023099422454834 5.263478755950928 1.1548080444335938
<eos> 0 647 5 0.0004348785732872784 0.004153416026383638 5.259325339924544
<unk> 0 648 5 1.5694668292999268 4.6054606437683105 0
extended 0 649 8 8.622529029846191 6.592498302459717 0
their 0 650 5 4.792109489440918 4.016428470611572 2.5760698318481445
lead 0 651 4 0.23273241519927979 1.7520562410354614 2.264372229576111
to 0 652 2 1.4900575876235962 4.089846134185791 0
pass 0 653 4 11.048478126525879 4.203494548797607 0
the 0 654 3 4.237118721008301 5.277644634246826 0
finishing 0 655 9 7.035565376281738 6.820808410644531 0
post 0 656 4 1.4093165397644043 4.459338188171387 2.3614702224731445
in 0 657 2 4.790327548980713 5.159688949584961 0
<unk> 0 658 5 4.5582075119018555 4.123363971710205 1.0363249778747559
minutes 0 659 7 2.974073886871338 4.478465557098389 0
<unk> 0 660 5 6.44913911819458 3.973461627960205 0.5050039291381836
seconds 0 661 7 0.4548432230949402 1.9364346265792847 2.0370270013809204
, 0 662 1 2.276221990585327 4.2305474281311035 0
six 0 663 3 9.80060863494873 6.016698360443115 0
lengths 0 664 7 3.9786603450775146 3.3189914226531982 2.697706937789917
and 0 665 3 4.78781270980835 3.7929158210754395 0
<unk> 0 666 5 3.658944606781006 5.2413530349731445 0
seconds 0 667 7 1.1219981908798218 4.139509677886963 1.1018433570861816
ahead 0 668 5 2.975572347640991 4.381744861602783 0
of 0 669 2 0.16811919212341309 0.8395982384681702 3.542146623134613
their 0 670 5 7.8331522941589355 2.353999376296997 0
opponents 0 671 9 5.235026836395264 5.971035957336426 0
. 0 672 1 0.7717012166976929 2.9912190437316895 2.9798169136047363
<eos> 0 673 5 0.00020911575120408088 0.0020748537499457598 2.9891441899817437
<unk> 0 674 5 1.958898901939392 4.637939929962158 0
rain 0 675 4 14.710830688476562 6.045032024383545 0
, 0 676 1 4.010465145111084 6.283007621765137 0
strong 0 677 6 13.444647789001465 6.2667765617370605 0.016231060028076172
winds 0 678 5 7.666806221008301 6.5561676025390625 0
and 0 679 3 3.0167832374572754 4.454874038696289 2.1012935638427734
<unk> 0 680 5 2.074948787689209 7.357432842254639 0
water 0 681 5 11.177659034729004 6.862057685852051 0.4953751564025879
resulted 0 682 8 11.25044059753418 7.603394985198975 0
in 0 683 2 0.147247314453125 0.7622683644294739 6.841126620769501
the 0 684 3 1.6234776973724365 4.213923931121826 0
slowest 0 685 7 7.9032769203186035 8.068849563598633 0
winning 0 686 7 3.784288167953491 7.597100257873535 0.47174930572509766
time 0 687 4 1.8714025020599365 5.718057632446289 1.879042625427246
for 0 688 3 5.063568592071533 4.637009620666504 1.0810480117797852
over 0 689 4 9.889531135559082 3.126150131225586 1.510859489440918
sixty 0 690 5 9.552406311035156 3.6538350582122803 0
years 0 691 5 7.265609264373779 3.5328187942504883 0.12101626396179199
, 0 692 1 2.0921785831451416 2.7816689014434814 0.7511498928070068
but 0 693 3 3.5064525604248047 5.8093061447143555 0
the 0 694 3 2.7875263690948486 6.103394508361816 0
largest 0 695 7 10.627293586730957 7.419951915740967 0
margin 0 696 6 2.3826212882995605 6.964259147644043 0.45569276809692383
of 0 697 2 2.2969343662261963 3.9080607891082764 3.0561983585357666
victory 0 698 7 0.11436985433101654 0.8420994281768799 3.0659613609313965
since 0 699 5 10.611032485961914 2.733902931213379 0
the 0 700 3 1.5196661949157715 2.7203330993652344 0.013569831848144531
<unk> 0 701 5 1.894168734550476 6.326641082763672 0
race 0 702 4 2.5190341472625732 5.963750839233398 0.36289024353027344
. 0 703 1 3.0753965377807617 4.302680492401123 1.6610703468322754
<eos> 0 704 5 0.0005064000142738223 0.004614302888512611 4.29806618951261
<unk> 0 705 5 2.069958448410034 4.65554141998291 0
's 0 706 2 2.9705419540405273 5.929965972900391 0
<unk> 0 707 5 2.4280166625976562 7.405726909637451 0
beat 0 708 4 9.547891616821289 5.558308124542236 1.8474187850952148
<unk> 0 709 5 1.0541751384735107 4.069446563720703 1.4888615608215332
's 0 710 2 3.863797903060913 4.8361921310424805 0
<unk> 0 711 5 1.2572963237762451 6.091738224029541 0
by 0 712 2 6.400649547576904 4.22481632232666 1.8669219017028809
three 0 713 5 5.889272212982178 4.280121803283691 0
<unk> 0 714 5 4.17491340637207 2.622957706451416 1.6571640968322754
and 0 715 3 1.4041874408721924 4.328199863433838 0
<unk> 0 716 5 0.1907714456319809 1.3338565826416016 2.9943432807922363
a 0 717 1 0.2094804346561432 1.290942907333374 0.04291367530822754
<unk> 0 718 5 0.07373788952827454 0.7089698910713196 0.5819730162620544
quarter 0 719 7 2.835369348526001 0.6725952625274658 0.03637462854385376
lengths 0 720 7 0.017580687999725342 0.16613410413265228 0.5064611583948135
in 0 721 2 3.2855401039123535 4.051084518432617 0
the 0 722 3 2.1906819343566895 4.591617107391357 0
reserve 0 723 7 9.830839157104492 6.013985633850098 0
race 0 724 4 3.9163737297058105 5.658397197723389 0.355588436126709
. 0 725 1 1.0676270723342896 2.9406626224517822 2.7177345752716064
<eos> 0 726 5 0.0024848999455571175 0.018548451364040375 2.922114171087742
<unk> 0 727 5 1.7618012428283691 4.61683988571167 0
won 0 728 3 4.1045708656311035 5.991238594055176 0
the 0 729 3 0.7055718898773193 2.986687183380127 3.004551410675049
44th 0 730 4 16.205047607421875 3.5543224811553955 0
running 0 731 7 14.06667709350586 5.862675189971924 0
of 0 732 2 2.6058053970336914 5.885658264160156 0
the 0 733 3 0.31658288836479187 1.6009068489074707 4.2847514152526855
<unk> 0 734 5 1.911243200302124 5.846746444702148 0
's 0 735 2 7.685684680938721 5.564499378204346 0.28224706649780273
<unk> 0 736 5 1.3217720985412598 5.334054470062256 0.23044490814208984
<unk> 0 737 5 1.3460545539855957 4.551058769226074 0.7829957008361816
by 0 738 2 5.432651042938232 5.0917792320251465 0
half 0 739 4 8.302077293395996 4.445003986358643 0.6467752456665039
a 0 740 1 2.5612728595733643 3.293416976928711 1.1515870094299316
length 0 741 6 1.361024022102356 4.645985126495361 0
. 0 742 1 3.722294807434082 4.676569938659668 0
<eos> 0 743 5 0.0011062840931117535 0.009654204361140728 4.666915734298527
= 0 744 1 3.9638919830322266 4.188473224639893 0
= 0 745 1 0.062359608709812164 0.3811383843421936 3.807334840297699
<unk> 0 746 5 6.359775066375732 3.8272480964660645 0
= 0 747 1 1.769894003868103 6.165392875671387 0
= 0 748 1 0.0007374450797215104 0.009139555506408215 6.1562533201649785
<eos> 0 749 5 16.9158935546875 4.139399528503418 0
<unk> 0 750 5 1.7096340656280518 4.8625664710998535 0
's 0 751 2 3.0177533626556396 5.1695356369018555 0
<unk> 0 752 5 1.6463170051574707 6.479654312133789 0
<unk> 0 753 5 1.0168536901474 4.531455993652344 1.9481983184814453
said 0 754 4 10.329063415527344 4.887022495269775 0
" 0 755 1 4.202757835388184 3.8641433715820312 1.0228791236877441
we 0 756 2 3.549618721008301 6.189746379852295 0
got 0 757 3 6.321209907531738 6.493350982666016 0
the 0 758 3 3.2358109951019287 6.727259635925293 0
rage 0 759 4 16.77604103088379 9.301271438598633 0
going 0 760 5 10.07423210144043 6.079660892486572 3.2216105461120605
in 0 761 2 5.437455654144287 6.007335662841797 0.07232522964477539
the 0 762 3 2.69893479347229 6.8213043212890625 0
crew 0 763 4 11.331377029418945 9.034645080566406 0
, 0 764 1 2.7134363651275635 5.138986587524414 3.895658493041992
and 0 765 3 2.5377883911132812 6.806976795196533 0
we 0 766 2 3.181218147277832 6.838143825531006 0
started 0 767 7 6.31955623626709 6.656419277191162 0.18172454833984375
to 0 768 2 2.217223644256592 6.668785572052002 0
kill 0 769 4 12.253605842590332 7.876198768615723 0
it 0 770 2 5.323573112487793 6.075885772705078 1.8003129959106445
, 0 771 1 2.9211788177490234 3.949446439743042 2.126439332962036
we 0 772 2 4.897296905517578 5.577490329742432 0
hit 0 773 3 10.204150199890137 6.721508979797363 0
an 0 774 2 6.807941436767578 5.5263543128967285 1.1951546669006348
awesome 0 775 7 9.458094596862793 7.095668315887451 0
rhythm 0 776 6 13.03471565246582 8.781248092651367 0
" 0 777 1 6.5721917152404785 4.836565017700195 3.944683074951172
. 0 778 1 0.5713263750076294 2.0753259658813477 2.7612390518188477
<eos> 0 779 5 0.01033823937177658 0.061996713280677795 2.01332925260067
<unk> 0 780 5 2.140436887741089 5.189423561096191 0
coach 0 781 5 10.329358100891113 6.615130424499512 0
<unk> 0 782 5 0.22132381796836853 1.6607587337493896 4.954371690750122
<unk> 0 783 5 0.2612732946872711 2.102332830429077 0
congratulated 0 784 13 10.35677433013916 7.37973165512085 0
his 0 785 3 5.300626277923584 3.4669272899627686 3.912804365158081
opponents 0 786 9 4.885956764221191 7.439906120300293 0
: 0 787 1 6.777261257171631 4.0142927169799805 3.4256134033203125
" 0 788 1 0.4307616055011749 2.5284249782562256 1.4858677387237549
<unk> 0 789 5 3.8733575344085693 6.094592571258545 0
done 0 790 4 17.14684295654297 5.976846694946289 0.11774587631225586
to 0 791 2 6.422119617462158 6.519257545471191 0
<unk> 0 792 5 4.357352256774902 7.737525463104248 0
, 0 793 1 3.197330951690674 6.783583164215088 0.9539422988891602
they 0 794 4 8.550355911254883 6.830716133117676 0
were 0 795 4 3.6665916442871094 7.1620378494262695 0
much 0 796 4 9.279521942138672 8.588200569152832 0
faster 0 797 6 5.46268892288208 5.922771453857422 2.66542911529541
on 0 798 2 7.596982955932617 3.0208942890167236 2.9018771648406982
the 0 799 3 1.2568271160125732 5.268281936645508 0
day 0 800 3 6.877288818359375 8.857084274291992 0
" 0 801 1 4.930112361907959 4.9890618324279785 3.8680224418640137
. 0 802 1 1.0041117668151855 2.5867316722869873 2.402330160140991
<eos> 0 803 5 0.01871449127793312 0.10043023526668549 2.486301437020302
<unk> 0 804 5 1.733970284461975 4.985118865966797 0
tradition 0 805 9 17.214889526367188 6.693821907043457 0
, 0 806 1 4.129727363586426 7.690498352050781 0
the 0 807 3 3.9913156032562256 6.625202178955078 1.0652961730957031
victorious 0 808 10 15.401979446411133 8.209543228149414 0
<unk> 0 809 5 1.5910885334014893 7.18760871887207 1.0219345092773438
crew 0 810 4 7.845021724700928 7.205739974975586 0
tossed 0 811 6 17.178791046142578 5.256069660186768 1.9496703147888184
their 0 812 5 7.790749549865723 5.950961589813232 0
<unk> 0 813 5 4.311328411102295 8.790177345275879 0
<unk> 0 814 5 2.565810441970825 7.251211643218994 1.5389657020568848
into 0 815 4 5.501649379730225 7.078438758850098 0.17277288436889648
the 0 816 3 0.8915979266166687 3.5170555114746094 3.5613832473754883
<unk> 0 817 5 3.1198768615722656 8.374465942382812 0
. 0 818 1 4.001338958740234 7.268706321716309 1.105759620666504
<eos> 0 819 5 0.014914370141923428 0.08393502980470657 7.184771291911602
=========================================================================================
| End of testing | test loss  2.63 | test ppl    13.84
=========================================================================================
