word sentid sentpos wlen surp entropy entred
= 0 0 1 6.762388229370117 7.472126007080078 0
<unk> 0 1 5 3.3011107444763184 1.5629937648773193 5.909132242202759
<unk> 0 2 5 1.2154688835144043 5.523879051208496 0
<unk> 0 3 5 2.5897231101989746 3.0616955757141113 2.4621834754943848
( 0 4 1 4.451242446899414 3.324688196182251 0
<unk> 0 5 5 0.5492135286331177 3.9695088863372803 0
highway 0 6 7 7.348386764526367 2.6841588020324707 1.2853500843048096
) 0 7 1 0.10320615023374557 0.5661949515342712 2.1179638504981995
= 0 8 1 0.0009356260998174548 0.011473311111330986 0.5547216404229403
<eos> 0 9 5 17.601947784423828 1.3244670629501343 0
= 0 10 1 12.193100929260254 0.6461742520332336 0.6782928109169006
<unk> 0 11 5 0.11854144185781479 0.8319249153137207 0
<unk> 0 12 5 0.26854056119918823 1.9150936603546143 0
<unk> 0 13 5 1.805259346961975 3.8172531127929688 0
( 0 14 1 1.8296533823013306 3.628533363342285 0.1887197494506836
<unk> 0 15 5 0.42376118898391724 2.6887173652648926 0.9398159980773926
highway 0 16 7 7.692906379699707 2.469697952270508 0.21901941299438477
) 0 17 1 1.2081108093261719 1.5902949571609497 0.8794029951095581
= 0 18 1 5.232119560241699 1.8505277633666992 0
<eos> 0 19 5 14.111108779907227 3.8625707626342773 0
<unk> 0 20 5 0.3150199055671692 2.275397300720215 1.5871734619140625
<unk> 0 21 5 0.9928764700889587 2.8879616260528564 0
<unk> 0 22 5 2.2088708877563477 3.4076876640319824 0
is 0 23 2 4.087680816650391 3.391605854034424 0.016081809997558594
a 0 24 1 0.4413706660270691 1.2326147556304932 2.1589910984039307
state 0 25 5 3.971160650253296 4.848429203033447 0
<unk> 0 26 5 4.017247676849365 1.5799462795257568 3.2684829235076904
in 0 27 2 7.595096588134766 1.23157799243927 0.3483682870864868
the 0 28 3 1.5896095037460327 2.6427760124206543 0
<unk> 0 29 5 1.5838308334350586 3.6563565731048584 0
<unk> 0 30 5 5.170563697814941 1.6112631559371948 2.0450934171676636
in 0 31 2 10.197725296020508 3.7048423290252686 0
the 0 32 3 1.6566002368927002 2.1442313194274902 1.5606110095977783
<unk> 0 33 5 2.780651330947876 2.601773977279663 0
state 0 34 5 0.7254614233970642 3.1894447803497314 0
of 0 35 2 0.016177315264940262 0.1373426616191864 3.052102118730545
<unk> 0 36 5 0.1272202730178833 0.6914100646972656 0
that 0 37 4 8.205132484436035 1.1289982795715332 0
travels 0 38 7 8.219829559326172 4.724135398864746 0
between 0 39 7 3.7416491508483887 4.56728458404541 0.15685081481933594
<unk> 0 40 5 0.7091767191886902 2.690911054611206 1.876373529434204
and 0 41 3 0.4361865520477295 1.8392326831817627 0.8516783714294434
<unk> 0 42 5 0.2512681484222412 1.470005989074707 0.36922669410705566
<unk> 0 43 5 4.5258402824401855 3.621281862258911 0
. 0 44 1 2.0089802742004395 4.105749130249023 0
<eos> 0 45 5 0.00012657367915380746 0.0014042425900697708 4.104344887658954
<unk> 0 46 5 4.461009979248047 3.1426846981048584 0
section 0 47 7 15.371695518493652 3.798490285873413 0
between 0 48 7 9.08513069152832 4.444474220275879 0
<unk> 0 49 5 0.5592683553695679 2.4653127193450928 1.9791615009307861
and 0 50 3 0.44844555854797363 1.9557197093963623 0.5095930099487305
<unk> 0 51 5 0.24506011605262756 1.501617670059204 0.4541020393371582
<unk> 0 52 5 3.830829620361328 4.920928001403809 0
travels 0 53 7 9.902632713317871 4.906740665435791 0.014187335968017578
through 0 54 7 3.0993144512176514 5.141593933105469 0
<unk> 0 55 5 1.6647920608520508 3.7464287281036377 1.395165205001831
and 0 56 3 2.5336787700653076 4.176842212677002 0
along 0 57 5 10.67889404296875 4.994198322296143 0
the 0 58 3 0.7435787916183472 2.2852942943573 2.7089040279388428
southern 0 59 8 4.0906500816345215 4.904224872589111 0
edge 0 60 4 1.5354886054992676 3.867751121520996 1.0364737510681152
of 0 61 2 0.002553572878241539 0.02784830331802368 3.8399028182029724
<unk> 0 62 5 1.1716972589492798 2.0948498249053955 0
<unk> 0 63 5 4.054276466369629 3.8465685844421387 0
<unk> 0 64 5 3.600356340408325 4.071329116821289 0
. 0 65 1 1.7178095579147339 4.071981430053711 0
<eos> 0 66 5 0.00015408822218887508 0.0016851333202794194 4.0702962967334315
<unk> 0 67 5 3.320577621459961 3.8984153270721436 0
current 0 68 7 15.476393699645996 1.4540517330169678 2.444363594055176
version 0 69 7 19.414716720581055 5.960287094116211 0
of 0 70 2 1.0415433645248413 3.8358302116394043 2.1244568824768066
<unk> 0 71 5 1.5245120525360107 2.8207809925079346 1.0150492191314697
<unk> 0 72 5 0.2835650146007538 1.8383159637451172 0.9824650287628174
<unk> 0 73 5 3.531777858734131 5.159605979919434 0
is 0 74 2 2.5652875900268555 5.286335468292236 0
actually 0 75 8 10.829683303833008 5.400672912597656 0
the 0 76 3 2.9016470909118652 5.719061374664307 0
second 0 77 6 5.655213356018066 6.486443996429443 0
in 0 78 2 6.27366828918457 5.844059944152832 0.6423840522766113
the 0 79 3 1.4292501211166382 3.4724624156951904 2.3715975284576416
state 0 80 5 3.5824055671691895 5.848016738891602 0
; 0 81 1 7.432252407073975 3.006024122238159 2.8419926166534424
the 0 82 3 1.636159062385559 4.409768581390381 0
first 0 83 5 5.598916053771973 6.704564571380615 0
usage 0 84 5 12.754125595092773 5.403491497039795 1.3010730743408203
appeared 0 85 8 14.107254981994629 2.392780065536499 3.010711431503296
in 0 86 2 1.1271440982818604 3.2424869537353516 0
the 0 87 3 1.2306665182113647 2.029667615890503 1.2128193378448486
<unk> 0 88 5 2.000807523727417 5.861502170562744 0
<unk> 0 89 5 3.1216351985931396 5.383357524871826 0.47814464569091797
by 0 90 2 10.007490158081055 5.336580753326416 0.046776771545410156
<unk> 0 91 5 0.4259694516658783 1.9857817888259888 3.3507989645004272
. 0 92 1 0.9873702526092529 2.9786782264709473 0
<eos> 0 93 5 0.0001871049898909405 0.0019474204163998365 2.9767308060545474
<unk> 0 94 5 2.9843859672546387 4.436939239501953 0
<unk> 0 95 5 0.39620402455329895 2.4020915031433105 2.0348477363586426
<unk> 0 96 5 3.825345277786255 4.827826023101807 0
routing 0 97 7 13.580625534057617 5.373305320739746 0
has 0 98 3 5.441225528717041 5.604660987854004 0
been 0 99 4 0.860744297504425 4.00874662399292 1.595914363861084
in 0 100 2 6.474678993225098 7.529730796813965 0
use 0 101 3 4.589777946472168 4.1848602294921875 3.3448705673217773
since 0 102 5 0.807883620262146 2.691162109375 1.4936981201171875
the 0 103 3 1.5111055374145508 2.7675602436065674 0
1920s 0 104 5 5.7969465255737305 5.670633792877197 0
. 0 105 1 1.5220108032226562 2.735715866088867 2.93491792678833
<eos> 0 106 5 0.0015052665257826447 0.012721882201731205 2.722993983887136
<unk> 0 107 5 3.170224905014038 4.376528739929199 0
extensions 0 108 10 17.540355682373047 2.1511025428771973 2.225426197052002
and 0 109 3 4.944158554077148 4.917771816253662 0
<unk> 0 110 5 1.8774492740631104 6.068652153015137 0
have 0 111 4 5.497743129730225 5.701589107513428 0.367063045501709
shifted 0 112 7 9.228720664978027 5.35204553604126 0.34954357147216797
the 0 113 3 3.9036731719970703 5.747971057891846 0
terminus 0 114 8 12.710987091064453 6.972830772399902 0
as 0 115 2 6.917307376861572 3.6469953060150146 3.3258354663848877
far 0 116 3 4.791892051696777 4.9499921798706055 0
west 0 117 4 3.651089906692505 2.986865282058716 1.9631268978118896
as 0 118 2 0.010008133016526699 0.09254778921604156 2.8943174928426743
<unk> 0 119 5 0.6199080944061279 2.173593521118164 0
<unk> 0 120 5 1.884395956993103 4.372730255126953 0
or 0 121 2 8.603328704833984 4.3394622802734375 0.033267974853515625
<unk> 0 122 5 0.9024246335029602 4.134811878204346 0.2046504020690918
in 0 123 2 8.93606185913086 1.8858150243759155 2.24899685382843
the 0 124 3 1.8168013095855713 2.744952440261841 0
past 0 125 4 8.615381240844727 5.8112688064575195 0
. 0 126 1 0.8622027039527893 3.213656425476074 2.5976123809814453
<eos> 0 127 5 0.00021461838332470506 0.0022898504976183176 3.211366574978456
<unk> 0 128 5 2.8859238624572754 4.547733783721924 0
current 0 129 7 10.670310974121094 2.4843509197235107 2.063382863998413
route 0 130 5 6.864657402038574 6.335731029510498 0
was 0 131 3 6.305685043334961 1.6224300861358643 4.713300943374634
finalized 0 132 9 15.806811332702637 6.099433422088623 0
in 0 133 2 0.858614444732666 2.909332036972046 3.190101385116577
the 0 134 3 5.076754570007324 0.6478610038757324 2.2614710330963135
late 0 135 4 2.6929290294647217 4.067660808563232 0
1970s 0 136 5 2.7621679306030273 3.4471311569213867 0.6205296516418457
<eos> 0 137 5 12.969094276428223 3.202751636505127 0.24437952041625977
= 0 138 1 7.902814865112305 5.29502534866333 0
= 0 139 1 0.5249462127685547 1.8548696041107178 3.4401557445526123
<unk> 0 140 5 4.536453723907471 3.927499294281006 0
description 0 141 11 13.536665916442871 4.800024032592773 0
= 0 142 1 0.1498643159866333 0.7523313164710999 4.047692716121674
= 0 143 1 3.852359805023298e-05 0.000544738199096173 0.7517865782720037
<eos> 0 144 5 19.370025634765625 4.164330005645752 0
<unk> 0 145 5 1.1495704650878906 3.272845506668091 0.8914844989776611
<unk> 0 146 5 0.4329478442668915 2.3889999389648438 0.8838455677032471
<unk> 0 147 5 2.6140427589416504 4.405811786651611 0
begins 0 148 6 6.713293075561523 4.346872329711914 0.058939456939697266
at 0 149 2 1.113157033920288 3.055100440979004 1.2917718887329102
a 0 150 1 2.378126621246338 3.1884586811065674 0
junction 0 151 8 1.5575025081634521 5.413875579833984 0
with 0 152 4 0.06590090692043304 0.4226217567920685 4.991253823041916
<unk> 0 153 5 0.9812559485435486 2.7354989051818848 0
<unk> 0 154 5 0.2050006091594696 1.0803896188735962 1.6551092863082886
<unk> 0 155 5 4.525197982788086 3.4209303855895996 0
and 0 156 3 4.161715984344482 4.291109085083008 0
<unk> 0 157 5 1.0780725479125977 3.995997905731201 0.29511117935180664
<unk> 0 158 5 0.06503690779209137 0.534674882888794 3.4613230228424072
<unk> 0 159 5 3.1580142974853516 4.843159198760986 0
west 0 160 4 6.096648693084717 5.708621025085449 0
of 0 161 2 0.44270259141921997 2.317913293838501 3.3907077312469482
<unk> 0 162 5 0.6687043309211731 2.4253451824188232 0
. 0 163 1 1.8279938697814941 4.07598876953125 0
<eos> 0 164 5 0.00021461838332470506 0.0021681031212210655 4.073820666410029
<unk> 0 165 5 2.5080904960632324 4.50929069519043 0
junction 0 166 8 13.306334495544434 1.2792075872421265 3.2300831079483032
is 0 167 2 1.5101370811462402 4.636478424072266 0
at 0 168 2 5.650119781494141 5.381742477416992 0
a 0 169 1 2.9865448474884033 3.577822208404541 1.8039202690124512
<unk> 0 170 5 5.197417736053467 5.251879692077637 0
of 0 171 2 7.965542793273926 3.962477445602417 1.2894022464752197
county 0 172 6 10.986936569213867 5.272525310516357 0
lines 0 173 5 8.622995376586914 5.0847697257995605 0.18775558471679688
. 0 174 1 3.007817029953003 5.191137313842773 0
<eos> 0 175 5 0.00028615075279958546 0.002792872954159975 5.1883444408886135
<unk> 0 176 5 2.8094563484191895 4.703780651092529 0
<unk> 0 177 5 0.26239868998527527 1.7282739877700806 2.9755066633224487
<unk> 0 178 5 4.432638168334961 5.619997024536133 0
forms 0 179 5 9.646710395812988 5.543346881866455 0.07665014266967773
the 0 180 3 2.0413267612457275 4.028019428253174 1.5153274536132812
north 0 181 5 5.806995391845703 6.159722328186035 0
– 0 182 1 2.299936294555664 3.9871976375579834 2.1725246906280518
south 0 183 5 0.9119126200675964 1.8120622634887695 2.175135374069214
<unk> 0 184 5 3.6820523738861084 6.426298141479492 0
– 0 185 1 5.140759468078613 5.393751621246338 1.0325465202331543
<unk> 0 186 5 0.4662105441093445 2.2879302501678467 3.105821371078491
and 0 187 3 8.53321647644043 5.33109188079834 0
<unk> 0 188 5 1.0577841997146606 3.9505372047424316 1.3805546760559082
– 0 189 1 1.917020559310913 4.793449878692627 0
<unk> 0 190 5 0.025648703798651695 0.26044249534606934 4.533007383346558
county 0 191 6 3.889108419418335 5.626136779785156 0
lines 0 192 5 8.375889778137207 3.482926845550537 2.143209934234619
. 0 193 1 2.472062110900879 4.358763694763184 0
<eos> 0 194 5 0.00039069168269634247 0.003746245289221406 4.355017449473962
<unk> 0 195 5 2.830418825149536 4.398593425750732 0
<unk> 0 196 5 0.34178876876831055 2.1162195205688477 2.2823739051818848
<unk> 0 197 5 4.222992897033691 5.604650497436523 0
, 0 198 1 4.634709358215332 5.04034948348999 0.5643010139465332
which 0 199 5 3.8488755226135254 5.447912216186523 0
forms 0 200 5 6.679204940795898 4.988290786743164 0.4596214294433594
the 0 201 3 1.7399498224258423 3.5151848793029785 1.4731059074401855
east 0 202 4 6.571599960327148 5.651811599731445 0
– 0 203 1 1.755995273590088 3.789966583251953 1.8618450164794922
west 0 204 4 1.2842729091644287 2.1507246494293213 1.6392419338226318
<unk> 0 205 5 3.73795485496521 6.055652141571045 0
– 0 206 1 4.946304798126221 5.5564494132995605 0.4992027282714844
<unk> 0 207 5 0.2516587972640991 1.580046534538269 3.9764028787612915
county 0 208 6 4.774630546569824 5.479267597198486 0
line 0 209 4 0.192661851644516 1.1553815603256226 4.323886036872864
runs 0 210 4 9.481987953186035 2.799535036087036 0
due 0 211 3 11.907454490661621 5.161099433898926 0
west 0 212 4 3.2776894569396973 2.363367795944214 2.797731637954712
of 0 213 2 2.791022539138794 4.4224019050598145 0
the 0 214 3 1.3856313228607178 3.089536666870117 1.3328652381896973
intersection 0 215 12 5.803419589996338 5.489556789398193 0
. 0 216 1 4.171283721923828 3.012894630432129 2.4766621589660645
<eos> 0 217 5 0.00021461838332470506 0.002145778853446245 3.0107488515786827
<unk> 0 218 5 2.8448214530944824 4.466196060180664 0
<unk> 0 219 5 0.317579060792923 2.019636869430542 2.446559190750122
<unk> 0 220 5 4.114752292633057 5.7877197265625 0
exits 0 221 5 9.585674285888672 5.225597858428955 0.5621218681335449
the 0 222 3 2.431485176086426 4.888031959533691 0.33756589889526367
intersection 0 223 12 6.827544689178467 5.740178108215332 0
to 0 224 2 5.350325107574463 1.664912223815918 4.075265884399414
the 0 225 3 1.8037004470825195 3.716108560562134 0
east 0 226 4 2.798900604248047 4.27734899520874 0
. 0 227 1 4.333585739135742 3.4448046684265137 0.8325443267822266
<eos> 0 228 5 0.00023662872263230383 0.0023461703676730394 3.4424584980588406
<unk> 0 229 5 2.9705889225006104 4.571815490722656 0
highway 0 230 7 8.857416152954102 1.5647543668746948 3.0070611238479614
runs 0 231 4 3.700608491897583 4.90736722946167 0
along 0 232 5 3.526076316833496 4.683910846710205 0.22345638275146484
48th 0 233 4 22.381196975708008 2.8639912605285645 1.8199195861816406
<unk> 0 234 5 6.677428722381592 0.9290795922279358 1.9349116683006287
through 0 235 7 7.251278400421143 4.982935905456543 0
rural 0 236 5 7.610719203948975 3.8305447101593018 1.1523911952972412
farms 0 237 5 12.03955078125 3.396468162536621 0.43407654762268066
into 0 238 4 9.037822723388672 3.564650058746338 0
the 0 239 3 1.5877617597579956 4.464613437652588 0
community 0 240 9 4.865654945373535 5.8744306564331055 0
of 0 241 2 0.16819894313812256 1.053863286972046 4.82056736946106
<unk> 0 242 5 0.23671700060367584 1.7430124282836914 0
. 0 243 1 1.7664132118225098 3.4576847553253174 0
<eos> 0 244 5 0.00024213125288952142 0.00243236287496984 3.4552523924503475
<unk> 0 245 5 3.0747623443603516 4.343526840209961 0
road 0 246 4 7.029120922088623 0.9569459557533264 3.3865808844566345
, 0 247 1 3.7820181846618652 5.454841613769531 0
now 0 248 3 5.147242546081543 5.615101337432861 0
called 0 249 6 5.847923278808594 5.627996921539307 0
<unk> 0 250 5 0.7941251993179321 2.7290828227996826 2.898914098739624
<unk> 0 251 5 2.5392398834228516 4.348708629608154 0
, 0 252 1 0.7505378127098083 3.2197303771972656 1.1289782524108887
passes 0 253 6 5.434925556182861 4.664628505706787 0
through 0 254 7 1.0090291500091553 3.956279993057251 0.7083485126495361
the 0 255 3 1.5447921752929688 4.3742547035217285 0
downtown 0 256 8 7.603099822998047 5.764593124389648 0
area 0 257 4 0.9213425517082214 3.9574997425079346 1.8070933818817139
and 0 258 3 3.410115957260132 3.8240535259246826 0.13344621658325195
<unk> 0 259 5 4.433862686157227 6.395382404327393 0
<unk> 0 260 5 1.529374361038208 5.618321895599365 0.7770605087280273
<unk> 0 261 5 2.686432361602783 6.54253625869751 0
turns 0 262 5 8.629693031311035 6.308534145355225 0.23400211334228516
south 0 263 5 4.062453269958496 4.890021324157715 1.4185128211975098
along 0 264 5 5.061923980712891 4.589191913604736 0.3008294105529785
<unk> 0 265 5 1.7587743997573853 3.297649621963501 1.2915422916412354
<unk> 0 266 5 2.3272500038146973 3.6430609226226807 0
out 0 267 3 10.233399391174316 5.1476240158081055 0
of 0 268 2 0.36906930804252625 1.6888586282730103 3.458765387535095
town 0 269 4 5.082413196563721 3.666111946105957 0
. 0 270 1 0.8984923362731934 3.3606529235839844 0.30545902252197266
<eos> 0 271 5 0.00023662872263230383 0.0023453119210898876 3.3583076116628945
<unk> 0 272 5 2.895012855529785 4.497262001037598 0
highway 0 273 7 9.0158109664917 0.9727070331573486 3.524554967880249
rounds 0 274 6 16.83952522277832 4.7657904624938965 0
a 0 275 1 5.590921878814697 7.036941051483154 0
curve 0 276 5 8.697171211242676 7.604599475860596 0
and 0 277 3 4.453036785125732 5.845104217529297 1.7594952583312988
transitions 0 278 11 11.247092247009277 7.762540340423584 0
to 0 279 2 1.97977614402771 3.763216257095337 3.999324083328247
<unk> 0 280 5 1.7454147338867188 4.074471473693848 0
<unk> 0 281 5 1.1713228225708008 4.116530895233154 0
running 0 282 7 11.745805740356445 4.981922626495361 0
eastward 0 283 8 7.418193817138672 5.340427398681641 0
through 0 284 7 3.138735771179199 4.851773262023926 0.48865413665771484
more 0 285 4 8.841594696044922 4.039096355438232 0.8126769065856934
farm 0 286 4 11.043452262878418 4.9658427238464355 0
land 0 287 4 8.251354217529297 5.2222089767456055 0
. 0 288 1 1.8231481313705444 4.179996013641357 1.042212963104248
<eos> 0 289 5 0.00019260770932305604 0.0019505119416862726 4.178045501699671
<unk> 0 290 5 2.8921401500701904 4.596756458282471 0
the 0 291 3 11.352648735046387 0.9672685861587524 3.6294878721237183
<unk> 0 292 5 1.3078771829605103 5.132564067840576 0
approaches 0 293 10 10.123763084411621 6.212373733520508 0
<unk> 0 294 5 1.9879584312438965 4.681652069091797 1.530721664428711
, 0 295 1 3.4479591846466064 4.482395172119141 0.19925689697265625
the 0 296 3 3.4780380725860596 5.565476894378662 0
terrain 0 297 7 12.610373497009277 6.538677215576172 0
becomes 0 298 7 9.848526954650879 5.745701789855957 0.7929754257202148
more 0 299 4 3.4651780128479004 6.020073890686035 0
wooded 0 300 6 6.575064659118652 8.013453483581543 0
near 0 301 4 10.315625190734863 3.648254156112671 4.365199327468872
the 0 302 3 0.9810853004455566 3.0107791423797607 0.6374750137329102
<unk> 0 303 5 2.063127279281616 6.537431240081787 0
<unk> 0 304 5 2.4084835052490234 6.617961406707764 0
. 0 305 1 4.2167253494262695 6.638394355773926 0
<eos> 0 306 5 0.0002503849973436445 0.002522842027246952 6.635871513746679
<unk> 0 307 5 2.9478707313537598 4.980623722076416 0
<unk> 0 308 5 0.4105156660079956 2.5585947036743164 2.4220290184020996
<unk> 0 309 5 3.82485294342041 6.071628570556641 0
follows 0 310 7 7.010988235473633 6.431166648864746 0
<unk> 0 311 5 2.483961820602417 3.570528984069824 2.860637664794922
<unk> 0 312 5 0.8520351052284241 3.509073495864868 0.061455488204956055
east 0 313 4 6.25593376159668 5.23375940322876 0
to 0 314 2 4.196263790130615 2.424328327178955 2.8094310760498047
a 0 315 1 4.6413092613220215 3.700299024581909 0
junction 0 316 8 2.347059726715088 6.977733612060547 0
with 0 317 4 0.06785200536251068 0.48273977637290955 6.494993835687637
<unk> 0 318 5 0.720659613609314 2.719235897064209 0
<unk> 0 319 5 0.2678719460964203 1.4031305313110352 1.3161053657531738
<unk> 0 320 5 5.286421775817871 3.854731798171997 0
. 0 321 1 2.2399516105651855 4.439347267150879 0
<eos> 0 322 5 3.852359805023298e-05 0.0004885199596174061 4.4388587471912615
<unk> 0 323 5 2.706357479095459 4.7401580810546875 0
two 0 324 3 14.471955299377441 1.0648424625396729 3.6753156185150146
highways 0 325 8 8.71511173248291 6.01181173324585 0
merge 0 326 5 6.064728736877441 5.866165637969971 0.1456460952758789
and 0 327 3 4.5248003005981445 5.102400779724121 0.7637648582458496
run 0 328 3 5.313848495483398 6.945740699768066 0
concurrently 0 329 12 2.006448745727539 4.611481666564941 2.334259033203125
over 0 330 4 8.498141288757324 4.249579429626465 0.36190223693847656
the 0 331 3 1.1343507766723633 3.5487518310546875 0.7008275985717773
river 0 332 5 5.051380634307861 5.68308687210083 0
and 0 333 3 3.8956422805786133 4.417336940765381 1.2657499313354492
into 0 334 4 6.296990871429443 7.525158882141113 0
downtown 0 335 8 6.706626892089844 3.473900079727173 4.05125880241394
on 0 336 2 8.66588020324707 2.4960107803344727 0.9778892993927002
<unk> 0 337 5 2.20147705078125 3.2475903034210205 0
<unk> 0 338 5 1.2017900943756104 3.820214033126831 0
. 0 339 1 1.4724851846694946 3.6953794956207275 0.12483453750610352
<eos> 0 340 5 0.00019811041420325637 0.002069701673462987 3.6933097939472646
<unk> 0 341 5 2.698542594909668 4.79403829574585 0
of 0 342 2 11.881084442138672 1.2645313739776611 3.5295069217681885
downtown 0 343 8 14.217470169067383 2.721299171447754 0
, 0 344 1 4.217939376831055 2.8168203830718994 0
<unk> 0 345 5 1.238781452178955 4.588493347167969 0
<unk> 0 346 5 0.6808862686157227 3.0938057899475098 1.494687557220459
<unk> 0 347 5 3.162141799926758 5.8986334800720215 0
turns 0 348 5 7.039168834686279 5.689150333404541 0.20948314666748047
east 0 349 4 3.00307297706604 4.779577255249023 0.9095730781555176
again 0 350 5 6.011030197143555 4.513270854949951 0.26630640029907227
, 0 351 1 2.2643373012542725 5.008294582366943 0
independent 0 352 11 20.53037452697754 5.940338611602783 0
of 0 353 2 2.1923673152923584 6.043121814727783 0
<unk> 0 354 5 1.192134141921997 2.910473346710205 3.132648468017578
<unk> 0 355 5 2.446768283843994 4.777122497558594 0
<unk> 0 356 5 3.5742714405059814 4.534317493438721 0.24280500411987305
, 0 357 1 2.2195310592651367 4.557217121124268 0
and 0 358 3 2.6626670360565186 5.5367751121521 0
runs 0 359 4 5.386480331420898 6.031506061553955 0
along 0 360 5 4.443349361419678 5.099643230438232 0.9318628311157227
<unk> 0 361 5 2.824761390686035 3.0611584186553955 2.038484811782837
<unk> 0 362 5 1.6423269510269165 3.8261728286743164 0
on 0 363 2 6.496372222900391 5.568576812744141 0
the 0 364 3 0.7723424434661865 2.6343185901641846 2.934258222579956
southern 0 365 8 4.665360927581787 5.288723468780518 0
edge 0 366 4 0.9159383773803711 2.7918107509613037 2.496912717819214
of 0 367 2 0.006794145796447992 0.06598946452140808 2.7258212864398956
the 0 368 3 1.206459641456604 2.421009063720703 0
<unk> 0 369 5 1.8718949556350708 4.9317779541015625 0
<unk> 0 370 5 2.9454009532928467 6.2140021324157715 0
<unk> 0 371 5 2.554778814315796 6.2409234046936035 0
. 0 372 1 3.4068360328674316 6.5503034591674805 0
<eos> 0 373 5 0.0001100646986742504 0.0012020018184557557 6.549101457349025
<unk> 0 374 5 2.9727132320404053 4.722145080566406 0
east 0 375 4 13.735074043273926 1.146916151046753 3.5752289295196533
end 0 376 3 6.720616817474365 5.796584606170654 0
of 0 377 2 6.834812164306641 5.851664066314697 0
<unk> 0 378 5 1.09459388256073 2.4322307109832764 3.419433355331421
<unk> 0 379 5 0.8191244602203369 3.803279399871826 0
<unk> 0 380 5 3.5498456954956055 5.9485015869140625 0
is 0 381 2 4.0803914070129395 5.6354756355285645 0.31302595138549805
at 0 382 2 5.357402801513672 6.395082473754883 0
exit 0 383 4 6.104828357696533 3.778852939605713 2.61622953414917
<unk> 0 384 5 0.014881348237395287 0.1611606478691101 3.617692291736603
on 0 385 2 3.662351369857788 4.545744895935059 0
<unk> 0 386 5 2.3578052520751953 2.935722589492798 1.6100223064422607
<unk> 0 387 5 1.396741271018982 3.666436195373535 0
/ 0 388 1 8.348782539367676 3.7269909381866455 0
<unk> 0 389 5 0.30285462737083435 1.7118597030639648 2.0151312351226807
<unk> 0 390 5 3.136276960372925 4.504636764526367 0
<unk> 0 391 5 2.405745506286621 4.239339828491211 0.26529693603515625
west 0 392 4 10.164229393005371 4.176842212677002 0.062497615814208984
of 0 393 2 1.152754306793213 3.9907383918762207 0.18610382080078125
<unk> 0 394 5 0.7325304746627808 2.6217939853668213 1.3689444065093994
<unk> 0 395 5 2.821230888366699 3.776465654373169 0
. 0 396 1 1.8818506002426147 4.335902690887451 0
<eos> 0 397 5 5.503339707502164e-05 0.0006458222633227706 4.335256868624128
<unk> 0 398 5 2.759084701538086 4.689896583557129 0
<unk> 0 399 5 0.14917634427547455 1.072225570678711 3.617671012878418
<unk> 0 400 5 5.001511573791504 5.74916934967041 0
of 0 401 2 10.329131126403809 5.869821548461914 0
<unk> 0 402 5 1.0962834358215332 3.663482904434204 2.20633864402771
( 0 403 1 8.632699012756348 3.108149528503418 0.5553333759307861
<unk> 0 404 5 0.9290310740470886 4.382122993469238 0
) 0 405 1 2.700634002685547 3.5427842140197754 0.8393387794494629
, 0 406 1 2.905667304992676 6.276371955871582 0
as 0 407 2 7.640238285064697 4.890188217163086 1.386183738708496
a 0 408 1 3.461143970489502 4.099189758300781 0.7909984588623047
part 0 409 4 2.9615824222564697 6.328963756561279 0
of 0 410 2 0.0037671728059649467 0.037781693041324615 6.291182063519955
its 0 411 3 5.938913345336914 3.223066806793213 0
maintenance 0 412 11 7.558948516845703 6.959568500518799 0
responsibilities 0 413 16 6.889198303222656 5.019102573394775 1.9404659271240234
, 0 414 1 0.42742231488227844 2.1475069522857666 2.871595621109009
tracks 0 415 6 14.069318771362305 6.123170375823975 0
the 0 416 3 2.331259250640869 5.549309253692627 0.5738611221313477
volume 0 417 6 13.308382034301758 6.829568862915039 0
of 0 418 2 0.36433079838752747 2.091355562210083 4.738213300704956
traffic 0 419 7 5.15151309967041 5.369978427886963 0
using 0 420 5 9.010294914245605 5.830172538757324 0
its 0 421 3 5.93015718460083 5.738709449768066 0.09146308898925781
roadways 0 422 8 5.959040641784668 8.258285522460938 0
. 0 423 1 2.7052154541015625 4.901656627655029 3.356628894805908
<eos> 0 424 5 0.0006494322442449629 0.005726819857954979 4.895929807797074
<unk> 0 425 5 3.346113681793213 4.976674556732178 0
levels 0 426 6 16.183576583862305 1.9850791692733765 2.9915953874588013
are 0 427 3 2.0983974933624268 5.664022445678711 0
expressed 0 428 9 8.970414161682129 7.550361633300781 0
in 0 429 2 1.6155610084533691 3.9925763607025146 3.5577852725982666
terms 0 430 5 5.183409690856934 5.430596351623535 0
of 0 431 2 0.001018121954984963 0.011745253577828407 5.418851098045707
a 0 432 1 5.089211463928223 8.218750953674316 0
metric 0 433 6 8.83775520324707 8.492667198181152 0
called 0 434 6 5.918869495391846 7.616979598999023 0.8756875991821289
average 0 435 7 6.551609039306641 5.397457599639893 2.219521999359131
annual 0 436 6 3.101623296737671 5.98307991027832 0
daily 0 437 5 0.8042047023773193 2.895272970199585 3.0878069400787354
traffic 0 438 7 0.06841600686311722 0.5324888229370117 2.3627841472625732
( 0 439 1 2.6643056869506836 4.394122123718262 0
<unk> 0 440 5 0.2692092955112457 2.0068750381469727 2.387247085571289
) 0 441 1 0.22879740595817566 1.079425573348999 0.9274494647979736
, 0 442 1 2.097353219985962 4.556617736816406 0
which 0 443 5 2.3437438011169434 5.291364669799805 0
is 0 444 2 1.013181447982788 4.482857704162598 0.808506965637207
a 0 445 1 2.5412514209747314 6.345746994018555 0
calculation 0 446 11 4.365354537963867 6.539396286010742 0
of 0 447 2 0.3343122899532318 1.9399104118347168 4.599485874176025
the 0 448 3 1.2887156009674072 4.697052478790283 0
traffic 0 449 7 5.191132545471191 6.843261241912842 0
along 0 450 5 10.670646667480469 2.342925548553467 4.500335693359375
a 0 451 1 5.227177619934082 3.2687413692474365 0
segment 0 452 7 3.9194295406341553 7.457422256469727 0
of 0 453 2 0.42051270604133606 2.288482666015625 5.168939590454102
road 0 454 4 6.826757431030273 4.949469566345215 0
for 0 455 3 6.982468128204346 5.753768444061279 0
any 0 456 3 7.465723991394043 5.605928421020508 0.14784002304077148
average 0 457 7 5.018266677856445 7.8135528564453125 0
day 0 458 3 4.198371887207031 5.546392917633057 2.267159938812256
of 0 459 2 2.768984079360962 4.076811790466309 1.469581127166748
the 0 460 3 1.0982590913772583 4.279058933258057 0
year 0 461 4 1.1242408752441406 4.469367027282715 0
. 0 462 1 0.2691349685192108 1.444088101387024 3.025278925895691
<eos> 0 463 5 0.00019260770932305604 0.0019204553682357073 1.4421676460187882
<unk> 0 464 5 3.9528300762176514 5.193441390991211 0
<unk> 0 465 5 1.0940338373184204 4.731124401092529 0.46231698989868164
, 0 466 1 4.230278015136719 5.4121270179748535 0
the 0 467 3 3.4746134281158447 5.078631401062012 0.3334956169128418
department 0 468 10 9.014163970947266 7.249046802520752 0
's 0 469 2 5.525832653045654 0.6814368963241577 6.567609906196594
measurements 0 470 12 14.779932975769043 8.624159812927246 0
indicated 0 471 9 10.149876594543457 4.069070816040039 4.555088996887207
that 0 472 4 1.8763597011566162 5.306938648223877 0
a 0 473 1 4.842951774597168 4.446061611175537 0.8608770370483398
segment 0 474 7 5.650017738342285 7.714244842529297 0
of 0 475 2 0.4988735616207123 2.6752874851226807 5.038957357406616
<unk> 0 476 5 2.187913656234741 4.9051713943481445 0
<unk> 0 477 5 0.6241786479949951 3.4732563495635986 1.431915044784546
<unk> 0 478 5 2.5929932594299316 5.777289867401123 0
west 0 479 4 9.77017593383789 6.427105903625488 0
of 0 480 2 0.3407100439071655 2.0710129737854004 4.356092929840088
<unk> 0 481 5 0.9199585914611816 2.90478253364563 0
had 0 482 3 7.150287628173828 5.541725158691406 0
the 0 483 3 6.1099395751953125 5.96286678314209 0
peak 0 484 4 10.052933692932129 5.277593612670898 0.6852731704711914
volume 0 485 6 7.062042713165283 6.7238922119140625 0
for 0 486 3 5.322425365447998 2.0645008087158203 4.659391403198242
the 0 487 3 1.9222018718719482 5.446829319000244 0
highway 0 488 7 3.681788206100464 7.160054683685303 0
at 0 489 2 4.917054176330566 5.690921783447266 1.469132900238037
<unk> 0 490 5 1.2547963857650757 3.4770123958587646 2.213909387588501
<unk> 0 491 5 0.7308602333068848 3.214646816253662 0.26236557960510254
<unk> 0 492 5 1.9882322549819946 2.9980759620666504 0.21657085418701172
vehicles 0 493 8 2.641540765762329 5.211770534515381 0
daily 0 494 5 4.933670520782471 4.277392864227295 0.9343776702880859
. 0 495 1 2.0295603275299072 4.413477897644043 0
<eos> 0 496 5 0.00037968772812746465 0.0035693803802132607 4.40990851726383
<unk> 0 497 5 3.677595853805542 5.1481614112854 0
traffic 0 498 7 9.433009147644043 4.094847679138184 1.0533137321472168
nadir 0 499 5 26.306249618530273 5.808276653289795 0
was 0 500 3 3.8746562004089355 7.270269393920898 0
<unk> 0 501 5 4.211880207061768 7.6159539222717285 0
<unk> 0 502 5 1.4786490201950073 5.066483020782471 2.549470901489258
<unk> 0 503 5 2.183609962463379 1.570231556892395 3.4962514638900757
vehicles 0 504 8 1.3630602359771729 4.612616539001465 0
east 0 505 4 10.4240083694458 5.116073131561279 0
of 0 506 2 0.049258459359407425 0.37026888132095337 4.745804250240326
<unk> 0 507 5 0.7620592713356018 2.5093064308166504 0
. 0 508 1 2.227158784866333 4.537210941314697 0
<eos> 0 509 5 8.805243123788387e-05 0.0009868427878245711 4.536224098526873
<unk> 0 510 5 3.404125452041626 5.109239101409912 0
addition 0 511 8 18.80634880065918 3.40651273727417 1.7027263641357422
, 0 512 1 4.0286149978637695 4.729844093322754 0
<unk> 0 513 5 3.9531188011169434 6.612814903259277 0
has 0 514 3 8.972599029541016 3.724254846572876 2.8885600566864014
not 0 515 3 4.8709588050842285 5.9351654052734375 0
had 0 516 3 6.180360317230225 4.346648693084717 1.5885167121887207
any 0 517 3 2.410508871078491 4.965069770812988 0
section 0 518 7 8.887414932250977 8.666593551635742 0
of 0 519 2 1.498363733291626 4.65048360824585 4.016109943389893
the 0 520 3 1.4743026494979858 5.154028415679932 0
highway 0 521 7 1.2815074920654297 4.1962103843688965 0.9578180313110352
listed 0 522 6 13.923323631286621 5.527149200439453 0
on 0 523 2 2.9822535514831543 4.1091628074646 1.4179863929748535
the 0 524 3 0.8188300132751465 3.2426137924194336 0.866549015045166
<unk> 0 525 5 3.246523380279541 4.213390827178955 0
<unk> 0 526 5 3.1811258792877197 4.465086460113525 0
<unk> 0 527 5 1.8090648651123047 5.213088512420654 0
, 0 528 1 6.439631462097168 4.745983123779297 0.4671053886413574
a 0 529 1 5.3305583000183105 5.308382511138916 0
network 0 530 7 3.595609664916992 6.949743270874023 0
of 0 531 2 0.2096400260925293 1.2773969173431396 5.672346353530884
roads 0 532 5 1.2589858770370483 4.59130334854126 0
important 0 533 9 1.8659815788269043 4.492038249969482 0.09926509857177734
to 0 534 2 0.4063001275062561 2.0694644451141357 2.4225738048553467
the 0 535 3 0.4494855999946594 2.6050164699554443 0
country 0 536 7 1.9706060886383057 5.082271575927734 0
's 0 537 2 0.10509932041168213 0.6398733854293823 4.442398190498352
economy 0 538 7 0.08425237983465195 0.7328746914863586 0
, 0 539 1 1.3505260944366455 2.679612636566162 0
defense 0 540 7 0.5442410707473755 2.7035536766052246 0
, 0 541 1 0.22866810858249664 0.7031973600387573 2.0003563165664673
and 0 542 3 0.3369649350643158 2.1972522735595703 0
mobility 0 543 8 0.08731488883495331 0.7602856159210205 1.4369666576385498
. 0 544 1 0.23810657858848572 1.2543244361877441 0
<eos> 0 545 5 0.0034341865684837103 0.02425028569996357 1.2300741504877806
= 0 546 1 1.2588441371917725 4.075572490692139 0
= 0 547 1 0.1468043476343155 0.6619133353233337 3.413659155368805
<unk> 0 548 5 6.546576023101807 3.6213321685791016 0
= 0 549 1 0.6864543557167053 3.374666213989258 0.24666595458984375
= 0 550 1 0.0007924503297545016 0.009342567063868046 3.3653236469253898
<eos> 0 551 5 19.810256958007812 4.0868916511535645 0
= 0 552 1 7.147524833679199 3.3500609397888184 0.7368307113647461
= 0 553 1 1.0564688444137573 2.6854214668273926 0.6646394729614258
= 0 554 1 1.3272409439086914 4.925146102905273 0
<unk> 0 555 5 1.1874315738677979 5.986151695251465 0
designation 0 556 11 10.332274436950684 5.566723346710205 0.41942834854125977
= 0 557 1 0.25082504749298096 1.4729828834533691 4.093740463256836
= 0 558 1 5.228177906246856e-05 0.0007307411869987845 1.4722521422663704
= 0 559 1 0.000566915376111865 0.0066318633034825325 0
<eos> 0 560 5 17.748001098632812 4.088881969451904 0
<unk> 0 561 5 0.6772565841674805 3.1049673557281494 0.9839146137237549
first 0 562 5 12.415267944335938 4.544205188751221 0
usage 0 563 5 16.233062744140625 6.958268165588379 0
of 0 564 2 2.6771092414855957 5.853007793426514 1.1052603721618652
<unk> 0 565 5 1.8853026628494263 4.229073524475098 1.623934268951416
<unk> 0 566 5 1.465843915939331 5.478957176208496 0
<unk> 0 567 5 1.7181618213653564 4.961434364318848 0.5175228118896484
was 0 568 3 4.8578081130981445 5.1575140953063965 0
in 0 569 2 7.0220489501953125 6.6604132652282715 0
the 0 570 3 2.453223943710327 2.4401133060455322 4.220299959182739
<unk> 0 571 5 2.41748309135437 5.673935890197754 0
<unk> 0 572 5 2.7892422676086426 5.797513961791992 0
by 0 573 2 8.615232467651367 6.218034744262695 0
<unk> 0 574 5 0.4056258201599121 1.9934167861938477 4.224617958068848
<unk> 0 575 5 2.1389331817626953 3.714277982711792 0
, 0 576 1 2.2792325019836426 4.685328483581543 0
<unk> 0 577 5 2.270174980163574 4.892174243927002 0
. 0 578 1 2.1529202461242676 4.033163547515869 0.8590106964111328
<eos> 0 579 5 0.00031366225448437035 0.0030791566241532564 4.030084390891716
<unk> 0 580 5 2.490694046020508 4.876846790313721 0
<unk> 0 581 5 1.598339319229126 4.854757785797119 0.022089004516601562
started 0 582 7 10.110353469848633 4.643280982971191 0.21147680282592773
at 0 583 2 4.505155563354492 5.1827874183654785 0
<unk> 0 584 5 1.548341989517212 3.4561240673065186 1.72666335105896
<unk> 0 585 5 2.0011556148529053 5.481022834777832 0
<unk> 0 586 5 1.8484474420547485 4.119210243225098 1.3618125915527344
and 0 587 3 4.681513786315918 4.126708030700684 0
ran 0 588 3 7.152981281280518 5.183780670166016 0
north 0 589 5 5.688222885131836 5.08341646194458 0.10036420822143555
of 0 590 2 2.8117430210113525 4.178544998168945 0.9048714637756348
<unk> 0 591 5 0.7649100422859192 2.300243377685547 1.8783016204833984
to 0 592 2 4.547466278076172 4.544044017791748 0
the 0 593 3 1.8939334154129028 3.879655122756958 0.66438889503479
vicinity 0 594 8 11.307701110839844 4.649533271789551 0
of 0 595 2 0.0674474909901619 0.49110063910484314 4.158432632684708
<unk> 0 596 5 0.5047731399536133 2.063947916030884 0
<unk> 0 597 5 2.7252893447875977 4.2283525466918945 0
<unk> 0 598 5 3.053945541381836 4.199798583984375 0.02855396270751953
. 0 599 1 1.6848081350326538 4.041018486022949 0.15878009796142578
<eos> 0 600 5 0.00012657367915380746 0.0013693637447431684 4.039649122278206
<unk> 0 601 5 2.9370810985565186 4.787865161895752 0
was 0 602 3 3.7309999465942383 4.003456115722656 0.7844090461730957
later 0 603 5 7.42472505569458 7.455897331237793 0
replaced 0 604 8 4.962856769561768 7.380706310272217 0.07519102096557617
by 0 605 2 0.6405569314956665 2.2054734230041504 5.175232887268066
<unk> 0 606 5 1.419539213180542 3.7767162322998047 0
<unk> 0 607 5 0.7373707294464111 3.5348381996154785 0.24187803268432617
<unk> 0 608 5 2.3044049739837646 4.251976490020752 0
in 0 609 2 4.056371688842773 4.2227463722229 0.029230117797851562
<unk> 0 610 5 0.3974889814853668 1.6578267812728882 2.564919590950012
. 0 611 1 1.2460570335388184 3.097191095352173 0
<eos> 0 612 5 0.00012657367915380746 0.001358367153443396 3.0958327281987295
= 0 613 1 3.2018327713012695 4.645803451538086 0
= 0 614 1 0.06637156009674072 0.3634966015815735 4.2823068499565125
= 0 615 1 1.0135860443115234 3.875819683074951 0
<unk> 0 616 5 1.178397536277771 5.723179817199707 0
designation 0 617 11 8.789337158203125 5.213003635406494 0.5101761817932129
= 0 618 1 0.24528038501739502 1.3245608806610107 3.8884427547454834
= 0 619 1 4.9530153773957863e-05 0.0006674822070635855 1.3238933984539472
= 0 620 1 0.000156839654664509 0.001978850457817316 0
<eos> 0 621 5 19.615694046020508 3.831446409225464 0
<unk> 0 622 5 0.6140661239624023 2.7534267902374268 1.078019618988037
current 0 623 7 12.719195365905762 4.617404937744141 0
<unk> 0 624 5 2.714648485183716 5.8987908363342285 0
<unk> 0 625 5 1.175414800643921 4.590723514556885 1.3080673217773438
<unk> 0 626 5 2.2808420658111572 4.855247497558594 0
dates 0 627 5 12.98150634765625 4.574816703796387 0.28043079376220703
back 0 628 4 2.6761436462402344 3.3090293407440186 1.2657873630523682
to 0 629 2 0.2698476314544678 1.2265870571136475 2.082442283630371
<unk> 0 630 5 1.3590426445007324 2.3513379096984863 0
. 0 631 1 2.229433059692383 3.2167022228240967 0
<eos> 0 632 5 0.0005339073250070214 0.005024998914450407 3.2116772239096463
<unk> 0 633 5 2.9998726844787598 4.489636421203613 0
ran 0 634 3 12.089079856872559 4.218476295471191 0.2711601257324219
from 0 635 4 3.062760829925537 5.62907600402832 0
<unk> 0 636 5 0.3951941728591919 1.9421722888946533 3.686903715133667
<unk> 0 637 5 2.6305696964263916 2.936634063720703 0
in 0 638 2 4.261663913726807 3.446308135986328 0
<unk> 0 639 5 0.2243395745754242 1.1640400886535645 2.2822680473327637
to 0 640 2 0.3856869339942932 1.8055239915847778 0
the 0 641 3 2.8810038566589355 1.9702204465866089 0
northern 0 642 8 5.81312894821167 4.016938209533691 0
junction 0 643 8 7.391683578491211 3.906135082244873 0.11080312728881836
of 0 644 2 0.4352867007255554 1.8820852041244507 2.0240498781204224
<unk> 0 645 5 0.5541583299636841 2.304889440536499 0
<unk> 0 646 5 1.4420207738876343 3.4160959720611572 0
and 0 647 3 1.409734845161438 3.623859167098999 0
<unk> 0 648 5 0.5041787624359131 2.6245014667510986 0.9993577003479004
<unk> 0 649 5 0.3744516968727112 2.187248945236206 0.4372525215148926
<unk> 0 650 5 4.674098968505859 4.090003967285156 0
in 0 651 2 3.2679247856140137 4.476426124572754 0
<unk> 0 652 5 0.3865729868412018 1.6353896856307983 2.8410364389419556
<unk> 0 653 5 4.060209274291992 2.809755802154541 0
. 0 654 1 0.7298942804336548 2.5633387565612793 0.24641704559326172
<eos> 0 655 5 0.00014308246318250895 0.0015420319978147745 2.5617967245634645
<unk> 0 656 5 2.9410147666931152 4.623145580291748 0
highway 0 657 7 8.62369441986084 3.6323540210723877 0.9907915592193604
was 0 658 3 2.2236721515655518 4.685159683227539 0
routed 0 659 6 9.091389656066895 6.7935309410095215 0
through 0 660 7 4.6361541748046875 4.834690093994141 1.9588408470153809
<unk> 0 661 5 1.2837293148040771 3.251772403717041 1.5829176902770996
, 0 662 1 2.421302556991577 4.818628787994385 0
<unk> 0 663 5 1.5087034702301025 4.660519123077393 0.1581096649169922
and 0 664 3 2.539118766784668 3.067807197570801 1.5927119255065918
<unk> 0 665 5 0.6388026475906372 3.4374871253967285 0
, 0 666 1 1.861630916595459 4.528759479522705 0
replacing 0 667 9 7.660488605499268 5.469796657562256 0
<unk> 0 668 5 1.6935930252075195 3.212120771408081 2.257675886154175
<unk> 0 669 5 0.2572997808456421 1.7493219375610352 1.462798833847046
<unk> 0 670 5 3.3804030418395996 4.599277496337891 0
. 0 671 1 2.3780274391174316 4.461383819580078 0.1378936767578125
<eos> 0 672 5 0.00010456165909999982 0.0011770848650485277 4.46020673471503
<unk> 0 673 5 2.7305424213409424 4.733748912811279 0
late 0 674 4 18.440258026123047 3.9985382556915283 0.735210657119751
<unk> 0 675 5 1.6528935432434082 5.316061496734619 0
, 0 676 1 5.126742362976074 6.1478962898254395 0
<unk> 0 677 5 1.7988711595535278 5.915577411651611 0.23231887817382812
<unk> 0 678 5 1.6716148853302002 3.6999082565307617 2.2156691551208496
<unk> 0 679 5 2.308875560760498 4.27806282043457 0
was 0 680 3 3.4572200775146484 4.27597713470459 0.0020856857299804688
extended 0 681 8 4.361288547515869 7.142106533050537 0
along 0 682 5 6.520682334899902 4.6606011390686035 2.4815053939819336
the 0 683 3 0.7983213663101196 2.522932529449463 2.1376686096191406
section 0 684 7 9.76297664642334 5.112249851226807 0
between 0 685 7 2.763219118118286 3.513373851776123 1.5988759994506836
<unk> 0 686 5 0.3095192313194275 1.5325064659118652 1.9808673858642578
and 0 687 3 0.23419353365898132 1.2446681261062622 0.287838339805603
<unk> 0 688 5 0.19732874631881714 1.2538233995437622 0
<unk> 0 689 5 4.415187835693359 3.7314980030059814 0
, 0 690 1 2.3113038539886475 4.261307716369629 0
forming 0 691 7 10.403401374816895 5.7760009765625 0
a 0 692 1 1.6496782302856445 3.989621162414551 1.7863798141479492
<unk> 0 693 5 3.2776412963867188 6.823879241943359 0
<unk> 0 694 5 0.67003333568573 3.5612680912017822 3.262611150741577
<unk> 0 695 5 2.6740496158599854 4.358656883239746 0
/ 0 696 1 7.329017162322998 5.252339839935303 0
<unk> 0 697 5 0.2240094691514969 1.4182727336883545 3.8340671062469482
<unk> 0 698 5 1.7703783512115479 6.0582499504089355 0
<unk> 0 699 5 1.8158752918243408 5.2672224044799805 0.7910275459289551
concurrency 0 700 11 7.6476969718933105 5.586038589477539 0
to 0 701 2 4.613581657409668 4.5333147048950195 1.0527238845825195
fill 0 702 4 12.895771980285645 3.403357744216919 1.1299569606781006
a 0 703 1 4.293839931488037 4.112379550933838 0
gap 0 704 3 4.44489860534668 7.051288604736328 0
in 0 705 2 2.18866229057312 3.488398551940918 3.56289005279541
the 0 706 3 0.7052581906318665 2.3718032836914062 1.1165952682495117
<unk> 0 707 5 1.5610905885696411 5.495699405670166 0
<unk> 0 708 5 2.717949151992798 6.240336894989014 0
<unk> 0 709 5 2.104961633682251 5.70788049697876 0.5324563980102539
routing 0 710 7 10.507756233215332 6.233710765838623 0
. 0 711 1 1.5551167726516724 3.9132587909698486 2.3204519748687744
<eos> 0 712 5 3.852359805023298e-05 0.00048387801507487893 3.9127749129547738
<unk> 0 713 5 3.137249708175659 4.984342098236084 0
concurrent 0 714 10 16.694643020629883 4.619601249694824 0.36474084854125977
section 0 715 7 9.911174774169922 5.963281631469727 0
became 0 716 6 7.240634918212891 3.45011305809021 2.5131685733795166
just 0 717 4 11.175959587097168 4.369811058044434 0
<unk> 0 718 5 3.72268009185791 4.793212890625 0
<unk> 0 719 5 0.7150213718414307 3.70220685005188 1.0910060405731201
<unk> 0 720 5 1.8804912567138672 4.934988498687744 0
in 0 721 2 4.331969261169434 5.590702533721924 0
<unk> 0 722 5 0.35664257407188416 1.650911808013916 3.939790725708008
, 0 723 1 1.634641408920288 3.289307117462158 0
shortening 0 724 10 12.14026927947998 5.188523769378662 0
<unk> 0 725 5 3.4540843963623047 2.6031196117401123 2.58540415763855
<unk> 0 726 5 0.6038352251052856 3.2038662433624268 0
<unk> 0 727 5 2.9894602298736572 4.853776931762695 0
back 0 728 4 9.397101402282715 5.59318208694458 0
to 0 729 2 0.8324758410453796 3.0095813274383545 2.5836007595062256
the 0 730 3 2.606926679611206 2.996424913406372 0.013156414031982422
northern 0 731 8 6.076745510101318 6.059516906738281 0
<unk> 0 732 5 7.350973129272461 2.0000884532928467 4.059428453445435
<unk> 0 733 5 4.173038005828857 5.293390274047852 0
<unk> 0 734 5 2.3786191940307617 5.4644975662231445 0
junction 0 735 8 7.0265069007873535 5.421519756317139 0.04297780990600586
in 0 736 2 3.166027307510376 3.780287981033325 1.6412317752838135
<unk> 0 737 5 0.13136181235313416 0.7606386542320251 3.0196493268013
. 0 738 1 0.681048572063446 2.336697578430176 0
<eos> 0 739 5 3.852359805023298e-05 0.0004910988500341773 2.3362064795801416
<unk> 0 740 5 3.188783884048462 4.859588623046875 0
highway 0 741 7 8.803516387939453 3.9211266040802 0.9384620189666748
was 0 742 3 2.0287787914276123 5.022017002105713 0
moved 0 743 5 6.223927974700928 7.107606887817383 0
to 0 744 2 1.2202154397964478 3.9570164680480957 3.150590419769287
a 0 745 1 4.403193473815918 2.9653584957122803 0.9916579723358154
new 0 746 3 3.0119996070861816 7.445196151733398 0
alignment 0 747 9 2.5914180278778076 5.956846714019775 1.488349437713623
west 0 748 4 7.436459541320801 5.103529453277588 0.8533172607421875
of 0 749 2 0.13186527788639069 0.8012303709983826 4.302299082279205
<unk> 0 750 5 0.6148503422737122 2.0227975845336914 0
in 0 751 2 2.7392008304595947 4.653944969177246 0
late 0 752 4 7.536136627197266 1.4946916103363037 3.1592533588409424
<unk> 0 753 5 0.05802278220653534 0.35818877816200256 1.1365028321743011
or 0 754 2 7.243513107299805 3.432584285736084 0
early 0 755 5 1.0342100858688354 3.79986834526062 0
<unk> 0 756 5 0.1920977234840393 1.2684861421585083 2.531382203102112
. 0 757 1 1.2156119346618652 2.7238221168518066 0
<eos> 0 758 5 0.00017059670062735677 0.0018374958308413625 2.7219846210209653
<unk> 0 759 5 3.5633044242858887 4.823596954345703 0
of 0 760 2 8.128483772277832 3.084904432296753 1.7386925220489502
heading 0 761 7 21.133161544799805 2.526057243347168 0.558847188949585
northwesterly 0 762 13 13.471861839294434 6.174550533294678 0
to 0 763 2 3.252633571624756 5.542743682861328 0.6318068504333496
<unk> 0 764 5 0.9223304986953735 2.661123514175415 2.881620168685913
, 0 765 1 3.7212891578674316 4.438734531402588 0
it 0 766 2 6.021361827850342 5.043858528137207 0
was 0 767 3 1.3885027170181274 5.060113430023193 0
continued 0 768 9 10.576817512512207 7.559404373168945 0
west 0 769 4 6.826690196990967 4.809784412384033 2.749619960784912
to 0 770 2 1.784690022468567 3.866593837738037 0.9431905746459961
end 0 771 3 8.741914749145508 4.096938133239746 0
in 0 772 2 2.212878942489624 4.204531192779541 0
<unk> 0 773 5 0.4440619647502899 1.813735008239746 2.390796184539795
. 0 774 1 2.046307325363159 3.9653093814849854 0
<eos> 0 775 5 9.355552901979536e-05 0.0010291209910064936 3.964280260493979
<unk> 0 776 5 3.3672690391540527 5.041377544403076 0
<unk> 0 777 5 0.6293642520904541 3.599578380584717 1.4417991638183594
in 0 778 2 7.3738179206848145 4.783068656921387 0
<unk> 0 779 5 0.31759822368621826 1.6025946140289307 3.180474042892456
and 0 780 3 4.255461692810059 5.4500732421875 0
<unk> 0 781 5 0.7033456563949585 3.38956880569458 2.06050443649292
rerouted 0 782 8 13.63510799407959 3.8260209560394287 0
the 0 783 3 1.8619117736816406 4.738792419433594 0
western 0 784 7 6.204401969909668 5.859769344329834 0
end 0 785 3 4.103338241577148 4.570514678955078 1.2892546653747559
of 0 786 2 0.4228626787662506 1.7473000288009644 2.8232146501541138
the 0 787 3 0.9312735795974731 1.968692421913147 0
highway 0 788 7 4.189116477966309 4.653973579406738 0
again 0 789 5 9.936129570007324 4.874970436096191 0
. 0 790 1 2.473947048187256 4.229215621948242 0.6457548141479492
<eos> 0 791 5 8.805243123788387e-05 0.000968968728557229 4.228246653219685
<unk> 0 792 5 3.3064393997192383 4.976640701293945 0
time 0 793 4 16.034137725830078 3.642277717590332 1.3343629837036133
it 0 794 2 11.751684188842773 6.30089807510376 0
was 0 795 3 1.132157564163208 4.59486198425293 1.70603609085083
realigned 0 796 9 7.681854248046875 7.549289703369141 0
to 0 797 2 1.6183347702026367 4.33050537109375 3.2187843322753906
run 0 798 3 5.202831745147705 5.630752086639404 0
from 0 799 4 2.070830821990967 4.617748260498047 1.0130038261413574
<unk> 0 800 5 0.6535699367523193 2.5009589195251465 2.1167893409729004
to 0 801 2 1.142999529838562 3.7119274139404297 0
<unk> 0 802 5 0.29382339119911194 1.5786826610565186 2.133244752883911
<unk> 0 803 5 3.4586658477783203 4.343751430511475 0
, 0 804 1 2.4172396659851074 4.499128818511963 0
bypassing 0 805 9 7.375290393829346 5.696685314178467 0
<unk> 0 806 5 0.9978405833244324 2.785046100616455 2.9116392135620117
. 0 807 1 2.7932679653167725 4.369338035583496 0
<eos> 0 808 5 6.053662218619138e-05 0.0007070193532854319 4.368631016230211
<unk> 0 809 5 3.3122262954711914 4.923612117767334 0
larger 0 810 6 19.76854705810547 3.9017937183380127 1.0218183994293213
change 0 811 6 12.875175476074219 7.127470970153809 0
around 0 812 6 10.453078269958496 5.453372478485107 1.6740984916687012
<unk> 0 813 5 1.0681030750274658 1.8118489980697632 3.6415234804153442
reconfigured 0 814 12 18.581239700317383 5.001497745513916 0
the 0 815 3 1.6569689512252808 5.148972988128662 0
highway 0 816 7 6.3856730461120605 6.855623245239258 0
designations 0 817 12 11.146546363830566 5.402810096740723 1.4528131484985352
in 0 818 2 3.078662872314453 5.1472697257995605 0.2555403709411621
<unk> 0 819 5 0.6112180948257446 2.1985607147216797 2.948709011077881
<unk> 0 820 5 3.890810251235962 3.5618677139282227 0
. 0 821 1 1.4878342151641846 3.319756031036377 0.2421116828918457
<eos> 0 822 5 8.805243123788387e-05 0.0010007638484239578 3.318755267187953
<unk> 0 823 5 3.4275193214416504 4.774871826171875 0
<unk> 0 824 5 0.9016857743263245 4.492621421813965 0.28225040435791016
<unk> 0 825 5 3.1827948093414307 5.071323394775391 0
replaced 0 826 8 7.488268852233887 5.393215656280518 0
<unk> 0 827 5 1.5294926166534424 3.1600213050842285 2.233194351196289
<unk> 0 828 5 0.6514701843261719 3.089078426361084 0.07094287872314453
<unk> 0 829 5 3.168477773666382 4.703159809112549 0
west 0 830 4 10.476043701171875 4.683533191680908 0.019626617431640625
of 0 831 2 1.2133913040161133 3.9096286296844482 0.77390456199646
<unk> 0 832 5 0.48273178935050964 1.7567216157913208 2.1529070138931274
, 0 833 1 2.349039316177368 4.432990550994873 0
to 0 834 2 6.519339561462402 5.633110046386719 0
end 0 835 3 9.519898414611816 5.91179084777832 0
at 0 836 2 3.2514283657073975 3.82417368888855 2.0876171588897705
<unk> 0 837 5 0.6683355569839478 2.756441354751587 1.067732334136963
<unk> 0 838 5 1.3268998861312866 4.041518211364746 0
instead 0 839 7 10.732248306274414 4.230345726013184 0
of 0 840 2 1.2876272201538086 2.364449977874756 1.8658957481384277
<unk> 0 841 5 1.5343507528305054 5.156542778015137 0
. 0 842 1 1.6493549346923828 3.8632352352142334 1.2933075428009033
<eos> 0 843 5 3.852359805023298e-05 0.0004616995283868164 3.8627735356858466
<unk> 0 844 5 3.032863140106201 4.906749725341797 0
new 0 845 3 11.314270973205566 4.662818908691406 0.24393081665039062
<unk> 0 846 5 0.47482624650001526 2.996589183807373 1.6662297248840332
<unk> 0 847 5 4.374248027801514 6.648899555206299 0
<unk> 0 848 5 2.092510223388672 5.82726526260376 0.8216342926025391
designation 0 849 11 10.296751022338867 5.437840461730957 0.38942480087280273
replaced 0 850 8 7.4505510330200195 4.936053276062012 0.5017871856689453
<unk> 0 851 5 1.6771541833877563 3.427572250366211 1.5084810256958008
<unk> 0 852 5 0.8060511350631714 3.589010238647461 0
<unk> 0 853 5 2.7138848304748535 4.661017417907715 0
south 0 854 5 10.68276309967041 4.544829368591309 0.11618804931640625
of 0 855 2 1.0159276723861694 3.3092024326324463 1.2356269359588623
<unk> 0 856 5 0.5084412097930908 1.8658459186553955 1.4433565139770508
. 0 857 1 2.1793007850646973 4.290969371795654 0
<eos> 0 858 5 0.00021461838332470506 0.002195922192186117 4.288773449603468
<unk> 0 859 5 2.879154682159424 4.637067794799805 0
<unk> 0 860 5 1.0148435831069946 4.587933540344238 0.049134254455566406
<unk> 0 861 5 2.8387649059295654 5.123298168182373 0
now 0 862 3 10.112794876098633 5.381117820739746 0
ran 0 863 3 7.056735992431641 7.808581352233887 0
from 0 864 4 3.03324294090271 5.235545635223389 2.573035717010498
<unk> 0 865 5 0.44236406683921814 2.172375202178955 3.0631704330444336
to 0 866 2 1.0889830589294434 3.309782028198242 0
<unk> 0 867 5 0.2179143726825714 1.2636219263076782 2.046160101890564
only 0 868 4 12.582564353942871 3.8201236724853516 0
. 0 869 1 4.670245170593262 4.64680290222168 0
<eos> 0 870 5 9.355552901979536e-05 0.001045447657816112 4.645757454563864
<unk> 0 871 5 2.599081516265869 4.534021377563477 0
length 0 872 6 15.601181983947754 4.163026809692383 0.37099456787109375
of 0 873 2 3.642639398574829 5.906372547149658 0
the 0 874 3 1.5417624711990356 2.808546781539917 3.097825765609741
highway 0 875 7 5.092136859893799 5.445812225341797 0
was 0 876 3 2.292267322540283 5.896707057952881 0
increased 0 877 9 7.452950954437256 7.429089069366455 0
in 0 878 2 2.8872501850128174 4.125566482543945 3.3035225868225098
<unk> 0 879 5 0.7164493799209595 3.0112016201019287 1.1143648624420166
when 0 880 4 4.770063877105713 4.007948875427246 0
the 0 881 3 1.1663326025009155 3.6258938312530518 0.38205504417419434
eastern 0 882 7 7.904078960418701 5.600140571594238 0
end 0 883 3 4.250593662261963 4.056660175323486 1.543480396270752
was 0 884 3 2.812345504760742 1.9269248247146606 2.1297353506088257
moved 0 885 5 5.534789562225342 7.617524147033691 0
back 0 886 4 5.413570880889893 3.3200907707214355 4.297433376312256
to 0 887 2 0.3723493814468384 1.8089896440505981 1.5111011266708374
<unk> 0 888 5 0.6968050003051758 2.7897632122039795 0
<unk> 0 889 5 3.5702965259552 4.070775032043457 0
. 0 890 1 2.2399048805236816 4.505122184753418 0
<eos> 0 891 5 4.9530153773957863e-05 0.0005748234689235687 4.504547361284494
<unk> 0 892 5 3.328864574432373 4.842523574829102 0
<unk> 0 893 5 0.8599503636360168 4.339714050292969 0.5028095245361328
<unk> 0 894 5 2.8850350379943848 5.297732353210449 0
was 0 895 3 1.794975996017456 5.706009864807129 0
rerouted 0 896 8 6.655896186828613 7.598509788513184 0
to 0 897 2 1.2466431856155396 3.8207623958587646 3.777747392654419
follow 0 898 6 2.9914112091064453 5.961800575256348 0
the 0 899 3 1.3484761714935303 3.6187732219696045 2.343027353286743
<unk> 0 900 5 1.6463857889175415 5.851731777191162 0
<unk> 0 901 5 2.2817089557647705 6.19569206237793 0
freeway 0 902 7 6.370577335357666 5.946430206298828 0.24926185607910156
south 0 903 5 6.094847679138184 4.9202470779418945 1.0261831283569336
of 0 904 2 0.4850075840950012 1.9687682390213013 2.9514788389205933
<unk> 0 905 5 0.496853768825531 1.8891189098358154 0.07964932918548584
<unk> 0 906 5 3.3047826290130615 4.6263203620910645 0
to 0 907 2 4.044033050537109 4.706526279449463 0
<unk> 0 908 5 1.2571545839309692 3.9810354709625244 0.7254908084869385
<unk> 0 909 5 0.7357995510101318 3.0133211612701416 0.9677143096923828
, 0 910 1 2.752575397491455 4.144473552703857 0
and 0 911 3 2.5838894844055176 5.80832052230835 0
replaced 0 912 8 8.254183769226074 6.230615615844727 0
<unk> 0 913 5 2.0918731689453125 3.5630409717559814 2.667574644088745
<unk> 0 914 5 0.27030444145202637 1.8137599229812622 1.7492810487747192
<unk> 0 915 5 3.6613290309906006 4.851868629455566 0
between 0 916 7 7.6462178230285645 4.740116119384766 0.11175251007080078
<unk> 0 917 5 0.29839950799942017 1.460276484489441 3.2798396348953247
<unk> 0 918 5 3.660200595855713 1.3020706176757812 0.15820586681365967
and 0 919 3 0.508752167224884 2.003591775894165 0
<unk> 0 920 5 0.15687280893325806 1.0335360765457153 0.9700556993484497
. 0 921 1 2.9292938709259033 2.338547945022583 0
<eos> 0 922 5 1.1006847671524156e-05 0.00016320230497512966 2.338384742717608
<unk> 0 923 5 3.0827105045318604 4.690771102905273 0
freed 0 924 5 18.626996994018555 3.7394216060638428 0.9513494968414307
up 0 925 2 11.01380729675293 4.896177291870117 0
the 0 926 3 1.982724666595459 5.416079521179199 0
<unk> 0 927 5 1.9058635234832764 6.7847418785095215 0
to 0 928 2 6.107785224914551 6.424673557281494 0.36006832122802734
<unk> 0 929 5 1.0698407888412476 4.486011981964111 1.9386615753173828
<unk> 0 930 5 2.332253932952881 5.9262895584106445 0
highway 0 931 7 8.19898796081543 5.864392280578613 0.06189727783203125
for 0 932 3 6.183717250823975 5.7226457595825195 0.14174652099609375
a 0 933 1 3.751819372177124 4.925903797149658 0.7967419624328613
return 0 934 6 11.299994468688965 6.2896037101745605 0
to 0 935 2 0.5630464553833008 2.608454942703247 3.6811487674713135
the 0 936 3 2.0900349617004395 2.22815203666687 0.38030290603637695
<unk> 0 937 5 1.184357762336731 5.100359916687012 0
<unk> 0 938 5 3.0559253692626953 6.643784523010254 0
<unk> 0 939 5 1.9586650133132935 5.697413921356201 0.9463706016540527
designation 0 940 11 11.222264289855957 6.502223968505859 0
. 0 941 1 2.383115530014038 4.3731207847595215 2.129103183746338
<eos> 0 942 5 0.00014308246318250895 0.0015100770397111773 4.37161070771981
<unk> 0 943 5 3.334907293319702 4.7418107986450195 0
last 0 944 4 14.11055850982666 4.270909309387207 0.4709014892578125
change 0 945 6 12.605547904968262 7.8461456298828125 0
came 0 946 4 9.757047653198242 5.768563270568848 2.077582359313965
in 0 947 2 1.9217506647109985 3.93699312210083 1.8315701484680176
<unk> 0 948 5 0.24976564943790436 1.3508379459381104 2.5861551761627197
when 0 949 4 4.082481384277344 3.4558234214782715 0
the 0 950 3 1.076414704322815 3.2441818714141846 0.21164155006408691
concurrency 0 951 11 13.52897834777832 4.869470596313477 0
with 0 952 4 2.6503407955169678 4.4359660148620605 0.433504581451416
<unk> 0 953 5 0.8423186540603638 2.6625568866729736 1.773409128189087
<unk> 0 954 5 0.6424858570098877 3.189760208129883 0
<unk> 0 955 5 3.9844143390655518 4.744272232055664 0
was 0 956 3 1.6428552865982056 5.331054210662842 0
eliminated 0 957 10 9.303424835205078 7.1774373054504395 0
in 0 958 2 3.075448751449585 3.5251991748809814 3.652238130569458
favor 0 959 5 7.318181037902832 1.7115423679351807 1.8136568069458008
of 0 960 2 0.009647541679441929 0.0775325745344162 1.6340097934007645
<unk> 0 961 5 2.283273220062256 4.371951103210449 0
<unk> 0 962 5 0.7678722739219666 3.438978910446167 0.9329721927642822
<unk> 0 963 5 2.894368886947632 3.70865797996521 0
. 0 964 1 1.1472934484481812 3.7421329021453857 0
<eos> 0 965 5 3.852359805023298e-05 0.0004940215731039643 3.7416388805722818
<unk> 0 966 5 3.263286828994751 4.745091438293457 0
<unk> 0 967 5 0.9381172060966492 4.6338982582092285 0.11119318008422852
<unk> 0 968 5 2.544550657272339 5.151296615600586 0
<unk> 0 969 5 3.3928942680358887 5.505361557006836 0
designation 0 970 11 10.359676361083984 5.6508917808532715 0
was 0 971 3 0.8687105774879456 4.20943546295166 1.4414563179016113
truncated 0 972 9 8.180299758911133 7.370779991149902 0
at 0 973 2 7.151440620422363 3.974771738052368 3.396008253097534
this 0 974 4 4.918325424194336 2.8971898555755615 1.0775818824768066
time 0 975 4 0.24431723356246948 1.225854754447937 1.6713351011276245
to 0 976 2 4.223932266235352 3.929534912109375 0
the 0 977 3 2.4787487983703613 6.154597282409668 0
junction 0 978 8 7.611948013305664 5.597352981567383 0.5572443008422852
west 0 979 4 11.242566108703613 2.9839885234832764 2.6133644580841064
of 0 980 2 0.08932649344205856 0.6557209491729736 2.3282675743103027
<unk> 0 981 5 0.4817110002040863 1.7988543510437012 0
, 0 982 1 2.288445234298706 3.9945292472839355 0
resulting 0 983 9 9.270734786987305 5.336357116699219 0
in 0 984 2 0.027709968388080597 0.20413722097873688 5.132219895720482
the 0 985 3 1.748213291168213 4.538004398345947 0
current 0 986 7 7.292929649353027 7.204331874847412 0
highway 0 987 7 6.1006855964660645 6.939047813415527 0.26528406143188477
routing 0 988 7 7.825228691101074 6.638679504394531 0.3003683090209961
. 0 989 1 3.3869974613189697 5.722739219665527 0.9159402847290039
<eos> 0 990 5 2.751696047198493e-05 0.0003458156425040215 5.722393404023023
= 0 991 1 2.772963047027588 4.680593013763428 0
= 0 992 1 0.03508719056844711 0.219970241189003 4.460622772574425
<unk> 0 993 5 5.300140857696533 4.092743873596191 0
intersections 0 994 13 13.194125175476074 3.699810743331909 0.3929331302642822
= 0 995 1 0.08463194221258163 0.5060784816741943 3.193732261657715
= 0 996 1 1.3758546629105695e-05 0.00022734314552508295 0.5058511385286693
<eos> 0 997 5 19.35125732421875 2.9652154445648193 0
=========================================================================================
| End of testing | test loss  2.81 | test ppl    16.62
=========================================================================================
