word sentid sentpos wlen surp entropy entred
= 0 0 1 6.762388229370117 7.472126007080078 0
<unk> 0 1 5 3.3011107444763184 1.5629937648773193 5.909132242202759
<unk> 0 2 5 1.2154688835144043 5.523879051208496 0
b 0 3 1 13.029821395874023 3.0616955757141113 2.4621834754943848
= 0 4 1 0.6601189970970154 2.1994669437408447 0.8622286319732666
<eos> 0 5 5 12.513837814331055 1.298701286315918 0.9007656574249268
<unk> 0 6 5 0.14131465554237366 1.1952747106552124 0.10342657566070557
<unk> 0 7 5 0.9112837910652161 3.7519116401672363 0
b 0 8 1 9.027292251586914 3.7966952323913574 0
( 0 9 1 2.5403902530670166 3.279881477355957 0.5168137550354004
abbreviated 0 10 11 6.7470598220825195 3.2391157150268555 0.04076576232910156
<unk> 0 11 5 0.5256450176239014 2.926424503326416 0.31269121170043945
<unk> 0 12 5 1.8754117488861084 3.8738937377929688 0
b 0 13 1 8.92919921875 3.7167727947235107 0.157120943069458
, 0 14 1 3.4448041915893555 3.5360162258148193 0.1807565689086914
<unk> 0 15 5 0.8291270136833191 4.277658939361572 0
<unk> 0 16 5 1.3874568939208984 3.9553444385528564 0.3223145008087158
b 0 17 1 10.4888916015625 3.0917022228240967 0.8636422157287598
) 0 18 1 1.9087295532226562 3.4001169204711914 0
, 0 19 1 4.150129795074463 2.3486812114715576 1.0514357089996338
occasionally 0 20 12 13.791921615600586 5.754599571228027 0
designated 0 21 10 8.955032348632812 3.966501235961914 1.7880983352661133
<unk> 0 22 5 2.6875054836273193 3.46116042137146 0.5053408145904541
<unk> 0 23 5 2.554123878479004 4.351621150970459 0
<unk> 0 24 5 1.721238136291504 3.826184034347534 0.5254371166229248
( 0 25 1 2.9018948078155518 3.6191139221191406 0.20707011222839355
to 0 26 2 11.4180908203125 4.6192216873168945 0
distinguish 0 27 11 5.718629360198975 6.855108737945557 0
it 0 28 2 3.295164108276367 5.459604263305664 1.3955044746398926
from 0 29 4 0.17487739026546478 1.0381816625595093 4.421422600746155
the 0 30 3 1.611189842224121 4.499435901641846 0
red 0 31 3 10.418052673339844 5.370438098907471 0
dwarf 0 32 5 8.302242279052734 5.891216278076172 0
<unk> 0 33 5 3.410036087036133 5.238389015197754 0.652827262878418
<unk> 0 34 5 2.5045557022094727 5.695712566375732 0
<unk> 0 35 5 1.7617448568344116 4.673550605773926 1.0221619606018066
) 0 36 1 1.6885573863983154 4.795192241668701 0
, 0 37 1 1.5626989603042603 4.582233905792236 0.21295833587646484
also 0 38 4 7.96826171875 3.0954573154449463 1.48677659034729
named 0 39 5 6.377638339996338 7.494849681854248 0
<unk> 0 40 5 1.3294521570205688 4.337466239929199 3.157383441925049
, 0 41 1 3.025437593460083 5.144196510314941 0
is 0 42 2 1.8760322332382202 4.842299461364746 0.3018970489501953
an 0 43 2 3.4103031158447266 3.92277455329895 0.9195249080657959
<unk> 0 44 5 1.3400282859802246 5.884674549102783 0
planet 0 45 6 11.952448844909668 6.419331073760986 0
approximately 0 46 13 11.9236421585083 5.659692287445068 0.759638786315918
<unk> 0 47 5 0.40352362394332886 2.267404556274414 3.3922877311706543
light 0 48 5 7.835421085357666 4.282481670379639 0
<unk> 0 49 5 0.7692466378211975 3.242021083831787 1.0404605865478516
years 0 50 5 0.01621030643582344 0.15990842878818512 3.082112655043602
away 0 51 4 1.9381645917892456 3.7717092037200928 0
from 0 52 4 0.4819916784763336 1.7643646001815796 2.007344603538513
the 0 53 3 1.2280964851379395 3.0037052631378174 0
<unk> 0 54 5 1.0806427001953125 5.458264350891113 0
in 0 55 2 5.620109558105469 6.3061017990112305 0
the 0 56 3 1.4087635278701782 2.987152338027954 3.3189494609832764
constellation 0 57 13 5.655390739440918 5.3226141929626465 0
of 0 58 2 2.1258487701416016 3.3030948638916016 2.019519329071045
<unk> 0 59 5 0.21179726719856262 1.4106205701828003 1.8924742937088013
. 0 60 1 0.7516247630119324 2.717477321624756 0
<eos> 0 61 5 0.0024986346252262592 0.019256623461842537 2.6982206981629133
<unk> 0 62 5 4.125769138336182 4.096628665924072 0
planet 0 63 6 12.53221321105957 5.2509541511535645 0
orbits 0 64 6 9.578265190124512 4.628396511077881 0.6225576400756836
the 0 65 3 1.903220534324646 5.257778167724609 0
<unk> 0 66 5 2.1559579372406006 7.031490802764893 0
twin 0 67 4 13.24977970123291 6.51324987411499 0.5182409286499023
star 0 68 4 4.553375720977783 4.495395660400391 2.0178542137145996
, 0 69 1 2.6619791984558105 5.904019832611084 0
<unk> 0 70 5 2.5070390701293945 5.550734996795654 0.3532848358154297
<unk> 0 71 5 1.241072177886963 3.7545175552368164 1.796217441558838
<unk> 0 72 5 1.995293140411377 3.5848991870880127 0.1696183681488037
, 0 73 1 1.7186280488967896 3.663139581680298 0
approximately 0 74 13 11.17739200592041 5.377281188964844 0
every 0 75 5 10.2411470413208 1.8368268013000488 3.540454387664795
five 0 76 4 7.625003337860107 5.580949306488037 0
days 0 77 4 4.9141316413879395 4.159845352172852 1.4211039543151855
. 0 78 1 2.687793016433716 5.811577796936035 0
<eos> 0 79 5 0.0006301787798292935 0.005725620314478874 5.805852176621556
<unk> 0 80 5 3.2077529430389404 4.649077892303467 0
in 0 81 2 7.831665992736816 4.952690124511719 0
<unk> 0 82 5 1.1655305624008179 3.467942714691162 1.4847474098205566
<unk> 0 83 5 2.778273820877075 5.340156078338623 0
by 0 84 2 10.063736915588379 5.369750499725342 0
<unk> 0 85 5 0.9379838109016418 3.9800524711608887 1.3896980285644531
<unk> 0 86 5 0.7321137189865112 3.7121658325195312 0.2678866386413574
and 0 87 3 4.723862648010254 3.733182430267334 0
<unk> 0 88 5 0.5669126510620117 3.253851890563965 0.47933053970336914
<unk> 0 89 5 0.2283351868391037 1.6506242752075195 1.6032276153564453
<unk> 0 90 5 1.4928810596466064 3.8319265842437744 0
, 0 91 1 1.5444331169128418 4.080859184265137 0
it 0 92 2 3.805034875869751 5.850505352020264 0
was 0 93 3 1.8172374963760376 3.9219141006469727 1.928591251373291
one 0 94 3 6.106733798980713 6.896035671234131 0
of 0 95 2 0.030805526301264763 0.30739957094192505 6.588636100292206
the 0 96 3 0.4895809590816498 2.1708059310913086 0
first 0 97 5 2.1496949195861816 5.460290908813477 0
hot 0 98 3 13.072123527526855 7.0801472663879395 0
<unk> 0 99 5 1.1301488876342773 4.761374473571777 2.318772792816162
to 0 100 2 3.53576922416687 6.666434288024902 0
be 0 101 2 1.6055116653442383 5.589292526245117 1.0771417617797852
discovered 0 102 10 4.570459365844727 7.644943714141846 0
. 0 103 1 4.751094818115234 3.730234146118164 3.9147095680236816
<eos> 0 104 5 0.0003576795570552349 0.003479995997622609 3.7267541501205415
<unk> 0 105 5 2.834907054901123 5.120760917663574 0
is 0 106 2 3.525627851486206 5.64339542388916 0
also 0 107 4 4.593997955322266 5.951264381408691 0
one 0 108 3 5.115626811981201 5.48334264755249 0.46792173385620117
of 0 109 2 0.010107189416885376 0.11330468207597733 5.370037965476513
the 0 110 3 0.4383191466331482 2.023533344268799 0
first 0 111 5 4.76669454574585 5.351720809936523 0
non 0 112 3 8.591798782348633 7.10295295715332 0
<unk> 0 113 5 0.008282767608761787 0.07633626461029053 7.02661669254303
resolved 0 114 8 17.84933853149414 6.091447353363037 0
planets 0 115 7 4.477112770080566 7.078294277191162 0
to 0 116 2 1.9382554292678833 3.8537697792053223 3.22452449798584
be 0 117 2 1.2203365564346313 4.541011333465576 0
detected 0 118 8 6.958481311798096 6.98014497756958 0
directly 0 119 8 10.030389785766602 4.126882076263428 2.8532629013061523
. 0 120 1 3.4660282135009766 4.677838325500488 0
<eos> 0 121 5 0.00023662872263230383 0.002411244437098503 4.67542708106339
<unk> 0 122 5 2.8288698196411133 5.053529262542725 0
<unk> 0 123 5 2.164193868637085 5.064150810241699 0
b 0 124 1 8.67841625213623 4.89165735244751 0.17249345779418945
is 0 125 2 1.5640075206756592 4.250626564025879 0.6410307884216309
the 0 126 3 1.687207579612732 5.2305450439453125 0
innermost 0 127 9 8.855262756347656 6.137875080108643 0
known 0 128 5 5.907481670379639 6.202993392944336 0
planet 0 129 6 2.5222702026367188 5.700949192047119 0.5020442008972168
in 0 130 2 2.4053549766540527 4.410668849945068 1.2902803421020508
its 0 131 3 5.807034015655518 3.3936305046081543 1.017038345336914
planetary 0 132 9 7.437081336975098 7.683549404144287 0
system 0 133 6 1.4359643459320068 5.188222408294678 2.4953269958496094
. 0 134 1 1.4349048137664795 2.788320779800415 2.3999016284942627
<eos> 0 135 5 0.000968625012319535 0.008297302760183811 2.7800234770402312
<unk> 0 136 5 3.469433546066284 4.855819225311279 0
<unk> 0 137 5 2.0502092838287354 4.605682849884033 0.2501363754272461
<unk> 0 138 5 2.50368070602417 4.27626371383667 0.3294191360473633
the 0 139 3 8.551562309265137 4.026183128356934 0.25008058547973633
<unk> 0 140 5 1.7999552488327026 6.669192790985107 0
<unk> 0 141 5 1.9209539890289307 6.485787868499756 0.18340492248535156
<unk> 0 142 5 1.0944384336471558 4.944031238555908 1.5417566299438477
launched 0 143 8 14.383243560791016 5.592796802520752 0
a 0 144 1 3.539332866668701 5.261710166931152 0.3310866355895996
process 0 145 7 10.401530265808105 7.732347011566162 0
for 0 146 3 4.33583402633667 5.258458137512207 2.473888874053955
giving 0 147 6 11.538152694702148 5.744299411773682 0
proper 0 148 6 11.342218399047852 5.612863063812256 0.13143634796142578
names 0 149 5 6.034930229187012 9.04649829864502 0
to 0 150 2 2.4577226638793945 4.488343238830566 4.558155059814453
certain 0 151 7 10.343914985656738 5.320047855377197 0
<unk> 0 152 5 3.273524761199951 7.3538899421691895 0
and 0 153 3 4.230935573577881 6.459902286529541 0.8939876556396484
their 0 154 5 9.294557571411133 4.754480838775635 1.7054214477539062
host 0 155 4 6.0683488845825195 8.29857063293457 0
stars 0 156 5 1.7053593397140503 5.2343268394470215 3.064243793487549
. 0 157 1 1.2036831378936768 3.4007320404052734 1.833594799041748
<eos> 0 158 5 0.0006439312710426748 0.005731616169214249 3.395000424236059
<unk> 0 159 5 2.8748276233673096 5.395664691925049 0
process 0 160 7 17.135019302368164 5.621363162994385 0
involved 0 161 8 13.000958442687988 5.662330150604248 0
public 0 162 6 12.938037872314453 6.921341419219971 0
nomination 0 163 10 15.587369918823242 8.90517807006836 0
and 0 164 3 3.238422393798828 4.814871788024902 4.090306282043457
voting 0 165 6 13.29031753540039 8.718755722045898 0
for 0 166 3 2.634434461593628 6.662790775299072 2.055964946746826
the 0 167 3 0.9263439774513245 4.350235939025879 2.3125548362731934
new 0 168 3 6.418308734893799 6.901365280151367 0
names 0 169 5 10.984358787536621 6.724974155426025 0.1763911247253418
. 0 170 1 3.3132238388061523 4.852756977081299 1.8722171783447266
<eos> 0 171 5 0.006628952920436859 0.043129608035087585 4.809627369046211
<unk> 0 172 5 3.060141086578369 5.40447998046875 0
<unk> 0 173 5 1.822174072265625 6.110780239105225 0
<unk> 0 174 5 2.0861260890960693 5.540462970733643 0.570317268371582
, 0 175 1 3.052443027496338 5.778807163238525 0
the 0 176 3 2.9002203941345215 5.483368873596191 0.295438289642334
<unk> 0 177 5 1.9115389585494995 6.887561798095703 0
announced 0 178 9 9.456753730773926 6.711628437042236 0.1759333610534668
the 0 179 3 2.6903603076934814 4.883518218994141 1.8281102180480957
winning 0 180 7 10.706933975219727 8.149855613708496 0
name 0 181 4 4.643270015716553 8.138790130615234 0.011065483093261719
was 0 182 3 7.122738361358643 4.556007385253906 3.582782745361328
<unk> 0 183 5 3.7495381832122803 7.433388710021973 0
for 0 184 3 6.442033767700195 4.187498092651367 3.2458906173706055
this 0 185 4 7.301314353942871 5.176921844482422 0
planet 0 186 6 5.242518424987793 8.0445556640625 0
. 0 187 1 1.4415254592895508 3.9603981971740723 4.084157466888428
<eos> 0 188 5 0.002019897336140275 0.015769951045513153 3.944628246128559
<unk> 0 189 5 2.632638931274414 5.2097697257995605 0
winning 0 190 7 15.846450805664062 5.651535987854004 0
name 0 191 4 10.060957908630371 5.561951160430908 0.0895848274230957
was 0 192 3 3.341506004333496 5.638927459716797 0
submitted 0 193 9 8.932951927185059 7.526058673858643 0
by 0 194 2 2.634953022003174 3.0638084411621094 4.462250232696533
the 0 195 3 1.119213581085205 3.154200315475464 0
<unk> 0 196 5 0.6215315461158752 3.837820291519165 0
<unk> 0 197 5 1.7415966987609863 6.376519680023193 0
<unk> 0 198 5 1.490046739578247 5.367706298828125 1.0088133811950684
of 0 199 2 5.33939266204834 5.231166839599609 0.13653945922851562
<unk> 0 200 5 1.1082837581634521 2.391742706298828 2.8394241333007812
and 0 201 3 4.243323802947998 4.625154495239258 0
honours 0 202 7 17.47475814819336 6.30824613571167 0
the 0 203 3 7.230500221252441 4.989569664001465 1.318676471710205
11th 0 204 4 14.70716381072998 3.303347110748291 1.6862225532531738
<unk> 0 205 5 2.6036150455474854 6.072995185852051 0
astronomer 0 206 10 12.846659660339355 6.103543281555176 0
<unk> 0 207 5 3.704740047454834 4.315838813781738 1.7877044677734375
al 0 208 2 10.838913917541504 4.141732215881348 0.17410659790039062
<unk> 0 209 5 0.0866793543100357 0.7885265946388245 3.353205621242523
<unk> 0 210 5 0.721178412437439 3.098088264465332 0
of 0 211 2 4.831263542175293 4.581997871398926 0
<unk> 0 212 5 1.2126951217651367 2.213930368423462 2.368067502975464
<unk> 0 213 5 2.705672264099121 4.148233890533447 0
. 0 214 1 2.6393284797668457 4.0683088302612305 0.0799250602722168
<eos> 0 215 5 0.008233177475631237 0.052656929939985275 4.015651900321245
= 0 216 1 2.71502947807312 4.943620204925537 0
= 0 217 1 0.31380364298820496 1.366774082183838 3.576846122741699
<unk> 0 218 5 4.431995868682861 5.616396903991699 0
= 0 219 1 1.2941803932189941 5.483931064605713 0.13246583938598633
= 0 220 1 0.001417128718458116 0.017279764637351036 5.466651299968362
<eos> 0 221 5 18.013370513916016 4.187198638916016 0
<unk> 0 222 5 1.0877779722213745 4.7908711433410645 0
the 0 223 3 8.917187690734863 5.148782730102539 0
majority 0 224 8 13.62121868133545 5.993342399597168 0
of 0 225 2 0.26633918285369873 1.970325231552124 4.023017168045044
known 0 226 5 12.588743209838867 4.138423919677734 0
<unk> 0 227 5 1.8074827194213867 6.9559526443481445 0
planets 0 228 7 5.149579048156738 7.1984357833862305 0
, 0 229 1 2.8607897758483887 5.355624198913574 1.8428115844726562
<unk> 0 230 5 2.3920116424560547 6.078190326690674 0
<unk> 0 231 5 1.8745392560958862 4.224299907684326 1.8538904190063477
b 0 232 1 10.36797046661377 3.5285770893096924 0.6957228183746338
was 0 233 3 9.513786315917969 3.353618621826172 0.1749584674835205
detected 0 234 8 9.298911094665527 6.805509090423584 0
by 0 235 2 1.7039133310317993 3.9424099922180176 2.8630990982055664
the 0 236 3 1.5992460250854492 3.202760696411133 0.7396492958068848
variations 0 237 10 17.196184158325195 3.9601495265960693 0
in 0 238 2 1.7839031219482422 3.6320927143096924 0.32805681228637695
its 0 239 3 6.767460823059082 6.240846633911133 0
star 0 240 4 5.973376750946045 8.894865989685059 0
's 0 241 2 3.9189369678497314 6.113244533538818 2.7816214561462402
radial 0 242 6 7.423306465148926 8.510951042175293 0
velocity 0 243 8 0.2190317064523697 1.7715771198272705 6.7393739223480225
caused 0 244 6 12.614127159118652 4.955101013183594 0
by 0 245 2 0.28790438175201416 1.8715237379074097 3.083577275276184
the 0 246 3 1.3347325325012207 5.202999591827393 0
planet 0 247 6 6.454025745391846 8.675593376159668 0
's 0 248 2 1.2256418466567993 4.029734134674072 4.645859241485596
gravity 0 249 7 5.212991237640381 9.066658020019531 0
. 0 250 1 1.5164810419082642 4.896951675415039 4.169706344604492
<eos> 0 251 5 0.0013593981275334954 0.011068030260503292 4.885883645154536
<unk> 0 252 5 3.2570981979370117 5.623344898223877 0
variations 0 253 10 14.240819931030273 6.062173843383789 0
were 0 254 4 3.2286274433135986 5.527712821960449 0.5344610214233398
detected 0 255 8 5.950283050537109 7.5739946365356445 0
by 0 256 2 2.134915590286255 4.1022443771362305 3.471750259399414
making 0 257 6 13.957990646362305 4.371048450469971 0
sensitive 0 258 9 14.533400535583496 6.747899055480957 0
measurements 0 259 12 2.1408209800720215 6.085278034210205 0.662621021270752
of 0 260 2 1.5460937023162842 4.86755895614624 1.2177190780639648
the 0 261 3 1.5084517002105713 6.033901214599609 0
<unk> 0 262 5 2.8573927879333496 8.842552185058594 0
shift 0 263 5 12.870035171508789 7.827032089233398 1.0155200958251953
of 0 264 2 2.4756557941436768 5.323405742645264 2.5036263465881348
<unk> 0 265 5 2.8351380825042725 5.621652603149414 0
<unk> 0 266 5 2.020419120788574 5.656841278076172 0
's 0 267 2 4.386599063873291 4.428874969482422 1.22796630859375
spectrum 0 268 8 7.059606075286865 8.988519668579102 0
. 0 269 1 1.8414993286132812 4.715470314025879 4.273049354553223
<eos> 0 270 5 0.0006329292664304376 0.005637054797261953 4.709833259228617
<unk> 0 271 5 3.2621586322784424 5.707069396972656 0
planet 0 272 6 12.778687477111816 6.497207164764404 0
's 0 273 2 3.9564127922058105 6.296627521514893 0.20057964324951172
existence 0 274 9 8.092133522033691 8.70958137512207 0
was 0 275 3 1.9183053970336914 5.545006275177002 3.1645750999450684
announced 0 276 9 6.483335971832275 8.577682495117188 0
in 0 277 2 1.6531109809875488 3.5769660472869873 5.0007164478302
<unk> 0 278 5 0.26255011558532715 1.3646430969238281 2.212322950363159
<unk> 0 279 5 1.4197841882705688 3.42462420463562 0
, 0 280 1 1.7078454494476318 3.3670449256896973 0.05757927894592285
together 0 281 8 12.975442886352539 4.964432716369629 0
with 0 282 4 0.03135053813457489 0.2863142192363739 4.678118497133255
<unk> 0 283 5 2.128107786178589 3.919771671295166 0
<unk> 0 284 5 1.0970869064331055 4.181264400482178 0
b 0 285 1 9.676132202148438 4.093679428100586 0.0875849723815918
and 0 286 3 2.7068610191345215 4.152535438537598 0
the 0 287 3 3.9674057960510254 3.9425735473632812 0.2099618911743164
planet 0 288 6 7.213222026824951 5.982265949249268 0
orbiting 0 289 8 10.811657905578613 4.582963943481445 1.3993020057678223
<unk> 0 290 5 1.8929345607757568 4.038320064544678 0.5446438789367676
<unk> 0 291 5 2.2222180366516113 4.694962024688721 0
. 0 292 1 1.9803638458251953 4.291610240936279 0.4033517837524414
<eos> 0 293 5 0.0017418202478438616 0.014018426649272442 4.277591814287007
<unk> 0 294 5 2.9686999320983887 5.211787223815918 0
<unk> 0 295 5 1.8646537065505981 5.9434003829956055 0
<unk> 0 296 5 2.031094551086426 5.725167751312256 0.2182326316833496
b 0 297 1 9.54548168182373 5.931981086730957 0
, 0 298 1 4.274046897888184 5.3527703285217285 0.5792107582092285
the 0 299 3 3.4762535095214844 5.750794887542725 0
first 0 300 5 3.183298349380493 7.035874843597412 0
<unk> 0 301 5 2.534273147583008 7.497722625732422 0
planet 0 302 6 4.459493637084961 7.202182292938232 0.29554033279418945
discovered 0 303 10 6.399960041046143 5.261695861816406 1.9404864311218262
around 0 304 6 8.892526626586914 3.6452274322509766 1.6164684295654297
a 0 305 1 4.929479598999023 2.7655584812164307 0.8796689510345459
normal 0 306 6 11.856926918029785 7.624056816101074 0
star 0 307 4 4.090395450592041 7.373969554901123 0.25008726119995117
, 0 308 1 1.2639485597610474 4.475805282592773 2.8981642723083496
<unk> 0 309 5 4.814244270324707 5.211825370788574 0
<unk> 0 310 5 1.8399502038955688 5.86824893951416 0
b 0 311 1 8.73641586303711 5.499458312988281 0.3687906265258789
orbits 0 312 6 9.717496871948242 4.956790924072266 0.5426673889160156
very 0 313 4 11.08554458618164 5.584654808044434 0
close 0 314 5 2.228315830230713 6.095844268798828 0
to 0 315 2 0.19323702156543732 1.124193549156189 4.971650719642639
its 0 316 3 3.641711950302124 3.9475784301757812 0
star 0 317 4 3.71347975730896 7.425063610076904 0
, 0 318 1 2.307575225830078 4.839468479156494 2.58559513092041
closer 0 319 6 12.582975387573242 6.2552289962768555 0
than 0 320 4 3.8143935203552246 1.8000571727752686 4.455171823501587
<unk> 0 321 5 2.4375088214874268 4.635777473449707 0
does 0 322 4 13.055486679077148 5.104676246643066 0
to 0 323 2 7.802330017089844 3.4725537300109863 1.63212251663208
our 0 324 3 11.104120254516602 6.442001819610596 0
<unk> 0 325 5 4.129777908325195 7.817066192626953 0
. 0 326 1 2.7964847087860107 6.819880962371826 0.997185230255127
<eos> 0 327 5 0.002963654464110732 0.021816177293658257 6.798064785078168
<unk> 0 328 5 2.728898286819458 5.531476974487305 0
planet 0 329 6 11.19336986541748 5.346166133880615 0.18531084060668945
takes 0 330 5 9.162940979003906 5.92190408706665 0
<unk> 0 331 5 3.0415573120117188 5.335859298706055 0.5860447883605957
<unk> 0 332 5 2.1310107707977295 5.661971569061279 0
<eos> 0 333 5 2.6993956565856934 2.638364791870117 3.023606777191162
@ 0 334 1 2.751696047198493e-05 0.00043883296893909574 2.637925958901178
<unk> 0 335 5 0.004053263459354639 0.04862356558442116 0
days 0 336 4 4.060196876525879 4.864899635314941 0
to 0 337 2 1.8338578939437866 4.235847473144531 0.6290521621704102
complete 0 338 8 3.034621477127075 6.074606895446777 0
an 0 339 2 7.078492164611816 5.1634745597839355 0.9111323356628418
orbit 0 340 5 1.2668957710266113 5.0214338302612305 0.14204072952270508
, 0 341 1 2.80595064163208 5.446526527404785 0
with 0 342 4 4.075949192047119 6.01737117767334 0
a 0 343 1 2.5573296546936035 5.421812057495117 0.5955591201782227
<unk> 0 344 5 3.2351958751678467 7.648848056793213 0
axis 0 345 4 10.414385795593262 5.944613456726074 1.7042346000671387
of 0 346 2 1.594663143157959 6.138690948486328 0
<unk> 0 347 5 1.368926763534546 3.4097602367401123 2.728930711746216
<unk> 0 348 5 0.7048316597938538 3.5624828338623047 0
<eos> 0 349 5 0.8942822217941284 2.382887840270996 1.1795949935913086
@ 0 350 1 1.3758546629105695e-05 0.00022871879627928138 2.382659121474717
<unk> 0 351 5 0.001824441715143621 0.023541009053587914 0
<unk> 0 352 5 1.6331087350845337 4.729629039764404 0
. 0 353 1 2.560150384902954 4.107640743255615 0.6219882965087891
<eos> 0 354 5 0.000522732560057193 0.004914622753858566 4.102726120501757
<unk> 0 355 5 3.0430843830108643 5.556529521942139 0
limitation 0 356 10 22.53897476196289 5.331425189971924 0.22510433197021484
of 0 357 2 3.859779119491577 6.327688694000244 0
the 0 358 3 0.9612509608268738 4.112349987030029 2.215338706970215
radial 0 359 6 5.933605194091797 7.631560325622559 0
velocity 0 360 8 0.12976299226284027 1.1285021305084229 6.503058195114136
method 0 361 6 7.434986114501953 6.469283580780029 0
used 0 362 4 7.809030532836914 5.800806045532227 0.6684775352478027
to 0 363 2 2.2014358043670654 4.504374980926514 1.296431064605713
detect 0 364 6 5.7865309715271 7.545923233032227 0
<unk> 0 365 5 3.202495813369751 5.645130157470703 1.9007930755615234
<unk> 0 366 5 2.742157459259033 7.159894943237305 0
b 0 367 1 7.480649471282959 6.554210662841797 0.6056842803955078
is 0 368 2 2.4711663722991943 5.696099758148193 0.8581109046936035
that 0 369 4 6.787486553192139 7.402228355407715 0
only 0 370 4 7.825473308563232 5.465724945068359 1.9365034103393555
a 0 371 1 2.7858245372772217 5.100682735443115 0.36504220962524414
lower 0 372 5 9.068068504333496 6.863889694213867 0
limit 0 373 5 4.335704803466797 7.819510459899902 0
on 0 374 2 7.348367214202881 5.27649450302124 2.543015956878662
the 0 375 3 0.8798288106918335 4.019435882568359 1.2570586204528809
mass 0 376 4 5.9350128173828125 8.217083930969238 0
can 0 377 3 6.156559467315674 5.858322620391846 2.3587613105773926
be 0 378 2 0.700148344039917 4.077155590057373 1.7811670303344727
found 0 379 5 4.66489315032959 7.509347915649414 0
. 0 380 1 3.025714159011841 4.955945014953613 2.553402900695801
<eos> 0 381 5 0.00039344263495877385 0.003764771157875657 4.952180243795738
<unk> 0 382 5 3.558709144592285 5.788566589355469 0
the 0 383 3 8.329740524291992 6.153459548950195 0
case 0 384 4 12.704713821411133 8.87269115447998 0
of 0 385 2 2.7327122688293457 6.21715784072876 2.6555333137512207
<unk> 0 386 5 2.1488351821899414 5.726877212524414 0.4902806282043457
<unk> 0 387 5 1.7729099988937378 6.123622417449951 0
b 0 388 1 7.0757832527160645 5.748185634613037 0.37543678283691406
, 0 389 1 3.579993724822998 5.35128927230835 0.3968963623046875
this 0 390 4 7.949124813079834 6.368933200836182 0
lower 0 391 5 13.061111450195312 8.010320663452148 0
limit 0 392 5 3.5034379959106445 7.539979457855225 0.47034120559692383
is 0 393 2 1.8502017259597778 5.503779411315918 2.0362000465393066
<unk> 0 394 5 3.3680615425109863 7.449522972106934 0
<unk> 0 395 5 1.0235196352005005 4.441634654998779 3.0078883171081543
<eos> 0 396 5 0.8882008790969849 2.3574368953704834 2.084197759628296
@ 0 397 1 5.503434294951148e-06 9.200778004014865e-05 2.3573448875904432
<unk> 0 398 5 0.0018933179089799523 0.024798963218927383 0
% 0 399 1 5.72511100769043 4.7465925216674805 0
of 0 400 2 2.6607697010040283 4.801939964294434 0
the 0 401 3 0.8182232975959778 3.644683837890625 1.1572561264038086
mass 0 402 4 3.600512981414795 7.165231227874756 0
of 0 403 2 2.3557028770446777 6.219420909881592 0.9458103179931641
<unk> 0 404 5 2.787794828414917 4.335052013397217 1.884368896484375
, 0 405 1 3.0682475566864014 4.939681053161621 0
though 0 406 6 7.401804447174072 5.970135688781738 0
depending 0 407 9 13.742691040039062 5.507066249847412 0.46306943893432617
on 0 408 2 0.05486394837498665 0.3833273649215698 5.123738884925842
the 0 409 3 0.6428078413009644 3.49853777885437 0
inclination 0 410 11 8.150927543640137 8.839879989624023 0
of 0 411 2 0.7355408668518066 3.0039446353912354 5.835935354232788
the 0 412 3 0.780076265335083 3.9312992095947266 0
orbit 0 413 5 5.500321388244629 7.856703281402588 0
, 0 414 1 2.091707944869995 4.796229362487793 3.060473918914795
the 0 415 3 1.6610195636749268 5.301313400268555 0
true 0 416 4 11.416337013244629 8.551982879638672 0
mass 0 417 4 4.6539177894592285 8.542353630065918 0.009629249572753906
may 0 418 3 7.536018371582031 5.681150913238525 2.8612027168273926
be 0 419 2 0.8968110084533691 4.005303859710693 1.675847053527832
much 0 420 4 7.349722862243652 8.323431015014648 0
greater 0 421 7 4.334595680236816 4.481877326965332 3.8415536880493164
. 0 422 1 3.969487428665161 1.6986093521118164 2.7832679748535156
<eos> 0 423 5 0.001783045707270503 0.014213599264621735 1.6843957528471947
<unk> 0 424 5 3.178581953048706 5.699833393096924 0
, 0 425 1 4.556987285614014 5.858656883239746 0
astronomers 0 426 11 12.472151756286621 6.329804420471191 0
found 0 427 5 8.133720397949219 5.12254524230957 1.207259178161621
recently 0 428 8 15.627409934997559 5.319697856903076 0
that 0 429 4 5.122646331787109 7.488089561462402 0
inclination 0 430 11 13.127556800842285 6.1723809242248535 1.3157086372375488
of 0 431 2 3.712592363357544 6.237027168273926 0
the 0 432 3 1.4157335758209229 5.563543319702148 0.6734838485717773
orbital 0 433 7 7.24187707901001 7.448112487792969 0
plane 0 434 5 3.0033838748931885 6.3604536056518555 1.0876588821411133
is 0 435 2 3.340263605117798 6.435235977172852 0
around 0 436 6 8.011540412902832 7.825782775878906 0
<unk> 0 437 5 0.6984009742736816 2.99733567237854 4.828447103500366
<unk> 0 438 5 1.1624815464019775 4.042145252227783 0
and 0 439 3 7.489102840423584 2.264557123184204 1.777588129043579
the 0 440 3 3.7955071926116943 6.434378147125244 0
true 0 441 4 10.295336723327637 8.477121353149414 0
mass 0 442 4 5.075876712799072 8.53022289276123 0
may 0 443 3 9.355264663696289 5.048388957977295 3.4818339347839355
be 0 444 2 1.1262855529785156 3.9216275215148926 1.1267614364624023
about 0 445 5 6.383786678314209 7.615136623382568 0
<unk> 0 446 5 0.2932676076889038 1.8131704330444336 5.801966190338135
<unk> 0 447 5 1.3918981552124023 3.968221664428711 0
<eos> 0 448 5 0.5736515522003174 1.6661694049835205 2.3020522594451904
@ 0 449 1 0.0 2.25295516429469e-05 1.6661468754318776
<unk> 0 450 5 0.00170883908867836 0.022962570190429688 0
<unk> 0 451 5 1.8697595596313477 4.715554714202881 0
. 0 452 1 2.0194242000579834 4.15031623840332 0.5652384757995605
<eos> 0 453 5 0.0008008728618733585 0.007209697738289833 4.1431065406650305
<unk> 0 454 5 3.1368491649627686 5.7093400955200195 0
is 0 455 2 3.1088931560516357 5.957275390625 0
not 0 456 3 5.023340702056885 6.735061168670654 0
to 0 457 2 8.273550033569336 7.6952805519104 0
be 0 458 2 1.2378594875335693 5.430161476135254 2.2651190757751465
assumed 0 459 7 9.840694427490234 7.952052593231201 0
; 0 460 1 7.171628475189209 3.8824777603149414 4.06957483291626
the 0 461 3 2.740729331970215 5.55674934387207 0
mutual 0 462 6 14.139607429504395 8.695941925048828 0
inclination 0 463 11 6.8629045486450195 8.986726760864258 0
between 0 464 7 7.026725769042969 4.489328384399414 4.497398376464844
c 0 465 1 10.971881866455078 4.7387614250183105 0
and 0 466 3 0.8504170179367065 2.769874334335327 1.9688870906829834
d 0 467 1 3.8359532356262207 4.430556774139404 0
is 0 468 2 2.1972944736480713 5.579036712646484 0
<unk> 0 469 5 4.475582599639893 7.8784074783325195 0
degrees 0 470 7 8.094828605651855 4.520785331726074 3.3576221466064453
. 0 471 1 1.3237297534942627 3.6367599964141846 0.8840253353118896
<eos> 0 472 5 0.001015372108668089 0.008874471299350262 3.6278855251148343
= 0 473 1 2.8839192390441895 5.730734825134277 0
= 0 474 1 0.11546234786510468 0.6796603798866272 5.05107444524765
<unk> 0 475 5 4.856809139251709 4.438490867614746 0
characteristics 0 476 15 9.441848754882812 5.310399055480957 0
= 0 477 1 0.1073887050151825 0.5504445433616638 4.759954512119293
= 0 478 1 4.6778521209489554e-05 0.0007295379182323813 0.5497150054434314
<eos> 0 479 5 18.202625274658203 4.699682712554932 0
<unk> 0 480 5 1.304917573928833 5.031332969665527 0
the 0 481 3 8.517303466796875 5.375060558319092 0
planet 0 482 6 5.309337139129639 7.639404773712158 0
's 0 483 2 3.2391955852508545 4.348574638366699 3.290830135345459
high 0 484 4 9.373428344726562 7.495663166046143 0
mass 0 485 4 4.135896682739258 6.284551620483398 1.2111115455627441
, 0 486 1 3.1287992000579834 5.8202738761901855 0.4642777442932129
it 0 487 2 5.7480878829956055 6.755061626434326 0
is 0 488 2 0.6771465539932251 3.0638458728790283 3.691215753555298
likely 0 489 6 7.947268962860107 7.266881942749023 0
that 0 490 4 1.7760661840438843 4.253791332244873 3.0130906105041504
<unk> 0 491 5 2.5661091804504395 4.587986469268799 0
<unk> 0 492 5 1.8053390979766846 5.287307262420654 0
b 0 493 1 6.685700416564941 5.080589771270752 0.20671749114990234
is 0 494 2 1.6806336641311646 4.605951309204102 0.4746384620666504
a 0 495 1 2.676633358001709 6.661713123321533 0
gas 0 496 3 9.178589820861816 7.536433696746826 0
giant 0 497 5 2.9446346759796143 4.9321818351745605 2.6042518615722656
with 0 498 4 3.9623770713806152 5.176194667816162 0
no 0 499 2 5.866044998168945 5.198541641235352 0
solid 0 500 5 8.247464179992676 8.245438575744629 0
surface 0 501 7 7.205032825469971 8.205179214477539 0.040259361267089844
. 0 502 1 2.7600531578063965 6.7392706871032715 1.4659085273742676
<eos> 0 503 5 0.0005339073250070214 0.004923878237605095 6.734346808865666
<unk> 0 504 5 3.1694421768188477 5.537721157073975 0
<unk> 0 505 5 1.7954823970794678 5.181832313537598 0.35588884353637695
<unk> 0 506 5 2.7446188926696777 5.093099594116211 0.08873271942138672
<unk> 0 507 5 2.605325222015381 5.096116065979004 0
measured 0 508 8 10.97685718536377 4.8746137619018555 0.22150230407714844
the 0 509 3 3.0111684799194336 4.036623477935791 0.8379902839660645
planet 0 510 6 5.846989154815674 7.4260945320129395 0
temperature 0 511 11 10.0462064743042 4.517590522766113 2.908504009246826
, 0 512 1 4.193963527679443 5.093504905700684 0
and 0 513 3 2.717367172241211 6.298447608947754 0
found 0 514 5 8.426422119140625 6.6262383460998535 0
that 0 515 4 2.1967082023620605 4.480968475341797 2.1452698707580566
the 0 516 3 1.7286031246185303 5.040139198303223 0
difference 0 517 10 10.168354988098145 6.762383460998535 0
between 0 518 7 0.8117416501045227 2.993353843688965 3.7690296173095703
the 0 519 3 0.9673281311988831 4.213180065155029 0
two 0 520 3 4.320981502532959 6.629252910614014 0
sides 0 521 5 8.570964813232422 5.479527473449707 1.1497254371643066
of 0 522 2 2.4780468940734863 5.6243486404418945 0
<unk> 0 523 5 4.184554100036621 2.3642420768737793 3.2601065635681152
<unk> 0 524 5 2.9340131282806396 5.516140937805176 0
b 0 525 1 7.032092571258545 5.49581241607666 0.020328521728515625
of 0 526 2 8.390195846557617 4.79229211807251 0.7035202980041504
about 0 527 5 8.955392837524414 3.6952412128448486 1.0970509052276611
<unk> 0 528 5 0.1607583910226822 1.0560215711593628 2.639219641685486
<unk> 0 529 5 0.8516388535499573 3.5422310829162598 0
<unk> 0 530 5 0.9930196404457092 2.2698140144348145 1.2724170684814453
degrees 0 531 7 10.149194717407227 5.548562049865723 0
<unk> 0 532 5 5.767826080322266 5.554096698760986 0
, 0 533 1 4.738284111022949 5.123011112213135 0.43108558654785156
ranging 0 534 7 11.20216178894043 6.811995983123779 0
from 0 535 4 0.09965360164642334 0.705269992351532 6.106725990772247
minus 0 536 5 16.518102645874023 2.814481735229492 0
<unk> 0 537 5 1.2594234943389893 4.141971588134766 0
to 0 538 2 3.0457382202148438 2.2633323669433594 1.8786392211914062
<unk> 0 539 5 0.07384802401065826 0.5845078229904175 1.678824543952942
degrees 0 540 7 5.237485408782959 3.984940528869629 0
to 0 541 2 4.953284740447998 2.804652214050293 1.180288314819336
about 0 542 5 5.304326057434082 4.529736042022705 0
<unk> 0 543 5 0.09472252428531647 0.6953503489494324 3.8343856930732727
<unk> 0 544 5 0.777064323425293 3.2279887199401855 0
<unk> 0 545 5 2.0427052974700928 1.7350895404815674 1.4928991794586182
to 0 546 2 6.861367702484131 4.914885520935059 0
<unk> 0 547 5 0.57445228099823 3.1100497245788574 1.8048357963562012
<unk> 0 548 5 0.15407176315784454 1.0368105173110962 2.0732392072677612
<unk> 0 549 5 0.4278268814086914 1.589719533920288 0
degrees 0 550 7 7.158472061157227 4.856272220611572 0
<unk> 0 551 5 7.792652130126953 2.673459768295288 2.182812452316284
. 0 552 1 3.4624509811401367 4.522681713104248 0
<eos> 0 553 5 0.0016758571146056056 0.013666503131389618 4.509015209972858
<unk> 0 554 5 2.6531310081481934 5.523534774780273 0
temperature 0 555 11 14.66280460357666 5.576857566833496 0
difference 0 556 10 8.349258422851562 6.1909661293029785 0
has 0 557 3 4.619498252868652 4.8957839012146 1.295182228088379
led 0 558 3 6.83802604675293 5.846280097961426 0
to 0 559 2 0.3355230987071991 1.9397964477539062 3.9064836502075195
speculation 0 560 11 8.410704612731934 5.049510478973389 0
that 0 561 4 1.0968942642211914 3.3344788551330566 1.715031623840332
<unk> 0 562 5 2.610121488571167 4.881264686584473 0
<unk> 0 563 5 2.1070516109466553 6.314001560211182 0
b 0 564 1 7.426706314086914 5.824856281280518 0.48914527893066406
is 0 565 2 2.260101079940796 5.2793869972229 0.5454692840576172
tidal 0 566 5 11.078600883483887 6.950027942657471 0
locked 0 567 6 13.46135139465332 5.448280334472656 1.5017476081848145
with 0 568 4 5.430434703826904 4.659309387207031 0.788970947265625
the 0 569 3 2.252488374710083 6.095417499542236 0
same 0 570 4 5.599302291870117 8.432316780090332 0
side 0 571 4 11.141934394836426 8.695759773254395 0
always 0 572 6 17.17621612548828 5.077030181884766 3.618729591369629
facing 0 573 6 10.855681419372559 7.044525623321533 0
<unk> 0 574 5 4.118293762207031 5.208187103271484 1.8363385200500488
<unk> 0 575 5 2.5271241664886475 5.52882719039917 0
<unk> 0 576 5 1.9277218580245972 5.123147010803223 0.40568017959594727
<eos> 0 577 5 4.072653770446777 5.9725141525268555 0
<unk> 0 578 5 9.648277282714844 0.04439545422792435 5.928118698298931
had 0 579 3 13.023728370666504 5.406436920166016 0
, 0 580 1 7.542099475860596 6.75108528137207 0
on 0 581 2 7.563041687011719 6.858834743499756 0
the 0 582 3 2.0276122093200684 4.218589782714844 2.640244960784912
assumption 0 583 10 10.718923568725586 5.068048477172852 0
that 0 584 4 0.2613338530063629 0.8754332661628723 4.192615211009979
the 0 585 3 1.7744234800338745 4.483331680297852 0
planet 0 586 6 3.9008843898773193 7.852202415466309 0
is 0 587 2 2.790091037750244 5.495882987976074 2.3563194274902344
similar 0 588 7 8.239542007446289 7.7934770584106445 0
to 0 589 2 0.33253732323646545 1.6525253057479858 6.140951752662659
<unk> 0 590 5 2.9265406131744385 4.525610446929932 0
in 0 591 2 5.568492889404297 4.388072490692139 0.13753795623779297
composition 0 592 11 10.029614448547363 4.526816368103027 0
and 0 593 3 3.5475823879241943 3.849777936935425 0.6770384311676025
that 0 594 4 5.126984596252441 8.649673461914062 0
its 0 595 3 4.913946151733398 5.240846633911133 3.4088268280029297
environment 0 596 11 13.803921699523926 7.887609481811523 0
is 0 597 2 1.290805459022522 4.9409918785095215 2.946617603302002
close 0 598 5 8.009441375732422 8.032624244689941 0
to 0 599 2 0.2612321078777313 1.2053322792053223 6.827291965484619
chemical 0 600 8 15.282243728637695 4.25201416015625 0
equilibrium 0 601 11 7.164519309997559 7.869400978088379 0
, 0 602 1 2.6979098320007324 2.739224910736084 5.130176067352295
predicted 0 603 9 13.3016996383667 6.937541961669922 0
<unk> 0 604 5 5.524605751037598 4.456049919128418 2.481492042541504
<unk> 0 605 5 2.4262747764587402 6.458674430847168 0
b 0 606 1 8.26550579071045 5.040184020996094 1.4184904098510742
to 0 607 2 5.2466583251953125 5.497107028961182 0
have 0 608 4 4.524609088897705 5.434094429016113 0.06301259994506836
reflective 0 609 10 16.151304244995117 5.426361083984375 0.007733345031738281
clouds 0 610 6 10.366613388061523 8.627835273742676 0
of 0 611 2 3.3748555183410645 4.662928581237793 3.964906692504883
silicates 0 612 9 11.639791488647461 6.843620777130127 0
and 0 613 3 3.3048901557922363 3.769162893295288 3.074457883834839
iron 0 614 4 7.1624250411987305 8.053736686706543 0
in 0 615 2 4.901444911956787 4.046891212463379 4.006845474243164
its 0 616 3 5.1108551025390625 5.26070499420166 0
upper 0 617 5 8.028241157531738 7.653614521026611 0
atmosphere 0 618 10 0.7484244108200073 3.5103507041931152 4.143263816833496
. 0 619 1 0.4288256764411926 2.0024750232696533 1.507875680923462
<eos> 0 620 5 0.0005008985172025859 0.004492579959332943 1.9979824433103204
<unk> 0 621 5 3.055016040802002 5.486728668212891 0
cloud 0 622 5 11.902798652648926 5.8888068199157715 0
deck 0 623 4 21.431018829345703 6.254199981689453 0
instead 0 624 7 11.455713272094727 6.818419933319092 0
absorbs 0 625 7 11.720808029174805 6.314330577850342 0.50408935546875
the 0 626 3 2.2227587699890137 6.273702144622803 0.04062843322753906
sun 0 627 3 3.7421581745147705 8.57170295715332 0
's 0 628 2 2.1539931297302246 4.90636682510376 3.6653361320495605
radiation 0 629 9 9.281906127929688 8.368515968322754 0
; 0 630 1 5.509274482727051 5.130699634552002 3.237816333770752
between 0 631 7 11.678139686584473 5.840034008026123 0
that 0 632 4 6.990518093109131 3.5616049766540527 2.2784290313720703
and 0 633 3 7.551062107086182 5.244206428527832 0
the 0 634 3 2.275259017944336 6.889469623565674 0
hot 0 635 3 11.455402374267578 7.969697952270508 0
, 0 636 1 5.333703517913818 6.495967864990234 1.4737300872802734
high 0 637 4 7.4915547370910645 8.191998481750488 0
pressure 0 638 8 5.547660827636719 5.991875648498535 2.200122833251953
gas 0 639 3 5.728341579437256 8.0053129196167 0
surrounding 0 640 11 12.855001449584961 7.091220378875732 0.9140925407409668
the 0 641 3 0.5916093587875366 2.8322601318359375 4.258960247039795
mantle 0 642 6 7.490500450134277 7.265642166137695 0
, 0 643 1 3.5340700149536133 6.321666240692139 0.9439759254455566
exists 0 644 6 15.412724494934082 6.4397501945495605 0
a 0 645 1 6.73398494720459 6.574491024017334 0
stratosphere 0 646 12 14.244772911071777 9.082854270935059 0
of 0 647 2 4.29951810836792 6.468703746795654 2.6141505241394043
cooler 0 648 6 9.491989135742188 7.627811908721924 0
gas 0 649 3 6.884110450744629 5.336823463439941 2.2909884452819824
. 0 650 1 2.0560402870178223 4.462466716766357 0.874356746673584
<eos> 0 651 5 0.0005999227287247777 0.005346652120351791 4.457120064646006
<unk> 0 652 5 3.662777900695801 5.947807312011719 0
outer 0 653 5 13.957390785217285 6.437519073486328 0
shell 0 654 5 10.505502700805664 8.114399909973145 0
of 0 655 2 6.2004547119140625 7.750598907470703 0.3638010025024414
dark 0 656 4 10.692901611328125 5.182528018951416 2.568070888519287
, 0 657 1 6.556325435638428 7.3095808029174805 0
opaque 0 658 6 8.195672035217285 8.573812484741211 0
, 0 659 1 2.108625650405884 6.528278350830078 2.045534133911133
hot 0 660 3 7.824059009552002 7.458066940307617 0
cloud 0 661 5 8.238856315612793 6.343071937561035 1.114995002746582
is 0 662 2 3.608940362930298 7.623246669769287 0
assumed 0 663 7 11.0643892288208 8.403761863708496 0
to 0 664 2 0.3246482312679291 1.8976701498031616 6.5060917139053345
consist 0 665 7 7.516013145446777 3.833880662918091 0
of 0 666 2 0.029487421736121178 0.259740948677063 3.574139714241028
vanadium 0 667 8 15.132203102111816 7.064829349517822 0
and 0 668 3 2.594458818435669 5.246132850646973 1.8186964988708496
titanium 0 669 8 8.828350067138672 7.756186485290527 0
oxides 0 670 6 8.174423217773438 4.613951683044434 3.1422348022460938
( 0 671 1 5.971306324005127 3.302751302719116 1.3112003803253174
" 0 672 1 7.1465630531311035 5.878864288330078 0
<unk> 0 673 5 1.7782799005508423 7.8442559242248535 0
planets 0 674 7 12.297348022460938 1.5052945613861084 6.338961362838745
" 0 675 1 0.03722251206636429 0.3100493848323822 1.1952451765537262
) 0 676 1 0.16959965229034424 1.0474754571914673 0
, 0 677 1 1.925435185432434 3.3562166690826416 0
but 0 678 3 4.18107271194458 5.811553955078125 0
other 0 679 5 7.99169397354126 7.046786308288574 0
compounds 0 680 9 5.808578014373779 8.513167381286621 0
like 0 681 4 6.081610679626465 5.853773593902588 2.659393787384033
<unk> 0 682 5 1.355958104133606 5.562936782836914 0.29083681106567383
cannot 0 683 6 11.46622371673584 5.066954612731934 0.49598217010498047
be 0 684 2 0.7507910132408142 4.133062362670898 0.9338922500610352
ruled 0 685 5 12.035684585571289 8.120715141296387 0
out 0 686 3 3.6791629791259766 5.334865570068359 2.7858495712280273
yet 0 687 3 11.428506851196289 4.395908355712891 0.9389572143554688
. 0 688 1 1.500887155532837 5.606988906860352 0
<eos> 0 689 5 0.0004952250164933503 0.004591501783579588 5.602397405076772
<unk> 0 690 5 3.0506515502929688 6.098482131958008 0
planet 0 691 6 15.04451847076416 6.406619071960449 0
is 0 692 2 2.124253988265991 6.152218341827393 0.25440073013305664
unlikely 0 693 8 10.18128776550293 6.5954742431640625 0
to 0 694 2 0.1402718424797058 0.9780908226966858 5.617383420467377
have 0 695 4 2.159813165664673 4.738173007965088 0
large 0 696 5 9.715346336364746 6.3533196449279785 0
moons 0 697 5 6.316607475280762 8.049671173095703 0
, 0 698 1 2.172541379928589 5.531134605407715 2.5185365676879883
since 0 699 5 7.8077287673950195 5.375601768493652 0.1555328369140625
tidal 0 700 5 11.726266860961914 5.217850685119629 0.15775108337402344
forces 0 701 6 7.858735084533691 6.661525249481201 0
would 0 702 5 5.832405090332031 6.60704231262207 0.05448293685913086
either 0 703 6 9.566980361938477 6.095569610595703 0.5114727020263672
eject 0 704 5 11.160479545593262 6.068421363830566 0.02714824676513672
them 0 705 4 6.474984169006348 6.369121551513672 0
from 0 706 4 2.2923333644866943 5.053440570831299 1.315680980682373
orbit 0 707 5 9.908172607421875 5.74160099029541 0
or 0 708 2 1.5514748096466064 4.503889560699463 1.2377114295959473
destroy 0 709 7 8.239977836608887 9.18266773223877 0
them 0 710 4 4.290251731872559 6.766570091247559 2.416097640991211
on 0 711 2 6.614670276641846 4.024064064025879 2.7425060272216797
short 0 712 5 10.933438301086426 5.42339563369751 0
<unk> 0 713 5 2.7913169860839844 6.750291347503662 0
compared 0 714 8 14.929635047912598 4.54752254486084 2.2027688026428223
to 0 715 2 4.972275733947754 6.995764255523682 0
the 0 716 3 1.8326127529144287 6.213107109069824 0.7826571464538574
age 0 717 3 12.423019409179688 8.2142333984375 0
of 0 718 2 0.4407268762588501 2.3887476921081543 5.825485706329346
the 0 719 3 2.5123708248138428 6.287740707397461 0
system 0 720 6 10.10440444946289 7.432629108428955 0
. 0 721 1 0.5604021549224854 2.459890842437744 4.972738265991211
<eos> 0 722 5 0.000517403008416295 0.004685102961957455 2.4552057394757867
<unk> 0 723 5 3.4225387573242188 6.0942463874816895 0
planet 0 724 6 13.132184982299805 6.709224700927734 0
( 0 725 1 4.789341449737549 6.495327949523926 0.2138967514038086
with 0 726 4 9.0012788772583 4.499068737030029 1.9962592124938965
<unk> 0 727 5 2.2852985858917236 6.565296173095703 0
<unk> 0 728 5 1.674837350845337 5.4405364990234375 1.1247596740722656
b 0 729 1 8.911102294921875 4.914921283721924 0.5256152153015137
) 0 730 1 1.0509529113769531 4.147340774536133 0.767580509185791
was 0 731 3 3.9191062450408936 5.708372592926025 0
deemed 0 732 6 12.65318775177002 7.6141767501831055 0
a 0 733 1 2.5362460613250732 6.353553771972656 1.2606229782104492
candidate 0 734 9 9.466923713684082 8.250337600708008 0
for 0 735 3 0.962337851524353 3.321441650390625 4.928895950317383
direct 0 736 6 12.621210098266602 5.112422466278076 0
imaging 0 737 7 8.74306869506836 8.562682151794434 0
by 0 738 2 4.390398025512695 5.309000015258789 3.2536821365356445
<unk> 0 739 5 1.3468401432037354 4.591412544250488 0.7175874710083008
. 0 740 1 4.084421634674072 4.480970859527588 0.11044168472290039
<eos> 0 741 5 0.0011226098285987973 0.009539398364722729 4.471431461162865
<unk> 0 742 5 3.042759656906128 5.646151542663574 0
results 0 743 7 13.386199951171875 5.9487624168396 0
from 0 744 4 3.355802536010742 3.6986732482910156 2.250089168548584
<unk> 0 745 5 2.6349737644195557 5.524653911590576 0
studies 0 746 7 10.721559524536133 6.229037284851074 0
indicate 0 747 8 9.48416519165039 6.0295515060424805 0.19948577880859375
that 0 748 4 0.31398805975914 1.8184614181518555 4.211090087890625
the 0 749 3 1.684234380722046 5.477609634399414 0
planet 0 750 6 4.243131160736084 8.490416526794434 0
has 0 751 3 4.052604675292969 5.43052864074707 3.0598878860473633
predominately 0 752 13 16.97461700439453 5.528762340545654 0
blue 0 753 4 12.21220874786377 8.499412536621094 0
color 0 754 5 7.959722995758057 6.809171676635742 1.6902408599853516
, 0 755 1 2.2163333892822266 5.477099418640137 1.3320722579956055
is 0 756 2 10.085968017578125 6.995772838592529 0
<unk> 0 757 5 4.3664703369140625 7.751710891723633 0
<unk> 0 758 5 1.983485460281372 5.072765827178955 2.6789450645446777
<eos> 0 759 5 1.0581390857696533 3.277985095977783 1.7947807312011719
@ 0 760 1 3.302028926555067e-05 0.0005268586101010442 3.277458237367682
<unk> 0 761 5 0.0026114273350685835 0.034161198884248734 0
times 0 762 5 1.9769116640090942 4.40847110748291 0
as 0 763 2 7.727362155914307 5.695563793182373 0
large 0 764 5 7.1539998054504395 4.763450622558594 0.9321131706237793
and 0 765 3 4.86811637878418 1.6734415292739868 3.090009093284607
<unk> 0 766 5 2.7800486087799072 8.513005256652832 0
<unk> 0 767 5 3.2257189750671387 5.424914360046387 3.0880908966064453
<eos> 0 768 5 2.6423635482788086 4.849392890930176 0.5755214691162109
@ 0 769 1 6.603982910746709e-05 0.001018121954984963 4.848374768975191
<unk> 0 770 5 0.0026031872257590294 0.03411484137177467 0
times 0 771 5 3.7604074478149414 5.062558174133301 0
as 0 772 2 5.653339385986328 5.896180152893066 0
massive 0 773 7 2.6188390254974365 5.323585033416748 0.5725951194763184
as 0 774 2 1.4948430061340332 4.023257732391357 1.3003273010253906
<unk> 0 775 5 1.2098978757858276 4.385593891143799 0
, 0 776 1 4.100271224975586 3.7608933448791504 0.6247005462646484
meaning 0 777 7 7.161995887756348 5.5711164474487305 0
that 0 778 4 0.6203014850616455 2.6466994285583496 2.924417018890381
the 0 779 3 1.8092424869537354 4.935785293579102 0
mean 0 780 4 9.833439826965332 7.365801811218262 0
density 0 781 7 5.125980377197266 6.228116512298584 1.1376852989196777
is 0 782 2 4.04097843170166 2.5330874919891357 3.6950290203094482
<unk> 0 783 5 2.1289167404174805 6.744912147521973 0
/ 0 784 1 8.710308074951172 2.455108165740967 4.289803981781006
<unk> 0 785 5 0.12281204015016556 0.9138695001602173 1.5412386655807495
. 0 786 1 1.7304893732070923 4.437045574188232 0
<eos> 0 787 5 0.0007429457036778331 0.006534107960760593 4.430511466227472
<unk> 0 788 5 2.787381887435913 5.382495403289795 0
has 0 789 3 3.846372604370117 5.2863287925720215 0.09616661071777344
a 0 790 1 1.8156249523162842 5.1168413162231445 0.16948747634887695
geometric 0 791 9 12.257266998291016 8.023191452026367 0
albedo 0 792 6 4.369560241699219 7.434936046600342 0.5882554054260254
of 0 793 2 1.5084447860717773 4.486432075500488 2.9485039710998535
<unk> 0 794 5 0.38032934069633484 2.039623498916626 2.4468085765838623
<unk> 0 795 5 0.359449177980423 2.058581829071045 0
<eos> 0 796 5 0.1486947238445282 0.6740409135818481 1.3845409154891968
@ 0 797 1 0.0 1.891796819109004e-05 0.674021995613657
<unk> 0 798 5 0.00037160664214752614 0.00552621204406023 0
in 0 799 2 7.2979021072387695 4.948750972747803 0
visible 0 800 7 12.38560676574707 4.523599624633789 0.42515134811401367
light 0 801 5 2.8999783992767334 6.668397426605225 0
. 0 802 1 1.7424540519714355 3.761598587036133 2.906798839569092
<eos> 0 803 5 0.000539408705662936 0.004848632961511612 3.756749954074621
= 0 804 1 3.314854145050049 5.2453179359436035 0
= 0 805 1 0.08343225717544556 0.5355223417282104 4.709795594215393
<unk> 0 806 5 5.857023239135742 4.955562591552734 0
on 0 807 2 11.23918628692627 4.308310508728027 0.647252082824707
its 0 808 3 6.776302337646484 5.739341735839844 0
sun 0 809 3 9.633736610412598 7.8323774337768555 0
= 0 810 1 0.2731111943721771 1.8129770755767822 6.019400358200073
= 0 811 1 0.0003026577178388834 0.004308775998651981 1.8086682995781302
<eos> 0 812 5 20.432273864746094 5.290576457977295 0
<unk> 0 813 5 1.953640341758728 5.341843128204346 0
<unk> 0 814 5 2.0925583839416504 5.594520568847656 0
b 0 815 1 7.045785427093506 4.846530437469482 0.7479901313781738
appears 0 816 7 8.955161094665527 4.280719757080078 0.5658106803894043
to 0 817 2 1.5702648162841797 3.852656364440918 0.42806339263916016
be 0 818 2 0.9909915328025818 3.389759063720703 0.46289730072021484
responsible 0 819 11 11.068177223205566 6.004217147827148 0
for 0 820 3 0.021710975095629692 0.1805855929851532 5.823631554841995
increased 0 821 9 12.567217826843262 5.930330753326416 0
<unk> 0 822 5 4.5391764640808105 7.9159836769104 0
activity 0 823 8 5.349982738494873 7.429534912109375 0.4864487648010254
on 0 824 2 5.6215901374816895 4.674875259399414 2.754659652709961
its 0 825 3 5.052109718322754 4.672962665557861 0.0019125938415527344
parent 0 826 6 7.705048561096191 8.030691146850586 0
star 0 827 4 2.82454252243042 4.560561656951904 3.4701294898986816
. 0 828 1 2.1248250007629395 4.261284828186035 0.29927682876586914
<eos> 0 829 5 0.0006329292664304376 0.005662580020725727 4.255622248165309
<unk> 0 830 5 3.5152482986450195 5.4346137046813965 0
suggest 0 831 7 14.01613998413086 5.065545082092285 0.36906862258911133
that 0 832 4 0.818706214427948 3.382812738418579 1.682732343673706
there 0 833 5 5.8463287353515625 5.1042561531066895 0
is 0 834 2 1.1706708669662476 2.090786933898926 3.0134692192077637
a 0 835 1 1.3351247310638428 3.8999686241149902 0
" 0 836 1 5.5851006507873535 8.525598526000977 0
hot 0 837 3 8.101479530334473 8.810302734375 0
spot 0 838 4 5.664009094238281 6.789673328399658 2.020629405975342
" 0 839 1 0.35813403129577637 2.300745964050293 4.488927364349365
on 0 840 2 4.922030448913574 5.519967555999756 0
the 0 841 3 0.9212407469749451 3.6441822052001953 1.8757853507995605
star 0 842 4 4.004936695098877 6.735313892364502 0
around 0 843 6 8.185709953308105 4.817549228668213 1.917764663696289
<unk> 0 844 5 1.9480984210968018 3.2272000312805176 1.5903491973876953
<unk> 0 845 5 1.4430238008499146 4.743051052093506 0
away 0 846 4 12.235776901245117 3.5118954181671143 1.2311556339263916
from 0 847 4 0.4697631597518921 2.149960994720459 1.3619344234466553
the 0 848 3 1.3994324207305908 3.725841522216797 0
sub 0 849 3 14.474601745605469 5.909599781036377 0
<unk> 0 850 5 0.1836967021226883 1.3208906650543213 4.588709115982056
planetary 0 851 9 10.408692359924316 7.038072109222412 0
point 0 852 5 11.274713516235352 6.706603527069092 0.3314685821533203
. 0 853 1 2.5079143047332764 4.456474781036377 2.250128746032715
<eos> 0 854 5 0.0022950018756091595 0.017552994191646576 4.43892178684473
<unk> 0 855 5 3.2145979404449463 5.549674987792969 0
may 0 856 3 6.330204010009766 5.498836040496826 0.05083894729614258
be 0 857 2 1.5170356035232544 4.444291591644287 1.054544448852539
the 0 858 3 2.9405484199523926 7.404144763946533 0
result 0 859 6 6.3562188148498535 6.709996223449707 0.6941485404968262
of 0 860 2 0.05084073916077614 0.39981338381767273 6.310182839632034
interactions 0 861 12 11.466117858886719 4.723092079162598 0
between 0 862 7 1.3195774555206299 2.6729483604431152 2.0501437187194824
the 0 863 3 1.2628341913223267 5.051087856292725 0
magnetic 0 864 8 10.117087364196777 6.379417896270752 0
fields 0 865 6 2.7800114154815674 4.271052360534668 2.108365535736084
of 0 866 2 1.574857473373413 3.2174272537231445 1.0536251068115234
the 0 867 3 1.4386169910430908 4.7741851806640625 0
planet 0 868 6 4.340140342712402 6.341174602508545 0
and 0 869 3 1.3864388465881348 3.579820156097412 2.761354446411133
the 0 870 3 1.1641767024993896 4.925811290740967 0
star 0 871 4 4.50613260269165 7.788898944854736 0
. 0 872 1 2.1898398399353027 5.211056709289551 2.5778422355651855
<eos> 0 873 5 0.000539408705662936 0.004900739528238773 5.206155969761312
<unk> 0 874 5 3.427138090133667 5.740905284881592 0
mechanism 0 875 9 17.097713470458984 5.982292652130127 0
may 0 876 3 5.768040657043457 5.765048980712891 0.21724367141723633
be 0 877 2 1.0761765241622925 4.223867893218994 1.5411810874938965
similar 0 878 7 7.464974403381348 8.523906707763672 0
to 0 879 2 0.17205707728862762 1.0379140377044678 7.485992670059204
that 0 880 4 2.8558847904205322 4.68001127243042 0
responsible 0 881 11 19.923261642456055 1.3650531768798828 3.314958095550537
for 0 882 3 0.21714670956134796 1.3886611461639404 0
the 0 883 3 1.5575809478759766 6.47175407409668 0
activity 0 884 8 10.864142417907715 9.085065841674805 0
of 0 885 2 0.22286196053028107 1.4888405799865723 7.596225261688232
<unk> 0 886 5 2.9936275482177734 5.339365005493164 0
<unk> 0 887 5 2.6954152584075928 5.439833164215088 0
<unk> 0 888 5 2.520440101623535 5.065430641174316 0.3744025230407715
variable 0 889 8 13.01287841796875 5.596993923187256 0
stars 0 890 5 3.2940759658813477 6.768001556396484 0
, 0 891 1 2.457993984222412 4.031157493591309 2.736844062805176
or 0 892 2 6.813798427581787 5.986197471618652 0
the 0 893 3 3.5242960453033447 7.538877964019775 0
interaction 0 894 11 8.667951583862305 8.908602714538574 0
between 0 895 7 1.302480936050415 2.542556047439575 6.366046667098999
<unk> 0 896 5 3.194298505783081 5.904098987579346 0
and 0 897 3 0.6800800561904907 2.8310608863830566 3.073038101196289
its 0 898 3 6.5331339836120605 4.112823963165283 0
moon 0 899 4 6.342401027679443 7.908483028411865 0
<unk> 0 900 5 3.7979602813720703 4.499926567077637 3.4085564613342285
. 0 901 1 1.9396657943725586 5.970849514007568 0
<eos> 0 902 5 0.0009244544780813158 0.007908917963504791 5.962940596044064
=========================================================================================
| End of testing | test loss  3.41 | test ppl    30.16
=========================================================================================
