word sentid sentpos wlen surp entropy entred
= 0 0 1 4.3515520095825195 6.399804592132568 0
<unk> 0 1 5 4.603203773498535 0.6271913051605225 5.772613286972046
<unk> 0 2 5 1.0968655347824097 5.481142997741699 0
<unk> 0 3 5 2.573467254638672 3.4270660877227783 2.054076910018921
= 0 4 1 0.7674044370651245 2.935762405395508 0.4913036823272705
<eos> 0 5 5 15.903498649597168 1.2513980865478516 1.6843643188476562
= 0 6 1 13.15821361541748 1.4981366395950317 0
<unk> 0 7 5 1.4472724199295044 2.117340564727783 0
<unk> 0 8 5 0.3921094536781311 2.6754870414733887 0
<unk> 0 9 5 1.296966552734375 3.0263452529907227 0
= 0 10 1 0.6946778297424316 2.16282057762146 0.8635246753692627
<eos> 0 11 5 16.77109146118164 1.5487762689590454 0.6140443086624146
" 0 12 1 6.993161201477051 1.5850422382354736 0
<unk> 0 13 5 0.7513797879219055 4.759552478790283 0
<unk> 0 14 5 1.254009485244751 3.205902099609375 1.5536503791809082
<unk> 0 15 5 1.0362629890441895 2.524160385131836 0.6817417144775391
" 0 16 1 1.2231818437576294 2.408041000366211 0.116119384765625
is 0 17 2 2.4339232444763184 1.800568699836731 0.60747230052948
a 0 18 1 1.058031678199768 1.4479933977127075 0.35257530212402344
blues 0 19 5 10.917134284973145 5.4959187507629395 0
song 0 20 4 1.1157684326171875 4.09893798828125 1.3969807624816895
by 0 21 2 1.4182542562484741 3.796959638595581 0.30197834968566895
<unk> 0 22 5 0.38919806480407715 2.0227551460266113 1.7742044925689697
folk 0 23 4 7.851932525634766 4.096402645111084 0
and 0 24 3 7.429876327514648 3.377854108810425 0.7185485363006592
blues 0 25 5 5.714537620544434 5.006862163543701 0
musician 0 26 8 4.410964012145996 4.226341247558594 0.7805209159851074
, 0 27 1 5.110537528991699 1.4621589183807373 2.7641823291778564
<unk> 0 28 5 1.2973092794418335 5.938596725463867 0
<unk> 0 29 5 0.8004789352416992 2.901754140853882 3.0368425846099854
. 0 30 1 0.9354618191719055 2.200995683670044 0.7007584571838379
<eos> 0 31 5 0.0688922330737114 0.28548842668533325 1.9155072569847107
<unk> 0 32 5 2.625282049179077 6.074633598327637 0
was 0 33 3 3.8206729888916016 7.375251770019531 0
written 0 34 7 10.077071189880371 8.589574813842773 0
in 0 35 2 2.609147548675537 3.758488893508911 4.831085920333862
<unk> 0 36 5 1.3274211883544922 4.2613935470581055 0
<unk> 0 37 5 3.1368918418884277 4.058000564575195 0.20339298248291016
in 0 38 2 5.040097236633301 3.8707973957061768 0.18720316886901855
response 0 39 8 7.811171531677246 3.0657999515533447 0.804997444152832
to 0 40 2 0.11042659729719162 0.6448125839233398 2.420987367630005
the 0 41 3 1.6424369812011719 5.129500389099121 0
discrimination 0 42 14 14.513006210327148 9.851913452148438 0
and 0 43 3 3.4081637859344482 4.954516887664795 4.897396564483643
segregation 0 44 11 9.459351539611816 10.517595291137695 0
that 0 45 4 5.99370813369751 3.1278979778289795 7.389697313308716
<unk> 0 46 5 4.733665466308594 7.6185383796691895 0
<unk> 0 47 5 4.2674689292907715 7.399462699890137 0.21907567977905273
faced 0 48 5 8.451550483703613 7.436749458312988 0
during 0 49 6 5.104959487915039 4.340940475463867 3.095808982849121
a 0 50 1 4.241020679473877 3.20375919342041 1.137181282043457
visit 0 51 5 5.497251987457275 8.411067962646484 0
to 0 52 2 0.31769731640815735 1.5647869110107422 6.846281051635742
<unk> 0 53 5 0.7596805095672607 2.780799627304077 0
, 0 54 1 2.989943265914917 4.266110897064209 0
<unk> 0 55 5 3.480297327041626 5.702347755432129 0
to 0 56 2 5.826164245605469 3.662839651107788 2.039508104324341
record 0 57 6 7.996870040893555 8.471844673156738 0
for 0 58 3 5.226131439208984 5.343936443328857 3.127908229827881
<unk> 0 59 5 2.83858060836792 4.834183216094971 0.5097532272338867
<unk> 0 60 5 2.586155414581299 5.277249336242676 0
. 0 61 1 2.8692126274108887 4.5027923583984375 0.7744569778442383
<eos> 0 62 5 0.06996530294418335 0.2887359857559204 4.214056372642517
<unk> 0 63 5 2.647597312927246 6.0530314445495605 0
rails 0 64 5 18.084617614746094 7.382421493530273 0
against 0 65 7 10.219256401062012 7.347321510314941 0.03509998321533203
racism 0 66 6 16.409265518188477 5.079908847808838 2.2674126625061035
, 0 67 1 2.3515849113464355 5.6851959228515625 0
the 0 68 3 5.283791542053223 8.756325721740723 0
<unk> 0 69 5 2.744525194168091 10.448067665100098 0
<unk> 0 70 5 2.9953696727752686 8.79092025756836 1.6571474075317383
laws 0 71 4 14.973827362060547 7.7141194343566895 1.07680082321167
, 0 72 1 1.9633938074111938 5.747450351715088 1.9666690826416016
and 0 73 3 1.125757098197937 5.611795425415039 0.13565492630004883
the 0 74 3 0.8392588496208191 4.795590400695801 0.8162050247192383
conditions 0 75 10 12.462169647216797 9.47253704071045 0
of 0 76 2 1.1332651376724243 4.858336448669434 4.614200592041016
contemporary 0 77 12 12.030377388000488 7.559764862060547 0
<unk> 0 78 5 2.006997585296631 8.862688064575195 0
<unk> 0 79 5 3.7556512355804443 8.700372695922852 0.16231536865234375
in 0 80 2 6.0665998458862305 7.571430206298828 1.1289424896240234
the 0 81 3 1.557811975479126 4.706527233123779 2.864902973175049
southern 0 82 8 8.616958618164062 7.5046844482421875 0
<unk> 0 83 5 2.066467761993408 6.3450927734375 1.1595916748046875
<unk> 0 84 5 3.964120388031006 7.169262409210205 0
. 0 85 1 3.696643352508545 7.17618989944458 0
<eos> 0 86 5 0.06823442876338959 0.2827926278114319 6.893397271633148
<unk> 0 87 5 2.646477222442627 6.043550968170166 0
song 0 88 4 15.305065155029297 7.3757476806640625 0
was 0 89 3 3.682349443435669 6.172195911407471 1.2035517692565918
recorded 0 90 8 5.1270036697387695 7.154750823974609 0
in 0 91 2 2.0425403118133545 3.8662045001983643 3.288546323776245
<unk> 0 92 5 0.9182182550430298 3.853170871734619 0.013033628463745117
<unk> 0 93 5 2.237506628036499 4.310462474822998 0
for 0 94 3 5.907737731933594 3.9865365028381348 0.3239259719848633
the 0 95 3 1.8930336236953735 5.427364349365234 0
<unk> 0 96 5 2.4719133377075195 5.9716572761535645 0
of 0 97 2 7.78280782699585 6.671983242034912 0
<unk> 0 98 5 1.1687967777252197 3.7738544940948486 2.8981287479400635
and 0 99 3 3.7419958114624023 5.427797317504883 0
re 0 100 2 9.329602241516113 4.775928020477295 0.6518692970275879
<unk> 0 101 5 0.008384508080780506 0.09436172246932983 4.681566298007965
recorded 0 102 8 1.8563449382781982 3.8525145053863525 0
in 0 103 2 2.1777915954589844 4.337657928466797 0
<unk> 0 104 5 0.7138106226921082 3.1087210178375244 1.2289369106292725
for 0 105 3 5.981819152832031 3.8994781970977783 0
commercial 0 106 10 11.096977233886719 5.188266754150391 0
release 0 107 7 5.277656555175781 7.152863025665283 0
. 0 108 1 1.1686041355133057 3.4423511028289795 3.7105119228363037
<eos> 0 109 5 0.0689912661910057 0.28674301505088806 3.1556080877780914
<unk> 0 110 5 2.6611673831939697 6.070709705352783 0
has 0 111 3 6.149747371673584 7.402280330657959 0
been 0 112 4 2.8002724647521973 7.2348313331604 0.1674489974975586
remixed 0 113 7 14.24617862701416 8.16366958618164 0
and 0 114 3 4.316215515136719 4.447624206542969 3.716045379638672
covered 0 115 7 9.35965633392334 7.678668975830078 0
by 0 116 2 0.5965321660041809 2.1230039596557617 5.555665016174316
a 0 117 1 3.6100080013275146 4.977043628692627 0
number 0 118 6 4.090808391571045 7.939872741699219 0
of 0 119 2 0.027060452848672867 0.2541402578353882 7.685732483863831
artists 0 120 7 3.2582085132598877 7.804784774780273 0
including 0 121 9 3.1458489894866943 4.032933235168457 3.7718515396118164
<unk> 0 122 5 0.4471796154975891 2.8596529960632324 1.1732802391052246
<unk> 0 123 5 0.4879215955734253 2.467703104019165 0.3919498920440674
, 0 124 1 0.7810873985290527 2.0547964572906494 0.4129066467285156
<unk> 0 125 5 0.3036167621612549 2.145923137664795 0
<unk> 0 126 5 0.23439177870750427 1.7230490446090698 0.4228740930557251
, 0 127 1 0.4258016049861908 1.2204993963241577 0.5025496482849121
<unk> 0 128 5 0.3806016445159912 1.627511739730835 0
<unk> 0 129 5 0.19580157101154327 1.5075565576553345 0.11995518207550049
, 0 130 1 0.366964191198349 1.1227269172668457 0.38482964038848877
and 0 131 3 2.7559475898742676 1.4750369787216187 0
<unk> 0 132 5 0.1742088794708252 1.445554494857788 0.029482483863830566
<unk> 0 133 5 0.182623490691185 1.4685208797454834 0
. 0 134 1 0.5382699370384216 1.9647107124328613 0
<eos> 0 135 5 0.07688865065574646 0.3080558180809021 1.6566548943519592
" 0 136 1 13.62098503112793 6.074977874755859 0
<unk> 0 137 5 2.230140209197998 7.706118583679199 0
<unk> 0 138 5 2.233853578567505 4.656558513641357 3.049560070037842
<unk> 0 139 5 2.2681195735931396 3.8390305042266846 0.8175280094146729
" 0 140 1 0.9390829801559448 3.398374319076538 0.4406561851501465
is 0 141 2 3.1566343307495117 4.970774173736572 0
regarded 0 142 8 9.387036323547363 5.7792181968688965 0
as 0 143 2 0.19860555231571198 0.9521205425262451 4.827097654342651
one 0 144 3 2.422879219055176 3.160191535949707 0
of 0 145 2 0.01492798700928688 0.15322451293468475 3.0069670230150223
<unk> 0 146 5 3.9894332885742188 1.4734761714935303 0
<unk> 0 147 5 4.705183982849121 1.2384884357452393 0.23498773574829102
's 0 148 2 0.1619635820388794 1.14547598361969 0.09301245212554932
best 0 149 4 2.6842901706695557 4.133019924163818 0
original 0 150 8 8.89183235168457 7.113579750061035 0
works 0 151 5 5.035148620605469 5.926496505737305 1.1870832443237305
, 0 152 1 2.0553359985351562 3.286278247833252 2.6402182579040527
but 0 153 3 3.568532705307007 5.601686000823975 0
it 0 154 2 3.3409667015075684 6.605627059936523 0
also 0 155 4 4.730012893676758 4.704327583312988 1.9012994766235352
drew 0 156 4 9.302626609802246 7.293380260467529 0
controversy 0 157 11 8.771865844726562 4.826579570770264 2.4668006896972656
. 0 158 1 2.7388663291931152 4.737468719482422 0.0891108512878418
<eos> 0 159 5 0.05789623036980629 0.24982118606567383 4.487647533416748
<unk> 0 160 5 2.6777162551879883 6.054510116577148 0
is 0 161 2 5.329608917236328 7.40635871887207 0
doubt 0 162 5 20.482664108276367 7.963407516479492 0
over 0 163 4 6.975346565246582 4.871542930603027 3.091864585876465
the 0 164 3 1.5159087181091309 4.535070419311523 0.3364725112915039
song 0 165 4 10.006081581115723 9.961832046508789 0
's 0 166 2 0.5739845633506775 2.585575819015503 7.376256227493286
authorship 0 167 10 11.398431777954102 9.315970420837402 0
, 0 168 1 2.113598108291626 4.086422443389893 5.22954797744751
with 0 169 4 5.984846115112305 5.222606182098389 0
some 0 170 4 4.83932638168335 5.0901994705200195 0.13240671157836914
scholars 0 171 8 7.1374053955078125 8.173795700073242 0
contending 0 172 10 10.519021987915039 7.3431925773620605 0.8306031227111816
that 0 173 4 0.13476283848285675 0.9698846340179443 6.373307943344116
<unk> 0 174 5 2.6077730655670166 5.172970771789551 0
<unk> 0 175 5 3.9146690368652344 5.8223724365234375 0
was 0 176 3 3.343637228012085 6.075823783874512 0
unlikely 0 177 8 10.273877143859863 7.748447895050049 0
to 0 178 2 0.3504730761051178 1.962415337562561 5.786032557487488
have 0 179 4 2.434080123901367 5.797138690948486 0
written 0 180 7 6.41681432723999 7.331700325012207 0
a 0 181 1 2.9546592235565186 6.165796756744385 1.1659035682678223
work 0 182 4 7.376323699951172 8.137133598327637 0
in 0 183 2 3.8548879623413086 5.370413303375244 2.7667202949523926
a 0 184 1 4.344779968261719 5.098618984222412 0.27179431915283203
genre 0 185 5 10.011341094970703 8.987692832946777 0
new 0 186 3 11.157299041748047 5.465827465057373 3.5218653678894043
to 0 187 2 5.0253095626831055 6.75644588470459 0
him 0 188 3 7.900376796722412 7.483108043670654 0
without 0 189 7 8.851284980773926 2.9995810985565186 4.483526945114136
a 0 190 1 3.6787543296813965 8.236111640930176 0
collaborator 0 191 12 14.58051586151123 10.126224517822266 0
. 0 192 1 1.2806103229522705 4.140318870544434 5.985905647277832
<eos> 0 193 5 0.06792616844177246 0.28182506561279297 3.8584938049316406
<unk> 0 194 5 2.6761958599090576 6.057800769805908 0
have 0 195 4 10.09467887878418 7.385697841644287 0
been 0 196 4 2.6939597129821777 7.543387413024902 0
raised 0 197 6 9.109564781188965 8.912501335144043 0
over 0 198 4 7.322908401489258 4.525349140167236 4.387152194976807
his 0 199 3 7.950514316558838 5.1999077796936035 0
role 0 200 4 8.855045318603516 8.966317176818848 0
in 0 201 2 1.0306742191314697 2.716564416885376 6.249752759933472
the 0 202 3 1.1823546886444092 5.614142417907715 0
<unk> 0 203 5 2.1014230251312256 8.277462005615234 0
<unk> 0 204 5 2.6156938076019287 8.301186561584473 0
<unk> 0 205 5 2.105250835418701 7.766254901885986 0.5349316596984863
and 0 206 3 5.28619909286499 7.8783464431762695 0
whether 0 207 7 16.6657657623291 5.755622386932373 2.1227240562438965
he 0 208 2 2.1146533489227295 5.105968952178955 0.649653434753418
and 0 209 3 7.099354267120361 6.266321182250977 0
the 0 210 3 4.123952388763428 3.627634048461914 2.6386871337890625
song 0 211 4 12.35385799407959 7.464493274688721 0
were 0 212 4 4.0119218826293945 6.6286821365356445 0.8358111381530762
used 0 213 4 7.273437976837158 8.573999404907227 0
to 0 214 2 2.256272077560425 4.0658698081970215 4.508129596710205
further 0 215 7 9.703119277954102 8.677260398864746 0
the 0 216 3 2.91870379447937 8.058427810668945 0.6188325881958008
party 0 217 5 10.78200912475586 9.63933277130127 0
's 0 218 2 1.2177870273590088 4.188718318939209 5.4506144523620605
political 0 219 9 6.472604274749756 9.980681419372559 0
goals 0 220 5 8.828885078430176 8.340656280517578 1.6400251388549805
. 0 221 1 0.7515256404876709 2.98370361328125 5.356952667236328
<eos> 0 222 5 0.06393088400363922 0.2696269452571869 2.714076668024063
= 0 223 1 3.8032684326171875 6.039046764373779 0
= 0 224 1 0.09350348263978958 0.655936598777771 5.383110165596008
<unk> 0 225 5 5.665522575378418 5.542514324188232 0
and 0 226 3 3.844439744949341 6.864025115966797 0
creation 0 227 8 11.357189178466797 7.27923059463501 0
= 0 228 1 0.4600040018558502 2.444756031036377 4.834474563598633
= 0 229 1 3.302028926555067e-05 0.0005431909230537713 2.444212840113323
<eos> 0 230 5 23.119869232177734 4.752783298492432 0
<unk> 0 231 5 1.727472186088562 5.953900337219238 0
music 0 232 5 12.57811164855957 5.97940731048584 0
historians 0 233 10 10.856511116027832 6.210079669952393 0
date 0 234 4 12.906096458435059 6.7046895027160645 0
the 0 235 3 2.788768768310547 5.150885581970215 1.5538039207458496
writing 0 236 7 10.722681999206543 8.556292533874512 0
of 0 237 2 1.1346561908721924 4.234590530395508 4.321702003479004
" 0 238 1 4.925694465637207 4.288369655609131 0
<unk> 0 239 5 1.8004575967788696 7.697571754455566 0
<unk> 0 240 5 2.064221143722534 4.277266502380371 3.4203052520751953
<unk> 0 241 5 2.4165544509887695 2.778289318084717 1.4989771842956543
" 0 242 1 0.6043208837509155 2.4433746337890625 0.3349146842956543
to 0 243 2 3.481114625930786 4.4117431640625 0
<unk> 0 244 5 1.9045289754867554 5.307183742523193 0
<unk> 0 245 5 0.9627808332443237 4.000140190124512 1.3070435523986816
's 0 246 2 3.483635187149048 3.8977227210998535 0.1024174690246582
<unk> 0 247 5 2.1129322052001953 7.345351696014404 0
<unk> 0 248 5 1.456556797027588 6.393910884857178 0.9514408111572266
trip 0 249 4 14.788665771484375 5.969425678253174 0.4244852066040039
to 0 250 2 1.9848462343215942 4.709367752075195 1.2600579261779785
<unk> 0 251 5 0.6302778720855713 2.7823925018310547 1.9269752502441406
, 0 252 1 1.738075852394104 3.880474805831909 0
<unk> 0 253 5 2.4324758052825928 5.779149532318115 0
, 0 254 1 1.6360530853271484 4.1354522705078125 1.6436972618103027
when 0 255 4 6.769942760467529 5.543513298034668 0
he 0 256 2 2.307300090789795 4.881658554077148 0.6618547439575195
was 0 257 3 2.1569924354553223 6.932005882263184 0
invited 0 258 7 6.060226917266846 8.626608848571777 0
by 0 259 2 3.3672029972076416 1.3393985033035278 7.2872103452682495
the 0 260 3 1.9451223611831665 3.7126941680908203 0
folklorist 0 261 10 14.408626556396484 5.883347511291504 0
<unk> 0 262 5 0.1594100445508957 1.1127474308013916 4.770600080490112
<unk> 0 263 5 0.16896677017211914 1.3453807830810547 0
to 0 264 2 1.563462734222412 3.48398494720459 0
record 0 265 6 6.680854797363281 6.821693420410156 0
for 0 266 3 5.885913372039795 4.635836601257324 2.185856819152832
the 0 267 3 1.621433138847351 4.273015022277832 0.3628215789794922
<unk> 0 268 5 1.7075510025024414 7.612985610961914 0
of 0 269 2 5.559630870819092 7.669742584228516 0
<unk> 0 270 5 1.0430885553359985 3.9378747940063477 3.731867790222168
's 0 271 2 3.207209587097168 4.887977123260498 0
folk 0 272 4 10.753090858459473 8.744840621948242 0
music 0 273 5 2.959505081176758 7.552077293395996 1.192763328552246
collection 0 274 10 9.188401222229004 5.268928527832031 2.283148765563965
. 0 275 1 1.129503607749939 3.7386064529418945 1.5303220748901367
<eos> 0 276 5 0.07606317847967148 0.3064422309398651 3.4321642220020294
<unk> 0 277 5 2.64365816116333 6.056338787078857 0
the 0 278 3 9.696426391601562 7.385490894317627 0
first 0 279 5 6.355449676513672 8.659344673156738 0
night 0 280 5 9.526973724365234 8.960655212402344 0
<unk> 0 281 5 3.868468999862671 7.062976837158203 1.8976783752441406
<unk> 0 282 5 2.927772045135498 8.207201957702637 0
and 0 283 3 5.133959770202637 7.977209091186523 0.22999286651611328
his 0 284 3 3.5156707763671875 5.762535572052002 2.2146735191345215
wife 0 285 4 3.479473114013672 8.5563325881958 0
<unk> 0 286 5 1.3715533018112183 5.7654194831848145 2.7909131050109863
spent 0 287 5 9.501708984375 7.0119309425354 0
in 0 288 2 8.867499351501465 5.253495693206787 1.7584352493286133
the 0 289 3 2.363898754119873 5.426200866699219 0
city 0 290 4 6.13522481918335 8.482447624206543 0
, 0 291 1 2.997880458831787 5.211002826690674 3.271444797515869
they 0 292 4 10.01004409790039 6.732577800750732 0
encountered 0 293 11 9.52169132232666 7.696699142456055 0
racially 0 294 8 16.4683837890625 5.840200424194336 1.8564987182617188
discriminatory 0 295 14 10.812239646911621 7.7118024826049805 0
<unk> 0 296 5 3.540067434310913 9.066091537475586 0
<unk> 0 297 5 3.644148588180542 7.601996421813965 1.464095115661621
laws 0 298 4 14.210021018981934 6.9341630935668945 0.6678333282470703
similar 0 299 7 11.333446502685547 4.34239387512207 2.591769218444824
to 0 300 2 0.04765430837869644 0.3013765811920166 4.041017293930054
those 0 301 5 2.45231294631958 5.019787311553955 0
found 0 302 5 6.1447296142578125 4.782837390899658 0.23694992065429688
in 0 303 2 0.5210826396942139 2.0141024589538574 2.768734931945801
their 0 304 5 5.541292190551758 4.574062824249268 0
native 0 305 6 6.31915283203125 9.12014389038086 0
<unk> 0 306 5 0.9210220575332642 4.999035358428955 4.121108531951904
: 0 307 1 8.27639102935791 6.000940322875977 0
most 0 308 4 10.103104591369629 5.430294513702393 0.570645809173584
hotels 0 309 6 14.950800895690918 7.974542140960693 0
refused 0 310 7 11.272255897521973 5.499102592468262 2.4754395484924316
to 0 311 2 0.4214509427547455 2.3357760906219482 3.1633265018463135
rent 0 312 4 8.191793441772461 8.067628860473633 0
rooms 0 313 5 11.041452407836914 6.08343505859375 1.9841938018798828
to 0 314 2 5.293914794921875 4.272254467010498 1.811180591583252
<unk> 0 315 5 3.2854394912719727 7.262630462646484 0
<unk> 0 316 5 3.1546335220336914 6.383121490478516 0.8795089721679688
and 0 317 3 3.778376340866089 5.218325138092041 1.1647963523864746
the 0 318 3 3.404846429824829 6.66708517074585 0
few 0 319 3 11.435662269592285 8.390297889709473 0
that 0 320 4 10.889192581176758 8.472725868225098 0
would 0 321 5 5.418341159820557 7.699270248413086 0.7734556198120117
were 0 322 4 11.041047096252441 6.836361408233643 0.8629088401794434
either 0 323 6 9.664212226867676 9.669027328491211 0
full 0 324 4 11.018336296081543 9.593586921691895 0.0754404067993164
or 0 325 2 3.241420269012451 6.08306360244751 3.5105233192443848
refused 0 326 7 14.624645233154297 10.179946899414062 0
to 0 327 2 0.9773678183555603 3.1846508979797363 6.995296001434326
serve 0 328 5 7.592191696166992 7.876938819885254 0
him 0 329 3 11.115592002868652 5.169761657714844 2.70717716217041
because 0 330 7 8.044737815856934 2.9501988887786865 2.2195627689361572
he 0 331 2 5.0412492752075195 3.162907600402832 0
was 0 332 3 2.1525046825408936 5.688326358795166 0
with 0 333 4 9.348176956176758 8.316336631774902 0
a 0 334 1 3.0452775955200195 5.885560035705566 2.430776596069336
white 0 335 5 9.369769096374512 9.878902435302734 0
man 0 336 3 4.977997779846191 8.337117195129395 1.5417852401733398
( 0 337 1 6.630793571472168 4.408986568450928 3.928130626678467
<unk> 0 338 5 0.9396237730979919 5.141781330108643 0
) 0 339 1 1.5558569431304932 2.4985134601593018 2.643267869949341
. 0 340 1 1.0993144512176514 4.109809398651123 0
<eos> 0 341 5 0.0642169713973999 0.2702310085296631 3.83957839012146
<unk> 0 342 5 2.6532299518585205 6.047718524932861 0
, 0 343 1 4.491828918457031 7.367705345153809 0
in 0 344 2 5.10971736907959 5.887535572052002 1.4801697731018066
some 0 345 4 7.128544807434082 5.22838830947876 0.6591472625732422
versions 0 346 8 8.126324653625488 6.872199058532715 0
of 0 347 2 1.3404535055160522 2.8505938053131104 4.0216052532196045
the 0 348 3 0.7624651789665222 3.59495210647583 0
story 0 349 5 5.3545026779174805 8.282485008239746 0
described 0 350 9 13.156258583068848 2.7478060722351074 5.534678936004639
as 0 351 2 1.2629992961883545 3.021469831466675 0
an 0 352 2 5.091645240783691 4.254903793334961 0
unnamed 0 353 7 8.80998706817627 7.744901657104492 0
" 0 354 1 5.38361120223999 8.605155944824219 0
white 0 355 5 9.190311431884766 9.238289833068848 0
friend 0 356 6 12.13930606842041 6.476140975952148 2.762148857116699
" 0 357 1 0.35868149995803833 1.7394849061965942 4.736656069755554
, 0 358 1 0.7730138301849365 3.1600492000579834 0
offered 0 359 7 10.968120574951172 6.065601825714111 0
to 0 360 2 2.0779166221618652 5.1475324630737305 0.9180693626403809
let 0 361 3 7.052248954772949 8.1245756149292 0
the 0 362 3 2.9654171466827393 4.6833271980285645 3.4412484169006348
couple 0 363 6 10.124785423278809 9.258892059326172 0
stay 0 364 4 6.57761812210083 6.424508094787598 2.834383964538574
for 0 365 3 5.552964687347412 5.502310276031494 0.9221978187561035
the 0 366 3 2.7426609992980957 6.106389999389648 0
night 0 367 5 6.368863105773926 5.730377197265625 0.37601280212402344
in 0 368 2 5.329576015472412 4.444477558135986 1.2858996391296387
his 0 369 3 5.87256383895874 4.351118087768555 0.09335947036743164
apartment 0 370 9 3.799912691116333 7.801234722137451 0
near 0 371 4 8.326048851013184 3.386580228805542 4.414654493331909
the 0 372 3 2.0402331352233887 3.2809762954711914 0.10560393333435059
<unk> 0 373 5 2.8950390815734863 8.413331985473633 0
<unk> 0 374 5 3.6436409950256348 7.7462992668151855 0.6670327186584473
<unk> 0 375 5 3.078693151473999 7.409440517425537 0.33685874938964844
. 0 376 1 3.4306328296661377 7.634142875671387 0
<eos> 0 377 5 0.0767621099948883 0.31012970209121704 7.32401317358017
<unk> 0 378 5 2.682556629180908 6.032198429107666 0
next 0 379 4 12.307624816894531 7.381051540374756 0
morning 0 380 7 12.907812118530273 8.092220306396484 0
, 0 381 1 1.7504092454910278 6.405814170837402 1.686406135559082
<unk> 0 382 5 2.3997867107391357 7.079588890075684 0
<unk> 0 383 5 2.602839231491089 8.103697776794434 0
awoke 0 384 5 16.123191833496094 6.49462366104126 1.6090741157531738
to 0 385 2 3.351790428161621 5.104617118835449 1.3900065422058105
<unk> 0 386 5 2.7015833854675293 7.837367534637451 0
arguing 0 387 7 18.00214958190918 5.062220573425293 2.775146961212158
with 0 388 4 4.2201433181762695 4.125462055206299 0.9367585182189941
his 0 389 3 2.956339120864868 4.818912982940674 0
landlord 0 390 8 10.453044891357422 7.283341407775879 0
about 0 391 5 6.921194076538086 4.233863353729248 3.049478054046631
the 0 392 3 2.1044609546661377 5.055810928344727 0
presence 0 393 8 9.555672645568848 9.794559478759766 0
of 0 394 2 0.05208192393183708 0.37172773480415344 9.422831743955612
a 0 395 1 2.52457594871521 5.850413799285889 0
black 0 396 5 8.041671752929688 9.37856674194336 0
man 0 397 3 3.5972800254821777 7.332887649536133 2.0456790924072266
, 0 398 1 2.3464694023132324 4.74232816696167 2.590559482574463
with 0 399 4 6.77916145324707 5.831937313079834 0
the 0 400 3 2.5980043411254883 5.128011703491211 0.703925609588623
landlord 0 401 8 11.45389175415039 10.004683494567871 0
threatening 0 402 11 9.923276901245117 8.326497077941895 1.6781864166259766
to 0 403 2 0.5545588731765747 2.785569906234741 5.540927171707153
call 0 404 4 8.712577819824219 8.742880821228027 0
the 0 405 3 3.162184238433838 5.097567558288574 3.645313262939453
police 0 406 6 4.349031448364258 9.988895416259766 0
. 0 407 1 2.016767740249634 6.450023651123047 3.5388717651367188
<eos> 0 408 5 0.06796751916408539 0.2825365960597992 6.167487055063248
<unk> 0 409 5 2.6470084190368652 6.028960704803467 0
in 0 410 2 9.187681198120117 7.367731094360352 0
<unk> 0 411 5 1.464430809020996 4.693378925323486 2.6743521690368652
, 0 412 1 2.5245940685272217 7.192286968231201 0
<unk> 0 413 5 1.2240033149719238 5.290378570556641 1.9019083976745605
<unk> 0 414 5 2.5436110496520996 5.499038219451904 0
encountered 0 415 11 13.670441627502441 5.140328407287598 0.35870981216430664
several 0 416 7 6.514960289001465 5.771572589874268 0
other 0 417 5 3.9441771507263184 9.039674758911133 0
incidents 0 418 9 9.307416915893555 8.646053314208984 0.39362144470214844
of 0 419 2 2.787898063659668 5.027896404266357 3.618156909942627
segregation 0 420 11 13.811134338378906 8.631686210632324 0
that 0 421 4 6.7145562171936035 4.332211494445801 4.299474716186523
are 0 422 3 7.6904215812683105 7.160714149475098 0
believed 0 423 8 6.27412223815918 8.761369705200195 0
to 0 424 2 0.09717698395252228 0.713007926940918 8.048361778259277
have 0 425 4 1.3122332096099854 3.0298657417297363 0
contributed 0 426 11 6.3576979637146 5.647770404815674 0
to 0 427 2 0.12485933303833008 1.0802561044692993 4.5675143003463745
the 0 428 3 0.9959006309509277 4.8295488357543945 0
impetus 0 429 7 16.31894874572754 9.834593772888184 0
of 0 430 2 1.114096760749817 3.049733877182007 6.784859895706177
the 0 431 3 1.4696329832077026 6.5122199058532715 0
song 0 432 4 9.0235013961792 9.39428997039795 0
. 0 433 1 1.1411778926849365 3.1435775756835938 6.2507123947143555
<eos> 0 434 5 0.06474802643060684 0.27237948775291443 2.8711980879306793
<unk> 0 435 5 2.6538381576538086 6.037849426269531 0
instance 0 436 8 22.80544662475586 7.381065368652344 0
, 0 437 1 2.9107210636138916 5.87704610824585 1.5040192604064941
when 0 438 4 7.419825553894043 7.16748571395874 0
<unk> 0 439 5 2.767394781112671 7.234927177429199 0
<unk> 0 440 5 3.1066370010375977 7.883970737457275 0
, 0 441 1 2.9227516651153564 6.883999824523926 0.9999709129333496
<unk> 0 442 5 2.699061393737793 7.409965991973877 0
, 0 443 1 2.2583096027374268 4.807154655456543 2.602811336517334
and 0 444 3 1.6717345714569092 5.775697708129883 0
their 0 445 5 9.793584823608398 2.5897750854492188 3.185922622680664
wives 0 446 5 7.92363166809082 8.223733901977539 0
wanted 0 447 6 12.5051851272583 6.053246021270752 2.170487880706787
to 0 448 2 0.6913702487945557 3.142165422439575 2.9110805988311768
go 0 449 2 6.318215847015381 8.452254295349121 0
out 0 450 3 4.602207660675049 5.024325370788574 3.427928924560547
to 0 451 2 2.7139179706573486 4.146258354187012 0.8780670166015625
dinner 0 452 6 9.947808265686035 6.921811103820801 0
together 0 453 8 6.875866413116455 4.181225776672363 2.7405853271484375
, 0 454 1 2.3791723251342773 3.7936480045318604 0.38757777214050293
they 0 455 4 8.37941837310791 5.848158836364746 0
discovered 0 456 10 9.664779663085938 7.775513172149658 0
that 0 457 4 1.43511962890625 4.685430526733398 3.0900826454162598
it 0 458 2 5.509578704833984 5.116922378540039 0
was 0 459 3 1.03023099899292 3.644287347793579 1.47263503074646
impossible 0 460 10 8.096899032592773 7.318593502044678 0
for 0 461 3 2.816467761993408 1.6972296237945557 5.621363878250122
the 0 462 3 2.6860127449035645 5.954411029815674 0
mixed 0 463 5 17.908199310302734 9.039705276489258 0
race 0 464 4 10.303220748901367 8.261528015136719 0.7781772613525391
group 0 465 5 12.88109302520752 3.3335158824920654 4.928012132644653
to 0 466 2 0.5241824984550476 2.360236883163452 0.9732789993286133
find 0 467 4 6.919371128082275 8.066312789916992 0
a 0 468 1 2.15946364402771 5.832484722137451 2.233828067779541
restaurant 0 469 10 11.607577323913574 9.01345157623291 0
that 0 470 4 6.123477935791016 4.808753967285156 4.204697608947754
would 0 471 5 2.772674083709717 6.394151210784912 0
serve 0 472 5 7.999284744262695 6.034305095672607 0.3598461151123047
them 0 473 4 6.858213901519775 5.20476770401001 0.8295373916625977
. 0 474 1 2.1629116535186768 4.791258335113525 0.4135093688964844
<eos> 0 475 5 0.0689333900809288 0.28507113456726074 4.506187200546265
<unk> 0 476 5 2.662904977798462 6.03279972076416 0
<unk> 0 477 5 2.4253487586975098 7.389310359954834 0
was 0 478 3 3.9903483390808105 6.264684200286865 1.1246261596679688
told 0 479 4 10.405145645141602 8.211786270141602 0
that 0 480 4 1.6984608173370361 4.108534812927246 4.1032514572143555
if 0 481 2 6.687473773956299 4.816641330718994 0
he 0 482 2 2.295262575149536 4.8044819831848145 0.012159347534179688
returned 0 483 8 7.744144916534424 6.180748462677002 0
later 0 484 5 14.280495643615723 2.614805221557617 3.5659432411193848
without 0 485 7 10.521493911743164 2.9093432426452637 0
<unk> 0 486 5 4.256372451782227 8.657134056091309 0
, 0 487 1 1.5335983037948608 5.248655319213867 3.4084787368774414
he 0 488 2 1.3283252716064453 4.086777687072754 1.1618776321411133
would 0 489 5 0.9324734807014465 3.608668565750122 0.47810912132263184
be 0 490 2 2.6057848930358887 6.400416374206543 0
served 0 491 6 13.257079124450684 8.45196533203125 0
. 0 492 1 6.47514533996582 4.077092170715332 4.374873161315918
<eos> 0 493 5 0.061787135899066925 0.2639521360397339 3.813140034675598
<unk> 0 494 5 2.676640272140503 6.057533264160156 0
response 0 495 8 17.542583465576172 7.38762903213501 0
to 0 496 2 2.811589002609253 6.75290584564209 0.6347231864929199
one 0 497 3 9.287665367126465 5.347442626953125 1.4054632186889648
of 0 498 2 2.29809832572937 8.266053199768066 0
these 0 499 5 4.285560131072998 2.5455079078674316 5.720545291900635
incidents 0 500 9 9.183124542236328 10.200634956359863 0
, 0 501 1 3.9158248901367188 6.010593414306641 4.190041542053223
a 0 502 1 4.873732566833496 7.602016448974609 0
friend 0 503 6 12.143527030944824 10.070313453674316 0
of 0 504 2 1.6044881343841553 4.778018474578857 5.292294979095459
<unk> 0 505 5 0.8914204835891724 3.98348069190979 0.7945377826690674
<unk> 0 506 5 1.62497878074646 4.7418951988220215 0
's 0 507 2 4.926670074462891 3.5476553440093994 1.194239854812622
, 0 508 1 4.251455307006836 8.772602081298828 0
variously 0 509 9 16.095964431762695 6.907050132751465 1.8655519485473633
identified 0 510 10 6.818014144897461 8.342475891113281 0
as 0 511 2 5.598079204559326 5.049834251403809 3.2926416397094727
either 0 512 6 10.244462013244629 5.484763145446777 0
<unk> 0 513 5 2.1939425468444824 5.523344039916992 0
or 0 514 2 0.9120212197303772 2.89543080329895 2.627913236618042
<unk> 0 515 5 0.8152816295623779 4.305654525756836 0
<unk> 0 516 5 2.3773505687713623 4.067629814147949 0.23802471160888672
<unk> 0 517 5 3.270759105682373 3.5691568851470947 0.4984729290008545
joked 0 518 5 19.85550880432129 3.8581225872039795 0
that 0 519 4 1.7656729221343994 4.323570728302002 0
<unk> 0 520 5 2.567460298538208 5.090897560119629 0
was 0 521 3 2.4068682193756104 5.658557891845703 0
a 0 522 1 3.013829469680786 7.60825777053833 0
" 0 523 1 3.009645462036133 9.00547981262207 0
bourgeois 0 524 9 11.955811500549316 9.641927719116211 0
town 0 525 4 10.153547286987305 7.445626258850098 2.1963014602661133
. 0 526 1 5.737245082855225 2.2217445373535156 5.223881721496582
" 0 527 1 4.299885272979736 0.3093005120754242 1.9124440252780914
<eos> 0 528 5 2.751719648586004e-06 2.9408733098534867e-05 0.30927110334232566
<unk> 0 529 5 2.043851613998413 6.2312726974487305 0
<unk> 0 530 5 1.6652214527130127 6.462277889251709 0
<unk> 0 531 5 3.5107479095458984 4.622601509094238 1.8396763801574707
did 0 532 3 9.642019271850586 6.2272868156433105 0
not 0 533 3 0.7499818801879883 4.080133438110352 2.147153377532959
know 0 534 4 5.105555057525635 8.039529800415039 0
what 0 535 4 2.6807005405426025 4.65949010848999 3.380039691925049
the 0 536 3 3.076688528060913 6.365780830383301 0
word 0 537 4 8.976004600524902 9.17172622680664 0
" 0 538 1 1.5251202583312988 4.983807563781738 4.187918663024902
bourgeois 0 539 9 15.328962326049805 7.428473472595215 0
" 0 540 1 0.8215349912643433 4.912559986114502 2.515913486480713
meant 0 541 5 6.657159805297852 6.267856597900391 0
, 0 542 1 2.867047071456909 4.8546977043151855 1.413158893585205
he 0 543 2 5.630948543548584 5.26056432723999 0
was 0 544 3 4.170551776885986 7.198757171630859 0
fascinated 0 545 10 9.737350463867188 8.431851387023926 0
by 0 546 2 0.3335829973220825 1.443066120147705 6.988785266876221
the 0 547 3 1.3790010213851929 4.812551498413086 0
sound 0 548 5 9.038084983825684 10.042593955993652 0
of 0 549 2 0.703197181224823 3.325139045715332 6.71745491027832
it 0 550 2 8.301019668579102 6.416027069091797 0
, 0 551 1 1.7584881782531738 3.8818106651306152 2.5342164039611816
and 0 552 3 1.764426350593567 5.738576889038086 0
after 0 553 5 9.209668159484863 7.404257774353027 0
its 0 554 3 7.099863529205322 6.442532062530518 0.9617257118225098
meaning 0 555 7 10.692553520202637 9.118081092834473 0
was 0 556 3 3.1638052463531494 5.742885112762451 3.3751959800720215
explained 0 557 9 9.87269115447998 9.008627891540527 0
to 0 558 2 4.957530498504639 3.707033634185791 5.301594257354736
him 0 559 3 4.312282085418701 5.908530235290527 0
he 0 560 2 7.594170570373535 3.3294968605041504 2.579033374786377
decided 0 561 7 7.536779403686523 6.788933753967285 0
to 0 562 2 0.5423781871795654 2.1672821044921875 4.621651649475098
incorporate 0 563 11 8.004430770874023 7.993900775909424 0
it 0 564 2 3.9538962841033936 5.819807529449463 2.174093246459961
into 0 565 4 0.7841335535049438 2.8486149311065674 2.9711925983428955
a 0 566 1 1.2716960906982422 4.085155963897705 0
song 0 567 4 6.380677223205566 8.685371398925781 0
about 0 568 5 4.8765668869018555 4.526432037353516 4.158939361572266
the 0 569 3 2.231326103210449 5.956737518310547 0
trip 0 570 4 11.249978065490723 9.725262641906738 0
. 0 571 1 1.2124996185302734 4.022325038909912 5.702937602996826
<eos> 0 572 5 0.06385931372642517 0.2693846821784973 3.752940356731415
<unk> 0 573 5 2.6681113243103027 6.044735908508301 0
song 0 574 4 15.295913696289062 7.382353782653809 0
came 0 575 4 10.87143611907959 6.1550750732421875 1.227278709411621
together 0 576 8 7.38107442855835 4.294485092163086 1.8605899810791016
quickly 0 577 7 12.405577659606934 4.472868919372559 0
; 0 578 1 6.447402477264404 4.757840156555176 0
one 0 579 3 7.738024711608887 5.994551658630371 0
account 0 580 7 9.783406257629395 6.258981227874756 0
claims 0 581 6 9.944747924804688 5.854499816894531 0.4044814109802246
that 0 582 4 0.6191264986991882 3.0054666996002197 2.8490331172943115
it 0 583 2 4.3871331214904785 5.102392673492432 0
only 0 584 4 8.937435150146484 4.409490585327148 0.6929020881652832
took 0 585 4 6.083576679229736 8.487813949584961 0
a 0 586 1 3.6779589653015137 4.449573040008545 4.038240909576416
few 0 587 3 3.142645835876465 7.910768508911133 0
hours 0 588 5 3.874777317047119 3.4800772666931152 4.430691242218018
for 0 589 3 5.9140238761901855 3.7168099880218506 0
<unk> 0 590 5 2.5917646884918213 6.4807538986206055 0
<unk> 0 591 5 3.333714485168457 4.4840474128723145 1.996706485748291
to 0 592 2 1.7647249698638916 4.384871482849121 0.09917593002319336
write 0 593 5 5.924986839294434 8.20826530456543 0
it 0 594 2 5.911676406860352 5.369924545288086 2.8383407592773438
. 0 595 1 1.1410073041915894 3.8392653465270996 1.5306591987609863
<eos> 0 596 5 0.06832513958215714 0.2829669415950775 3.556298404932022
<unk> 0 597 5 2.660914182662964 6.043418884277344 0
liked 0 598 5 12.020479202270508 7.392630100250244 0
it 0 599 2 5.832705020904541 4.211119174957275 3.1815109252929688
because 0 600 7 4.095303058624268 4.745344161987305 0
it 0 601 2 3.322303056716919 3.9778635501861572 0.7674806118011475
was 0 602 3 1.050456166267395 4.551510334014893 0
partly 0 603 6 11.478423118591309 7.3653564453125 0
based 0 604 5 4.831361293792725 6.926082611083984 0.4392738342285156
on 0 605 2 0.17401070892810822 0.9314989447593689 5.9945836663246155
what 0 606 4 6.464166164398193 5.077770233154297 0
happened 0 607 8 5.992117881774902 5.493570804595947 0
in 0 608 2 2.562886953353882 4.598180294036865 0.895390510559082
his 0 609 3 3.880059242248535 4.007635593414307 0.5905447006225586
apartment 0 610 9 9.32304859161377 8.481644630432129 0
. 0 611 1 1.7446305751800537 3.8158347606658936 4.665809869766235
<eos> 0 612 5 0.07728759199380875 0.3101673126220703 3.5056674480438232
= 0 613 1 3.813295602798462 6.042782306671143 0
= 0 614 1 0.09452441334724426 0.6601248979568481 5.382657408714294
<unk> 0 615 5 5.653759002685547 5.55478572845459 0
, 0 616 1 6.030903339385986 6.884257793426514 0
themes 0 617 6 13.612330436706543 6.104023456573486 0.7802343368530273
and 0 618 3 0.7679561972618103 1.795893669128418 4.308129787445068
music 0 619 5 5.7276387214660645 9.281133651733398 0
= 0 620 1 0.1369064897298813 1.007266879081726 8.273866772651672
= 0 621 1 3.302028926555067e-05 0.00058771698968485 1.0066791620920412
<eos> 0 622 5 21.83158302307129 5.060220241546631 0
" 0 623 1 6.9795732498168945 6.509946346282959 0
<unk> 0 624 5 1.9097696542739868 7.405274868011475 0
<unk> 0 625 5 1.3202998638153076 4.848859786987305 2.55641508102417
<unk> 0 626 5 1.2786827087402344 4.081743240356445 0.7671165466308594
" 0 627 1 1.6506853103637695 3.651883125305176 0.42986011505126953
is 0 628 2 2.293731212615967 4.122013568878174 0
a 0 629 1 1.383117437362671 4.941577911376953 0
blues 0 630 5 10.366933822631836 8.713298797607422 0
<unk> 0 631 5 2.5671024322509766 5.610251426696777 3.1030473709106445
style 0 632 5 5.573038578033447 5.006747722625732 0.6035037040710449
protest 0 633 7 12.255148887634277 6.524442672729492 0
song 0 634 4 4.441597938537598 5.797042369842529 0.7274003028869629
that 0 635 4 2.9792208671569824 4.769457817077637 1.0275845527648926
criticizes 0 636 10 10.982341766357422 7.698126316070557 0
the 0 637 3 1.529718279838562 5.113574504852295 2.5845518112182617
culture 0 638 7 11.114846229553223 8.560670852661133 0
of 0 639 2 0.3938567638397217 2.0536510944366455 6.507019758224487
<unk> 0 640 5 2.427868127822876 6.013277530670166 0
, 0 641 1 3.751474142074585 5.743393421173096 0.2698841094970703
<unk> 0 642 5 3.1515214443206787 7.107503414154053 0
. 0 643 1 6.480559349060059 2.8107106685638428 4.29679274559021
<eos> 0 644 5 0.062417421489953995 0.26767396926879883 2.543036699295044
<unk> 0 645 5 2.6400258541107178 6.059031963348389 0
protests 0 646 8 15.727283477783203 7.3895440101623535 0
against 0 647 7 5.258274555206299 7.337008476257324 0.0525355339050293
both 0 648 4 7.626884460449219 4.878623008728027 2.458385467529297
the 0 649 3 1.9307942390441895 5.859235763549805 0
city 0 650 4 7.610372543334961 8.206502914428711 0
's 0 651 2 2.5210773944854736 2.1996378898620605 6.00686502456665
<unk> 0 652 5 2.7060961723327637 9.186934471130371 0
<unk> 0 653 5 3.484020471572876 4.350643157958984 4.836291313171387
laws 0 654 4 15.86246109008789 4.480379104614258 0
and 0 655 3 0.832912027835846 2.575166702270508 1.90521240234375
the 0 656 3 0.8844242095947266 5.276544094085693 0
racism 0 657 6 14.415628433227539 8.398351669311523 0
of 0 658 2 1.1579687595367432 5.051755905151367 3.3465957641601562
its 0 659 3 8.174668312072754 3.338212490081787 1.71354341506958
white 0 660 5 10.185160636901855 9.074380874633789 0
population 0 661 10 4.1022844314575195 7.157857894897461 1.9165229797363281
. 0 662 1 1.3932700157165527 4.263504981994629 2.894352912902832
<eos> 0 663 5 0.05872175097465515 0.25212255120277405 4.011382430791855
<unk> 0 664 5 2.653547763824463 6.033729553222656 0
structure 0 665 9 16.244930267333984 7.385569095611572 0
includes 0 666 8 9.140034675598145 6.772774696350098 0.6127943992614746
several 0 667 7 6.073446273803711 6.947852611541748 0
verses 0 668 6 12.748627662658691 9.462924003601074 0
and 0 669 3 3.5447137355804443 4.737781047821045 4.725142955780029
a 0 670 1 4.102227687835693 9.395842552185059 0
refrain 0 671 7 9.672706604003906 9.233036041259766 0.16280651092529297
that 0 672 4 4.356682300567627 5.444855213165283 3.7881808280944824
declares 0 673 8 12.143328666687012 7.548616409301758 0
that 0 674 4 2.934204339981079 5.615889549255371 1.9327268600463867
the 0 675 3 2.1187658309936523 5.2438507080078125 0.3720388412475586
speaker 0 676 7 12.418022155761719 9.574058532714844 0
is 0 677 2 2.4609436988830566 6.276691913604736 3.2973666191101074
going 0 678 5 9.118401527404785 8.029000282287598 0
to 0 679 2 0.3232254981994629 1.8998663425445557 6.129133939743042
" 0 680 1 6.690357685089111 6.907999038696289 0
spread 0 681 6 11.595778465270996 9.077709197998047 0
the 0 682 3 3.1388072967529297 6.519423961639404 2.5582852363586426
news 0 683 4 10.726481437683105 10.060580253601074 0
all 0 684 3 10.828956604003906 4.683143138885498 5.377437114715576
around 0 685 6 6.600999355316162 5.758110046386719 0
" 0 686 1 4.754273414611816 5.011937141418457 0.7461729049682617
about 0 687 5 9.760648727416992 5.231982231140137 0
the 0 688 3 1.4560036659240723 5.810408592224121 0
racial 0 689 6 10.794589042663574 10.282115936279297 0
issues 0 690 6 5.309246063232422 9.03681468963623 1.2453012466430664
<unk> 0 691 5 8.743897438049316 4.39957332611084 4.637241363525391
the 0 692 3 6.602511405944824 7.860713481903076 0
city 0 693 4 9.229410171508789 9.658759117126465 0
. 0 694 1 2.2568912506103516 5.60866641998291 4.050092697143555
<eos> 0 695 5 0.07372137904167175 0.30122503638267517 5.307441383600235
<unk> 0 696 5 2.6400094032287598 6.056200981140137 0
song 0 697 4 15.266735076904297 7.3856635093688965 0
, 0 698 1 3.705275297164917 6.169158935546875 1.2165045738220215
particularly 0 699 12 10.033751487731934 6.933464527130127 0
in 0 700 2 2.5652971267700195 5.4640655517578125 1.4693989753723145
the 0 701 3 1.5632892847061157 4.7188897132873535 0.745175838470459
refrain 0 702 7 12.924056053161621 8.081116676330566 0
, 0 703 1 1.2382681369781494 3.3506155014038086 4.730501174926758
<unk> 0 704 5 6.35892391204834 6.851773738861084 0
race 0 705 4 20.361860275268555 6.646551609039307 0.20522212982177734
and 0 706 3 4.167760372161865 6.338995933532715 0.3075556755065918
economics 0 707 9 19.40233612060547 8.039371490478516 0
by 0 708 2 5.740720272064209 6.32241153717041 1.7169599533081055
referring 0 709 9 11.43576717376709 6.084993839263916 0.23741769790649414
to 0 710 2 0.07266467809677124 0.6247919797897339 5.460201859474182
<unk> 0 711 5 2.2316949367523193 4.390527248382568 0
as 0 712 2 3.2375967502593994 5.14398193359375 0
" 0 713 1 1.6630281209945679 3.8952322006225586 1.2487497329711914
bourgeois 0 714 9 13.803027153015137 6.947973728179932 0
" 0 715 1 0.9354590177536011 4.251672744750977 2.696300983428955
. 0 716 1 1.85979425907135 3.7334179878234863 0.5182547569274902
<eos> 0 717 5 0.06786578893661499 0.28234443068504333 3.451073557138443
<unk> 0 718 5 2.6514580249786377 6.058903217315674 0
first 0 719 5 9.709139823913574 7.391597270965576 0
two 0 720 3 17.219453811645508 8.055004119873047 0
verses 0 721 6 12.15450668334961 8.574372291564941 0
speak 0 722 5 11.512948989868164 6.052996635437012 2.5213756561279297
of 0 723 2 3.2106175422668457 6.0886921882629395 0
the 0 724 3 2.149906873703003 5.192375659942627 0.8963165283203125
segregation 0 725 11 18.937564849853516 9.731148719787598 0
that 0 726 4 7.175780773162842 3.3815758228302 6.3495728969573975
<unk> 0 727 5 3.544807195663452 8.347474098205566 0
<unk> 0 728 5 3.633826971054077 8.309511184692383 0.037962913513183594
encountered 0 729 11 11.863665580749512 7.995059490203857 0.3144516944885254
in 0 730 2 2.289931058883667 4.813549518585205 3.1815099716186523
<unk> 0 731 5 2.3301916122436523 4.720414161682129 0.09313535690307617
<unk> 0 732 5 3.3108999729156494 4.927363872528076 0
: 0 733 1 5.779542922973633 4.522865295410156 0.4044985771179199
the 0 734 3 3.4537088871002197 4.7141923904418945 0
first 0 735 5 6.445508003234863 10.302080154418945 0
recounts 0 736 8 15.862414360046387 8.906645774841309 1.3954343795776367
the 0 737 3 5.86535120010376 5.307310104370117 3.5993356704711914
fact 0 738 4 8.563255310058594 9.453317642211914 0
that 0 739 4 0.23152706027030945 1.449171543121338 8.004146099090576
during 0 740 6 10.68738842010498 5.136456489562988 0
the 0 741 3 1.0192724466323853 3.4545319080352783 1.68192458152771
trip 0 742 4 9.360461235046387 8.010684967041016 0
, 0 743 1 1.7437210083007812 4.885459899902344 3.125225067138672
<unk> 0 744 5 1.5050077438354492 4.91282320022583 0
<unk> 0 745 5 2.835162878036499 7.378498554229736 0
was 0 746 3 3.8533291816711426 6.940359115600586 0.4381394386291504
" 0 747 1 5.9363322257995605 8.543953895568848 0
turned 0 748 6 11.121713638305664 8.406611442565918 0.1373424530029297
down 0 749 4 3.330904960632324 5.030196189880371 3.376415252685547
" 0 750 1 2.339134693145752 4.272968769073486 0.7572274208068848
wherever 0 751 8 16.780590057373047 3.2783827781677246 0.9945859909057617
he 0 752 2 1.7010170221328735 4.597571849822998 0
tried 0 753 5 7.410948276519775 6.8241424560546875 0
to 0 754 2 0.2551644742488861 1.6260523796081543 5.198090076446533
get 0 755 3 4.724696159362793 8.737162590026855 0
served 0 756 6 15.082147598266602 6.589677810668945 2.14748477935791
due 0 757 3 9.830751419067383 4.483684539794922 2.1059932708740234
to 0 758 2 0.027580561116337776 0.24697929620742798 4.236705243587494
his 0 759 3 1.957114338874817 5.179697513580322 0
race 0 760 4 11.269572257995605 10.087775230407715 0
, 0 761 1 3.2468769550323486 5.76898193359375 4.318793296813965
while 0 762 5 5.509724140167236 6.241485118865967 0
the 0 763 3 2.623537540435791 5.299631118774414 0.9418540000915527
second 0 764 6 7.361328125 8.955301284790039 0
recounts 0 765 8 15.960877418518066 8.364813804626465 0.5904874801635742
the 0 766 3 2.5053799152374268 5.374076843261719 2.990736961364746
argument 0 767 8 11.284858703613281 9.411144256591797 0
between 0 768 7 4.3412699699401855 5.106578350067139 4.304565906524658
<unk> 0 769 5 1.2937140464782715 4.174734115600586 0.9318442344665527
and 0 770 3 0.3649830222129822 1.5951902866363525 2.5795438289642334
his 0 771 3 3.2769601345062256 2.4038004875183105 0
landlord 0 772 8 12.512835502624512 6.5493574142456055 0
over 0 773 4 9.736734390258789 3.129354476928711 3.4200029373168945
<unk> 0 774 5 2.7960031032562256 4.483120441436768 0
<unk> 0 775 5 2.887819766998291 4.939840316772461 0
staying 0 776 7 15.124889373779297 3.834043025970459 1.105797290802002
in 0 777 2 1.3853092193603516 4.31056022644043 0
his 0 778 3 4.494132041931152 4.115850925445557 0.19470930099487305
apartment 0 779 9 5.455453395843506 7.739607334136963 0
. 0 780 1 0.8717346787452698 3.182119607925415 4.557487726211548
<eos> 0 781 5 0.07107702642679214 0.2925783395767212 2.889541268348694
<unk> 0 782 5 2.6701436042785645 6.051247596740723 0
third 0 783 5 16.411394119262695 7.390126705169678 0
verse 0 784 5 11.845771789550781 7.112258434295654 0.27786827087402344
sarcastically 0 785 13 16.703020095825195 6.893456935882568 0.21880149841308594
cites 0 786 5 11.190703392028809 8.379874229431152 0
" 0 787 1 3.9556808471679688 4.851893901824951 3.527980327606201
the 0 788 3 3.317246675491333 8.027278900146484 0
home 0 789 4 11.326848030090332 10.100414276123047 0
of 0 790 2 1.536685585975647 5.763317584991455 4.337096691131592
the 0 791 3 1.973950743675232 5.131567478179932 0.6317501068115234
brave 0 792 5 13.308856964111328 8.065361022949219 0
, 0 793 1 4.584848403930664 3.3698418140411377 4.695519208908081
the 0 794 3 4.353401184082031 6.719250202178955 0
land 0 795 4 12.241978645324707 8.939491271972656 0
of 0 796 2 2.3661153316497803 5.768139362335205 3.171351909637451
the 0 797 3 2.0929107666015625 6.385177135467529 0
<unk> 0 798 5 2.0907890796661377 8.249631881713867 0
" 0 799 1 0.8988625407218933 4.390117168426514 3.8595147132873535
, 0 800 1 1.4104957580566406 3.7647180557250977 0.625399112701416
juxtaposed 0 801 10 16.248332977294922 5.089874267578125 0
with 0 802 4 0.5970550775527954 2.336334228515625 2.7535400390625
the 0 803 3 1.7383923530578613 4.722661018371582 0
mistreatment 0 804 12 17.599105834960938 9.282938003540039 0
he 0 805 2 10.045906066894531 1.0750266313552856 8.207911372184753
received 0 806 8 6.257214546203613 7.536812782287598 0
at 0 807 2 5.990702152252197 4.220973014831543 3.3158397674560547
the 0 808 3 1.2358728647232056 4.014170169830322 0.2068028450012207
hands 0 809 5 7.92663049697876 7.008062362670898 0
of 0 810 2 0.01665341854095459 0.15362979471683502 6.854432567954063
white 0 811 5 10.314596176147461 4.632457733154297 0
people 0 812 6 6.622429847717285 7.201618671417236 0
in 0 813 2 3.7190628051757812 4.025854110717773 3.175764560699463
<unk> 0 814 5 1.706865906715393 4.231138706207275 0
, 0 815 1 2.350616216659546 4.118261814117432 0.11287689208984375
<unk> 0 816 5 1.9995445013046265 5.261321544647217 0
. 0 817 1 2.0220577716827393 4.17510986328125 1.0862116813659668
<eos> 0 818 5 0.064745232462883 0.27213865518569946 3.9029712080955505
<unk> 0 819 5 2.6569738388061523 6.059980869293213 0
fourth 0 820 6 18.562456130981445 7.3868727684021 0
verse 0 821 5 11.583961486816406 7.151705741882324 0.2351670265197754
speaks 0 822 6 11.731764793395996 6.864145278930664 0.28756046295166016
of 0 823 2 2.196866512298584 5.220127582550049 1.6440176963806152
the 0 824 3 2.2692630290985107 5.250282287597656 0
racism 0 825 6 13.436002731323242 10.128993034362793 0
of 0 826 2 1.3580025434494019 4.758485317230225 5.370507717132568
the 0 827 3 1.9387961626052856 4.186573505401611 0.5719118118286133
white 0 828 5 8.891223907470703 8.113344192504883 0
population 0 829 10 8.167296409606934 6.638620376586914 1.4747238159179688
of 0 830 2 3.7579517364501953 4.9025421142578125 1.7360782623291016
the 0 831 3 2.070258378982544 3.6819751262664795 1.220566987991333
city 0 832 4 5.64520263671875 6.524866104125977 0
, 0 833 1 1.941477656364441 3.997634172439575 2.5272319316864014
leading 0 834 7 8.34486198425293 5.7470197677612305 0
to 0 835 2 0.2706291079521179 1.6931047439575195 4.053915023803711
the 0 836 3 1.8857485055923462 5.207033634185791 0
song 0 837 4 10.070612907409668 9.22497844696045 0
's 0 838 2 1.5909316539764404 3.997166872024536 5.227811574935913
end 0 839 3 9.3511962890625 9.028681755065918 0
, 0 840 1 4.093657493591309 6.258406639099121 2.770275115966797
which 0 841 5 3.184060573577881 6.681654453277588 0
suggests 0 842 8 9.448987007141113 7.044295310974121 0
that 0 843 4 0.5933868885040283 2.8433516025543213 4.2009437084198
<unk> 0 844 5 2.2554094791412354 5.265810966491699 0
<unk> 0 845 5 3.2750160694122314 6.339646339416504 0
boycott 0 846 7 17.091716766357422 6.353853225708008 0
buying 0 847 6 16.245176315307617 7.921311855316162 0
homes 0 848 5 9.78488540649414 8.202324867248535 0
in 0 849 2 3.073294162750244 5.733383655548096 2.4689412117004395
the 0 850 3 1.990181803703308 3.253230094909668 2.4801535606384277
district 0 851 8 8.443208694458008 6.454202651977539 0
. 0 852 1 4.664697647094727 5.4655632972717285 0.9886393547058105
<eos> 0 853 5 0.06234577298164368 0.26636621356010437 5.199197083711624
<unk> 0 854 5 2.6371805667877197 6.036135673522949 0
song 0 855 4 15.290292739868164 7.403954982757568 0
's 0 856 2 5.120784759521484 6.199760913848877 1.2041940689086914
tone 0 857 4 10.648813247680664 8.563203811645508 0
implies 0 858 7 14.002959251403809 6.41407585144043 2.149127960205078
that 0 859 4 0.35548135638237 1.9511712789535522 4.462904572486877
the 0 860 3 2.1240930557250977 5.285828113555908 0
speaker 0 861 7 13.989886283874512 8.316629409790039 0
feels 0 862 5 10.220157623291016 6.255485534667969 2.0611438751220703
powerless 0 863 9 10.52694034576416 6.828807830810547 0
against 0 864 7 8.774723052978516 4.267667770385742 2.5611400604248047
the 0 865 3 1.5125985145568848 5.522465229034424 0
discrimination 0 866 14 14.277338981628418 10.226755142211914 0
and 0 867 3 3.2476749420166016 4.988725185394287 5.238029956817627
racism 0 868 6 9.268007278442383 10.091531753540039 0
that 0 869 4 4.737471103668213 4.430121898651123 5.661409854888916
he 0 870 2 3.9210364818573 8.236428260803223 0
encounters 0 871 10 10.626130104064941 7.3526458740234375 0.8837823867797852
; 0 872 1 6.144382953643799 5.214117050170898 2.138528823852539
despite 0 873 7 8.337193489074707 6.310997486114502 0
this 0 874 4 3.129748582839966 6.1105732917785645 0.2004241943359375
, 0 875 1 1.110933542251587 6.180283069610596 0
by 0 876 2 10.702805519104004 4.727550506591797 1.4527325630187988
" 0 877 1 6.481953144073486 4.947169780731201 0
spreading 0 878 9 11.669666290283203 8.686731338500977 0
the 0 879 3 2.714834213256836 7.0844550132751465 1.60227632522583
news 0 880 4 10.727784156799316 10.5257568359375 0
" 0 881 1 3.130378484725952 4.514317035675049 6.011439800262451
of 0 882 2 3.208057165145874 5.167364597320557 0
his 0 883 3 3.135917901992798 6.178683280944824 0
poor 0 884 4 11.187376976013184 9.904338836669922 0
treatment 0 885 9 8.174341201782227 8.974509239196777 0.9298295974731445
in 0 886 2 5.306886672973633 3.225710868835449 5.748798370361328
a 0 887 1 5.138973712921143 5.243293762207031 0
song 0 888 4 8.92966079711914 9.503954887390137 0
, 0 889 1 2.004779815673828 5.97935676574707 3.5245981216430664
the 0 890 3 3.3949196338653564 4.9399566650390625 1.0394001007080078
speaker 0 891 7 10.942235946655273 9.789764404296875 0
uses 0 892 4 9.061585426330566 7.404523849487305 2.3852405548095703
what 0 893 4 8.567042350769043 6.092570781707764 1.311953067779541
power 0 894 5 13.639984130859375 5.354053974151611 0.7385168075561523
he 0 895 2 6.319284915924072 6.330942630767822 0
has 0 896 3 4.344422340393066 7.0344061851501465 0
to 0 897 2 2.8536229133605957 6.782749176025391 0.25165700912475586
tell 0 898 4 7.2032389640808105 6.640769004821777 0.14198017120361328
both 0 899 4 10.112130165100098 5.975697040557861 0.665071964263916
southern 0 900 8 17.08131217956543 6.526809215545654 0
<unk> 0 901 5 2.774430990219116 4.578708648681641 1.9481005668640137
<unk> 0 902 5 4.322454929351807 3.8237690925598145 0.7549395561218262
and 0 903 3 0.7401266098022461 3.1719961166381836 0.6517729759216309
northern 0 904 8 12.76282024383545 3.831099271774292 0
whites 0 905 6 10.001211166381836 4.0222673416137695 0
that 0 906 4 6.042028427124023 4.105265140533447 0
the 0 907 3 5.6763811111450195 7.8241424560546875 0
status 0 908 6 12.793349266052246 9.621841430664062 0
quo 0 909 3 1.856860876083374 2.4744768142700195 7.147364616394043
is 0 910 2 2.6595218181610107 6.738269329071045 0
deeply 0 911 6 12.512795448303223 7.378828048706055 0
flawed 0 912 6 6.977867126464844 8.727278709411621 0
and 0 913 3 3.5204684734344482 2.541438102722168 6.185840606689453
that 0 914 4 3.1190526485443115 8.231363296508789 0
something 0 915 9 10.593789100646973 4.843520641326904 3.3878426551818848
needs 0 916 5 10.596578598022461 7.260673999786377 0
to 0 917 2 1.1700267791748047 4.868109226226807 2.3925647735595703
change 0 918 6 7.112310886383057 5.001542568206787 0
. 0 919 1 2.3724539279937744 5.912740707397461 0
<eos> 0 920 5 0.05762937664985657 0.24853898584842682 5.664201721549034
" 0 921 1 13.666550636291504 6.021838188171387 0
<unk> 0 922 5 2.2237796783447266 7.704282760620117 0
<unk> 0 923 5 2.2222647666931152 4.685750484466553 3.0185322761535645
<unk> 0 924 5 2.2692229747772217 3.8410804271698 0.8446700572967529
" 0 925 1 0.9523696899414062 3.426636219024658 0.4144442081451416
follows 0 926 7 10.505045890808105 4.9799041748046875 0
a 0 927 1 2.7712857723236084 4.915835380554199 0.06406879425048828
traditional 0 928 11 10.047187805175781 9.640591621398926 0
twelve 0 929 6 16.079885482788086 8.70430850982666 0.9362831115722656
<unk> 0 930 5 0.2928933799266815 2.4034264087677 6.30088210105896
bar 0 931 3 10.346502304077148 6.306332111358643 0
blues 0 932 5 9.252080917358398 9.23017406463623 0
format 0 933 6 12.422708511352539 7.326821327209473 1.9033527374267578
. 0 934 1 3.502265691757202 4.888638019561768 2.438183307647705
<eos> 0 935 5 0.07092836499214172 0.2907896041870117 4.597848415374756
<unk> 0 936 5 2.6667919158935547 6.0533928871154785 0
is 0 937 2 5.3360700607299805 7.398172378540039 0
written 0 938 7 10.267840385437012 7.967772006988525 0
in 0 939 2 1.9532825946807861 4.199591159820557 3.7681808471679688
<unk> 0 940 5 2.1747660636901855 5.15217924118042 0
time 0 941 4 12.16621208190918 4.5852484703063965 0.5669307708740234
but 0 942 3 7.818174362182617 3.9486501216888428 0.6365983486175537
annotated 0 943 9 16.63509178161621 7.140044212341309 0
to 0 944 2 6.324338436126709 4.565454006195068 2.5745902061462402
note 0 945 4 11.709627151489258 6.838015079498291 0
that 0 946 4 2.887770414352417 6.7052483558654785 0.1327667236328125
the 0 947 3 2.185638189315796 5.5315752029418945 1.173673152923584
song 0 948 4 6.451902866363525 9.599384307861328 0
rhythmically 0 949 12 21.76992416381836 5.325336933135986 4.274047374725342
should 0 950 6 10.438371658325195 9.168383598327637 0
swing 0 951 5 13.5023193359375 4.18185567855835 4.986527919769287
at 0 952 2 6.875006675720215 6.3991289138793945 0
medium 0 953 6 12.111165046691895 5.585296630859375 0.8138322830200195
shuffle 0 954 7 19.259607315063477 6.0972208976745605 0
. 0 955 1 2.2412681579589844 5.818764686584473 0.2784562110900879
<eos> 0 956 5 0.059084974229335785 0.2547668218612671 5.563997864723206
<unk> 0 957 5 2.6567935943603516 6.042319297790527 0
song 0 958 4 15.31059455871582 7.391016483306885 0
was 0 959 3 3.663361072540283 6.146176338195801 1.244840145111084
written 0 960 7 4.538745880126953 7.1438703536987305 0
in 0 961 2 3.6961190700531006 2.3518500328063965 4.792020320892334
<unk> 0 962 5 1.3954989910125732 4.383440971374512 0
<unk> 0 963 5 3.01019024848938 3.8918910026550293 0.4915499687194824
. 0 964 1 4.184274673461914 3.552136182785034 0.3397548198699951
<eos> 0 965 5 0.061944156885147095 0.2635349929332733 3.288601189851761
<unk> 0 966 5 2.6653966903686523 6.0586371421813965 0
uses 0 967 4 10.639355659484863 7.392976760864258 0
twelve 0 968 6 12.906695365905762 5.636839389801025 1.7561373710632324
measures 0 969 8 11.903284072875977 8.784749984741211 0
with 0 970 4 5.796241760253906 4.237910747528076 4.546839237213135
verses 0 971 6 14.464954376220703 6.987910270690918 0
one 0 972 3 11.457141876220703 5.550650119781494 1.4372601509094238
to 0 973 2 4.446682929992676 6.855576515197754 0
four 0 974 4 3.5242505073547363 6.4400200843811035 0.4155564308166504
repeating 0 975 9 13.177607536315918 7.066405773162842 0
, 0 976 1 4.339760780334473 7.954527854919434 0
followed 0 977 8 8.704606056213379 6.842624187469482 1.1119036674499512
by 0 978 2 0.15721692144870758 0.95919269323349 5.883431494235992
the 0 979 3 3.42000150680542 5.0625200271606445 0
final 0 980 5 6.154155731201172 9.28484058380127 0
two 0 981 3 6.37531852722168 6.891705513000488 2.3931350708007812
verses 0 982 6 3.185762643814087 7.381939888000488 0
and 0 983 3 4.152626991271973 4.486288547515869 2.895651340484619
a 0 984 1 3.351438283920288 6.819859027862549 0
coda 0 985 4 7.029327392578125 8.28711223602295 0
. 0 986 1 1.7053000926971436 5.203455448150635 3.0836567878723145
<eos> 0 987 5 0.07266467809677124 0.2970370054244995 4.906418442726135
= 0 988 1 3.791795015335083 6.048819541931152 0
= 0 989 1 0.09388045221567154 0.6539835929870605 5.394835948944092
<unk> 0 990 5 5.627835273742676 5.551749229431152 0
and 0 991 3 3.858832359313965 6.877663612365723 0
<unk> 0 992 5 1.3366987705230713 7.274133205413818 0
= 0 993 1 1.1229311227798462 5.939542770385742 1.3345904350280762
= 0 994 1 0.0002696435840334743 0.0038158874958753586 5.935726882889867
<eos> 0 995 5 21.73676300048828 4.818136215209961 0
<unk> 0 996 5 1.8067259788513184 5.995453357696533 0
<unk> 0 997 5 2.6322741508483887 6.188297748565674 0
first 0 998 5 10.182229995727539 5.585409164428711 0.6028885841369629
recorded 0 999 8 6.77123498916626 7.246091365814209 0
" 0 1000 1 6.067531585693359 4.845463275909424 2.400628089904785
<unk> 0 1001 5 2.275554656982422 7.818733215332031 0
<unk> 0 1002 5 2.001485824584961 4.591465950012207 3.227267265319824
<unk> 0 1003 5 2.0349137783050537 3.137089729309082 1.454376220703125
" 0 1004 1 0.7995598316192627 2.6463348865509033 0.4907548427581787
in 0 1005 2 1.942062497138977 3.8996033668518066 0
<unk> 0 1006 5 0.4844159185886383 2.2475931644439697 1.652010202407837
<unk> 0 1007 5 1.673407793045044 3.7647674083709717 0
in 0 1008 2 3.8978657722473145 3.794250011444092 0
<unk> 0 1009 5 0.7494481205940247 2.994973659515381 0.7992763519287109
<unk> 0 1010 5 2.6715123653411865 3.7734076976776123 0
<unk> 0 1011 5 4.167032241821289 3.3548357486724854 0.41857194900512695
, 0 1012 1 2.1244287490844727 4.372748374938965 0
for 0 1013 3 7.108924865722656 5.952116012573242 0
donation 0 1014 8 22.01456642150879 4.5118632316589355 1.4402527809143066
to 0 1015 2 2.207153797149658 4.094877243041992 0.41698598861694336
the 0 1016 3 1.4403574466705322 3.8237626552581787 0.2711145877838135
<unk> 0 1017 5 1.0001822710037231 5.902184963226318 0
of 0 1018 2 6.767971515655518 7.889894008636475 0
<unk> 0 1019 5 0.8528454899787903 3.597273826599121 4.2926201820373535
. 0 1020 1 2.242370367050171 4.727999687194824 0
<eos> 0 1021 5 0.0629153847694397 0.2673564851284027 4.4606432020664215
<unk> 0 1022 5 2.668060541152954 6.05382776260376 0
re 0 1023 2 11.847675323486328 7.390678882598877 0
<unk> 0 1024 5 0.014451994560658932 0.16927942633628845 7.2213994562625885
recorded 0 1025 8 4.323269844055176 7.428297519683838 0
the 0 1026 3 1.6291338205337524 4.96045446395874 2.4678430557250977
song 0 1027 4 1.5157809257507324 6.006772041320801 0
in 0 1028 2 2.931907892227173 4.842651844024658 1.1641201972961426
<unk> 0 1029 5 1.1743566989898682 3.9305591583251953 0.9120926856994629
<unk> 0 1030 5 1.788352608680725 3.8689794540405273 0.06157970428466797
for 0 1031 3 5.121043682098389 3.3738043308258057 0.4951751232147217
<unk> 0 1032 5 3.0571250915527344 4.903225898742676 0
<unk> 0 1033 5 1.570694088935852 5.092268466949463 0
, 0 1034 1 2.3271853923797607 4.4890875816345215 0.6031808853149414
for 0 1035 3 8.073973655700684 5.185530662536621 0
release 0 1036 7 10.040096282958984 4.92883825302124 0.25669240951538086
the 0 1037 3 7.40472936630249 3.979705333709717 0.9491329193115234
same 0 1038 4 4.538322448730469 4.022911071777344 0
year 0 1039 4 1.5846152305603027 2.767446994781494 1.2554640769958496
as 0 1040 2 3.6887500286102295 2.802196502685547 0
a 0 1041 1 1.9460361003875732 3.8495898246765137 0
<unk> 0 1042 5 2.3527956008911133 7.693577766418457 0
rpm 0 1043 3 12.770448684692383 6.073936939239502 1.619640827178955
record 0 1044 6 7.278536796569824 6.8543877601623535 0
. 0 1045 1 1.3360836505889893 4.216690540313721 2.637697219848633
<eos> 0 1046 5 0.07162176817655563 0.2938159704208374 3.9228745698928833
<unk> 0 1047 5 2.6521005630493164 6.0838141441345215 0
version 0 1048 7 14.958700180053711 7.394539833068848 0
that 0 1049 4 9.470466613769531 5.997590065002441 1.3969497680664062
was 0 1050 3 3.1443326473236084 8.01125717163086 0
commercially 0 1051 12 10.460376739501953 8.2456693649292 0
released 0 1052 8 2.8653409481048584 4.020010471343994 4.225658893585205
features 0 1053 8 13.74296760559082 4.325685977935791 0
<unk> 0 1054 5 2.23124098777771 6.1721930503845215 0
<unk> 0 1055 5 1.7804276943206787 5.9232869148254395 0.24890613555908203
singing 0 1056 7 12.762611389160156 5.391528129577637 0.5317587852478027
and 0 1057 3 4.697349548339844 6.043263912200928 0
playing 0 1058 7 7.906005382537842 7.651296138763428 0
the 0 1059 3 3.0039713382720947 6.331109523773193 1.3201866149902344
twelve 0 1060 6 15.682638168334961 5.987203598022461 0.3439059257507324
<unk> 0 1061 5 1.8144017457962036 5.756459712982178 0.2307438850402832
string 0 1062 6 8.398555755615234 4.529012680053711 1.2274470329284668
guitar 0 1063 6 2.684890031814575 5.931241512298584 0
without 0 1064 7 12.783622741699219 6.278532028198242 0
any 0 1065 3 5.172954559326172 6.663680553436279 0
other 0 1066 5 3.873664140701294 9.359025955200195 0
accompaniment 0 1067 13 7.349120140075684 8.920696258544922 0.43832969665527344
. 0 1068 1 0.949635922908783 3.3371658325195312 5.583530426025391
<eos> 0 1069 5 0.0744725689291954 0.3018847703933716 3.0352810621261597
<unk> 0 1070 5 2.660491943359375 6.06956148147583 0
song 0 1071 4 15.268841743469238 7.4008612632751465 0
has 0 1072 3 5.686086177825928 6.161035060882568 1.2398262023925781
been 0 1073 4 2.224475860595703 5.850384712219238 0.3106503486633301
covered 0 1074 7 6.721541404724121 7.317932605743408 0
and 0 1075 3 6.869119167327881 2.249495029449463 5.068437576293945
reinterpreted 0 1076 13 13.271751403808594 7.056516170501709 0
by 0 1077 2 1.6695525646209717 3.547423839569092 3.509092330932617
a 0 1078 1 5.700896263122559 4.232450485229492 0
variety 0 1079 7 5.163862705230713 8.016130447387695 0
of 0 1080 2 0.018136491999030113 0.20460158586502075 7.811528861522675
artists 0 1081 7 2.166743516921997 7.162188529968262 0
including 0 1082 9 2.602430582046509 3.735088348388672 3.42710018157959
<unk> 0 1083 5 0.46450722217559814 2.8855903148651123 0.8494980335235596
<unk> 0 1084 5 0.5475295782089233 2.490464925765991 0.3951253890991211
and 0 1085 3 1.9114923477172852 2.0886588096618652 0.401806116104126
<unk> 0 1086 5 0.25436100363731384 1.954332709312439 0.13432610034942627
<unk> 0 1087 5 0.19583730399608612 1.5713506937026978 0.3829820156097412
. 0 1088 1 0.8697506189346313 2.278493642807007 0
<eos> 0 1089 5 0.07417266815900803 0.2998080551624298 1.978685587644577
<unk> 0 1090 5 2.6452815532684326 6.071434020996094 0
recorded 0 1091 8 9.93962574005127 7.3912224769592285 0
and 0 1092 3 7.56913948059082 5.02567720413208 2.3655452728271484
released 0 1093 8 4.667488098144531 7.7727274894714355 0
both 0 1094 4 8.582579612731934 4.653595924377441 3.119131565093994
live 0 1095 4 5.822376251220703 6.3576154708862305 0
and 0 1096 3 3.1274425983428955 5.814446449279785 0.5431690216064453
studio 0 1097 6 9.51207160949707 7.354233741760254 0
versions 0 1098 8 7.548131465911865 5.228080749511719 2.126152992248535
of 0 1099 2 0.8533531427383423 3.031073808670044 2.197006940841675
the 0 1100 3 1.45322585105896 4.539209842681885 0
song 0 1101 4 2.224583148956299 4.445905685424805 0.09330415725708008
on 0 1102 2 3.466212749481201 3.8800511360168457 0.565854549407959
several 0 1103 7 9.980330467224121 2.7383766174316406 1.141674518585205
of 0 1104 2 4.64754056930542 6.304815292358398 0
his 0 1105 3 2.3336586952209473 2.893604278564453 3.4112110137939453
albums 0 1106 6 5.386741638183594 7.1294169425964355 0
. 0 1107 1 1.1083333492279053 3.1650772094726562 3.9643397331237793
<eos> 0 1108 5 0.0640518069267273 0.266157865524292 2.8989193439483643
<unk> 0 1109 5 2.659834384918213 6.046509265899658 0
<unk> 0 1110 5 2.4191505908966064 7.403504848480225 0
, 0 1111 1 2.670391082763672 6.256209373474121 1.1472954750061035
the 0 1112 3 3.0392773151397705 5.726783752441406 0.5294256210327148
song 0 1113 4 9.593474388122559 8.538796424865723 0
was 0 1114 3 5.27308988571167 2.1452999114990234 6.393496513366699
reworked 0 1115 8 11.953548431396484 7.256770133972168 0
as 0 1116 2 4.64849853515625 3.875373125076294 3.381397008895874
" 0 1117 1 3.8834383487701416 3.294356346130371 0.5810167789459229
<unk> 0 1118 5 2.1164584159851074 7.458745956420898 0
<unk> 0 1119 5 2.104775905609131 4.530780792236328 2.9279651641845703
" 0 1120 1 1.0067204236984253 3.412426471710205 1.118354320526123
by 0 1121 2 2.5719757080078125 3.3647587299346924 0.047667741775512695
<unk> 0 1122 5 0.4182947874069214 2.5175771713256836 0.8471815586090088
<unk> 0 1123 5 0.7252067923545837 3.4388883113861084 0
<unk> 0 1124 5 3.8832318782806396 3.343832492828369 0.09505581855773926
, 0 1125 1 1.6140118837356567 3.8084943294525146 0
an 0 1126 2 6.699990272521973 5.586845874786377 0
<unk> 0 1127 5 1.7131935358047485 6.617374897003174 0
& 0 1128 1 9.748013496398926 7.292377948760986 0
<unk> 0 1129 5 1.0038353204727173 3.478513479232788 3.8138644695281982
band 0 1130 4 5.245759963989258 7.486692905426025 0
. 0 1131 1 2.2794113159179688 5.882976055145264 1.6037168502807617
<eos> 0 1132 5 0.06946730613708496 0.28738534450531006 5.595590710639954
<unk> 0 1133 5 2.643644332885742 6.070108890533447 0
lyrics 0 1134 6 16.846538543701172 7.3987627029418945 0
speak 0 1135 5 9.027217864990234 6.6059651374816895 0.7927975654602051
of 0 1136 2 3.0509419441223145 5.429618835449219 1.1763463020324707
the 0 1137 3 2.276658058166504 5.9874396324157715 0
problems 0 1138 8 11.492789268493652 9.962177276611328 0
faced 0 1139 5 9.143380165100098 4.4697089195251465 5.492468357086182
by 0 1140 2 0.3638465404510498 1.7245333194732666 2.74517560005188
young 0 1141 5 9.050212860107422 5.778700351715088 0
<unk> 0 1142 5 2.7707724571228027 6.181601524353027 0
in 0 1143 2 5.380451202392578 5.851290225982666 0.33031129837036133
the 0 1144 3 1.8073809146881104 5.742251873016357 0.1090383529663086
<unk> 0 1145 5 3.326188564300537 8.960851669311523 0
<unk> 0 1146 5 3.1066341400146484 8.017065048217773 0.94378662109375
<unk> 0 1147 5 2.561084508895874 7.9341583251953125 0.08290672302246094
in 0 1148 2 7.864121437072754 8.301562309265137 0
the 0 1149 3 1.9221606254577637 4.528132438659668 3.7734298706054688
1960s 0 1150 5 5.708003520965576 7.975653171539307 0
. 0 1151 1 1.2069894075393677 2.6891021728515625 5.286550998687744
<eos> 0 1152 5 0.06940124928951263 0.2863197326660156 2.402782440185547
<unk> 0 1153 5 2.6481666564941406 6.055908203125 0
adapted 0 1154 7 14.663162231445312 7.392041206359863 0
the 0 1155 3 1.6954751014709473 4.729161739349365 2.662879467010498
song 0 1156 4 4.799400329589844 8.206925392150879 0
to 0 1157 2 2.892806053161621 4.689390182495117 3.5175352096557617
his 0 1158 3 5.436352252960205 6.541993618011475 0
style 0 1159 5 9.784941673278809 8.008316040039062 0
of 0 1160 2 1.544987678527832 3.9545397758483887 4.053776264190674
<unk> 0 1161 5 2.648678779602051 7.712388515472412 0
blues 0 1162 5 11.636360168457031 5.945292949676514 1.7670955657958984
for 0 1163 3 7.261981010437012 5.713450908660889 0.231842041015625
the 0 1164 3 1.5694668292999268 5.246715545654297 0.4667353630065918
album 0 1165 5 3.5323944091796875 7.136672019958496 0
<unk> 0 1166 5 5.5318450927734375 3.5392260551452637 3.5974459648132324
<unk> 0 1167 5 1.9916635751724243 5.573188304901123 0
in 0 1168 2 4.9594926834106445 4.6141462326049805 0.9590420722961426
<unk> 0 1169 5 0.9391436576843262 3.728313446044922 0.8858327865600586
. 0 1170 1 1.5166723728179932 3.1064043045043945 0.6219091415405273
<eos> 0 1171 5 0.07073023915290833 0.29067474603652954 2.815729558467865
<unk> 0 1172 5 2.659893274307251 6.049501895904541 0
<unk> 0 1173 5 2.420618772506714 7.394657611846924 0
, 0 1174 1 2.6806578636169434 6.260828971862793 1.1338286399841309
<unk> 0 1175 5 2.6117491722106934 5.730780601501465 0.5300483703613281
<unk> 0 1176 5 1.1617152690887451 4.29457426071167 1.436206340789795
reworked 0 1177 8 22.128684997558594 2.7942395210266113 1.5003347396850586
the 0 1178 3 1.517276406288147 4.901713848114014 0
song 0 1179 4 3.3972902297973633 7.750519275665283 0
as 0 1180 2 3.469906806945801 4.905675411224365 2.844843864440918
" 0 1181 1 3.4234619140625 4.303675174713135 0.6020002365112305
<unk> 0 1182 5 2.170795202255249 7.334301471710205 0
<unk> 0 1183 5 1.9005486965179443 4.9504547119140625 2.3838467597961426
<unk> 0 1184 5 1.9210681915283203 3.702347993850708 1.2481067180633545
" 0 1185 1 0.9022980332374573 3.1284713745117188 0.5738766193389893
. 0 1186 1 2.3074734210968018 3.4094064235687256 0
<eos> 0 1187 5 0.06925536692142487 0.2874201536178589 3.1219862699508667
<unk> 0 1188 5 2.6543169021606445 6.050696849822998 0
's 0 1189 2 3.582413673400879 7.386597156524658 0
cover 0 1190 5 12.051473617553711 10.278837203979492 0
is 0 1191 2 4.980748176574707 6.233875274658203 4.044961929321289
a 0 1192 1 2.9933760166168213 8.042349815368652 0
topical 0 1193 7 15.081730842590332 9.403799057006836 0
protest 0 1194 7 11.819879531860352 8.960949897766113 0.44284915924072266
song 0 1195 4 7.461636543273926 6.1160078048706055 2.844942092895508
about 0 1196 5 5.731449604034424 5.293094158172607 0.822913646697998
the 0 1197 3 2.0221168994903564 6.405880451202393 0
<unk> 0 1198 5 3.0722086429595947 9.871099472045898 0
<unk> 0 1199 5 2.803940534591675 8.560892105102539 1.3102073669433594
. 0 1200 1 4.558746814727783 8.214940071105957 0.34595203399658203
<eos> 0 1201 5 0.06943140923976898 0.2866736650466919 7.928266406059265
<unk> 0 1202 5 2.657259941101074 6.049156665802002 0
one 0 1203 3 13.968548774719238 7.387801170349121 0
verse 0 1204 5 12.721736907958984 7.896797180175781 0
, 0 1205 1 3.191585063934326 6.958036422729492 0.9387607574462891
<unk> 0 1206 5 3.146723985671997 6.777921676635742 0.18011474609375
claims 0 1207 6 12.865798950195312 5.051476955413818 1.7264447212219238
that 0 1208 4 2.614320755004883 4.759134769439697 0.2923421859741211
the 0 1209 3 2.4787487983703613 5.027342319488525 0
<unk> 0 1210 5 2.860286235809326 9.166925430297852 0
<unk> 0 1211 5 3.048250675201416 8.905577659606934 0.26134777069091797
was 0 1212 3 4.46564245223999 8.192652702331543 0.7129249572753906
not 0 1213 3 4.525715351104736 7.820262908935547 0.3723897933959961
for 0 1214 3 8.714354515075684 8.164145469665527 0
democracy 0 1215 9 13.11366081237793 6.2418999671936035 1.9222455024719238
but 0 1216 3 5.424773216247559 4.232254505157471 2.009645462036133
instead 0 1217 7 6.760199069976807 7.217955112457275 0
was 0 1218 3 5.034510135650635 8.986215591430664 0
to 0 1219 2 6.239375114440918 8.726893424987793 0.2593221664428711
" 0 1220 1 5.749745845794678 7.702366828918457 1.024526596069336
make 0 1221 4 5.697994232177734 9.265254020690918 0
the 0 1222 3 2.691422462463379 6.229319095611572 3.0359349250793457
world 0 1223 5 6.00852632522583 9.922229766845703 0
safe 0 1224 4 12.615433692932129 6.999214172363281 2.923015594482422
for 0 1225 3 5.084069728851318 7.361385822296143 0
<unk> 0 1226 5 3.753741502761841 7.584648132324219 0
" 0 1227 1 2.737826347351074 6.3621745109558105 1.2224736213684082
. 0 1228 1 0.9349498748779297 3.060945987701416 3.3012285232543945
<eos> 0 1229 5 0.06741991639137268 0.2814995050430298 2.7794464826583862
<unk> 0 1230 5 2.648552179336548 6.045557498931885 0
another 0 1231 7 17.532958984375 7.3894147872924805 0
, 0 1232 1 4.9189558029174805 9.461161613464355 0
he 0 1233 2 5.44011926651001 8.087899208068848 1.3732624053955078
takes 0 1234 5 9.060491561889648 8.238211631774902 0
on 0 1235 2 5.795009136199951 5.8224945068359375 2.415717124938965
the 0 1236 3 1.920377492904663 5.342189788818359 0.4803047180175781
<unk> 0 1237 5 3.305666208267212 10.303253173828125 0
right 0 1238 5 11.398004531860352 7.6967244148254395 2.6065287590026855
, 0 1239 1 2.8256585597991943 6.043610095977783 1.6531143188476562
asking 0 1240 6 10.052454948425293 6.0259623527526855 0.017647743225097656
where 0 1241 5 9.542194366455078 4.3434672355651855 1.6824951171875
the 0 1242 3 3.105635166168213 4.046637535095215 0.2968297004699707
moderates 0 1243 9 17.62541961669922 9.643074035644531 0
are 0 1244 3 2.7909412384033203 6.971181392669678 2.6718926429748535
. 0 1245 1 4.5598626136779785 8.275040626525879 0
<eos> 0 1246 5 0.07186395674943924 0.2949312925338745 7.980109333992004
<unk> 0 1247 5 2.6419684886932373 6.051750183105469 0
, 0 1248 1 4.503903388977051 7.390624046325684 0
<unk> 0 1249 5 1.8493309020996094 5.886013984680176 1.5046100616455078
<unk> 0 1250 5 2.574367046356201 4.095443248748779 1.7905707359313965
the 0 1251 3 10.349407196044922 3.2977662086486816 0.7976770401000977
<unk> 0 1252 5 1.9488784074783325 8.739500045776367 0
<unk> 0 1253 5 2.609469413757324 7.193607807159424 1.5458922386169434
government 0 1254 10 11.890560150146484 6.125036716461182 1.0685710906982422
for 0 1255 3 6.739817142486572 4.97421932220459 1.1508173942565918
not 0 1256 3 10.696901321411133 6.3967390060424805 0
dealing 0 1257 7 7.88083553314209 8.357550621032715 0
with 0 1258 4 0.11942750960588455 0.9252529144287109 7.432297706604004
poverty 0 1259 7 12.491678237915039 6.210348606109619 0
at 0 1260 2 7.34047269821167 4.595067024230957 1.615281581878662
home 0 1261 4 7.42559289932251 4.367154121398926 0.22791290283203125
before 0 1262 6 9.313102722167969 3.7943944931030273 0.5727596282958984
going 0 1263 5 9.319924354553223 5.858804225921631 0
to 0 1264 2 1.8049346208572388 3.757309913635254 2.101494312286377
war 0 1265 3 7.796207427978516 6.493393421173096 0
. 0 1266 1 2.085602045059204 4.671194076538086 1.8221993446350098
<eos> 0 1267 5 0.05972353368997574 0.2563954293727875 4.4147986471652985
= 0 1268 1 3.8110530376434326 6.053269863128662 0
= 0 1269 1 0.09404561668634415 0.6585421562194824 5.39472770690918
<unk> 0 1270 5 5.649403095245361 5.543552398681641 0
= 0 1271 1 1.9192657470703125 6.861490726470947 0
= 0 1272 1 0.0012822485296055675 0.015584856271743774 6.8459058701992035
<eos> 0 1273 5 20.130586624145508 4.888740062713623 0
" 0 1274 1 10.333629608154297 6.0675740242004395 0
<unk> 0 1275 5 1.9864381551742554 8.240445137023926 0
<unk> 0 1276 5 2.429150342941284 3.2851600646972656 4.95528507232666
<unk> 0 1277 5 2.221325159072876 3.0661845207214355 0.21897554397583008
" 0 1278 1 0.7682726979255676 2.7714638710021973 0.2947206497192383
is 0 1279 2 2.6573398113250732 3.907334327697754 0
one 0 1280 3 5.5531463623046875 4.605848789215088 0
of 0 1281 2 0.019622454419732094 0.20869800448417664 4.397150784730911
<unk> 0 1282 5 3.450918674468994 2.5563595294952393 0
<unk> 0 1283 5 3.1291680335998535 3.0906214714050293 0
's 0 1284 2 0.3163585960865021 1.9722832441329956 1.1183382272720337
most 0 1285 4 1.6541731357574463 6.4620137214660645 0
famous 0 1286 6 2.8657236099243164 6.33397912979126 0.1280345916748047
songs 0 1287 5 3.761453151702881 7.950778484344482 0
and 0 1288 3 4.706521034240723 3.714301586151123 4.236476898193359
is 0 1289 2 4.038317680358887 8.04971694946289 0
remembered 0 1290 10 7.469985485076904 7.145052433013916 0.9046645164489746
as 0 1291 2 2.0760040283203125 2.815113067626953 4.329939365386963
his 0 1292 3 6.804530620574951 3.3157284259796143 0
most 0 1293 4 3.5303030014038086 6.441842555999756 0
" 0 1294 1 7.633905410766602 7.170215606689453 0
heartfelt 0 1295 9 10.423964500427246 9.60592269897461 0
protest 0 1296 7 12.725037574768066 6.526021957397461 3.0799007415771484
song 0 1297 4 6.147339344024658 2.2584891319274902 4.267532825469971
" 0 1298 1 0.2851141691207886 1.4560580253601074 0.8024311065673828
. 0 1299 1 0.71979820728302 2.6625380516052246 0
<eos> 0 1300 5 0.06873252987861633 0.2837630808353424 2.378774970769882
<unk> 0 1301 5 2.6615428924560547 6.042971611022949 0
is 0 1302 2 5.320537567138672 7.393871784210205 0
disagreement 0 1303 12 20.121410369873047 7.947307109832764 0
among 0 1304 5 6.423569679260254 3.5402162075042725 4.407090902328491
music 0 1305 5 12.537100791931152 5.436168670654297 0
scholars 0 1306 8 5.168834209442139 5.396756172180176 0.039412498474121094
as 0 1307 2 6.397190570831299 4.742949485778809 0.6538066864013672
to 0 1308 2 4.290056228637695 6.770399570465088 0
its 0 1309 3 7.65914249420166 5.032639503479004 1.737760066986084
importance 0 1310 10 8.080999374389648 10.169976234436035 0
. 0 1311 1 2.7470829486846924 4.185346603393555 5.9846296310424805
<eos> 0 1312 5 0.06115163490176201 0.25990527868270874 3.925441324710846
<unk> 0 1313 5 2.6631267070770264 6.045194625854492 0
<unk> 0 1314 5 2.4338572025299072 7.401784420013428 0
claims 0 1315 6 11.970054626464844 6.2722859382629395 1.1294984817504883
that 0 1316 4 0.6797428131103516 2.8674066066741943 3.404879331588745
the 0 1317 3 2.2191102504730225 5.097931861877441 0
song 0 1318 4 5.931230545043945 9.85435962677002 0
is 0 1319 2 2.437756299972534 4.759700775146484 5.094658851623535
" 0 1320 1 2.289431571960449 6.255381107330322 0
peripheral 0 1321 10 16.947097778320312 7.438470840454102 0
" 0 1322 1 1.3039270639419556 4.813657283782959 2.6248135566711426
to 0 1323 2 5.915010452270508 3.448214054107666 1.365443229675293
the 0 1324 3 1.7677215337753296 5.9773478507995605 0
wider 0 1325 5 10.480978012084961 8.548627853393555 0
study 0 1326 5 14.423043251037598 8.593379020690918 0
of 0 1327 2 0.5459362268447876 2.273566246032715 6.319812774658203
the 0 1328 3 1.808077096939087 6.5299391746521 0
blues 0 1329 5 10.753525733947754 8.607268333435059 0
, 0 1330 1 2.397359848022461 5.137681484222412 3.4695868492126465
while 0 1331 5 4.505580902099609 6.108708381652832 0
<unk> 0 1332 5 1.9664922952651978 5.967987060546875 0.14072132110595703
points 0 1333 6 10.339548110961914 6.365457534790039 0
to 0 1334 2 4.827940940856934 2.1124980449676514 4.252959489822388
it 0 1335 2 6.061460971832275 5.272220611572266 0
as 0 1336 2 2.292038917541504 5.591806888580322 0
a 0 1337 1 1.6536821126937866 4.561556339263916 1.0302505493164062
watershed 0 1338 9 14.905200958251953 7.937333583831787 0
in 0 1339 2 5.410254955291748 7.645940780639648 0.29139280319213867
the 0 1340 3 1.6207562685012817 5.661186695098877 1.9847540855407715
way 0 1341 3 6.574885845184326 8.880636215209961 0
<unk> 0 1342 5 4.655505657196045 4.859628677368164 4.021007537841797
<unk> 0 1343 5 3.003349542617798 7.479008197784424 0
see 0 1344 3 11.853425025939941 7.295409679412842 0.18359851837158203
themselves 0 1345 10 9.928775787353516 5.580811500549316 1.7145981788635254
in 0 1346 2 2.8704538345336914 5.284786224365234 0.29602527618408203
the 0 1347 3 1.8266345262527466 5.529982566833496 0
fabric 0 1348 6 14.684869766235352 8.617292404174805 0
of 0 1349 2 0.7367599010467529 2.8272616863250732 5.7900307178497314
the 0 1350 3 1.1172682046890259 4.901178359985352 0
<unk> 0 1351 5 3.104179620742798 8.003294944763184 0
<unk> 0 1352 5 3.250192880630493 6.4633073806762695 1.539987564086914
. 0 1353 1 2.0649943351745605 6.767767906188965 0
<eos> 0 1354 5 0.07687217742204666 0.30827903747558594 6.459488868713379
<unk> 0 1355 5 2.646383762359619 6.057986259460449 0
is 0 1356 2 5.3407769203186035 7.39397668838501 0
debate 0 1357 6 19.067644119262695 7.950456142425537 0
over 0 1358 4 5.550633907318115 4.500190734863281 3.450265407562256
the 0 1359 3 1.3484843969345093 5.049850940704346 0
relationship 0 1360 12 7.649177551269531 10.323702812194824 0
between 0 1361 7 0.8463665843009949 3.004028797149658 7.319674015045166
the 0 1362 3 2.2393503189086914 4.784780502319336 0
song 0 1363 4 9.916892051696777 7.356412887573242 0
and 0 1364 3 0.23375043272972107 1.196984887123108 6.159428000450134
radical 0 1365 7 13.83229923248291 4.981437683105469 0
politics 0 1366 8 8.554424285888672 9.04550838470459 0
. 0 1367 1 1.4885443449020386 3.549053192138672 5.496455192565918
<eos> 0 1368 5 0.0651690810918808 0.27393925189971924 3.2751139402389526
<unk> 0 1369 5 2.666714906692505 6.042898178100586 0
its 0 1370 3 16.501850128173828 7.394025802612305 0
release 0 1371 7 7.642979145050049 10.164693832397461 0
, 0 1372 1 2.946622848510742 5.637490749359131 4.52720308303833
it 0 1373 2 5.535491466522217 7.730960845947266 0
became 0 1374 6 6.129603385925293 5.4164719581604 2.3144888877868652
popular 0 1375 7 6.2009968757629395 4.584284782409668 0.8321871757507324
with 0 1376 4 1.961647868156433 4.550283908843994 0.03400087356567383
left 0 1377 4 15.876028060913086 6.073878288269043 0
<unk> 0 1378 5 1.0454027652740479 5.428866863250732 0.6450114250183105
wing 0 1379 4 0.42818188667297363 2.0793399810791016 3.349526882171631
political 0 1380 9 7.499959945678711 8.353313446044922 0
groups 0 1381 6 5.629845142364502 7.341695308685303 1.0116181373596191
. 0 1382 1 2.4654221534729004 4.084658622741699 3.2570366859436035
<eos> 0 1383 5 0.05484722554683685 0.2389354556798935 3.8457231670618057
<unk> 0 1384 5 2.651533603668213 6.046926021575928 0
<unk> 0 1385 5 2.42057728767395 7.386755466461182 0
was 0 1386 3 4.00156831741333 6.257872104644775 1.1288833618164062
invited 0 1387 7 10.04476261138916 8.212284088134766 0
to 0 1388 2 0.34065234661102295 1.7076826095581055 6.50460147857666
perform 0 1389 7 4.056243896484375 6.467094421386719 0
at 0 1390 2 3.8432135581970215 5.251565933227539 1.2155284881591797
<unk> 0 1391 5 1.9210503101348877 3.213393449783325 2.038172483444214
<unk> 0 1392 5 2.446871280670166 5.133533000946045 0
, 0 1393 1 3.9264657497406006 4.346660137176514 0.7868728637695312
the 0 1394 3 4.4877705574035645 5.2055745124816895 0
<unk> 0 1395 5 1.768959879875183 7.509915351867676 0
<unk> 0 1396 5 2.505535364151001 7.979620933532715 0
<unk> 0 1397 5 2.819061279296875 7.432812690734863 0.5468082427978516
's 0 1398 2 7.06259298324585 7.306490421295166 0.12632226943969727
summer 0 1399 6 8.269064903259277 7.695871353149414 0
retreat 0 1400 7 13.47437572479248 6.434747695922852 1.2611236572265625
, 0 1401 1 1.8282939195632935 5.10740327835083 1.3273444175720215
and 0 1402 3 1.3890310525894165 5.112003326416016 0
the 0 1403 3 2.662837505340576 6.817939281463623 0
<unk> 0 1404 5 1.9785833358764648 8.060349464416504 0
subsequently 0 1405 12 14.94815444946289 7.636489391326904 0.4238600730895996
opened 0 1406 6 8.710769653320312 9.603255271911621 0
a 0 1407 1 3.003692150115967 5.3022685050964355 4.3009867668151855
file 0 1408 4 15.839150428771973 8.882303237915039 0
on 0 1409 2 4.22926664352417 6.200099945068359 2.6822032928466797
him 0 1410 3 8.153050422668457 4.834025859832764 1.3660740852355957
in 0 1411 2 3.423405408859253 4.459807872772217 0.3742179870605469
the 0 1412 3 2.5277061462402344 3.6732406616210938 0.786567211151123
1940s 0 1413 5 10.80984115600586 7.848246097564697 0
. 0 1414 1 0.5031716823577881 2.198774814605713 5.649471282958984
<eos> 0 1415 5 0.07147316634654999 0.2932242155075073 1.9055505990982056
<unk> 0 1416 5 2.661149501800537 6.051652431488037 0
led 0 1417 3 9.416836738586426 7.3813252449035645 0
to 0 1418 2 4.48151159286499 3.131545305252075 4.249779939651489
the 0 1419 3 1.537198781967163 4.996117115020752 0
accusations 0 1420 11 12.420685768127441 9.010517120361328 0
that 0 1421 4 3.513737678527832 3.801898956298828 5.2086181640625
the 0 1422 3 2.1390678882598877 4.772102355957031 0
<unk> 0 1423 5 1.7561630010604858 8.35198974609375 0
were 0 1424 4 3.83335018157959 7.743717670440674 0.6082720756530762
taking 0 1425 6 7.744370460510254 8.71197509765625 0
advantage 0 1426 9 5.6111555099487305 6.326476097106934 2.3854990005493164
of 0 1427 2 0.0051182289607822895 0.048617079854011536 6.277859017252922
him 0 1428 3 8.8877534866333 4.124087810516357 0
and 0 1429 3 3.077768564224243 4.953329563140869 0
using 0 1430 5 11.102999687194824 8.274649620056152 0
him 0 1431 3 6.383407115936279 5.7334065437316895 2.541243076324463
as 0 1432 2 2.3723974227905273 5.125129222869873 0.6082773208618164
a 0 1433 1 0.9451093673706055 3.959871768951416 1.165257453918457
platform 0 1434 8 11.233126640319824 9.727235794067383 0
. 0 1435 1 2.594072103500366 5.4686408042907715 4.258594989776611
<eos> 0 1436 5 0.060892969369888306 0.2607838809490204 5.207856923341751
<unk> 0 1437 5 2.6655702590942383 6.058773517608643 0
party 0 1438 5 14.9739351272583 7.39314079284668 0
claims 0 1439 6 11.029340744018555 8.326082229614258 0
, 0 1440 1 3.6754493713378906 6.9416584968566895 1.3844237327575684
to 0 1441 2 7.891360759735107 7.1175007820129395 0
the 0 1442 3 2.7551798820495605 7.405176639556885 0
contrary 0 1443 8 5.930572509765625 7.864284992218018 0
, 0 1444 1 0.3938223421573639 2.484649896621704 5.3796350955963135
that 0 1445 4 6.359204292297363 7.597445011138916 0
they 0 1446 4 5.695259094238281 6.3860392570495605 1.2114057540893555
were 0 1447 4 2.1408209800720215 6.338931083679199 0.04710817337036133
some 0 1448 4 10.749979019165039 9.160966873168945 0
of 0 1449 2 0.6673022508621216 4.610470294952393 4.550496578216553
the 0 1450 3 0.4544002115726471 2.033024787902832 2.5774455070495605
few 0 1451 3 6.939794540405273 8.161253929138184 0
people 0 1452 6 5.222315311431885 9.422898292541504 0
who 0 1453 3 2.6424570083618164 5.968066215515137 3.454832077026367
respected 0 1454 9 11.537824630737305 6.481953144073486 0
him 0 1455 3 5.769384860992432 5.1343817710876465 1.3475713729858398
and 0 1456 3 4.430131435394287 4.396942138671875 0.7374396324157715
gave 0 1457 4 7.605758190155029 8.699490547180176 0
him 0 1458 3 2.190969467163086 5.225639343261719 3.473851203918457
a 0 1459 1 1.4643278121948242 5.45349645614624 0
chance 0 1460 6 4.5534210205078125 9.477751731872559 0
to 0 1461 2 0.32595813274383545 1.612716555595398 7.865035176277161
perform 0 1462 7 7.8973870277404785 8.885330200195312 0
. 0 1463 1 4.219708442687988 6.468824863433838 2.4165053367614746
<eos> 0 1464 5 0.06512502580881119 0.27259591221809387 6.196228951215744
<unk> 0 1465 5 2.6697707176208496 6.063277244567871 0
<unk> 0 1466 5 2.4288930892944336 7.390735626220703 0
<unk> 0 1467 5 2.7364394664764404 6.264435291290283 1.12630033493042
and 0 1468 3 4.944469451904297 6.511080265045166 0
several 0 1469 7 9.282967567443848 2.7255611419677734 3.7855191230773926
other 0 1470 5 1.1169942617416382 5.009795665740967 0
writers 0 1471 7 7.003284931182861 7.624045372009277 0
have 0 1472 4 3.7482519149780273 7.109666347503662 0.5143790245056152
suggested 0 1473 9 5.1745123863220215 7.405947208404541 0
that 0 1474 4 0.5686764717102051 2.7152786254882812 4.69066858291626
<unk> 0 1475 5 2.022361993789673 5.156830787658691 0
<unk> 0 1476 5 3.424928665161133 6.748042583465576 0
had 0 1477 3 5.047942638397217 6.54103422164917 0.20700836181640625
significant 0 1478 11 12.157739639282227 7.523189067840576 0
help 0 1479 4 11.659561157226562 9.322697639465332 0
with 0 1480 4 4.306274890899658 3.6355602741241455 5.6871373653411865
its 0 1481 3 8.283949851989746 5.0664896965026855 0
authorship 0 1482 10 13.796247482299805 9.938347816467285 0
and 0 1483 3 2.9340336322784424 4.469239234924316 5.469108581542969
claim 0 1484 5 11.326149940490723 9.400914192199707 0
it 0 1485 2 5.94706392288208 5.09589958190918 4.305014610290527
is 0 1486 2 3.5295310020446777 5.03122091293335 0.06467866897583008
not 0 1487 3 3.357574701309204 7.238195419311523 0
a 0 1488 1 2.9187023639678955 7.146429538726807 0.0917658805847168
genuine 0 1489 7 7.85629415512085 9.679069519042969 0
protest 0 1490 7 12.255589485168457 9.732077598571777 0
song 0 1491 4 9.876239776611328 4.836807727813721 4.895269870758057
. 0 1492 1 1.025110125541687 3.455570697784424 1.3812370300292969
<eos> 0 1493 5 0.06334471702575684 0.26647916436195374 3.18909153342247
<unk> 0 1494 5 2.6659774780273438 6.047706604003906 0
theory 0 1495 6 16.02524185180664 7.389327526092529 0
stems 0 1496 5 12.356882095336914 6.803236961364746 0.5860905647277832
from 0 1497 4 0.2328699827194214 1.2843248844146729 5.518912076950073
the 0 1498 3 1.5452930927276611 5.729903221130371 0
idea 0 1499 4 6.97353458404541 9.838363647460938 0
that 0 1500 4 1.6268898248672485 1.7186899185180664 8.119673728942871
<unk> 0 1501 5 2.4806432723999023 5.976195335388184 0
<unk> 0 1502 5 3.2649006843566895 7.1008710861206055 0
did 0 1503 3 8.701936721801758 6.7546610832214355 0.3462100028991699
not 0 1504 3 0.44038015604019165 2.9943721294403076 3.760288953781128
have 0 1505 4 3.587223768234253 8.51195240020752 0
a 0 1506 1 1.7533631324768066 6.018981456756592 2.4929709434509277
history 0 1507 7 9.061600685119629 9.847963333129883 0
of 0 1508 2 0.6201446056365967 3.0315771102905273 6.8163862228393555
protest 0 1509 7 15.436155319213867 7.821646213531494 0
music 0 1510 5 12.265727043151855 4.9489593505859375 2.8726868629455566
before 0 1511 6 8.913860321044922 4.013416290283203 0.9355430603027344
he 0 1512 2 3.905632495880127 6.91441535949707 0
was 0 1513 3 2.0292603969573975 6.572701454162598 0.34171390533447266
discovered 0 1514 10 8.783077239990234 9.079345703125 0
by 0 1515 2 2.6736836433410645 4.563549041748047 4.515796661376953
<unk> 0 1516 5 1.304316520690918 4.193861961364746 0.3696870803833008
. 0 1517 1 2.3090322017669678 4.478814125061035 0
<eos> 0 1518 5 0.06118740513920784 0.2604268491268158 4.218387275934219
<unk> 0 1519 5 2.648996353149414 6.047095775604248 0
the 0 1520 3 9.753214836120605 7.3909735679626465 0
music 0 1521 5 10.670351028442383 8.656026840209961 0
that 0 1522 4 7.347600936889648 6.447403430938721 2.2086234092712402
<unk> 0 1523 5 3.3137176036834717 8.074508666992188 0
recorded 0 1524 8 8.657408714294434 8.12926959991455 0
was 0 1525 3 3.966965675354004 6.15321159362793 1.976058006286621
sold 0 1526 4 11.842120170593262 7.970035076141357 0
to 0 1527 2 2.5966684818267822 4.780036449432373 3.1899986267089844
<unk> 0 1528 5 1.5355325937271118 5.282432556152344 0
sympathetic 0 1529 11 21.573293685913086 5.37278938293457 0
to 0 1530 2 2.2215590476989746 5.782970428466797 0
<unk> 0 1531 5 1.9976747035980225 4.444422245025635 1.338548183441162
<unk> 0 1532 5 2.6133575439453125 4.9014573097229 0
, 0 1533 1 1.8079545497894287 4.326569080352783 0.5748882293701172
it 0 1534 2 10.872753143310547 4.918623447418213 0
has 0 1535 3 5.684398174285889 5.200722694396973 0
been 0 1536 4 0.9818199872970581 4.655366897583008 0.5453557968139648
suggested 0 1537 9 3.5340328216552734 7.644789695739746 0
that 0 1538 4 0.2591049075126648 1.4986974000930786 6.1460922956466675
<unk> 0 1539 5 1.8636109828948975 4.839824199676514 0
helped 0 1540 6 10.178409576416016 6.369789123535156 0
him 0 1541 3 5.467983245849609 6.873773574829102 0
write 0 1542 5 4.726442337036133 8.115599632263184 0
a 0 1543 1 2.084263324737549 5.306497097015381 2.8091025352478027
song 0 1544 4 2.52099609375 7.416607856750488 0
attractive 0 1545 10 20.539403915405273 5.33516788482666 2.081439971923828
to 0 1546 2 1.1988484859466553 3.318250894546509 2.0169169902801514
a 0 1547 1 4.698284149169922 6.773796081542969 0
white 0 1548 5 10.471818923950195 8.933916091918945 0
audience 0 1549 8 5.557345390319824 7.549384117126465 1.3845319747924805
. 0 1550 1 1.570860743522644 4.799801826477051 2.749582290649414
<eos> 0 1551 5 0.06807481497526169 0.2817820608615875 4.518019765615463
<unk> 0 1552 5 2.655941963195801 6.054969310760498 0
<unk> 0 1553 5 2.421578884124756 7.391973972320557 0
admitted 0 1554 8 12.467567443847656 6.261576175689697 1.1303977966308594
that 0 1555 4 0.8751716017723083 3.2269070148468018 3.0346691608428955
the 0 1556 3 2.3612489700317383 4.797685623168945 0
term 0 1557 4 10.210399627685547 9.367566108703613 0
" 0 1558 1 0.7092385292053223 3.4534687995910645 5.914097309112549
bourgeois 0 1559 9 15.24001407623291 7.46495246887207 0
" 0 1560 1 1.4957194328308105 6.4533257484436035 1.0116267204284668
was 0 1561 3 1.9191035032272339 6.088568687438965 0.36475706100463867
unfamiliar 0 1562 10 13.906880378723145 7.078007221221924 0
to 0 1563 2 3.15236759185791 1.4823654890060425 5.595641732215881
him 0 1564 3 7.3469061851501465 5.283344745635986 0
, 0 1565 1 1.60334050655365 3.96431827545166 1.3190264701843262
and 0 1566 3 1.7357286214828491 4.919098377227783 0
it 0 1567 2 6.188992500305176 6.49224853515625 0
seems 0 1568 5 7.898476600646973 5.062669277191162 1.429579257965088
out 0 1569 3 9.921161651611328 4.7852654457092285 0.2774038314819336
of 0 1570 2 1.8735570907592773 2.860067367553711 1.9251980781555176
place 0 1571 5 7.128807544708252 7.451761245727539 0
compared 0 1572 8 12.999038696289062 5.409862518310547 2.041898727416992
to 0 1573 2 0.11886346340179443 0.6236010789871216 4.786261439323425
the 0 1574 3 1.59812331199646 4.930365085601807 0
vocabulary 0 1575 10 13.911946296691895 9.0946044921875 0
of 0 1576 2 0.6088653802871704 3.1108145713806152 5.983789920806885
his 0 1577 3 4.098804950714111 5.175774097442627 0
past 0 1578 4 8.589883804321289 8.758702278137207 0
work 0 1579 4 6.85448694229126 6.147480010986328 2.611222267150879
. 0 1580 1 0.8604388236999512 3.2934138774871826 2.8540661334991455
<eos> 0 1581 5 0.07202904671430588 0.29439470171928406 2.9990191757678986
=========================================================================================
| End of testing | test loss  3.70 | test ppl    40.54
=========================================================================================
