word sentid sentpos wlen surp entropy entred
= 0 0 1 4.3515520095825195 6.399804592132568 0
<unk> 0 1 5 4.603203773498535 0.6271913051605225 5.772613286972046
<unk> 0 2 5 1.0968655347824097 5.481142997741699 0
<unk> 0 3 5 2.573467254638672 3.4270660877227783 2.054076910018921
( 0 4 1 5.22861385345459 2.935762405395508 0.4913036823272705
<unk> 0 5 5 0.32551366090774536 2.6409034729003906 0.2948589324951172
) 0 6 1 1.175921082496643 2.7591021060943604 0
= 0 7 1 0.009749356657266617 0.09414922446012497 2.6649528816342354
<eos> 0 8 5 21.306957244873047 0.9604014158248901 0
= 0 9 1 17.004737854003906 2.8659396171569824 0
<unk> 0 10 5 2.154430866241455 2.11616587638855 0.7497737407684326
<unk> 0 11 5 0.654556393623352 3.657930612564087 0
<unk> 0 12 5 1.9592291116714478 3.065627336502075 0.5923032760620117
( 0 13 1 5.826857566833496 1.8915796279907227 1.1740477085113525
<unk> 0 14 5 0.3521571457386017 2.5243802070617676 0
) 0 15 1 1.036119818687439 2.5805141925811768 0
= 0 16 1 0.018819063901901245 0.1594608724117279 2.421053320169449
<eos> 0 17 5 20.549531936645508 1.0736453533172607 0
<unk> 0 18 5 0.38552185893058777 2.599630117416382 0
<unk> 0 19 5 0.8788423538208008 2.560765266418457 0.038864850997924805
<unk> 0 20 5 2.3423376083374023 2.057767629623413 0.502997636795044
was 0 21 3 0.8818361759185791 2.12552547454834 0
the 0 22 3 2.104841947555542 1.5974314212799072 0.5280940532684326
tenth 0 23 5 8.360420227050781 4.366573333740234 0
tropical 0 24 8 10.428570747375488 4.592696666717529 0
storm 0 25 5 2.594045877456665 2.8070383071899414 1.785658359527588
of 0 26 2 0.2575722932815552 1.3202550411224365 1.4867832660675049
the 0 27 3 0.027016399428248405 0.17405369877815247 1.146201342344284
<unk> 0 28 5 0.45569345355033875 2.1221537590026855 0
<unk> 0 29 5 0.40270087122917175 2.2146055698394775 0
hurricane 0 30 9 4.73183012008667 4.535574436187744 0
season 0 31 6 0.3394854962825775 1.844938039779663 2.690636396408081
. 0 32 1 1.1618376970291138 2.2467057704925537 0
<eos> 0 33 5 0.06470675021409988 0.2708341181278229 1.9758716523647308
<unk> 0 34 5 2.672714948654175 6.045180797576904 0
developed 0 35 9 10.468185424804688 7.391282081604004 0
out 0 36 3 9.322153091430664 4.856729984283447 2.5345520973205566
of 0 37 2 0.5661627650260925 2.8059566020965576 2.0507733821868896
a 0 38 1 2.44437837600708 6.387665271759033 0
strong 0 39 6 6.699468612670898 10.070148468017578 0
tropical 0 40 8 4.17384147644043 8.962166786193848 1.1079816818237305
wave 0 41 4 2.63445782661438 2.5908167362213135 6.371350049972534
which 0 42 5 6.861355304718018 5.231597900390625 0
moved 0 43 5 4.949160099029541 6.3860554695129395 0
off 0 44 3 4.931551456451416 5.495406150817871 0.8906493186950684
the 0 45 3 0.7828236818313599 2.6930415630340576 2.8023645877838135
<unk> 0 46 5 2.186249017715454 4.278138160705566 0
coast 0 47 5 1.3770993947982788 3.8730039596557617 0.4051342010498047
on 0 48 2 2.6350107192993164 4.191679000854492 0
<unk> 0 49 5 0.14712633192539215 0.7369849681854248 3.4546940326690674
<unk> 0 50 5 0.016425078734755516 0.11612912267446518 0.6208558455109596
. 0 51 1 0.96403568983078 2.5997321605682373 0
<eos> 0 52 5 0.07557886838912964 0.30418795347213745 2.2955442070961
<unk> 0 53 5 2.6878769397735596 6.0558366775512695 0
wave 0 54 4 19.565048217773438 7.374882698059082 0
quickly 0 55 7 10.251070976257324 8.70738410949707 0
became 0 56 6 3.1774909496307373 5.826523303985596 2.8808608055114746
organized 0 57 9 7.716826915740967 5.938397407531738 0
and 0 58 3 3.467569351196289 4.227619171142578 1.7107782363891602
was 0 59 3 4.311042308807373 7.769070625305176 0
declared 0 60 8 6.233476638793945 7.0713605880737305 0.6977100372314453
<unk> 0 61 5 5.445896625518799 4.854719638824463 2.2166409492492676
<unk> 0 62 5 2.7369704246520996 5.046586036682129 0
<unk> 0 63 5 2.269963264465332 4.607313632965088 0.439272403717041
while 0 64 5 7.260295867919922 5.088061809539795 0
located 0 65 7 1.5066258907318115 4.950239181518555 0.13782262802124023
<unk> 0 66 5 3.00396728515625 4.286741256713867 0.6634979248046875
mi 0 67 2 0.9183818697929382 2.005005121231079 2.281736135482788
( 0 68 1 0.008879940956830978 0.08369356393814087 1.9213115572929382
<unk> 0 69 5 0.0006191766005940735 0.0081772580742836 0.07551630586385727
km 0 70 2 0.0921277180314064 0.35461875796318054 0
) 0 71 1 0.0007181927212513983 0.007766261231154203 0.34685249673202634
to 0 72 2 6.020003795623779 3.1454615592956543 0
the 0 73 3 0.10871490836143494 0.7596365809440613 2.385824978351593
south 0 74 5 2.6551012992858887 2.9935574531555176 0
<unk> 0 75 5 2.614895820617676 1.9708430767059326 1.022714376449585
southeast 0 76 9 1.5341622829437256 2.5297930240631104 0
of 0 77 2 0.1564381867647171 0.8000628352165222 1.7297301888465881
the 0 78 3 2.2169718742370605 1.9014320373535156 0
<unk> 0 79 5 1.5390851497650146 4.611561298370361 0
<unk> 0 80 5 3.7292580604553223 4.723640441894531 0
<unk> 0 81 5 3.651052713394165 3.6873512268066406 1.0362892150878906
on 0 82 2 6.628727436065674 3.5738840103149414 0.11346721649169922
<unk> 0 83 5 0.20227092504501343 0.9309556484222412 2.6429283618927
<unk> 0 84 5 0.014611697755753994 0.12269072979688644 0.8082649186253548
. 0 85 1 0.2671619951725006 1.2024041414260864 0
<eos> 0 86 5 0.06723837554454803 0.27978286147117615 0.9226212799549103
<unk> 0 87 5 2.6899242401123047 6.04957914352417 0
depression 0 88 10 17.78302764892578 7.380271911621094 0
was 0 89 3 2.848238945007324 7.099891185760498 0.2803807258605957
quickly 0 90 7 9.429574966430664 7.875325679779053 0
upgraded 0 91 8 3.7479560375213623 7.715824604034424 0.1595010757446289
to 0 92 2 1.097373127937317 3.2977848052978516 4.418039798736572
<unk> 0 93 5 8.237886428833008 2.4520344734191895 0.8457503318786621
<unk> 0 94 5 2.4671311378479004 4.956544876098633 0
<unk> 0 95 5 3.823856830596924 1.5160415172576904 3.4405033588409424
around 0 96 6 16.066993713378906 4.744941711425781 0
noon 0 97 4 11.304776191711426 1.3610767126083374 3.383864998817444
the 0 98 3 7.0839433670043945 3.7843313217163086 0
same 0 99 4 4.463040828704834 1.8797180652618408 1.9046132564544678
day 0 100 3 0.14385727047920227 0.8088254928588867 1.070892572402954
. 0 101 1 0.902597963809967 2.4087328910827637 0
<eos> 0 102 5 0.06768134981393814 0.28075888752937317 2.1279740035533905
<unk> 0 103 5 2.672837495803833 6.043833255767822 0
the 0 104 3 9.780467987060547 7.377114295959473 0
next 0 105 4 7.456112384796143 8.651982307434082 0
several 0 106 7 11.590312957763672 4.266866683959961 4.385115623474121
days 0 107 4 3.045468807220459 7.511195659637451 0
, 0 108 1 2.206007719039917 6.074636459350586 1.4365592002868652
<unk> 0 109 5 3.589643955230713 7.825893878936768 0
moved 0 110 5 8.143343925476074 8.483001708984375 0
in 0 111 2 5.708167552947998 4.9066314697265625 3.5763702392578125
a 0 112 1 3.6269490718841553 5.581108570098877 0
general 0 113 7 9.264594078063965 9.56667423248291 0
west 0 114 4 10.255877494812012 8.075096130371094 1.4915781021118164
<unk> 0 115 5 1.4695944786071777 5.285149097442627 2.789947032928467
northwest 0 116 9 3.99929141998291 8.48282527923584 0
direction 0 117 9 0.6064988374710083 3.5255184173583984 4.957306861877441
and 0 118 3 3.701120376586914 4.958084583282471 0
reached 0 119 7 6.147855281829834 8.760766983032227 0
its 0 120 3 3.8762166500091553 4.029844284057617 4.730922698974609
peak 0 121 4 0.31356146931648254 2.1499814987182617 1.8798627853393555
intensity 0 122 9 0.30827000737190247 1.6612374782562256 0.48874402046203613
early 0 123 5 7.381383895874023 3.93852162361145 0
on 0 124 2 0.24470236897468567 0.9359387159347534 3.0025829076766968
<unk> 0 125 5 0.1001213937997818 0.5250850915908813 0.41085362434387207
<unk> 0 126 5 0.0033736196346580982 0.033024344593286514 0.49206074699759483
. 0 127 1 0.5118533372879028 1.9628044366836548 0
<eos> 0 128 5 0.06583502143621445 0.27602681517601013 1.6867776215076447
<unk> 0 129 5 2.690990447998047 6.038915634155273 0
wind 0 130 4 16.039474487304688 7.381536483764648 0
shear 0 131 5 3.3323330879211426 7.3294243812561035 0.05211210250854492
, 0 132 1 4.38212776184082 7.363221168518066 0
some 0 133 4 10.922316551208496 7.26163387298584 0.10158729553222656
due 0 134 3 8.612397193908691 6.545350074768066 0.7162837982177734
to 0 135 2 0.023196985945105553 0.21742823719978333 6.327921837568283
the 0 136 3 2.042881488800049 6.36793851852417 0
outflow 0 137 7 8.59926986694336 7.802122116088867 0
of 0 138 2 1.6750037670135498 5.4863691329956055 2.3157529830932617
<unk> 0 139 5 3.091045618057251 2.9934871196746826 2.492882013320923
<unk> 0 140 5 3.9435455799102783 4.945958137512207 0
, 0 141 1 1.7803850173950195 5.7871599197387695 0
and 0 142 3 5.2050700187683105 7.2091193199157715 0
dry 0 143 3 11.505414009094238 6.048664093017578 1.1604552268981934
air 0 144 3 1.5416991710662842 4.935563087463379 1.1131010055541992
caused 0 145 6 4.501721382141113 7.285192012786865 0
the 0 146 3 2.155358076095581 5.802572727203369 1.482619285583496
storm 0 147 5 2.00681471824646 5.557408809661865 0.2451639175415039
to 0 148 2 0.11364059895277023 0.8667922019958496 4.690616607666016
weaken 0 149 6 1.6017115116119385 5.279705047607422 0
. 0 150 1 2.261739730834961 5.147251129150391 0.13245391845703125
<eos> 0 151 5 0.08833034336566925 0.34068751335144043 4.80656361579895
<unk> 0 152 5 2.6821892261505127 6.059646129608154 0
<unk> 0 153 5 2.4322681427001953 7.40778923034668 0
<unk> 0 154 5 2.722958564758301 6.271315574645996 1.1364736557006836
, 0 155 1 3.1017773151397705 6.517437934875488 0
the 0 156 3 3.155689239501953 5.713516712188721 0.8039212226867676
combination 0 157 11 15.732808113098145 8.49414348602295 0
of 0 158 2 1.316406011581421 6.446335792541504 2.0478076934814453
wind 0 159 4 10.073266983032227 6.421875953674316 0.0244598388671875
shear 0 160 5 1.4663888216018677 4.018873691558838 2.4030022621154785
, 0 161 1 1.9806649684906006 1.7940788269042969 2.224794864654541
dry 0 162 3 11.2042236328125 3.4363467693328857 0
air 0 163 3 0.9252638816833496 3.829267978668213 0
, 0 164 1 1.171733021736145 3.451880931854248 0.37738704681396484
and 0 165 3 0.5062922239303589 3.1306838989257812 0.3211970329284668
cooling 0 166 7 10.179363250732422 7.463364124298096 0
waters 0 167 6 10.475425720214844 7.885438919067383 0
caused 0 168 6 5.240481853485107 6.398571014404297 1.486867904663086
<unk> 0 169 5 3.480557441711426 6.077767848968506 0.320803165435791
to 0 170 2 0.25600650906562805 1.7254902124404907 4.352277636528015
weaken 0 171 6 2.172445058822632 6.737601280212402 0
into 0 172 4 5.360814571380615 5.282701015472412 1.4549002647399902
a 0 173 1 0.6621003150939941 2.0080783367156982 3.274622678756714
tropical 0 174 8 0.7747557163238525 2.5455682277679443 0
depression 0 175 10 1.388230323791504 1.4426332712173462 1.1029349565505981
. 0 176 1 1.818258285522461 4.294250965118408 0
<eos> 0 177 5 0.0814894512295723 0.3210586905479431 3.973192274570465
<unk> 0 178 5 2.6737165451049805 6.069557189941406 0
deteriorated 0 179 12 17.944713592529297 7.3739914894104 0
into 0 180 4 3.4386677742004395 5.3791913986206055 1.994800090789795
a 0 181 1 1.14014732837677 3.5699617862701416 1.8092296123504639
remnant 0 182 7 6.702007293701172 4.239931583404541 0
low 0 183 3 1.0887492895126343 2.7781689167022705 1.4617626667022705
shortly 0 184 7 8.556681632995605 5.034323215484619 0
after 0 185 5 2.0886728763580322 1.7307510375976562 3.303572177886963
as 0 186 2 11.542109489440918 5.657713890075684 0
convection 0 187 10 8.24333381652832 4.665960311889648 0.9917535781860352
continued 0 188 9 5.155641078948975 6.029969215393066 0
to 0 189 2 1.3176512718200684 4.073554039001465 1.9564151763916016
dissipate 0 190 9 7.274819374084473 5.630134105682373 0
around 0 191 6 8.306729316711426 3.4888432025909424 2.1412909030914307
the 0 192 3 1.0052785873413086 2.25657320022583 1.2322700023651123
storm 0 193 5 8.98680305480957 4.644169330596924 0
. 0 194 1 2.204049825668335 3.970128059387207 0.6740412712097168
<eos> 0 195 5 0.09699545800685883 0.36360621452331543 3.6065218448638916
<unk> 0 196 5 2.6804542541503906 6.064635753631592 0
low 0 197 3 16.9560604095459 7.425009727478027 0
ultimately 0 198 10 12.97152042388916 7.59334659576416 0
dissipated 0 199 10 7.20823335647583 9.466743469238281 0
while 0 200 5 6.399557113647461 4.913868427276611 4.55287504196167
located 0 201 7 2.666658401489258 6.039144515991211 0
<unk> 0 202 5 3.208855152130127 4.448383331298828 1.5907611846923828
mi 0 203 2 1.1794294118881226 2.4975008964538574 1.9508824348449707
( 0 204 1 0.01155452337116003 0.10631724447011948 2.391183651983738
<unk> 0 205 5 0.0007016905001364648 0.009164336137473583 0.0971529083326459
km 0 206 2 0.08940893411636353 0.34950006008148193 0
) 0 207 1 0.0006769368192180991 0.007300049066543579 0.34220001101493835
east 0 208 4 2.65010666847229 3.195211410522461 0
of 0 209 2 0.6145696640014648 1.1493792533874512 2.0458321571350098
<unk> 0 210 5 0.5248415470123291 1.7667213678359985 0
on 0 211 2 3.5418176651000977 3.340582847595215 0
<unk> 0 212 5 0.13197264075279236 0.6703999638557434 2.6701828837394714
<unk> 0 213 5 0.011628908105194569 0.09539186954498291 0.5750080943107605
. 0 214 1 0.35361286997795105 1.4132144451141357 0
<eos> 0 215 5 0.06812993437051773 0.28222012519836426 1.1309943199157715
<unk> 0 216 5 2.6908280849456787 6.053414821624756 0
, 0 217 1 4.466795444488525 7.3833112716674805 0
the 0 218 3 4.132635593414307 5.888626575469971 1.4946846961975098
remnant 0 219 7 13.64946460723877 8.87928295135498 0
moisture 0 220 8 7.578048229217529 4.99807596206665 3.88120698928833
led 0 221 3 11.155374526977539 6.737755298614502 0
to 0 222 2 0.822773277759552 2.580378532409668 4.157376766204834
minor 0 223 5 10.377056121826172 5.516196250915527 0
flooding 0 224 8 1.7836830615997314 5.516763687133789 0
on 0 225 2 5.144017696380615 3.436344861984253 2.080418825149536
the 0 226 3 1.4518719911575317 2.4414491653442383 0.9948956966400146
island 0 227 6 1.4347177743911743 4.7136006355285645 0
of 0 228 2 3.418671131134033 2.776621103286743 1.9369795322418213
<unk> 0 229 5 0.08661878854036331 0.6281576156616211 2.148463487625122
<unk> 0 230 5 5.1851983070373535 2.8851122856140137 0
. 0 231 1 2.0558886528015137 3.4997239112854004 0
<eos> 0 232 5 0.06576338410377502 0.27644023299217224 3.223283678293228
= 0 233 1 3.8258559703826904 6.054701328277588 0
= 0 234 1 0.09214965999126434 0.6471112966537476 5.40759003162384
<unk> 0 235 5 5.6612958908081055 5.551042079925537 0
history 0 236 7 7.706740379333496 6.882993698120117 0
= 0 237 1 0.16936857998371124 0.8465816378593445 6.036412060260773
= 0 238 1 2.201361166953575e-05 0.00035131777985952795 0.846230320079485
<eos> 0 239 5 23.721542358398438 4.0176262855529785 0
<unk> 0 240 5 1.2010360956192017 5.494429111480713 0
<unk> 0 241 5 2.1051998138427734 5.719811916351318 0
<unk> 0 242 5 2.4623608589172363 5.243354797363281 0.4764571189880371
formed 0 243 6 11.212380409240723 5.043822288513184 0.19953250885009766
as 0 244 2 7.725527763366699 3.262267589569092 1.7815546989440918
a 0 245 1 1.0210652351379395 2.9531381130218506 0.3091294765472412
tropical 0 246 8 7.663486480712891 9.042366027832031 0
wave 0 247 4 3.3152928352355957 3.3603193759918213 5.68204665184021
that 0 248 4 4.326323986053467 4.68328857421875 0
emerged 0 249 7 5.840851306915283 6.577692031860352 0
off 0 250 3 7.322510719299316 3.906341791152954 2.6713502407073975
the 0 251 3 0.6024730205535889 1.9926766157150269 1.9136651754379272
west 0 252 4 4.855594635009766 3.7724688053131104 0
coast 0 253 5 0.07406532764434814 0.4262998104095459 3.3461689949035645
of 0 254 2 0.11978257447481155 0.7702347040176392 0
<unk> 0 255 5 0.31261226534843445 1.3334076404571533 0
near 0 256 4 6.697205066680908 3.2597925662994385 0
the 0 257 3 2.6116349697113037 1.4639943838119507 1.7957981824874878
end 0 258 3 4.384451389312744 4.497951984405518 0
of 0 259 2 0.0003330919425934553 0.0044281138107180595 4.4935238705947995
<unk> 0 260 5 0.7831841707229614 1.651438593864441 0
<unk> 0 261 5 2.0098443031311035 3.0595810413360596 0
. 0 262 1 0.798337996006012 2.543175220489502 0.5164058208465576
<eos> 0 263 5 0.06749147176742554 0.2807481288909912 2.2624270915985107
<unk> 0 264 5 2.674808979034424 6.046809673309326 0
tracked 0 265 7 14.473104476928711 7.383468151092529 0
south 0 266 5 7.09738826751709 6.513172626495361 0.870295524597168
of 0 267 2 2.931349277496338 4.610245704650879 1.9029269218444824
<unk> 0 268 5 0.8656229972839355 2.3811092376708984 2.2291364669799805
<unk> 0 269 5 3.619271755218506 4.32379150390625 0
and 0 270 3 3.3252391815185547 4.703636646270752 0
slowly 0 271 6 8.388753890991211 7.209036827087402 0
developed 0 272 9 5.2565107345581055 3.7497146129608154 3.459322214126587
, 0 273 1 3.6847846508026123 5.510009765625 0
and 0 274 3 1.9966524839401245 5.532052993774414 0
on 0 275 2 4.5623321533203125 6.825592517852783 0
<unk> 0 276 5 0.2350328415632248 1.1173381805419922 5.708254337310791
<unk> 0 277 5 0.026353230699896812 0.1909576654434204 0.9263805150985718
the 0 278 3 3.0859508514404297 3.3483784198760986 0
disturbance 0 279 11 6.071407318115234 5.481331825256348 0
became 0 280 6 2.795815944671631 5.057397365570068 0.4239344596862793
<unk> 0 281 5 6.366327285766602 4.437032699584961 0.6203646659851074
<unk> 0 282 5 3.5770986080169678 5.407492637634277 0
<unk> 0 283 5 2.7736454010009766 5.067834854125977 0.3396577835083008
while 0 284 5 7.280231952667236 4.621109962463379 0.44672489166259766
located 0 285 7 1.7154072523117065 5.0973429679870605 0
south 0 286 5 6.282099723815918 3.930102825164795 1.1672401428222656
<unk> 0 287 5 3.583730459213257 0.6545270681381226 3.2755757570266724
southeast 0 288 9 2.2482097148895264 3.465334177017212 0
of 0 289 2 0.09316509962081909 0.6057273149490356 2.8596068620681763
the 0 290 3 2.299600601196289 2.012157917022705 0
<unk> 0 291 5 1.630131483078003 4.583327293395996 0
<unk> 0 292 5 3.939497947692871 4.84315299987793 0
islands 0 293 7 4.811339855194092 3.807422161102295 1.0357308387756348
. 0 294 1 0.3716421127319336 1.6746103763580322 2.1328117847442627
<eos> 0 295 5 0.0754220187664032 0.30459627509117126 1.370014101266861
<unk> 0 296 5 2.6751255989074707 6.060596942901611 0
the 0 297 3 9.70614242553711 7.394561767578125 0
depression 0 298 10 14.368696212768555 8.691401481628418 0
became 0 299 6 4.81757116317749 6.813841342926025 1.8775601387023926
more 0 300 4 5.457265377044678 4.588792324066162 2.2250490188598633
organized 0 301 9 1.8870651721954346 5.603240966796875 0
, 0 302 1 2.527679920196533 4.5664167404174805 1.0368242263793945
an 0 303 2 10.187623023986816 4.64713716506958 0
eye 0 304 3 3.5988070964813232 5.73079776763916 0
<unk> 0 305 5 3.9616341590881348 7.572962760925293 0
like 0 306 4 5.080544948577881 7.476978778839111 0.09598398208618164
feature 0 307 7 5.4836626052856445 6.176646709442139 1.3003320693969727
developed 0 308 9 6.138734817504883 5.09458589553833 1.0820608139038086
in 0 309 2 2.982506513595581 4.904489517211914 0.19009637832641602
the 0 310 3 0.7726230621337891 2.8847336769104004 2.0197558403015137
upper 0 311 5 6.887478828430176 6.04865026473999 0
levels 0 312 6 8.871330261230469 3.503406524658203 2.545243740081787
of 0 313 2 0.31418338418006897 1.4845565557479858 2.0188499689102173
the 0 314 3 0.5516928434371948 2.7710795402526855 0
system 0 315 6 2.5796682834625244 5.4468817710876465 0
. 0 316 1 0.6386390924453735 2.554877519607544 2.8920042514801025
<eos> 0 317 5 0.103552907705307 0.37836459279060364 2.1765129268169403
<unk> 0 318 5 2.7178173065185547 6.065881729125977 0
depression 0 319 10 17.774431228637695 7.415397644042969 0
was 0 320 3 2.832819700241089 7.099576473236084 0.31582117080688477
upgraded 0 321 8 6.857762813568115 7.900046348571777 0
to 0 322 2 0.7849975824356079 2.843067169189453 5.056979179382324
<unk> 0 323 5 7.664025783538818 2.6327617168426514 0.21030545234680176
<unk> 0 324 5 2.5799832344055176 5.056546211242676 0
<unk> 0 325 5 5.025575160980225 0.825512707233429 4.231033504009247
six 0 326 3 13.955133438110352 4.299535274505615 0
hours 0 327 5 0.927355170249939 3.5308470726013184 0.7686882019042969
after 0 328 5 3.1868715286254883 3.958611249923706 0
forming 0 329 7 8.185816764831543 5.716607570648193 0
. 0 330 1 1.373703956604004 3.2067923545837402 2.509815216064453
<eos> 0 331 5 0.06577159464359283 0.2750444710254669 2.9317478835582733
<unk> 0 332 5 2.687061071395874 6.042137145996094 0
was 0 333 3 3.80775785446167 7.409909725189209 0
located 0 334 7 10.528855323791504 8.61131477355957 0
in 0 335 2 1.706874132156372 4.780425071716309 3.8308897018432617
an 0 336 2 6.143850326538086 3.642824172973633 1.1376008987426758
area 0 337 4 1.4692546129226685 5.967936992645264 0
which 0 338 5 9.963410377502441 3.1333656311035156 2.834571361541748
was 0 339 3 1.713487982749939 6.166655540466309 0
supportive 0 340 10 17.820966720581055 8.455170631408691 0
for 0 341 3 5.927369594573975 0.8772813081741333 7.577889323234558
rapid 0 342 5 12.165371894836426 6.067067623138428 0
intensification 0 343 15 3.505061388015747 7.743391036987305 0
but 0 344 3 8.961730003356934 3.741614580154419 4.001776456832886
was 0 345 3 3.205514430999756 7.3005876541137695 0
not 0 346 3 2.950904369354248 7.86055326461792 0
forecast 0 347 8 7.0176777839660645 7.997478008270264 0
to 0 348 2 0.30835527181625366 1.4793649911880493 6.518113017082214
intensify 0 349 9 3.7223637104034424 6.952859401702881 0
quickly 0 350 7 7.4151105880737305 4.103749752044678 2.849109649658203
. 0 351 1 1.0060793161392212 3.262403964996338 0.8413457870483398
<eos> 0 352 5 0.0740681067109108 0.2997686564922333 2.9626353085041046
<unk> 0 353 5 2.682281255722046 6.05153751373291 0
continued 0 354 9 8.225926399230957 7.380599498748779 0
to 0 355 2 0.6171659827232361 3.083359718322754 4.297239780426025
intensify 0 356 9 7.123816967010498 8.221656799316406 0
throughout 0 357 10 7.404444694519043 5.368533134460449 2.853123664855957
the 0 358 3 0.4180086553096771 1.804583191871643 3.563949942588806
afternoon 0 359 9 5.870370388031006 5.848023891448975 0
as 0 360 2 5.7805376052856445 3.665309429168701 2.1827144622802734
the 0 361 3 2.387399911880493 4.821558475494385 0
storm 0 362 5 1.6104179620742798 5.4788618087768555 0
became 0 363 6 6.368066310882568 5.681311130523682 0
more 0 364 4 4.891205787658691 5.416894435882568 0.2644166946411133
symmetrical 0 365 11 6.732232093811035 6.45535135269165 0
. 0 366 1 2.165459632873535 3.7434070110321045 2.711944341659546
<eos> 0 367 5 0.07485520094633102 0.302072137594223 3.4413348734378815
<unk> 0 368 5 2.6861627101898193 6.062417984008789 0
, 0 369 1 4.511750221252441 7.408483982086182 0
due 0 370 3 10.966926574707031 5.8980488777160645 1.5104351043701172
to 0 371 2 0.03927535191178322 0.3606852889060974 5.537363588809967
the 0 372 3 1.9596914052963257 5.8609161376953125 0
location 0 373 8 9.376237869262695 9.926002502441406 0
of 0 374 2 0.2813222110271454 1.7968064546585083 8.129196047782898
the 0 375 3 0.9101597666740417 3.9185683727264404 0
storm 0 376 5 5.222587585449219 9.299195289611816 0
, 0 377 1 0.6686437129974365 3.272189140319824 6.027006149291992
there 0 378 5 11.360275268554688 6.848495006561279 0
was 0 379 3 1.3370234966278076 2.8067514896392822 4.041743516921997
a 0 380 1 2.129260778427124 5.688755512237549 0
lack 0 381 4 5.355797290802002 8.998883247375488 0
of 0 382 2 0.001436371705494821 0.01743592694401741 8.98144732043147
accurate 0 383 8 10.24613094329834 9.540552139282227 0
wind 0 384 4 5.978480339050293 8.843849182128906 0.6967029571533203
speed 0 385 5 5.560737133026123 5.583909034729004 3.2599401473999023
readings 0 386 8 15.90374755859375 3.9136900901794434 1.6702189445495605
, 0 387 1 2.0104992389678955 3.6900928020477295 0.22359728813171387
and 0 388 3 2.0430591106414795 5.493555545806885 0
the 0 389 3 2.3135793209075928 7.0456767082214355 0
<unk> 0 390 5 3.3884007930755615 8.338821411132812 0
<unk> 0 391 5 3.4955830574035645 8.474152565002441 0
<unk> 0 392 5 1.901766300201416 7.203054904937744 1.2710976600646973
was 0 393 3 5.545149803161621 8.15142822265625 0
uncertain 0 394 9 12.050581932067871 8.597870826721191 0
of 0 395 2 3.536759853363037 4.2196245193481445 4.378246307373047
its 0 396 3 3.1067166328430176 5.012099266052246 0
actual 0 397 6 7.753214359283447 8.321938514709473 0
intensity 0 398 9 2.477430820465088 7.012453079223633 1.3094854354858398
. 0 399 1 0.4255565404891968 1.9808701276779175 5.031582951545715
<eos> 0 400 5 0.06625872105360031 0.2762949764728546 1.7045751512050629
<unk> 0 401 5 2.6735129356384277 6.041667938232422 0
the 0 402 3 9.727775573730469 7.3928728103637695 0
lack 0 403 4 14.581856727600098 8.653998374938965 0
of 0 404 2 0.014867560006678104 0.1594376116991043 8.49456076323986
wind 0 405 4 9.911685943603516 9.836371421813965 0
shear 0 406 5 2.622037887573242 6.50047492980957 3.3358964920043945
around 0 407 6 9.052888870239258 6.264196872711182 0.23627805709838867
the 0 408 3 0.8880688548088074 2.7981534004211426 3.466043472290039
storm 0 409 5 5.125644207000732 6.329736232757568 0
, 0 410 1 2.8640010356903076 6.375576496124268 0
the 0 411 3 6.38604211807251 4.798093795776367 1.5774827003479004
center 0 412 6 6.37688684463501 7.765247344970703 0
became 0 413 6 5.518438816070557 3.2229225635528564 4.542324781417847
slightly 0 414 8 9.160035133361816 6.167459011077881 0
exposed 0 415 7 6.678071022033691 5.378539562225342 0.7889194488525391
and 0 416 3 3.081395387649536 3.959873676300049 1.418665885925293
ceased 0 417 6 14.242834091186523 7.724409580230713 0
further 0 418 7 8.488166809082031 3.8768582344055176 3.8475513458251953
intensification 0 419 15 2.836815357208252 5.47044038772583 0
. 0 420 1 0.7281002998352051 2.8193600177764893 2.651080369949341
<eos> 0 421 5 0.09091696888208389 0.34579965472221375 2.4735603630542755
<unk> 0 422 5 2.681786060333252 6.0612897872924805 0
storm 0 423 5 13.985163688659668 7.43275260925293 0
was 0 424 3 3.046881675720215 6.511591911315918 0.9211606979370117
also 0 425 4 3.7567203044891357 7.0919342041015625 0
heading 0 426 7 14.521130561828613 6.315590858459473 0.7763433456420898
into 0 427 4 1.8636369705200195 4.558762550354004 1.7568283081054688
an 0 428 2 6.531042575836182 3.1208419799804688 1.4379205703735352
area 0 429 4 2.607089042663574 3.4966540336608887 0
where 0 430 5 8.552818298339844 1.447509527206421 2.0491445064544678
shear 0 431 5 11.227910995483398 5.1496758460998535 0
was 0 432 3 2.5121052265167236 6.604935169219971 0
<unk> 0 433 5 6.762205123901367 8.441838264465332 0
to 0 434 2 4.349776744842529 6.3528828620910645 2.0889554023742676
significantly 0 435 13 12.45181941986084 5.136407852172852 1.216475009918213
increase 0 436 8 2.1484580039978027 5.853673934936523 0
due 0 437 3 8.61143970489502 5.314913749694824 0.5387601852416992
to 0 438 2 0.08036132156848907 0.6701943874359131 4.644719362258911
an 0 439 2 6.007598876953125 6.6571526527404785 0
upper 0 440 5 3.979051113128662 5.350640296936035 1.3065123558044434
<unk> 0 441 5 1.0422039031982422 3.4937944412231445 1.8568458557128906
level 0 442 5 0.03967981040477753 0.2827804684638977 3.211013972759247
trough 0 443 6 0.7915412783622742 2.527892589569092 0
diving 0 444 6 20.85582160949707 3.470282554626465 0
southward 0 445 9 9.345014572143555 7.163697719573975 0
. 0 446 1 1.0893298387527466 3.658130407333374 3.5055673122406006
<eos> 0 447 5 0.0922267735004425 0.3498634994029999 3.308266907930374
<unk> 0 448 5 2.667349100112915 6.062388896942139 0
convection 0 449 10 19.235637664794922 7.421169757843018 0
being 0 450 5 12.3883695602417 7.3955607414245605 0.02560901641845703
partially 0 451 9 8.682297706604004 8.04029369354248 0
removed 0 452 7 8.265954971313477 8.012826919555664 0.027466773986816406
from 0 453 4 1.2029870748519897 3.7854771614074707 4.227349758148193
the 0 454 3 0.6104861497879028 2.990931272506714 0.7945458889007568
center 0 455 6 3.736621618270874 6.069345951080322 0
of 0 456 2 1.5506010055541992 4.814136505126953 1.2552094459533691
<unk> 0 457 5 5.010036468505859 2.7652363777160645 2.0489001274108887
, 0 458 1 2.4259777069091797 6.314797878265381 0
the 0 459 3 4.812810897827148 5.642928600311279 0.6718692779541016
storm 0 460 5 4.271644592285156 7.722324371337891 0
intensified 0 461 11 6.400178909301758 6.989292144775391 0.7330322265625
slightly 0 462 8 6.846513748168945 2.299011707305908 4.690280437469482
in 0 463 2 5.74171781539917 5.19895076751709 0
the 0 464 3 1.5531986951828003 4.129336357116699 1.0696144104003906
early 0 465 5 5.369434356689453 6.257087230682373 0
morning 0 466 7 2.119412422180176 3.8183887004852295 2.4386985301971436
hours 0 467 5 0.9052561521530151 1.9526618719100952 1.8657268285751343
on 0 468 2 7.099636554718018 1.8945218324661255 0.05814003944396973
<unk> 0 469 5 0.43426311016082764 1.4998737573623657 0.39464807510375977
<unk> 0 470 5 0.02923717349767685 0.21528606116771698 1.2845876961946487
as 0 471 2 6.160897254943848 2.1601812839508057 0
thunderstorm 0 472 12 11.342979431152344 2.86143159866333 0
activity 0 473 8 0.2085283398628235 1.3921332359313965 1.4692983627319336
to 0 474 2 10.334132194519043 5.938841819763184 0
the 0 475 3 0.5617503523826599 2.9520602226257324 2.986781597137451
south 0 476 5 2.346696376800537 3.012406587600708 0
of 0 477 2 2.269282102584839 4.293595790863037 0
the 0 478 3 1.207794189453125 2.3919215202331543 1.9016742706298828
center 0 479 6 3.04728627204895 5.508889675140381 0
became 0 480 6 4.582192897796631 3.6544642448425293 1.8544254302978516
more 0 481 4 4.712887287139893 6.171966075897217 0
organized 0 482 9 3.444406509399414 6.269507884979248 0
. 0 483 1 0.4238945245742798 1.9478853940963745 4.3216224908828735
<eos> 0 484 5 0.07673177868127823 0.3068150281906128 1.6410703659057617
<unk> 0 485 5 2.700101375579834 6.0436601638793945 0
intensification 0 486 15 21.531526565551758 7.428100109100342 0
was 0 487 3 2.8203916549682617 6.145751953125 1.2823481559753418
forecast 0 488 8 6.077415943145752 8.128321647644043 0
to 0 489 2 0.5671878457069397 2.5801851749420166 5.548136472702026
be 0 490 2 3.5547189712524414 7.216681003570557 0
short 0 491 5 9.711112022399902 7.754100799560547 0
in 0 492 2 7.242006301879883 4.375245094299316 3.3788557052612305
duration 0 493 8 11.423591613769531 4.796507835388184 0
as 0 494 2 4.8708953857421875 4.271347999572754 0.5251598358154297
the 0 495 3 2.9104886054992676 3.56748628616333 0.7038617134094238
trough 0 496 6 8.107701301574707 4.980912685394287 0
to 0 497 2 10.160859107971191 6.227362632751465 0
the 0 498 3 0.6992484331130981 3.618061065673828 2.6093015670776367
north 0 499 5 2.0624077320098877 3.0427463054656982 0.5753147602081299
was 0 500 3 4.515769004821777 5.894025802612305 0
deepening 0 501 9 16.690542221069336 8.613276481628418 0
, 0 502 1 3.129824161529541 4.393308639526367 4.219967842102051
causing 0 503 7 5.071000576019287 5.279166221618652 0
the 0 504 3 2.225722312927246 5.821701526641846 0
wind 0 505 4 10.006523132324219 5.753678321838379 0.0680232048034668
shear 0 506 5 3.268090009689331 2.929041624069214 2.824636697769165
to 0 507 2 0.5643507242202759 2.8093090057373047 0.11973261833190918
the 0 508 3 8.051982879638672 6.512972831726074 0
west 0 509 4 2.949007272720337 4.739890098571777 1.7730827331542969
to 0 510 2 3.639086961746216 4.012496471405029 0.727393627166748
become 0 511 6 4.329543590545654 7.394918441772461 0
stronger 0 512 8 5.564417362213135 6.40662956237793 0.9882888793945312
. 0 513 1 0.668321967124939 2.8069257736206055 3.599703788757324
<eos> 0 514 5 0.07685016840696335 0.30851930379867554 2.49840646982193
<unk> 0 515 5 2.6837575435638428 6.046878814697266 0
reached 0 516 7 10.476714134216309 7.453167915344238 0
its 0 517 3 4.3556671142578125 4.110663890838623 3.3425040245056152
peak 0 518 4 0.4084629416465759 2.5401313304901123 1.5705325603485107
intensity 0 519 9 0.680413007736206 2.3972408771514893 0.14289045333862305
of 0 520 2 1.5650310516357422 3.3805184364318848 0
<unk> 0 521 5 0.12247098982334137 0.891243040561676 2.4892753958702087
mph 0 522 3 0.2953038513660431 0.9309881925582886 0
( 0 523 1 0.004017591010779142 0.04019070789217949 0.8907974846661091
<unk> 0 524 5 0.0006384302978403866 0.008263615891337395 0.031927092000842094
km 0 525 2 0.005541973747313023 0.04312610253691673 0
/ 0 526 1 0.00015408822218887508 0.0017339185578748584 0.041392183979041874
h 0 527 1 3.852359805023298e-05 0.0004923022934235632 0.0012416162644512951
) 0 528 1 0.003156210295855999 0.024245550855994225 0
around 0 529 6 8.662391662597656 3.9912350177764893 0
<unk> 0 530 5 0.8639088273048401 2.108518600463867 1.882716417312622
a.m. 0 531 4 5.805167198181152 2.8213446140289307 0
( 0 532 1 6.019484996795654 3.392141819000244 0
<unk> 0 533 5 0.05059317126870155 0.4540453553199768 2.9380964636802673
) 0 534 1 3.6595349311828613 1.5097427368164062 0
as 0 535 2 6.007620811462402 5.003265857696533 0
it 0 536 2 2.686466693878174 3.2632036209106445 1.7400622367858887
continued 0 537 9 6.27515172958374 5.238922119140625 0
to 0 538 2 0.7072145938873291 3.1393256187438965 2.0995965003967285
become 0 539 6 7.314763069152832 5.475222587585449 0
more 0 540 4 4.4832987785339355 5.179599285125732 0.2956233024597168
organized 0 541 9 2.29251766204834 5.810212135314941 0
. 0 542 1 1.3260550498962402 3.6145200729370117 2.1956920623779297
<eos> 0 543 5 0.07933763414621353 0.3149373531341553 3.2995827198028564
<unk> 0 544 5 2.697568416595459 6.042260646820068 0
, 0 545 1 4.527462482452393 7.44465446472168 0
there 0 546 5 10.929924964904785 5.90128755569458 1.5433669090270996
were 0 547 4 2.6851775646209717 3.0782859325408936 2.8230016231536865
indications 0 548 11 10.754708290100098 6.573270320892334 0
that 0 549 4 0.6214683055877686 1.5365204811096191 5.036749839782715
it 0 550 2 6.366259574890137 5.000779151916504 0
had 0 551 3 2.9857261180877686 4.188052177429199 0.8127269744873047
already 0 552 7 7.516637802124023 6.042412281036377 0
begun 0 553 5 6.636414051055908 4.087462425231934 1.9549498558044434
to 0 554 2 1.8449748754501343 5.6771464347839355 0
weaken 0 555 6 7.282606601715088 8.688606262207031 0
. 0 556 1 3.9269306659698486 4.882678508758545 3.8059277534484863
<eos> 0 557 5 0.06028198078274727 0.2582755982875824 4.6244029104709625
<unk> 0 558 5 2.6578915119171143 6.039186477661133 0
towards 0 559 7 16.898622512817383 7.377738952636719 0
the 0 560 3 1.2469829320907593 3.5919010639190674 3.7858378887176514
north 0 561 5 6.861875057220459 4.687680244445801 0
was 0 562 3 6.400118350982666 4.269346237182617 0.4183340072631836
becoming 0 563 8 10.719010353088379 8.265167236328125 0
restricted 0 564 10 13.532574653625488 6.282048225402832 1.983119010925293
and 0 565 3 4.931603908538818 2.866877317428589 3.415170907974243
arc 0 566 3 22.790029525756836 9.291189193725586 0
clouds 0 567 6 9.944893836975098 9.257633209228516 0.03355598449707031
began 0 568 5 5.079453945159912 6.923091411590576 2.3345417976379395
emanating 0 569 9 18.668386459350586 2.2528493404388428 4.670242071151733
from 0 570 4 0.6367486119270325 2.7523388862609863 0
the 0 571 3 1.2267508506774902 5.077560901641846 0
storm 0 572 5 5.53085994720459 8.77817440032959 0
, 0 573 1 2.699370861053467 3.6627674102783203 5.1154069900512695
a 0 574 1 7.396372318267822 5.741596221923828 0
sign 0 575 4 11.533102989196777 8.672059059143066 0
that 0 576 4 1.9591809511184692 4.046586513519287 4.625472545623779
dry 0 577 3 12.3435640335083 7.509122848510742 0
air 0 578 3 3.6825504302978516 7.944222450256348 0
was 0 579 3 3.7813124656677246 7.509181976318359 0.4350404739379883
entering 0 580 8 10.827375411987305 8.452614784240723 0
the 0 581 3 1.457031488418579 4.946378707885742 3.5062360763549805
system 0 582 6 4.64849853515625 6.910993576049805 0
. 0 583 1 0.9838315844535828 3.676553249359131 3.234440326690674
<eos> 0 584 5 0.08186648786067963 0.32155999541282654 3.3549932539463043
<unk> 0 585 5 2.680319309234619 6.063076496124268 0
the 0 586 3 9.737159729003906 7.399674415588379 0
afternoon 0 587 9 12.836575508117676 8.681499481201172 0
hours 0 588 5 9.39224624633789 7.2077813148498535 1.4737181663513184
, 0 589 1 4.769440650939941 4.743786334991455 2.4639949798583984
the 0 590 3 4.258214950561523 7.157677173614502 0
structure 0 591 9 12.704429626464844 8.92263412475586 0
of 0 592 2 1.388487458229065 5.17956018447876 3.7430739402770996
<unk> 0 593 5 2.3819830417633057 4.2322678565979 0.9472923278808594
began 0 594 5 7.1062912940979 6.512121677398682 0
to 0 595 2 1.1962577104568481 4.173530578613281 2.3385910987854004
rapidly 0 596 7 7.964048862457275 7.453997611999512 0
deteriorate 0 597 11 3.3010239601135254 5.737613677978516 1.716383934020996
as 0 598 2 4.947227954864502 3.9271109104156494 1.8105027675628662
strong 0 599 6 9.283214569091797 4.5213093757629395 0
wind 0 600 4 6.017978191375732 6.537227630615234 0
shear 0 601 5 0.04461090639233589 0.3977734446525574 6.139454185962677
and 0 602 3 5.142106533050537 6.299678325653076 0
dry 0 603 3 7.6104207038879395 7.652904510498047 0
air 0 604 3 1.3769453763961792 4.261399269104004 3.391505241394043
took 0 605 4 8.511331558227539 6.850800037384033 0
their 0 606 5 8.116683959960938 5.786041736602783 1.06475830078125
toll 0 607 4 1.9060877561569214 6.589502334594727 0
. 0 608 1 1.8875329494476318 3.9274473190307617 2.662055015563965
<eos> 0 609 5 0.10620827972888947 0.38559097051620483 3.541856348514557
<unk> 0 610 5 2.6609816551208496 6.038808822631836 0
the 0 611 3 9.723091125488281 7.403067588806152 0
late 0 612 4 9.412298202514648 8.715299606323242 0
night 0 613 5 5.419760704040527 7.056509971618652 1.6587896347045898
, 0 614 1 3.175175428390503 6.917750358581543 0.13875961303710938
the 0 615 3 4.2926926612854 7.7905659675598145 0
center 0 616 6 11.912063598632812 9.680632591247559 0
was 0 617 3 3.889979362487793 5.376286029815674 4.304346561431885
almost 0 618 6 9.099967002868652 9.422480583190918 0
completely 0 619 10 3.024590015411377 7.538166522979736 1.8843140602111816
exposed 0 620 7 7.691723346710205 7.950991630554199 0
and 0 621 3 3.2640833854675293 3.931856155395508 4.019135475158691
only 0 622 4 8.91530990600586 8.629511833190918 0
a 0 623 1 4.129766941070557 8.546993255615234 0.0825185775756836
band 0 624 4 9.673772811889648 7.323024749755859 1.223968505859375
of 0 625 2 1.2306156158447266 5.750454425811768 1.5725703239440918
convection 0 626 10 9.44018840789795 8.726936340332031 0
persisted 0 627 9 5.4676079750061035 7.104905128479004 1.6220312118530273
near 0 628 4 6.64615535736084 3.6939871311187744 3.4109179973602295
the 0 629 3 0.6562939882278442 2.2457175254821777 1.4482696056365967
center 0 630 6 0.79261714220047 3.648007392883301 0
. 0 631 1 1.0022790431976318 2.4077601432800293 1.2402472496032715
<eos> 0 632 5 0.10614772140979767 0.3862234055995941 2.021536737680435
<unk> 0 633 5 2.6964237689971924 6.075601577758789 0
continuing 0 634 10 18.478076934814453 7.415839672088623 0
effects 0 635 7 16.22034454345703 5.4636640548706055 1.9521756172180176
from 0 636 4 5.292207717895508 6.546037197113037 0
the 0 637 3 1.4864321947097778 5.8743109703063965 0.6717262268066406
strong 0 638 6 9.47336483001709 9.421626091003418 0
wind 0 639 4 3.1999354362487793 4.045047760009766 5.376578330993652
shear 0 640 5 0.6482809782028198 3.6402854919433594 0.40476226806640625
, 0 641 1 3.9686496257781982 7.097076416015625 0
a 0 642 1 5.569326400756836 6.8672051429748535 0.22987127304077148
large 0 643 5 5.599515914916992 8.073941230773926 0
, 0 644 1 5.315704345703125 7.5409440994262695 0.5329971313476562
deep 0 645 4 6.449771881103516 7.374822616577148 0.1661214828491211
burst 0 646 5 10.440494537353516 6.900331974029541 0.4744906425476074
of 0 647 2 0.17267058789730072 1.3380204439163208 5.56231153011322
convection 0 648 10 1.5318013429641724 5.294990539550781 0
formed 0 649 6 5.490703105926514 6.570377826690674 0
in 0 650 2 2.559704542160034 5.638685703277588 0.9316921234130859
the 0 651 3 0.7312867045402527 2.708112955093384 2.930572748184204
northern 0 652 8 5.810710430145264 5.823816776275635 0
semicircle 0 653 10 3.0282814502716064 4.153447151184082 1.6703696250915527
of 0 654 2 1.012699842453003 3.1376516819000244 1.0157954692840576
<unk> 0 655 5 3.042433738708496 1.4440373182296753 1.6936143636703491
. 0 656 1 1.8684346675872803 4.38043212890625 0
<eos> 0 657 5 0.08199306577444077 0.3236602246761322 4.056771904230118
<unk> 0 658 5 2.6850826740264893 6.057325839996338 0
center 0 659 6 14.124894142150879 7.420654296875 0
was 0 660 3 3.208279848098755 6.786944389343262 0.6337099075317383
found 0 661 5 9.224272727966309 7.824972629547119 0
to 0 662 2 2.6761491298675537 4.40235710144043 3.4226155281066895
have 0 663 4 2.321042060852051 2.362942695617676 2.039414405822754
shifted 0 664 7 13.931225776672363 6.484311103820801 0
towards 0 665 7 8.977457046508789 5.962216854095459 0.5220942497253418
the 0 666 3 1.1231938600540161 3.7391855716705322 2.2230312824249268
new 0 667 3 7.068507671356201 7.533016204833984 0
convection 0 668 10 15.27188491821289 5.234498977661133 2.2985172271728516
leading 0 669 7 10.3622407913208 5.241266250610352 0
to 0 670 2 0.3334481418132782 1.5022064447402954 3.739059805870056
an 0 671 2 4.877782821655273 4.770068168640137 0
increase 0 672 8 3.02858304977417 7.081091403961182 0
in 0 673 2 0.13220097124576569 0.725726842880249 6.355364561080933
intensity 0 674 9 5.002048015594482 6.05354118347168 0
. 0 675 1 2.018179178237915 3.9341347217559814 2.1194064617156982
<eos> 0 676 5 0.07715000212192535 0.3083644509315491 3.6257702708244324
<unk> 0 677 5 2.6739890575408936 6.046261787414551 0
forecast 0 678 8 17.00855827331543 7.408087253570557 0
showed 0 679 6 12.767400741577148 5.668870449066162 1.7392168045043945
a 0 680 1 3.5671939849853516 3.280264377593994 2.388606071472168
slight 0 681 6 6.981795310974121 8.266302108764648 0
decrease 0 682 8 3.3750109672546387 6.553292751312256 1.7130093574523926
in 0 683 2 0.2537747919559479 1.0826102495193481 5.470682501792908
wind 0 684 4 4.303477764129639 6.927479267120361 0
shear 0 685 5 0.1477179378271103 0.8662723302841187 6.061206936836243
as 0 686 2 4.29580020904541 4.762353897094727 0
<unk> 0 687 5 5.7515869140625 4.622978687286377 0.1393752098083496
continued 0 688 9 6.875492095947266 7.098003387451172 0
westward 0 689 8 6.427815914154053 2.6136133670806885 4.484390020370483
and 0 690 3 3.177631139755249 4.241966724395752 0
no 0 691 2 11.55637264251709 7.382512092590332 0
change 0 692 6 10.621788024902344 7.042866230010986 0.3396458625793457
in 0 693 2 3.0473577976226807 5.266279220581055 1.7765870094299316
intensity 0 694 9 5.237376689910889 6.561386585235596 0
over 0 695 4 7.0313801765441895 5.637760162353516 0.9236264228820801
the 0 696 3 0.820093035697937 2.998666524887085 2.6390936374664307
<unk> 0 697 5 3.3293447494506836 5.403807163238525 0
<unk> 0 698 5 4.593148708343506 5.755553245544434 0
day 0 699 3 9.423812866210938 5.630297660827637 0.12525558471679688
forecast 0 700 8 9.817273139953613 5.3320393562316895 0.29825830459594727
was 0 701 3 4.724360466003418 4.5270676612854 0.8049716949462891
predicted 0 702 9 5.693305492401123 8.008707046508789 0
. 0 703 1 0.8994885087013245 2.725987434387207 5.282719612121582
<eos> 0 704 5 0.08228468894958496 0.32318150997161865 2.4028059244155884
<unk> 0 705 5 2.6873719692230225 6.043737411499023 0
, 0 706 1 4.528958320617676 7.409268856048584 0
the 0 707 3 4.13949728012085 5.898947238922119 1.5103216171264648
convection 0 708 10 18.366098403930664 8.858726501464844 0
decreased 0 709 9 9.360328674316406 7.791609287261963 1.0671172142028809
once 0 710 4 7.252348899841309 5.26578426361084 2.525825023651123
more 0 711 4 3.2965166568756104 5.414163589477539 0
and 0 712 3 3.1683387756347656 5.668764591217041 0
the 0 713 3 4.188512325286865 7.115212440490723 0
low 0 714 3 5.4911651611328125 7.553582668304443 0
became 0 715 6 4.148129463195801 6.6908721923828125 0.8627104759216309
completely 0 716 10 9.379842758178711 6.603206634521484 0.08766555786132812
exposed 0 717 7 4.414698123931885 6.685567378997803 0
by 0 718 2 5.003714084625244 3.34485125541687 3.3407161235809326
the 0 719 3 1.2642003297805786 4.9290056228637695 0
late 0 720 4 9.222563743591309 6.747372150421143 0
morning 0 721 7 7.403104782104492 5.450475692749023 1.2968964576721191
hours 0 722 5 5.354977130889893 4.556575775146484 0.8938999176025391
and 0 723 3 3.839299440383911 3.643521547317505 0.9130542278289795
<unk> 0 724 5 4.240818500518799 7.483519554138184 0
weakened 0 725 8 6.65927267074585 7.052428722381592 0.4310908317565918
again 0 726 5 8.086542129516602 4.397447109222412 2.6549816131591797
. 0 727 1 0.8237913846969604 3.0446364879608154 1.3528106212615967
<eos> 0 728 5 0.09466470777988434 0.3572201430797577 2.6874163448810577
<unk> 0 729 5 2.692638874053955 6.063718318939209 0
the 0 730 3 9.734997749328613 7.4229416847229 0
afternoon 0 731 9 12.833235740661621 8.709068298339844 0
, 0 732 1 3.3702173233032227 7.229126930236816 1.4799413681030273
the 0 733 3 4.446493148803711 7.859148979187012 0
center 0 734 6 11.089569091796875 9.457746505737305 0
of 0 735 2 0.8812721371650696 4.537989616394043 4.919756889343262
<unk> 0 736 5 3.1497769355773926 4.230949878692627 0.307039737701416
was 0 737 3 3.9776532649993896 6.879095554351807 0
only 0 738 4 9.705754280090332 8.811127662658691 0
a 0 739 1 3.6171226501464844 8.100433349609375 0.7106943130493164
swirl 0 740 5 13.490910530090332 7.46116828918457 0.6392650604248047
of 0 741 2 0.44526445865631104 2.7140679359436035 4.747100353240967
clouds 0 742 6 3.458630323410034 8.574074745178223 0
, 0 743 1 2.3960154056549072 5.563778400421143 3.01029634475708
devoid 0 744 6 11.883581161499023 5.269063949584961 0.29471445083618164
of 0 745 2 0.014132876880466938 0.1369657665491104 5.1320981830358505
convection 0 746 10 2.9119455814361572 6.916190147399902 0
. 0 747 1 1.3291836977005005 3.8469953536987305 3.069194793701172
<eos> 0 748 5 0.07908449321985245 0.3147302269935608 3.5322651267051697
<unk> 0 749 5 2.6969425678253174 6.051367282867432 0
the 0 750 3 9.712329864501953 7.4242706298828125 0
overnight 0 751 9 18.0841064453125 8.710094451904297 0
hours 0 752 5 8.446885108947754 10.237107276916504 0
on 0 753 2 6.287930488586426 5.169118404388428 5.067988872528076
<unk> 0 754 5 1.0972919464111328 3.055752754211426 2.113365650177002
<unk> 0 755 5 0.6543706655502319 2.9459478855133057 0.10980486869812012
into 0 756 4 11.81480884552002 3.675316095352173 0
the 0 757 3 1.5366870164871216 3.9784867763519287 0
morning 0 758 7 5.713007926940918 7.986590385437012 0
of 0 759 2 1.671897053718567 4.011171817779541 3.9754185676574707
<unk> 0 760 5 0.13260813057422638 0.7641676068305969 3.247004210948944
<unk> 0 761 5 0.12397880852222443 0.6624225378036499 0.10174506902694702
, 0 762 1 0.7448527216911316 2.685689926147461 0
convection 0 763 10 13.541280746459961 5.735926628112793 0
associated 0 764 10 6.302988052368164 6.751100540161133 0
with 0 765 4 0.03264928609132767 0.2709301710128784 6.480170369148254
<unk> 0 766 5 3.092015504837036 2.85782790184021 0
began 0 767 5 5.924305438995361 6.479952335357666 0
to 0 768 2 0.738144040107727 3.1468710899353027 3.3330812454223633
redevelop 0 769 9 8.049196243286133 6.217374324798584 0
somewhat 0 770 8 12.69871711730957 4.303040027618408 1.9143342971801758
, 0 771 1 2.853808641433716 5.559957981109619 0
mostly 0 772 6 11.346844673156738 4.732040882110596 0.8279170989990234
to 0 773 2 5.108052730560303 6.664547920227051 0
the 0 774 3 1.836260199546814 6.4683308601379395 0.19621706008911133
north 0 775 5 2.090285539627075 3.2658474445343018 3.2024834156036377
of 0 776 2 1.0282829999923706 2.82676100730896 0.4390864372253418
the 0 777 3 0.96932452917099 2.3427979946136475 0.4839630126953125
circulation 0 778 11 5.4243574142456055 5.562000274658203 0
, 0 779 1 4.016270637512207 2.810070753097534 2.751929521560669
due 0 780 3 7.396145343780518 5.428277015686035 0
to 0 781 2 0.019958171993494034 0.18169838190078735 5.246578633785248
the 0 782 3 1.8453545570373535 4.758033275604248 0
strong 0 783 6 5.950894355773926 7.486804962158203 0
southerly 0 784 9 6.972782135009766 4.4923858642578125 2.9944190979003906
wind 0 785 4 1.4369797706604004 4.2303056716918945 0.26208019256591797
shear 0 786 5 0.1576792150735855 1.0411046743392944 3.1892009973526
. 0 787 1 1.087059736251831 3.7672359943389893 0
<eos> 0 788 5 0.09578476846218109 0.36021092534065247 3.407025068998337
<unk> 0 789 5 2.6733713150024414 6.051383018493652 0
mid 0 790 3 18.05916404724121 7.437988758087158 0
<unk> 0 791 5 0.040166955441236496 0.46291235089302063 6.975076407194138
morning 0 792 7 9.377575874328613 7.08160924911499 0
, 0 793 1 3.1200335025787354 8.685077667236328 0
<unk> 0 794 5 2.2872743606567383 7.5331711769104 1.1519064903259277
re 0 795 2 11.998673439025879 8.056754112243652 0
<unk> 0 796 5 0.01627356745302677 0.1881861686706543 7.868567943572998
intensified 0 797 11 5.109786033630371 7.88162088394165 0
slightly 0 798 8 7.764991760253906 4.416742324829102 3.464878559112549
due 0 799 3 5.226089000701904 5.382279396057129 0
to 0 800 2 0.03685105964541435 0.3000086843967438 5.082270711660385
the 0 801 3 2.757598638534546 5.8652191162109375 0
redevelopment 0 802 13 14.771031379699707 7.014933109283447 0
of 0 803 2 0.6682998538017273 2.580310344696045 4.434622764587402
some 0 804 4 9.754950523376465 3.169691801071167 0
convection 0 805 10 9.130288124084473 5.605099678039551 0
. 0 806 1 1.9991923570632935 4.600552558898926 1.004547119140625
<eos> 0 807 5 0.07350680232048035 0.2986011505126953 4.3019514083862305
<unk> 0 808 5 2.6937243938446045 6.060956954956055 0
, 0 809 1 4.517448902130127 7.416368007659912 0
the 0 810 3 4.129942893981934 5.892801284790039 1.523566722869873
redevelopment 0 811 13 18.438339233398438 8.871305465698242 0
was 0 812 3 5.513254642486572 5.350621223449707 3.520684242248535
short 0 813 5 10.947620391845703 8.643436431884766 0
lived 0 814 5 5.112864017486572 4.296138286590576 4.3472981452941895
and 0 815 3 3.1697118282318115 4.099198818206787 0.19693946838378906
wind 0 816 4 15.559549331665039 7.871964931488037 0
shear 0 817 5 3.943650245666504 7.177597522735596 0.6943674087524414
again 0 818 5 11.342248916625977 6.570465564727783 0.6071319580078125
took 0 819 4 6.9636712074279785 6.801756858825684 0
its 0 820 3 6.8275322914123535 4.456232070922852 2.345524787902832
toll 0 821 4 0.8056960701942444 4.018128395080566 0.43810367584228516
on 0 822 2 1.6000688076019287 4.149137020111084 0
<unk> 0 823 5 2.0959277153015137 4.080230236053467 0.06890678405761719
by 0 824 2 8.186420440673828 4.2148919105529785 0
late 0 825 4 6.427938461303711 4.24023962020874 0
morning 0 826 7 5.825663089752197 2.786879062652588 1.4533605575561523
. 0 827 1 0.8612341284751892 2.7135848999023438 0.07329416275024414
<eos> 0 828 5 0.07289312034845352 0.2974500358104706 2.416134864091873
<unk> 0 829 5 2.6744801998138428 6.0706892013549805 0
convection 0 830 10 19.198408126831055 7.386692047119141 0
around 0 831 6 9.430654525756836 7.401012897491455 0
the 0 832 3 0.5458756685256958 2.004836082458496 5.396176815032959
system 0 833 6 4.113346099853516 4.835792541503906 0
became 0 834 6 4.7117109298706055 6.520197868347168 0
dislocated 0 835 10 9.89690113067627 6.3271660804748535 0.19303178787231445
from 0 836 4 3.915794610977173 4.6525187492370605 1.674647331237793
the 0 837 3 0.3772309124469757 1.8682239055633545 2.784294843673706
center 0 838 6 4.347806930541992 4.462006092071533 0
and 0 839 3 3.1376240253448486 3.9181721210479736 0.5438339710235596
<unk> 0 840 5 4.341502666473389 7.320988655090332 0
weakened 0 841 8 6.333170413970947 7.639397144317627 0
slightly 0 842 8 5.787331581115723 4.6419243812561035 2.9974727630615234
. 0 843 1 1.232075572013855 3.8077659606933594 0.8341584205627441
<eos> 0 844 5 0.0930054783821106 0.35104691982269287 3.4567190408706665
<unk> 0 845 5 2.714893341064453 6.068184852600098 0
weakening 0 846 9 20.07542610168457 7.413456439971924 0
trend 0 847 5 12.470536231994629 7.383231163024902 0.030225276947021484
continued 0 848 9 3.3839361667633057 6.383020401000977 1.0002107620239258
through 0 849 7 6.629680633544922 4.503327369689941 1.8796930313110352
the 0 850 3 0.570368766784668 2.4481096267700195 2.055217742919922
afternoon 0 851 9 4.1530303955078125 5.555392742156982 0
as 0 852 2 5.904478073120117 3.455415964126587 2.0999767780303955
the 0 853 3 2.2202932834625244 4.01572322845459 0
storm 0 854 5 2.1256918907165527 5.436516284942627 0
was 0 855 3 5.331261157989502 5.63646125793457 0
being 0 856 5 9.473857879638672 7.501963138580322 0
affected 0 857 8 10.096333503723145 6.685351371765137 0.8166117668151855
by 0 858 2 0.7110395431518555 2.6286814212799072 4.0566699504852295
strong 0 859 6 6.99114990234375 4.777895927429199 0
southerly 0 860 9 9.482194900512695 2.9327259063720703 1.845170021057129
shear 0 861 5 7.696782112121582 1.8091450929641724 1.123580813407898
. 0 862 1 1.1426060199737549 3.409839391708374 0
<eos> 0 863 5 0.0824195146560669 0.3242132365703583 3.0856261551380157
<unk> 0 864 5 2.6622252464294434 6.054530143737793 0
became 0 865 6 7.620861053466797 7.4255805015563965 0
almost 0 866 6 11.735795974731445 5.181410789489746 2.2441697120666504
fully 0 867 5 8.722949981689453 6.117232322692871 0
devoid 0 868 6 11.364457130432129 8.480792999267578 0
of 0 869 2 0.0025673070922493935 0.027559807524085045 8.453233191743493
any 0 870 3 6.621638774871826 9.019462585449219 0
convection 0 871 10 7.873306751251221 9.70143985748291 0
by 0 872 2 9.282977104187012 5.0572710037231445 4.644168853759766
mid 0 873 3 7.696815013885498 5.422422409057617 0
<unk> 0 874 5 0.01636454463005066 0.1517534703016281 5.270668938755989
afternoon 0 875 9 3.919785976409912 2.3764212131500244 0
and 0 876 3 3.190016746520996 3.2242543697357178 0
the 0 877 3 3.715500831604004 7.157172203063965 0
storm 0 878 5 3.786991834640503 6.790325164794922 0.36684703826904297
weakened 0 879 8 4.687523365020752 6.087896347045898 0.7024288177490234
to 0 880 2 1.7415376901626587 4.407287120819092 1.6806092262268066
<unk> 0 881 5 8.404610633850098 1.7463529109954834 2.6609342098236084
mph 0 882 3 0.6833875775337219 2.3292152881622314 0
( 0 883 1 0.036000847816467285 0.27191534638404846 2.057299941778183
<unk> 0 884 5 0.0005696660373359919 0.007544893305748701 0.26437045307829976
km 0 885 2 0.02206331305205822 0.13038501143455505 0
/ 0 886 1 9.080398012883961e-05 0.0010915048187598586 0.1292935066157952
h 0 887 1 4.402688500704244e-05 0.0005538497935049236 0.000537655025254935
) 0 888 1 0.0018739092629402876 0.015614970587193966 0
, 0 889 1 3.6995697021484375 4.013120651245117 0
barely 0 890 6 14.259678840637207 6.00968074798584 0
holding 0 891 7 11.617918968200684 7.53918981552124 0
on 0 892 2 5.156155586242676 5.613369941711426 1.9258198738098145
to 0 893 2 5.685534477233887 3.0966553688049316 2.516714572906494
tropical 0 894 8 6.391327857971191 4.410337924957275 0
storm 0 895 5 0.6276595592498779 1.5680118799209595 2.842326045036316
status 0 896 6 1.8144912719726562 2.4328083992004395 0
. 0 897 1 0.9634028077125549 3.1540632247924805 0
<eos> 0 898 5 0.06807760149240494 0.2824210822582245 2.871642142534256
<unk> 0 899 5 2.668412685394287 6.04716157913208 0
regained 0 900 8 12.202461242675781 7.384774208068848 0
a 0 901 1 5.02139949798584 4.191648006439209 3.1931262016296387
small 0 902 5 9.646952629089355 9.378220558166504 0
amount 0 903 6 5.2933220863342285 8.744321823120117 0.6338987350463867
of 0 904 2 0.05430803820490837 0.4312911331653595 8.313030689954758
convection 0 905 10 8.002669334411621 8.965195655822754 0
in 0 906 2 3.1318094730377197 5.044312477111816 3.9208831787109375
the 0 907 3 0.9243255853652954 2.95990252494812 2.0844099521636963
late 0 908 4 5.0766377449035645 6.636485576629639 0
night 0 909 5 10.215043067932129 4.801620006561279 1.8348655700683594
hours 0 910 5 7.835640907287598 3.706029176712036 1.0955908298492432
, 0 911 1 1.9885294437408447 4.196815013885498 0
but 0 912 3 3.8683714866638184 5.904022693634033 0
not 0 913 3 8.695440292358398 6.8077569007873535 0
enough 0 914 6 5.068229675292969 7.915131568908691 0
to 0 915 2 1.6534178256988525 6.1046977043151855 1.8104338645935059
still 0 916 5 12.39670181274414 8.226670265197754 0
be 0 917 2 2.4288394451141357 7.706894874572754 0.519775390625
classified 0 918 10 5.675804138183594 8.320761680603027 0
a 0 919 1 7.80884313583374 3.8012781143188477 4.51948356628418
tropical 0 920 8 1.383958101272583 6.061837196350098 0
storm 0 921 5 1.775829553604126 1.9462636709213257 4.115573525428772
. 0 922 1 0.5989508628845215 2.5881505012512207 0
<eos> 0 923 5 0.06800886243581772 0.2813502252101898 2.306800276041031
<unk> 0 924 5 2.667847156524658 6.043066024780273 0
to 0 925 2 10.846759796142578 7.388766288757324 0
the 0 926 3 2.6126708984375 6.195593357086182 1.1931729316711426
lack 0 927 4 14.862591743469238 8.067033767700195 0
of 0 928 2 0.011659104377031326 0.12901127338409424 7.938022494316101
convection 0 929 10 10.822431564331055 10.087509155273438 0
, 0 930 1 2.8701415061950684 6.957790851593018 3.12971830368042
<unk> 0 931 5 4.680734634399414 5.90978479385376 1.0480060577392578
was 0 932 3 5.358646392822266 8.114997863769531 0
downgraded 0 933 10 5.665156841278076 8.211484909057617 0
to 0 934 2 0.8649159073829651 2.9044346809387207 5.3070502281188965
a 0 935 1 0.5387101769447327 2.1608328819274902 0.7436017990112305
<unk> 0 936 5 10.102315902709961 2.0398478507995605 0.12098503112792969
<unk> 0 937 5 6.272824764251709 0.7888325452804565 1.251015305519104
at 0 938 2 13.154438018798828 0.6751500964164734 0.11368244886398315
<unk> 0 939 5 0.5339112281799316 2.336801052093506 0
( 0 940 1 12.404717445373535 1.6926071643829346 0.6441938877105713
<unk> 0 941 5 0.11179426312446594 0.9579864740371704 0.7346206903457642
) 0 942 1 3.095742702484131 1.8832513093948364 0
with 0 943 4 7.800755977630615 4.619815349578857 0
winds 0 944 5 2.1739776134490967 3.3247222900390625 1.295093059539795
of 0 945 2 0.10203944891691208 0.7818792462348938 2.5428430438041687
<unk> 0 946 5 0.06232650205492973 0.48234957456588745 0.29952967166900635
mph 0 947 3 0.43831634521484375 0.9467556476593018 0
( 0 948 1 0.0031260070390999317 0.03192898631095886 0.9148266613483429
<unk> 0 949 5 0.00034667536965571344 0.00469058845192194 0.027238397859036922
km 0 950 2 0.0037011306267231703 0.03056240826845169 0
/ 0 951 1 2.751696047198493e-05 0.00038776875589974225 0.03017463951255195
h 0 952 1 3.302028926555067e-05 0.0004238749679643661 0
) 0 953 1 0.002344453241676092 0.018517209216952324 0
. 0 954 1 1.12752103805542 2.9709231853485107 0
<eos> 0 955 5 0.0691809430718422 0.2838645279407501 2.6870586574077606
<unk> 0 956 5 2.679518699645996 6.053907871246338 0
there 0 957 5 14.067426681518555 7.379383563995361 0
was 0 958 3 1.9317532777786255 3.660634994506836 3.7187485694885254
no 0 959 2 3.0252325534820557 5.037770748138428 0
convection 0 960 10 11.956374168395996 9.882262229919434 0
around 0 961 6 7.723112106323242 6.397793292999268 3.484468936920166
the 0 962 3 0.43790075182914734 2.016183614730835 4.381609678268433
system 0 963 6 4.819903373718262 5.260705947875977 0
, 0 964 1 1.2675011157989502 3.8040711879730225 1.456634759902954
it 0 965 2 8.952255249023438 4.21063756942749 0
would 0 966 5 6.052066802978516 5.491265773773193 0
have 0 967 4 1.9325648546218872 5.6136064529418945 0
normally 0 968 8 15.688884735107422 6.085868835449219 0
been 0 969 4 3.2357311248779297 7.472912311553955 0
classified 0 970 10 5.261910915374756 7.618076324462891 0
a 0 971 1 7.7686638832092285 1.9772039651870728 5.640872359275818
remnant 0 972 7 7.232354640960693 4.215472221374512 0
low 0 973 3 0.24017030000686646 1.273084044456482 2.94238817691803
but 0 974 3 10.29642105102539 4.692470073699951 0
, 0 975 1 7.584869384765625 7.62000846862793 0
due 0 976 3 5.034240245819092 6.45857048034668 1.16143798828125
to 0 977 2 0.003712109290063381 0.04142353683710098 6.417146943509579
the 0 978 3 2.072740316390991 5.422895908355713 0
possibility 0 979 11 7.0028252601623535 7.464000225067139 0
of 0 980 2 0.1913190633058548 0.8162375688552856 6.647762656211853
the 0 981 3 3.6688013076782227 6.477176666259766 0
storm 0 982 5 2.5159411430358887 6.022952556610107 0.4542241096496582
regenerating 0 983 12 17.174055099487305 4.381292343139648 1.641660213470459
over 0 984 4 5.387484550476074 3.8960790634155273 0.4852132797241211
the 0 985 3 0.7644174695014954 2.7379491329193115 1.1581299304962158
next 0 986 4 6.120004177093506 5.92922306060791 0
several 0 987 7 4.514448165893555 3.920909881591797 2.0083131790161133
days 0 988 4 0.37076708674430847 1.440069317817688 2.480840563774109
, 0 989 1 0.3330574631690979 1.8221601247787476 0
it 0 990 2 1.6979048252105713 3.9046618938446045 0
was 0 991 3 1.9861409664154053 5.618069171905518 0
considered 0 992 10 6.098948001861572 7.446712493896484 0
a 0 993 1 1.642940640449524 5.070990085601807 2.3757224082946777
tropical 0 994 8 1.853447437286377 5.856790542602539 0
depression 0 995 10 1.0674041509628296 1.7634929418563843 4.093297600746155
. 0 996 1 1.3291891813278198 4.167837142944336 0
<eos> 0 997 5 0.07621457427740097 0.30566948652267456 3.8621676564216614
<unk> 0 998 5 2.6710610389709473 6.0513458251953125 0
next 0 999 4 12.319220542907715 7.38007116317749 0
morning 0 1000 7 12.903472900390625 8.093473434448242 0
, 0 1001 1 1.7377374172210693 6.388801574707031 1.704671859741211
<unk> 0 1002 5 2.4130680561065674 7.077528953552246 0
was 0 1003 3 4.3900017738342285 8.096663475036621 0
downgraded 0 1004 10 11.997303009033203 8.907735824584961 0
to 0 1005 2 0.49500739574432373 2.0575826168060303 6.850153207778931
a 0 1006 1 0.5359777212142944 2.821441650390625 0
remnant 0 1007 7 8.237357139587402 2.2653207778930664 0.5561208724975586
low 0 1008 3 0.36223119497299194 1.486537218093872 0.7787835597991943
as 0 1009 2 6.701211929321289 4.647802829742432 0
strong 0 1010 6 9.369053840637207 3.0404932498931885 1.6073095798492432
wind 0 1011 4 4.51898193359375 4.249451160430908 0
shear 0 1012 5 0.016152484342455864 0.1556994765996933 4.093751683831215
and 0 1013 3 3.6874401569366455 6.511001110076904 0
dry 0 1014 3 7.934385299682617 7.593376159667969 0
air 0 1015 3 1.1485167741775513 4.158159255981445 3.4352169036865234
caused 0 1016 6 4.291792869567871 6.933729648590088 0
the 0 1017 3 2.1050057411193848 5.6009697914123535 1.3327598571777344
demise 0 1018 6 14.378040313720703 5.589632987976074 0.011336803436279297
of 0 1019 2 0.007878129370510578 0.06921570003032684 5.520417287945747
the 0 1020 3 1.2517091035842896 3.717810869216919 0
storm 0 1021 5 3.5309853553771973 5.622975826263428 0
. 0 1022 1 1.067010521888733 3.309706449508667 2.3132693767547607
<eos> 0 1023 5 0.0768694058060646 0.3070276081562042 3.0026788413524628
<unk> 0 1024 5 2.670985460281372 6.0529375076293945 0
redevelopment 0 1025 13 22.44245147705078 7.384367942810059 0
was 0 1026 3 2.565778970718384 7.534121513366699 0
expected 0 1027 8 8.025932312011719 8.045086860656738 0
with 0 1028 4 8.56969165802002 1.3970942497253418 6.6479926109313965
<unk> 0 1029 5 2.7379281520843506 5.9941511154174805 0
as 0 1030 2 6.733640670776367 7.279775142669678 0
it 0 1031 2 5.918227195739746 5.564062595367432 1.715712547302246
began 0 1032 5 6.695745468139648 5.223626613616943 0.3404359817504883
to 0 1033 2 1.9793895483016968 5.59254789352417 0
move 0 1034 4 7.06953239440918 7.823653221130371 0
over 0 1035 4 5.6066412925720215 6.036102771759033 1.787550449371338
colder 0 1036 6 16.15453338623047 4.142709255218506 1.8933935165405273
waters 0 1037 6 1.6125092506408691 4.833524227142334 0
and 0 1038 3 2.4983465671539307 3.870696544647217 0.9628276824951172
remain 0 1039 6 10.271140098571777 8.29763412475586 0
under 0 1040 5 7.170369625091553 7.588891983032227 0.7087421417236328
strong 0 1041 6 8.323514938354492 6.150935649871826 1.4379563331604004
wind 0 1042 4 2.915140390396118 4.310250759124756 1.8406848907470703
shear 0 1043 5 0.04901643842458725 0.40549156069755554 3.9047591984272003
until 0 1044 5 6.114225387573242 3.624399185180664 0
it 0 1045 2 2.1606359481811523 4.453235149383545 0
dissipated 0 1046 10 4.36474084854126 6.296093463897705 0
. 0 1047 1 2.8179123401641846 4.204526901245117 2.091566562652588
<eos> 0 1048 5 0.08248010277748108 0.3246670365333557 3.8798598647117615
<unk> 0 1049 5 2.676896333694458 6.095372200012207 0
, 0 1050 1 4.450508117675781 7.38245153427124 0
the 0 1051 3 4.115174770355225 5.881999492645264 1.5004520416259766
remnant 0 1052 7 13.6347017288208 8.891610145568848 0
low 0 1053 3 2.7915384769439697 4.989558696746826 3.9020514488220215
associated 0 1054 10 9.267232894897461 5.872898101806641 0
with 0 1055 4 0.05347965657711029 0.4618653357028961 5.4110327661037445
<unk> 0 1056 5 2.6966824531555176 3.1604814529418945 0
began 0 1057 5 9.323869705200195 4.921496868133545 0
to 0 1058 2 2.165822982788086 5.643393039703369 0
show 0 1059 4 12.456830024719238 6.232814788818359 0
signs 0 1060 5 1.7001874446868896 5.816990375518799 0.41582441329956055
of 0 1061 2 0.18540553748607635 1.1014164686203003 4.7155739068984985
redevelopment 0 1062 13 12.28200626373291 7.842600345611572 0
during 0 1063 6 6.160151481628418 4.015819549560547 3.8267807960510254
the 0 1064 3 0.6499911546707153 3.054168462753296 0.961651086807251
afternoon 0 1065 9 6.2431640625 6.375909805297852 0
on 0 1066 2 7.189994812011719 3.237419366836548 3.1384904384613037
<unk> 0 1067 5 0.3147831857204437 1.3122737407684326 1.9251456260681152
<unk> 0 1068 5 0.09066100418567657 0.539448618888855 0.7728251218795776
. 0 1069 1 1.8695120811462402 2.722139835357666 0
<eos> 0 1070 5 0.06839402765035629 0.28293582797050476 2.4392040073871613
<unk> 0 1071 5 2.6667656898498535 6.054318428039551 0
around 0 1072 6 16.204309463500977 7.383216857910156 0
the 0 1073 3 1.1081352233886719 3.5563294887542725 3.826887369155884
system 0 1074 6 12.19577407836914 7.863804817199707 0
increased 0 1075 9 9.718415260314941 6.167159080505371 1.696645736694336
significantly 0 1076 13 7.570640563964844 6.160371780395508 0.006787300109863281
and 0 1077 3 3.580233097076416 4.66612434387207 1.4942474365234375
the 0 1078 3 3.897919178009033 7.420809745788574 0
low 0 1079 3 6.528017044067383 6.7948689460754395 0.6259407997131348
was 0 1080 3 3.4128305912017822 6.756213188171387 0.038655757904052734
no 0 1081 2 11.471274375915527 6.862629413604736 0
longer 0 1082 6 0.10227321833372116 0.8111276030540466 6.05150181055069
exposed 0 1083 7 8.133317947387695 8.17155933380127 0
. 0 1084 1 1.7699105739593506 3.2459306716918945 4.925628662109375
<eos> 0 1085 5 0.07036977261304855 0.28853774070739746 2.957392930984497
<unk> 0 1086 5 2.6949405670166016 6.044269561767578 0
<unk> 0 1087 5 2.4342164993286133 7.393705368041992 0
<unk> 0 1088 5 2.735811948776245 6.275467872619629 1.1182374954223633
, 0 1089 1 3.0918214321136475 6.504608631134033 0
wind 0 1090 4 16.57103157043457 5.724503993988037 0.7801046371459961
shear 0 1091 5 4.682827472686768 7.468140125274658 0
took 0 1092 4 10.012965202331543 6.287736415863037 1.180403709411621
over 0 1093 4 3.91983962059021 5.603375434875488 0.6843609809875488
the 0 1094 3 0.9193243384361267 4.325445175170898 1.2779302597045898
system 0 1095 6 3.7111380100250244 6.961813449859619 0
again 0 1096 5 9.833728790283203 4.67940092086792 2.282412528991699
. 0 1097 1 3.00292706489563 4.100566387176514 0.5788345336914062
<eos> 0 1098 5 0.08869637548923492 0.34092867374420166 3.759637713432312
<unk> 0 1099 5 2.690980911254883 6.066066741943359 0
around 0 1100 6 16.20186424255371 7.418585777282715 0
the 0 1101 3 1.114385724067688 3.546173572540283 3.8724122047424316
remnant 0 1102 7 16.75983428955078 7.870816230773926 0
low 0 1103 3 1.939848780632019 6.189736843109131 1.681079387664795
was 0 1104 3 4.7718706130981445 5.9818854331970215 0.20785140991210938
torn 0 1105 4 13.184115409851074 7.701172828674316 0
away 0 1106 4 6.538481712341309 2.5734035968780518 5.127769231796265
and 0 1107 3 4.056744575500488 3.7697737216949463 0
the 0 1108 3 2.9830679893493652 7.9229736328125 0
low 0 1109 3 6.664801120758057 7.063879013061523 0.8590946197509766
was 0 1110 3 3.857592821121216 6.850834846496582 0.2130441665649414
exposed 0 1111 7 7.394649982452393 7.474694728851318 0
once 0 1112 4 12.442317008972168 2.8889598846435547 4.585734844207764
more 0 1113 4 3.496994733810425 5.310892581939697 0
. 0 1114 1 1.7096216678619385 5.349637031555176 0
<eos> 0 1115 5 0.08182521164417267 0.32168716192245483 5.027949869632721
<unk> 0 1116 5 2.6884989738464355 6.047417640686035 0
<unk> 0 1117 5 2.427473306655884 7.399409294128418 0
<unk> 0 1118 5 2.72880482673645 6.2841715812683105 1.1152377128601074
<unk> 0 1119 5 1.9711260795593262 6.508050441741943 0
did 0 1120 3 10.76733684539795 4.483842849731445 2.024207592010498
not 0 1121 3 0.7416167259216309 4.144660949707031 0.33918190002441406
state 0 1122 5 10.358092308044434 8.245203971862793 0
the 0 1123 3 1.7810454368591309 4.701943397521973 3.5432605743408203
chance 0 1124 6 10.372537612915039 10.064797401428223 0
of 0 1125 2 2.2644143104553223 2.7588562965393066 7.305941104888916
regeneration 0 1126 12 14.866122245788574 8.47545337677002 0
once 0 1127 4 11.891487121582031 4.3809685707092285 4.094484806060791
the 0 1128 3 2.315260648727417 5.757765769958496 0
low 0 1129 3 10.77512264251709 9.842239379882812 0
became 0 1130 6 6.842318534851074 7.556715488433838 2.2855238914489746
exposed 0 1131 7 8.329412460327148 7.0330328941345215 0.5236825942993164
. 0 1132 1 2.0388171672821045 3.5557990074157715 3.47723388671875
<eos> 0 1133 5 0.05877954140305519 0.25419101119041443 3.301607996225357
<unk> 0 1134 5 2.6713006496429443 6.032317161560059 0
, 0 1135 1 4.485264778137207 7.382865905761719 0
on 0 1136 2 7.179542064666748 5.899460315704346 1.483405590057373
<unk> 0 1137 5 2.4849538803100586 4.279611587524414 1.6198487281799316
<unk> 0 1138 5 0.8499190211296082 3.452728509902954 0.82688307762146
, 0 1139 1 0.8074530959129333 1.9479016065597534 1.5048269033432007
wind 0 1140 4 16.71615219116211 5.316721439361572 0
shear 0 1141 5 4.317281723022461 6.692781925201416 0
and 0 1142 3 2.6546967029571533 5.519340515136719 1.1734414100646973
dry 0 1143 3 8.590224266052246 8.823715209960938 0
air 0 1144 3 0.9063237905502319 3.575348377227783 5.248366832733154
led 0 1145 3 10.615628242492676 6.909664630889893 0
to 0 1146 2 0.4771265387535095 1.92124605178833 4.9884185791015625
the 0 1147 3 1.8120243549346924 5.329250335693359 0
remnants 0 1148 8 8.934131622314453 6.402169704437256 0
of 0 1149 2 0.07501194626092911 0.6302990317344666 5.771870672702789
<unk> 0 1150 5 1.7131273746490479 4.211873531341553 0
deteriorating 0 1151 13 10.837186813354492 6.029773235321045 0
into 0 1152 4 7.411442279815674 4.467918872833252 1.561854362487793
an 0 1153 2 4.235533714294434 3.46818208694458 0.9997367858886719
open 0 1154 4 6.189427375793457 2.2485525608062744 1.2196295261383057
wave 0 1155 4 7.053349494934082 5.46526575088501 0
. 0 1156 1 1.3577604293823242 4.0400848388671875 1.4251809120178223
<eos> 0 1157 5 0.07850656658411026 0.31295523047447205 3.7271296083927155
<unk> 0 1158 5 2.6816704273223877 6.065425872802734 0
, 0 1159 1 4.5063652992248535 7.403676986694336 0
on 0 1160 2 7.177310466766357 5.903870105743408 1.4998068809509277
<unk> 0 1161 5 2.461933135986328 4.260615825653076 1.643254280090332
<unk> 0 1162 5 0.83232581615448 3.397068500518799 0.8635473251342773
, 0 1163 1 0.8083762526512146 1.9323413372039795 1.4647271633148193
the 0 1164 3 5.076040267944336 5.302929401397705 0
remnants 0 1165 8 10.365797996520996 8.394630432128906 0
of 0 1166 2 0.14550836384296417 1.11074960231781 7.283880829811096
<unk> 0 1167 5 1.1789271831512451 2.5793004035949707 0
redeveloped 0 1168 11 13.831842422485352 5.903675079345703 0
and 0 1169 3 4.443183898925781 5.293885231018066 0.6097898483276367
global 0 1170 6 21.467899322509766 7.616584777832031 0
models 0 1171 6 9.168722152709961 8.35632038116455 0
picked 0 1172 6 11.935032844543457 6.076900959014893 2.279419422149658
up 0 1173 2 0.14964137971401215 1.0214109420776367 5.055490016937256
on 0 1174 2 7.082367897033691 6.585283279418945 0
the 0 1175 3 1.8876967430114746 5.124176979064941 1.461106300354004
reformed 0 1176 8 17.224576950073242 7.684663772583008 0
system 0 1177 6 6.683244228363037 7.6422953605651855 0.042368412017822266
. 0 1178 1 1.6196446418762207 4.18082332611084 3.4614720344543457
<eos> 0 1179 5 0.0646546259522438 0.272045373916626 3.908777952194214
<unk> 0 1180 5 2.6618402004241943 6.044893741607666 0
more 0 1181 4 14.539942741394043 7.397202014923096 0
, 0 1182 1 5.098025321960449 9.225281715393066 0
the 0 1183 3 3.7714145183563232 7.458033084869385 1.7672486305236816
chance 0 1184 6 14.128525733947754 9.390608787536621 0
of 0 1185 2 2.0103602409362793 3.2462282180786133 6.144380569458008
regeneration 0 1186 12 13.66335391998291 8.625954627990723 0
was 0 1187 3 4.350184440612793 5.715662002563477 2.910292625427246
possible 0 1188 8 8.82431697845459 8.609128952026367 0
as 0 1189 2 5.679638862609863 4.375437259674072 4.233691692352295
the 0 1190 3 2.2538435459136963 5.669911861419678 0
remnants 0 1191 8 12.258526802062988 10.406516075134277 0
of 0 1192 2 0.42975571751594543 2.5386781692504883 7.867837905883789
<unk> 0 1193 5 1.632856845855713 3.153156042098999 0
headed 0 1194 6 12.560223579406738 6.915811061859131 0
towards 0 1195 7 5.194813251495361 5.595200538635254 1.320610523223877
the 0 1196 3 0.880867600440979 2.699169158935547 2.896031379699707
<unk> 0 1197 5 2.611903190612793 5.283596515655518 0
. 0 1198 1 3.7369956970214844 6.1429243087768555 0
<eos> 0 1199 5 0.07139623910188675 0.29235517978668213 5.850569128990173
<unk> 0 1200 5 2.670715808868408 6.051063537597656 0
, 0 1201 1 4.499905586242676 7.392665386199951 0
on 0 1202 2 7.175918102264404 5.893101215362549 1.4995641708374023
<unk> 0 1203 5 2.4808125495910645 4.278092861175537 1.6150083541870117
<unk> 0 1204 5 0.8475318551063538 3.4476563930511475 0.8304364681243896
, 0 1205 1 0.8112462759017944 1.9492913484573364 1.498365044593811
dry 0 1206 3 17.909557342529297 5.299971580505371 0
air 0 1207 3 4.289287090301514 7.455217361450195 0
and 0 1208 3 3.0766072273254395 5.906275749206543 1.5489416122436523
wind 0 1209 4 7.090048313140869 8.9368896484375 0
shear 0 1210 5 0.7061551809310913 2.415034294128418 6.521855354309082
caused 0 1211 6 6.106276988983154 6.214690208435059 0
the 0 1212 3 2.008173942565918 5.3722639083862305 0.8424263000488281
remnants 0 1213 8 7.904087543487549 5.277551651000977 0.0947122573852539
to 0 1214 2 3.5648534297943115 0.7608071565628052 4.516744494438171
dissipate 0 1215 9 4.663449764251709 6.461481094360352 0
entirely 0 1216 8 12.206183433532715 4.829831600189209 1.6316494941711426
. 0 1217 1 1.9975799322128296 4.6432647705078125 0.18656682968139648
<eos> 0 1218 5 0.09361904859542847 0.35353413224220276 4.28973063826561
= 0 1219 1 3.8301141262054443 6.061208724975586 0
= 0 1220 1 0.09457660466432571 0.6625175476074219 5.398691177368164
<unk> 0 1221 5 5.651066303253174 5.589272499084473 0
= 0 1222 1 1.921630859375 6.872135162353516 0
= 0 1223 1 0.0012961666798219085 0.015733206644654274 6.856401955708861
<eos> 0 1224 5 20.1362361907959 4.892999172210693 0
<unk> 0 1225 5 1.4412282705307007 6.054896354675293 0
<unk> 0 1226 5 2.479205369949341 6.642187118530273 0
passed 0 1227 6 12.42752456665039 5.8852081298828125 0.7569789886474609
to 0 1228 2 3.890577793121338 5.31434440612793 0.5708637237548828
the 0 1229 3 1.4909286499023438 4.241255760192871 1.0730886459350586
south 0 1230 5 6.518266201019287 7.042989253997803 0
of 0 1231 2 2.461121082305908 3.5386533737182617 3.504335880279541
the 0 1232 3 1.7175989151000977 2.4824817180633545 1.0561716556549072
<unk> 0 1233 5 1.401327133178711 6.600086688995361 0
<unk> 0 1234 5 3.041520118713379 6.9332756996154785 0
islands 0 1235 7 8.109001159667969 6.793871879577637 0.1394038200378418
on 0 1236 2 3.3574838638305664 4.155609130859375 2.6382627487182617
<unk> 0 1237 5 0.17708705365657806 0.8474216461181641 3.308187484741211
<unk> 0 1238 5 0.09575434774160385 0.46938297152519226 0.3780386745929718
, 0 1239 1 1.5427367687225342 2.8324766159057617 0
outer 0 1240 5 17.89669418334961 5.264200687408447 0
rain 0 1241 4 12.042330741882324 3.0883915424346924 2.175809144973755
bands 0 1242 5 14.15197467803955 3.682562828063965 0
produced 0 1243 8 10.172262191772461 4.029124736785889 0
minor 0 1244 5 9.472416877746582 5.938233375549316 0
rainfall 0 1245 8 2.9257330894470215 6.744645118713379 0
, 0 1246 1 2.6931796073913574 4.225182056427002 2.519463062286377
totaling 0 1247 8 7.577939510345459 5.642940044403076 0
around 0 1248 6 5.983391761779785 4.027976989746094 1.6149630546569824
<unk> 0 1249 5 0.13610011339187622 0.7724992036819458 3.255477786064148
<unk> 0 1250 5 1.0877944231033325 2.5243265628814697 0
<eos> 0 1251 5 0.2650734484195709 1.0089776515960693 1.5153489112854004
@ 0 1252 1 0.0 2.3733409761916846e-05 1.0089539181863074
<unk> 0 1253 5 0.0001871049898909405 0.002684385981410742 0
inches 0 1254 6 1.124535322189331 1.7307720184326172 0
( 0 1255 1 0.00216295151039958 0.020503396168351173 1.710268622264266
<unk> 0 1256 5 0.0007181927212513983 0.008937542326748371 0.011565853841602802
mm 0 1257 2 0.05623698607087135 0.2855251133441925 0
) 0 1258 1 0.002187679521739483 0.021591532975435257 0.26393358036875725
. 0 1259 1 2.093898296356201 2.9947783946990967 0
<eos> 0 1260 5 0.0445311963558197 0.2055555284023285 2.789222866296768
<unk> 0 1261 5 2.631711483001709 6.064882278442383 0
were 0 1262 4 8.183720588684082 7.368047714233398 0
no 0 1263 2 9.794936180114746 8.958755493164062 0
reports 0 1264 7 14.077070236206055 3.232616901397705 5.726138591766357
of 0 1265 2 0.4998944103717804 2.341871500015259 0.8907454013824463
damage 0 1266 6 7.108460903167725 7.764316558837891 0
or 0 1267 2 4.872580528259277 4.528448581695557 3.235867977142334
flooding 0 1268 8 7.392530918121338 7.780731201171875 0
from 0 1269 4 5.691357135772705 4.412261486053467 3.368469715118408
the 0 1270 3 1.3594306707382202 4.604006767272949 0
rain 0 1271 4 10.55798625946045 6.27750825881958 0
and 0 1272 3 3.43031644821167 4.268569469451904 2.008938789367676
overall 0 1273 7 12.724123001098633 8.153853416442871 0
effects 0 1274 7 9.615314483642578 7.241493225097656 0.9123601913452148
were 0 1275 4 3.168334484100342 5.18751335144043 2.0539798736572266
minor 0 1276 5 8.186902046203613 8.773857116699219 0
. 0 1277 1 1.2551045417785645 3.688030958175659 5.08582615852356
<eos> 0 1278 5 0.056506577879190445 0.2467426210641861 3.441288337111473
<unk> 0 1279 5 2.65386700630188 6.034295558929443 0
days 0 1280 4 14.07898998260498 7.386441707611084 0
after 0 1281 5 2.8293333053588867 4.127273082733154 3.2591686248779297
the 0 1282 3 1.4820142984390259 4.980858325958252 0
low 0 1283 3 13.020222663879395 8.304945945739746 0
dissipated 0 1284 10 7.096312522888184 5.92311954498291 2.381826400756836
, 0 1285 1 0.8032470345497131 3.076498508453369 2.846621036529541
the 0 1286 3 1.4912835359573364 4.1957621574401855 0
remnant 0 1287 7 9.098150253295898 5.382906436920166 0
moisture 0 1288 8 5.161174297332764 1.4387520551681519 3.944154381752014
from 0 1289 4 5.44179105758667 7.552248477935791 0
<unk> 0 1290 5 2.369978904724121 2.7997076511383057 4.752540826797485
brought 0 1291 7 6.529991626739502 6.5378642082214355 0
showers 0 1292 7 7.397271156311035 6.036008358001709 0.5018558502197266
and 0 1293 3 1.5866955518722534 3.9835171699523926 2.0524911880493164
thunderstorms 0 1294 13 0.7146856188774109 3.693669080734253 0.28984808921813965
to 0 1295 2 1.4376263618469238 4.397148609161377 0
<unk> 0 1296 5 2.834439277648926 3.2870712280273438 1.1100773811340332
<unk> 0 1297 5 3.0618855953216553 4.614930629730225 0
where 0 1298 5 9.317403793334961 4.192989349365234 0.42194128036499023
up 0 1299 2 10.562933921813965 4.269275665283203 0
to 0 1300 2 0.06035900488495827 0.4938233196735382 3.775452345609665
<unk> 0 1301 5 0.13870880007743835 0.9146683216094971 0
in 0 1302 2 8.494823455810547 3.5619609355926514 0
( 0 1303 1 0.12750934064388275 0.8254839777946472 2.736476957798004
<unk> 0 1304 5 0.009229273535311222 0.10291840881109238 0.7225655689835548
<unk> 0 1305 5 3.1940479278564453 1.0483053922653198 0
<eos> 0 1306 5 0.3393479585647583 1.0888882875442505 0
@ 0 1307 1 0.0 9.287033208238427e-06 1.0888790005110422
<unk> 0 1308 5 4.1275245166616514e-05 0.0006697169737890363 0
mm 0 1309 2 0.4900212585926056 1.4741731882095337 0
) 0 1310 1 0.015318741090595722 0.12661515176296234 1.3475580364465714
of 0 1311 2 0.4714168608188629 2.3005802631378174 0
rain 0 1312 4 0.3972165882587433 1.2842910289764404 1.016289234161377
fell 0 1313 4 0.6223735809326172 2.670802116394043 0
. 0 1314 1 1.5009572505950928 3.8811559677124023 0
<eos> 0 1315 5 0.04594825580716133 0.21115396916866302 3.6700019985437393
<unk> 0 1316 5 2.6345622539520264 6.0249104499816895 0
heavy 0 1317 5 15.498419761657715 7.372263431549072 0
rains 0 1318 5 4.467282295227051 8.312932014465332 0
led 0 1319 3 6.712024688720703 5.978068828582764 2.3348631858825684
to 0 1320 2 0.2649303376674652 1.5726866722106934 4.40538215637207
minor 0 1321 5 7.486342906951904 5.24592924118042 0
street 0 1322 6 12.985611915588379 3.4350485801696777 1.8108806610107422
flooding 0 1323 8 0.8694314956665039 3.376314163208008 0.05873441696166992
and 0 1324 3 2.521829843521118 4.276083946228027 0
some 0 1325 4 6.9595489501953125 7.311354160308838 0
urban 0 1326 5 12.358613014221191 7.491985321044922 0
flooding 0 1327 8 2.4489669799804688 5.564350128173828 1.9276351928710938
. 0 1328 1 2.1144840717315674 5.283195972442627 0.28115415573120117
<eos> 0 1329 5 0.045587871223688126 0.21007779240608215 5.073118180036545
<unk> 0 1330 5 2.6590471267700195 6.033404350280762 0
known 0 1331 5 14.95241928100586 7.362061500549316 0
damage 0 1332 6 15.763017654418945 5.053414344787598 2.3086471557617188
was 0 1333 3 2.66794753074646 5.417971611022949 0
caused 0 1334 6 4.486391544342041 7.7863383293151855 0
by 0 1335 2 0.18762889504432678 1.142830491065979 6.6435078382492065
the 0 1336 3 1.6316131353378296 5.775113582611084 0
flood 0 1337 5 9.255340576171875 8.163840293884277 0
. 0 1338 1 4.119276523590088 6.391432285308838 1.7724080085754395
<eos> 0 1339 5 0.0648031085729599 0.2729681432247162 6.118464142084122
=========================================================================================
| End of testing | test loss  3.29 | test ppl    26.95
=========================================================================================
