word sentid sentpos wlen surp entropy entred
= 0 0 1 4.3515520095825195 6.399804592132568 0
<unk> 0 1 5 4.603203773498535 0.6271913051605225 5.772613286972046
<unk> 0 2 5 1.0968655347824097 5.481142997741699 0
b 0 3 1 12.512657165527344 3.4270660877227783 2.054076910018921
= 0 4 1 1.126274585723877 2.502140760421753 0.9249253273010254
<eos> 0 5 5 15.366816520690918 2.006840467453003 0.49530029296875
= 0 6 1 10.093072891235352 3.013413429260254 0
<unk> 0 7 5 1.5743086338043213 2.3375778198242188 0.6758356094360352
<unk> 0 8 5 0.3879515528678894 2.6058921813964844 0
b 0 9 1 9.407232284545898 3.0456483364105225 0
= 0 10 1 1.1215471029281616 2.2115111351013184 0.8341372013092041
<eos> 0 11 5 16.19464683532715 2.232909679412842 0
<unk> 0 12 5 1.0169428586959839 3.9690744876861572 0
<unk> 0 13 5 0.2708244025707245 1.837087631225586 2.1319868564605713
b 0 14 1 7.822120666503906 2.9489176273345947 0
( 0 15 1 2.713564395904541 3.0434153079986572 0
abbreviated 0 16 11 6.539896011352539 2.5802695751190186 0.46314573287963867
<unk> 0 17 5 0.7946383953094482 3.0833652019500732 0
<unk> 0 18 5 1.1975523233413696 3.2842342853546143 0
b 0 19 1 8.00704574584961 3.0173070430755615 0.26692724227905273
, 0 20 1 3.1772844791412354 2.699397563934326 0.31790947914123535
<unk> 0 21 5 0.6219058036804199 3.2251317501068115 0
<unk> 0 22 5 1.0939141511917114 3.0192489624023438 0.20588278770446777
b 0 23 1 8.98306655883789 2.3910629749298096 0.6281859874725342
) 0 24 1 1.851672649383545 2.634200096130371 0
, 0 25 1 2.911660671234131 2.1457180976867676 0.4884819984436035
occasionally 0 26 12 15.336380958557129 3.162813901901245 0
designated 0 27 10 9.477617263793945 4.318774223327637 0
<unk> 0 28 5 2.3178858757019043 4.1805267333984375 0.13824748992919922
<unk> 0 29 5 0.924694299697876 4.142034530639648 0.03849220275878906
<unk> 0 30 5 1.1580884456634521 3.2447657585144043 0.8972687721252441
( 0 31 1 2.9612438678741455 3.1247785091400146 0.11998724937438965
to 0 32 2 13.375982284545898 3.2612147331237793 0
distinguish 0 33 11 10.366945266723633 4.070742130279541 0
it 0 34 2 5.99850606918335 4.787247657775879 0
from 0 35 4 0.7989048361778259 2.4476962089538574 2.3395514488220215
the 0 36 3 1.3134397268295288 4.2040863037109375 0
red 0 37 3 9.22370719909668 5.31825065612793 0
dwarf 0 38 5 4.954593181610107 5.857316970825195 0
<unk> 0 39 5 1.4877296686172485 4.711417198181152 1.145899772644043
<unk> 0 40 5 3.461019992828369 2.632417678833008 2.0789995193481445
<unk> 0 41 5 2.482961654663086 2.882251501083374 0
) 0 42 1 0.7821522951126099 2.7791879177093506 0.10306358337402344
, 0 43 1 1.0217777490615845 2.669178009033203 0.11000990867614746
also 0 44 4 7.813807487487793 1.457586646080017 1.211591362953186
named 0 45 5 9.81050968170166 6.79289436340332 0
<unk> 0 46 5 1.922278881072998 5.3638014793396 1.4290928840637207
, 0 47 1 4.3837127685546875 4.114851951599121 1.2489495277404785
is 0 48 2 4.378100395202637 6.083309650421143 0
an 0 49 2 3.255634307861328 3.220721483230591 2.8625881671905518
<unk> 0 50 5 1.5283533334732056 6.281549453735352 0
planet 0 51 6 7.119612693786621 6.80306339263916 0
approximately 0 52 13 11.539813995361328 5.292328357696533 1.510735034942627
<unk> 0 53 5 0.21809609234333038 1.4011683464050293 3.891160011291504
light 0 54 5 4.5366902351379395 3.4340054988861084 0
<unk> 0 55 5 0.43110695481300354 1.8235512971878052 1.6104542016983032
years 0 56 5 0.012572710402309895 0.10182631015777588 1.7217249870300293
away 0 57 4 2.90905499458313 2.891411781311035 0
from 0 58 4 0.5984721183776855 1.7576144933700562 1.133797287940979
the 0 59 3 2.0284736156463623 2.3063440322875977 0
<unk> 0 60 5 2.4135329723358154 5.566690921783447 0
in 0 61 2 7.7382988929748535 6.465793132781982 0
the 0 62 3 1.6436092853546143 2.9324936866760254 3.533299446105957
constellation 0 63 13 2.7541756629943848 5.013845920562744 0
of 0 64 2 1.190926194190979 2.125018835067749 2.888827085494995
<unk> 0 65 5 0.1475142538547516 1.0032120943069458 1.1218067407608032
. 0 66 1 1.0659842491149902 2.99417781829834 0
<eos> 0 67 5 0.06461597979068756 0.2725185751914978 2.721659243106842
<unk> 0 68 5 2.6550228595733643 6.042376518249512 0
planet 0 69 6 18.06218147277832 7.367949962615967 0
orbits 0 70 6 9.767212867736816 6.504670143127441 0.8632798194885254
the 0 71 3 2.780036211013794 6.572513103485107 0
<unk> 0 72 5 3.105910539627075 7.433984279632568 0
twin 0 73 4 15.219259262084961 7.815838813781738 0
star 0 74 4 3.0345306396484375 4.942070960998535 2.873767852783203
, 0 75 1 2.769253730773926 6.017414093017578 0
<unk> 0 76 5 2.879629135131836 5.990975856781006 0.026438236236572266
<unk> 0 77 5 1.3103055953979492 4.824458599090576 1.1665172576904297
<unk> 0 78 5 2.33781099319458 4.074281692504883 0.7501769065856934
, 0 79 1 1.651732325553894 4.69877290725708 0
approximately 0 80 13 9.927839279174805 5.682101249694824 0
every 0 81 5 9.807171821594238 1.36701238155365 4.315088868141174
five 0 82 4 8.416886329650879 5.437345504760742 0
days 0 83 4 2.989198684692383 2.5639381408691406 2.8734073638916016
. 0 84 1 2.3153817653656006 5.725159645080566 0
<eos> 0 85 5 0.05961611121892929 0.2569189965724945 5.468240648508072
<unk> 0 86 5 2.650402545928955 6.0025954246521 0
in 0 87 2 9.206375122070312 7.351813793182373 0
<unk> 0 88 5 1.4613683223724365 4.679490566253662 2.672323226928711
<unk> 0 89 5 2.6899173259735107 7.173650741577148 0
by 0 90 2 9.550890922546387 6.607100009918213 0.5665507316589355
<unk> 0 91 5 0.9045557975769043 4.312989711761475 2.2941102981567383
<unk> 0 92 5 0.8163809776306152 4.796757221221924 0
and 0 93 3 3.8971269130706787 4.951832294464111 0
<unk> 0 94 5 0.43120184540748596 2.9434947967529297 2.0083374977111816
<unk> 0 95 5 0.2259618490934372 1.7846720218658447 1.158822774887085
<unk> 0 96 5 2.815333843231201 4.969938278198242 0
, 0 97 1 2.0845508575439453 5.634346961975098 0
it 0 98 2 8.706287384033203 6.284458160400391 0
was 0 99 3 1.2798094749450684 4.8174333572387695 1.467024803161621
one 0 100 3 6.4430341720581055 7.9040045738220215 0
of 0 101 2 0.03262726217508316 0.30847692489624023 7.595527648925781
the 0 102 3 0.7772845029830933 2.869037389755249 0
first 0 103 5 2.9133474826812744 6.165925979614258 0
hot 0 104 3 13.731704711914062 8.36839771270752 0
<unk> 0 105 5 1.0127687454223633 5.833285331726074 2.5351123809814453
to 0 106 2 2.635284662246704 6.844854354858398 0
be 0 107 2 1.8382538557052612 6.090196132659912 0.7546582221984863
discovered 0 108 10 6.319605827331543 7.738242149353027 0
. 0 109 1 3.5793497562408447 4.289428234100342 3.4488139152526855
<eos> 0 110 5 0.06148722022771835 0.2601524591445923 4.0292757749557495
<unk> 0 111 5 2.6641294956207275 6.04605770111084 0
is 0 112 2 5.325159549713135 7.39921236038208 0
also 0 113 4 4.015976428985596 7.969017505645752 0
one 0 114 3 5.682476043701172 7.333406448364258 0.6356110572814941
of 0 115 2 0.01587473787367344 0.17477348446846008 7.158632963895798
the 0 116 3 0.6258103847503662 2.5915608406066895 0
first 0 117 5 4.265615463256836 6.1034345626831055 0
non 0 118 3 8.426721572875977 8.286348342895508 0
<unk> 0 119 5 0.01007405761629343 0.13047723472118378 8.155871108174324
resolved 0 120 8 23.237625122070312 7.106160640716553 0
planets 0 121 7 8.88323974609375 8.532062530517578 0
to 0 122 2 3.961740016937256 4.759871482849121 3.772191047668457
be 0 123 2 2.9613237380981445 7.059231758117676 0
detected 0 124 8 4.844576358795166 7.744038105010986 0
directly 0 125 8 9.759307861328125 4.4534592628479 3.290578842163086
. 0 126 1 3.4072651863098145 4.673405647277832 0
<eos> 0 127 5 0.05781097337603569 0.2506254315376282 4.422780215740204
<unk> 0 128 5 2.6469271183013916 6.021599769592285 0
<unk> 0 129 5 2.4130859375 7.382171630859375 0
b 0 130 1 12.199019432067871 6.25955057144165 1.1226210594177246
is 0 131 2 4.106424331665039 6.092132568359375 0.1674180030822754
the 0 132 3 3.0016119480133057 6.833843231201172 0
innermost 0 133 9 10.97243881225586 7.980559825897217 0
known 0 134 5 9.266256332397461 8.026473999023438 0
planet 0 135 6 5.75465202331543 8.293725967407227 0
in 0 136 2 2.6862287521362305 4.682623863220215 3.6111021041870117
its 0 137 3 5.228880405426025 3.336733102798462 1.345890760421753
planetary 0 138 9 8.638028144836426 7.046907901763916 0
system 0 139 6 0.9043837785720825 3.878551483154297 3.168356418609619
. 0 140 1 1.4607601165771484 3.039100170135498 0.8394513130187988
<eos> 0 141 5 0.07178688794374466 0.29383447766304016 2.745265692472458
<unk> 0 142 5 2.639995574951172 6.061774730682373 0
<unk> 0 143 5 2.425997018814087 7.403111457824707 0
<unk> 0 144 5 2.742570161819458 6.269474506378174 1.1336369514465332
the 0 145 3 7.779914379119873 6.519503116607666 0
<unk> 0 146 5 2.5051088333129883 9.937127113342285 0
<unk> 0 147 5 2.6687140464782715 8.803435325622559 1.1336917877197266
<unk> 0 148 5 1.9104920625686646 7.350971698760986 1.4524636268615723
launched 0 149 8 12.964988708496094 7.557999610900879 0
a 0 150 1 1.7064476013183594 4.998703479766846 2.559296131134033
process 0 151 7 10.310582160949707 9.104424476623535 0
for 0 152 3 5.450648784637451 4.265741348266602 4.838683128356934
giving 0 153 6 11.871326446533203 7.242400646209717 0
proper 0 154 6 11.100434303283691 5.956793785095215 1.285606861114502
names 0 155 5 8.519475936889648 9.541509628295898 0
to 0 156 2 1.1468366384506226 4.069207668304443 5.472301959991455
certain 0 157 7 9.215924263000488 6.436639308929443 0
<unk> 0 158 5 3.5164177417755127 9.674755096435547 0
and 0 159 3 3.829360246658325 8.310301780700684 1.3644533157348633
their 0 160 5 7.097656726837158 8.514730453491211 0
host 0 161 4 10.953869819641113 10.185787200927734 0
stars 0 162 5 4.993658065795898 8.675827026367188 1.5099601745605469
. 0 163 1 1.528319001197815 3.940748453140259 4.735078573226929
<eos> 0 164 5 0.06870497763156891 0.28396666049957275 3.656781792640686
<unk> 0 165 5 2.6493842601776123 6.048356056213379 0
process 0 166 7 17.29945945739746 7.392940998077393 0
involved 0 167 8 11.47453784942627 7.801322937011719 0
public 0 168 6 13.066250801086426 8.393455505371094 0
nomination 0 169 10 16.419898986816406 9.284914016723633 0
and 0 170 3 3.3975725173950195 5.916189670562744 3.3687243461608887
voting 0 171 6 8.874663352966309 9.745387077331543 0
for 0 172 3 1.9819334745407104 6.707594394683838 3.037792682647705
the 0 173 3 1.6032483577728271 6.599876403808594 0.10771799087524414
new 0 174 3 6.403006553649902 8.56887435913086 0
names 0 175 5 11.960647583007812 7.348235130310059 1.2206392288208008
. 0 176 1 2.7261712551116943 4.660929203033447 2.6873059272766113
<eos> 0 177 5 0.07052667438983917 0.2908793091773987 4.370049893856049
<unk> 0 178 5 2.6536316871643066 6.0453338623046875 0
<unk> 0 179 5 2.4202182292938232 7.384182453155518 0
<unk> 0 180 5 2.7293896675109863 6.258294582366943 1.1258878707885742
, 0 181 1 3.105036735534668 6.50305700302124 0
the 0 182 3 3.153172492980957 5.738834857940674 0.7642221450805664
<unk> 0 183 5 3.0148394107818604 8.507658958435059 0
announced 0 184 9 13.890625953674316 8.316902160644531 0.19075679779052734
the 0 185 3 3.162015199661255 4.177635192871094 4.1392669677734375
winning 0 186 7 11.42811393737793 9.234757423400879 0
name 0 187 4 9.532724380493164 8.700075149536133 0.5346822738647461
was 0 188 3 6.554418563842773 5.0928955078125 3.607179641723633
<unk> 0 189 5 3.6633832454681396 7.895490646362305 0
for 0 190 3 6.129134178161621 4.515847206115723 3.379643440246582
this 0 191 4 7.403676986694336 5.689396381378174 0
planet 0 192 6 10.80527114868164 8.681389808654785 0
. 0 193 1 1.616063117980957 3.9096121788024902 4.771777629852295
<eos> 0 194 5 0.0711677223443985 0.29223960638046265 3.6173725724220276
<unk> 0 195 5 2.651034116744995 6.047366619110107 0
winning 0 196 7 16.84398078918457 7.379976272583008 0
name 0 197 4 14.819826126098633 5.8207011222839355 1.5592751502990723
was 0 198 3 3.3195486068725586 6.438939571380615 0
submitted 0 199 9 10.165851593017578 7.728641033172607 0
by 0 200 2 3.2523128986358643 2.780972480773926 4.947668552398682
the 0 201 3 1.6650893688201904 3.6300315856933594 0
<unk> 0 202 5 1.1226752996444702 5.767480850219727 0
<unk> 0 203 5 2.527923583984375 7.614238739013672 0
<unk> 0 204 5 1.730285882949829 6.288923263549805 1.3253154754638672
of 0 205 2 6.185494899749756 6.200592994689941 0.08833026885986328
<unk> 0 206 5 0.7898489236831665 2.160740613937378 4.0398523807525635
and 0 207 3 3.766751766204834 4.596067905426025 0
honours 0 208 7 17.777868270874023 6.211681842803955 0
the 0 209 3 7.532732963562012 5.137406349182129 1.0742754936218262
11th 0 210 4 11.463728904724121 5.928500652313232 0
<unk> 0 211 5 1.5798380374908447 5.836759567260742 0.09174108505249023
astronomer 0 212 10 15.940240859985352 7.430976867675781 0
<unk> 0 213 5 1.1526468992233276 3.615426540374756 3.8155503273010254
al 0 214 2 10.330362319946289 2.7947962284088135 0.8206303119659424
<unk> 0 215 5 0.08937320858240128 0.6994901895523071 2.0953060388565063
<unk> 0 216 5 0.18433238565921783 1.2828757762908936 0
of 0 217 2 5.558546543121338 4.261081218719482 0
<unk> 0 218 5 0.6531763672828674 1.9751564264297485 2.285924792289734
<unk> 0 219 5 3.305283546447754 4.100488662719727 0
. 0 220 1 2.793278932571411 4.09930944442749 0.0011792182922363281
<eos> 0 221 5 0.0640903040766716 0.27076780796051025 3.82854163646698
= 0 222 1 3.860896348953247 6.06134557723999 0
= 0 223 1 0.09445289522409439 0.6598436236381531 5.401501953601837
<unk> 0 224 5 5.64897346496582 5.560459136962891 0
= 0 225 1 1.915941834449768 6.867327690124512 0
= 0 226 1 0.0012822485296055675 0.015595574863255024 6.851732115261257
<eos> 0 227 5 20.1076717376709 4.887533664703369 0
<unk> 0 228 5 1.4459969997406006 6.064637184143066 0
the 0 229 3 9.789581298828125 6.6486968994140625 0
majority 0 230 8 12.208904266357422 7.783957481384277 0
of 0 231 2 0.44271498918533325 2.7736525535583496 5.010304927825928
known 0 232 5 13.097389221191406 5.177549839019775 0
<unk> 0 233 5 2.1244564056396484 8.949718475341797 0
planets 0 234 7 10.489081382751465 8.510287284851074 0.43943119049072266
, 0 235 1 3.9316251277923584 5.787109375 2.723177909851074
<unk> 0 236 5 3.7743518352508545 6.646556854248047 0
<unk> 0 237 5 2.4752650260925293 3.8029513359069824 2.8436055183410645
b 0 238 1 10.650087356567383 3.3814749717712402 0.4214763641357422
was 0 239 3 8.113361358642578 4.0415425300598145 0
detected 0 240 8 8.16971206665039 7.834619522094727 0
by 0 241 2 2.2110819816589355 4.122453689575195 3.7121658325195312
the 0 242 3 2.089418649673462 4.724827289581299 0
variations 0 243 10 16.258787155151367 6.249760150909424 0
in 0 244 2 1.8586770296096802 3.7140209674835205 2.5357391834259033
its 0 245 3 7.243276596069336 6.307156562805176 0
star 0 246 4 5.880324840545654 7.6023993492126465 0
's 0 247 2 4.36671781539917 6.0230512619018555 1.579348087310791
radial 0 248 6 4.408041954040527 7.199634075164795 0
velocity 0 249 8 0.09742199629545212 0.7903883457183838 6.409245729446411
caused 0 250 6 12.87169075012207 5.197947025299072 0
by 0 251 2 0.1301315575838089 1.0009411573410034 4.197005867958069
the 0 252 3 1.5511720180511475 5.756440162658691 0
planet 0 253 6 5.196254730224609 7.786834239959717 0
's 0 254 2 1.0432178974151611 3.801328182220459 3.985506057739258
gravity 0 255 7 4.892503261566162 7.730849266052246 0
. 0 256 1 1.3673280477523804 4.339662551879883 3.3911867141723633
<eos> 0 257 5 0.06422799080610275 0.27157530188560486 4.068087249994278
<unk> 0 258 5 2.6359078884124756 6.035416126251221 0
variations 0 259 10 17.791597366333008 7.395413398742676 0
were 0 260 4 3.141937255859375 6.295991897583008 1.099421501159668
detected 0 261 8 10.499470710754395 8.66382122039795 0
by 0 262 2 2.314096689224243 4.378666400909424 4.285154819488525
making 0 263 6 11.711677551269531 5.29893159866333 0
sensitive 0 264 9 13.578059196472168 6.946495532989502 0
measurements 0 265 12 3.5526676177978516 8.706144332885742 0
of 0 266 2 1.8090786933898926 4.843131065368652 3.86301326751709
the 0 267 3 1.4838416576385498 6.412938117980957 0
<unk> 0 268 5 3.639840841293335 9.920387268066406 0
shift 0 269 5 12.714948654174805 8.396440505981445 1.523946762084961
of 0 270 2 3.3954505920410156 5.254987716674805 3.1414527893066406
<unk> 0 271 5 3.078749418258667 6.0123724937438965 0
<unk> 0 272 5 2.5422449111938477 6.48858642578125 0
's 0 273 2 4.9528679847717285 5.62201452255249 0.8665719032287598
spectrum 0 274 8 7.61198091506958 9.469244956970215 0
. 0 275 1 2.098738670349121 4.498910427093506 4.970334529876709
<eos> 0 276 5 0.0647810772061348 0.27226242423057556 4.22664800286293
<unk> 0 277 5 2.645303726196289 6.027176856994629 0
planet 0 278 6 18.099864959716797 7.388583183288574 0
's 0 279 2 3.7148802280426025 6.500016689300537 0.8885664939880371
existence 0 280 9 10.813873291015625 9.104912757873535 0
was 0 281 3 2.4674460887908936 5.545601844787598 3.5593109130859375
announced 0 282 9 7.559735298156738 8.755494117736816 0
in 0 283 2 1.489400029182434 3.569232940673828 5.186261177062988
<unk> 0 284 5 0.40219733119010925 1.7885899543762207 1.7806429862976074
<unk> 0 285 5 1.0675115585327148 3.1261374950408936 0
, 0 286 1 1.5706391334533691 3.1968255043029785 0
together 0 287 8 11.355107307434082 5.362736701965332 0
with 0 288 4 0.009669579565525055 0.09616033732891083 5.266576364636421
<unk> 0 289 5 2.0551280975341797 4.970869541168213 0
<unk> 0 290 5 1.5241639614105225 4.785018444061279 0.1858510971069336
b 0 291 1 12.709388732910156 4.032044887542725 0.7529735565185547
and 0 292 3 4.074520587921143 4.0160746574401855 0.015970230102539062
the 0 293 3 3.5498759746551514 3.755338191986084 0.26073646545410156
planet 0 294 6 8.803621292114258 7.449378967285156 0
orbiting 0 295 8 14.463113784790039 4.727558135986328 2.721820831298828
<unk> 0 296 5 2.1081881523132324 5.147120952606201 0
<unk> 0 297 5 1.715381145477295 4.327617645263672 0.8195033073425293
. 0 298 1 1.219029426574707 3.347424030303955 0.9801936149597168
<eos> 0 299 5 0.07472032308578491 0.30291566252708435 3.0445083677768707
<unk> 0 300 5 2.6435906887054443 6.067380905151367 0
<unk> 0 301 5 2.4228131771087646 7.397791862487793 0
<unk> 0 302 5 2.7248780727386475 6.284796237945557 1.1129956245422363
b 0 303 1 12.009218215942383 6.509517192840576 0
, 0 304 1 4.140183448791504 4.995122909545898 1.5143942832946777
the 0 305 3 3.3193600177764893 6.167289733886719 0
first 0 306 5 3.2131476402282715 8.22998332977295 0
<unk> 0 307 5 2.0574958324432373 7.953813552856445 0.2761697769165039
planet 0 308 6 10.384441375732422 7.984751224517822 0
discovered 0 309 10 4.858491897583008 4.9600982666015625 3.0246529579162598
around 0 310 6 9.422426223754883 4.555681228637695 0.4044170379638672
a 0 311 1 5.030216217041016 3.1342358589172363 1.421445369720459
normal 0 312 6 11.644474983215332 7.950895309448242 0
star 0 313 4 5.605316162109375 6.999368667602539 0.9515266418457031
, 0 314 1 1.6331197023391724 5.2717132568359375 1.7276554107666016
<unk> 0 315 5 5.701405048370361 5.309987545013428 0
<unk> 0 316 5 1.3775426149368286 5.964953422546387 0
b 0 317 1 8.519553184509277 5.485687732696533 0.4792656898498535
orbits 0 318 6 8.489953994750977 5.112970352172852 0.37271738052368164
very 0 319 4 9.529638290405273 6.003934383392334 0
close 0 320 5 1.867456316947937 5.552680015563965 0.45125436782836914
to 0 321 2 0.28047487139701843 1.573602318763733 3.979077696800232
its 0 322 3 3.5178775787353516 3.157175064086914 0
star 0 323 4 3.2735068798065186 6.234002590179443 0
, 0 324 1 1.7925655841827393 4.133084774017334 2.1009178161621094
closer 0 325 6 13.180075645446777 5.3758673667907715 0
than 0 326 4 4.931061744689941 0.8826572299003601 4.493210136890411
<unk> 0 327 5 2.4145290851593018 4.0000481605529785 0
does 0 328 4 12.478607177734375 4.0264177322387695 0
to 0 329 2 7.5063629150390625 4.988405704498291 0
our 0 330 3 13.017163276672363 7.430813312530518 0
<unk> 0 331 5 3.399198532104492 7.734067916870117 0
. 0 332 1 1.8669556379318237 6.051970481872559 1.6820974349975586
<eos> 0 333 5 0.059965580701828 0.257986843585968 5.793983638286591
<unk> 0 334 5 2.6421899795532227 6.036928653717041 0
planet 0 335 6 18.081390380859375 7.379637718200684 0
takes 0 336 5 9.35431957244873 6.509250164031982 0.8703875541687012
<unk> 0 337 5 3.912337064743042 5.276134014129639 1.2331161499023438
<unk> 0 338 5 2.7240593433380127 5.827969551086426 0
<eos> 0 339 5 1.597388744354248 3.777259111404419 2.050710439682007
@ 0 340 1 0.00011556770914467052 0.0016306774923577905 3.775628433912061
<unk> 0 341 5 0.0011253594420850277 0.014753849245607853 0
days 0 342 4 3.928917407989502 4.655451774597168 0
to 0 343 2 2.2517895698547363 4.109114170074463 0.5463376045227051
complete 0 344 8 4.706591606140137 7.254935264587402 0
an 0 345 2 5.281071186065674 4.660400867462158 2.594534397125244
orbit 0 346 5 2.9364538192749023 7.086997985839844 0
, 0 347 1 3.0796329975128174 5.646838188171387 1.440159797668457
with 0 348 4 3.382605791091919 5.765533447265625 0
a 0 349 1 2.3676562309265137 5.084592819213867 0.6809406280517578
<unk> 0 350 5 2.804884433746338 8.165197372436523 0
axis 0 351 4 10.5159273147583 5.091440200805664 3.0737571716308594
of 0 352 2 1.2157357931137085 5.53359842300415 0
<unk> 0 353 5 0.42744699120521545 2.3723270893096924 3.161271333694458
<unk> 0 354 5 0.44346198439598083 2.470237970352173 0
<eos> 0 355 5 1.0030964612960815 2.1105473041534424 0.35969066619873047
@ 0 356 1 2.751719648586004e-06 4.935817560181022e-05 2.1104979459778406
<unk> 0 357 5 0.0006219271454028785 0.00839613564312458 0
<unk> 0 358 5 2.0683460235595703 4.923306465148926 0
. 0 359 1 1.8838924169540405 4.029667854309082 0.8936386108398438
<eos> 0 360 5 0.06806103140115738 0.28473445773124695 3.744933396577835
<unk> 0 361 5 2.619046688079834 6.059028625488281 0
limitation 0 362 10 22.78038215637207 7.37938117980957 0
of 0 363 2 2.9810826778411865 7.759024620056152 0
the 0 364 3 1.6930150985717773 7.742912769317627 0.01611185073852539
radial 0 365 6 10.47763442993164 10.425037384033203 0
velocity 0 366 8 0.13501328229904175 1.221196174621582 9.203841209411621
method 0 367 6 4.175658702850342 7.439789295196533 0
used 0 368 4 8.023675918579102 6.420568466186523 1.0192208290100098
to 0 369 2 2.0555477142333984 5.186457633972168 1.2341108322143555
detect 0 370 6 6.14985990524292 8.165974617004395 0
<unk> 0 371 5 4.296294689178467 8.155953407287598 0.010021209716796875
<unk> 0 372 5 3.9048852920532227 8.26461124420166 0
b 0 373 1 8.263505935668945 7.869139194488525 0.39547204971313477
is 0 374 2 2.7052953243255615 6.788199424743652 1.080939769744873
that 0 375 4 6.812337398529053 7.942999362945557 0
only 0 376 4 8.800246238708496 5.538817882537842 2.404181480407715
a 0 377 1 3.258540153503418 5.633889198303223 0
lower 0 378 5 8.408169746398926 8.115104675292969 0
limit 0 379 5 6.344398498535156 7.843770503997803 0.271334171295166
on 0 380 2 6.827343940734863 4.908173561096191 2.9355969429016113
the 0 381 3 1.0440226793289185 5.187190532684326 0
mass 0 382 4 7.33798360824585 9.036052703857422 0
can 0 383 3 5.736991882324219 5.648133277893066 3.3879194259643555
be 0 384 2 0.514748215675354 3.1314175128936768 2.5167157649993896
found 0 385 5 5.172980785369873 7.628236770629883 0
. 0 386 1 2.4652323722839355 4.967687606811523 2.6605491638183594
<eos> 0 387 5 0.06381521373987198 0.2700257897377014 4.697661817073822
<unk> 0 388 5 2.640082359313965 6.033213138580322 0
the 0 389 3 9.713939666748047 7.394114971160889 0
case 0 390 4 10.528030395507812 8.672988891601562 0
of 0 391 2 3.9600698947906494 6.498297214508057 2.174691677093506
<unk> 0 392 5 1.3680078983306885 5.296286582946777 1.2020106315612793
<unk> 0 393 5 1.9944978952407837 6.158093452453613 0
b 0 394 1 12.416982650756836 5.538700580596924 0.6193928718566895
, 0 395 1 3.076674699783325 5.960666179656982 0
this 0 396 4 8.234709739685059 6.451911926269531 0
lower 0 397 5 14.250478744506836 8.541975975036621 0
limit 0 398 5 7.132373809814453 8.749987602233887 0
is 0 399 2 3.7815628051757812 5.774961948394775 2.9750256538391113
<unk> 0 400 5 4.478933334350586 8.586501121520996 0
<unk> 0 401 5 1.7014106512069702 5.213265895843506 3.3732352256774902
<eos> 0 402 5 0.6622459888458252 2.2152390480041504 2.9980268478393555
@ 0 403 1 7.704617019044235e-05 0.00107741286046803 2.2141616351436824
<unk> 0 404 5 0.0011143609881401062 0.014324799180030823 0
% 0 405 1 2.664074659347534 4.848904609680176 0
of 0 406 2 3.4356493949890137 5.273056507110596 0
the 0 407 3 0.7952355146408081 3.822474718093872 1.4505817890167236
mass 0 408 4 5.8301472663879395 8.130364418029785 0
of 0 409 2 2.226334571838379 6.716214179992676 1.4141502380371094
<unk> 0 410 5 2.041252374649048 4.8680267333984375 1.8481874465942383
, 0 411 1 3.030660390853882 5.294553279876709 0
though 0 412 6 7.356890678405762 5.416943550109863 0
depending 0 413 9 12.711424827575684 5.504696369171143 0
on 0 414 2 0.05339430272579193 0.38640379905700684 5.118292570114136
the 0 415 3 0.6564949154853821 3.135972499847412 0
inclination 0 416 11 10.456085205078125 9.27873420715332 0
of 0 417 2 1.0432989597320557 4.106855392456055 5.171878814697266
the 0 418 3 0.8412331938743591 3.360602855682373 0.7462525367736816
orbit 0 419 5 7.080740451812744 8.963613510131836 0
, 0 420 1 1.9582715034484863 4.6552228927612305 4.3083906173706055
the 0 421 3 1.5288982391357422 4.45856237411499 0.19666051864624023
true 0 422 4 10.990311622619629 8.701946258544922 0
mass 0 423 4 3.8382813930511475 7.871830463409424 0.830115795135498
may 0 424 3 7.927379131317139 5.152432441711426 2.719398021697998
be 0 425 2 1.0454260110855103 4.310454845428467 0.841977596282959
much 0 426 4 7.558735370635986 8.487427711486816 0
greater 0 427 7 4.081239223480225 4.487868785858154 3.999558925628662
. 0 428 1 4.043716907501221 1.4796578884124756 3.0082108974456787
<eos> 0 429 5 0.0578385666012764 0.2514595687389374 1.2281983196735382
<unk> 0 430 5 2.648205280303955 6.036933422088623 0
, 0 431 1 4.497979164123535 7.386036396026611 0
astronomers 0 432 11 19.07960319519043 5.904260158538818 1.481776237487793
found 0 433 5 9.475593566894531 4.6902546882629395 1.214005470275879
recently 0 434 8 16.82695770263672 5.983325958251953 0
that 0 435 4 3.6991941928863525 8.112918853759766 0
inclination 0 436 11 16.30727195739746 5.455421447753906 2.6574974060058594
of 0 437 2 3.2785589694976807 5.975930690765381 0
the 0 438 3 1.371955156326294 5.255477428436279 0.7204532623291016
orbital 0 439 7 7.988035678863525 8.639538764953613 0
plane 0 440 5 6.5142292976379395 6.252033233642578 2.387505531311035
is 0 441 2 3.6349799633026123 6.452608585357666 0
around 0 442 6 8.964284896850586 8.376938819885254 0
<unk> 0 443 5 0.6366055011749268 2.818812370300293 5.558126449584961
<unk> 0 444 5 1.3062853813171387 4.273037433624268 0
and 0 445 3 5.290026664733887 3.209066390991211 1.0639710426330566
the 0 446 3 3.2335710525512695 6.286012649536133 0
true 0 447 4 11.359332084655762 8.62006950378418 0
mass 0 448 4 4.296346664428711 7.843502044677734 0.7765674591064453
may 0 449 3 8.897270202636719 4.6311936378479 3.212308406829834
be 0 450 2 1.2624517679214478 4.081820964813232 0.549372673034668
about 0 451 5 5.098328113555908 8.559768676757812 0
<unk> 0 452 5 0.2959394156932831 1.7951544523239136 6.764614224433899
<unk> 0 453 5 1.0681359767913818 3.721587657928467 0
<eos> 0 454 5 1.4171452522277832 2.7830283641815186 0.9385592937469482
@ 0 455 1 1.651023922022432e-05 0.0002734264999162406 2.7827549376816023
<unk> 0 456 5 0.001034620450809598 0.01338197197765112 0
<unk> 0 457 5 2.463927984237671 4.617386817932129 0
. 0 458 1 1.6314356327056885 4.273834228515625 0.3435525894165039
<eos> 0 459 5 0.07169606536626816 0.2950667142868042 3.978767514228821
<unk> 0 460 5 2.6332056522369385 6.049986362457275 0
is 0 461 2 5.33396053314209 7.3875346183776855 0
not 0 462 3 5.762714862823486 7.938926696777344 0
to 0 463 2 8.163128852844238 8.075725555419922 0
be 0 464 2 1.448920726776123 6.053467273712158 2.0222582817077637
assumed 0 465 7 12.69536304473877 8.272995948791504 0
; 0 466 1 6.517568588256836 4.7136077880859375 3.5593881607055664
the 0 467 3 3.3714487552642822 6.209357738494873 0
mutual 0 468 6 14.709577560424805 10.04883861541748 0
inclination 0 469 11 14.169102668762207 10.229866027832031 0
between 0 470 7 3.70558500289917 5.2680134773254395 4.961852550506592
c 0 471 1 12.041837692260742 5.870492935180664 0
and 0 472 3 1.5530282258987427 4.187380313873291 1.683112621307373
d 0 473 1 3.692966938018799 4.900949001312256 0
is 0 474 2 0.7671939730644226 3.6696884632110596 1.2312605381011963
<unk> 0 475 5 4.479560375213623 8.092034339904785 0
degrees 0 476 7 9.82412052154541 5.4064459800720215 2.6855883598327637
. 0 477 1 1.6366887092590332 4.202839374542236 1.2036066055297852
<eos> 0 478 5 0.06298700720071793 0.2674213647842407 3.9354180097579956
= 0 479 1 3.7896969318389893 6.039125919342041 0
= 0 480 1 0.09235873818397522 0.6476367115974426 5.391489207744598
<unk> 0 481 5 5.647383213043213 5.556936264038086 0
characteristics 0 482 15 12.365159034729004 6.866024971008301 0
= 0 483 1 0.09732554107904434 0.4770553708076477 6.388969600200653
= 0 484 1 2.751719648586004e-06 9.475932893110439e-05 0.4769606114787166
<eos> 0 485 5 23.52045249938965 4.6950602531433105 0
<unk> 0 486 5 1.183008074760437 5.646119594573975 0
the 0 487 3 9.213052749633789 5.631124973297119 0.014994621276855469
planet 0 488 6 9.1640043258667 7.998017311096191 0
's 0 489 2 3.486924886703491 5.200563907623291 2.7974534034729004
high 0 490 4 9.25041675567627 8.863983154296875 0
mass 0 491 4 6.082231044769287 7.130610466003418 1.733372688293457
, 0 492 1 3.926180839538574 6.915099620819092 0.21551084518432617
it 0 493 2 4.922811985015869 7.4105682373046875 0
is 0 494 2 1.1238034963607788 4.693174839019775 2.717393398284912
likely 0 495 6 6.0334391593933105 7.593635082244873 0
that 0 496 4 0.9417687058448792 2.958847761154175 4.634787321090698
<unk> 0 497 5 2.9584743976593018 5.38839864730835 0
<unk> 0 498 5 3.0069680213928223 6.248696804046631 0
b 0 499 1 9.194602966308594 6.08048152923584 0.16821527481079102
is 0 500 2 2.108874559402466 5.6345720291137695 0.4459095001220703
a 0 501 1 2.4715282917022705 6.787312984466553 0
gas 0 502 3 8.802949905395508 8.267118453979492 0
giant 0 503 5 3.318965196609497 6.6911420822143555 1.5759763717651367
with 0 504 4 4.703645706176758 5.89700984954834 0.7941322326660156
no 0 505 2 6.157965183258057 6.388073921203613 0
solid 0 506 5 7.653249740600586 9.19367790222168 0
surface 0 507 7 4.251219749450684 8.66772747039795 0.5259504318237305
. 0 508 1 2.302279472351074 7.007052898406982 1.6606745719909668
<eos> 0 509 5 0.06484701484441757 0.2722560167312622 6.73479688167572
<unk> 0 510 5 2.6394741535186768 6.052479267120361 0
<unk> 0 511 5 2.426914691925049 7.389948844909668 0
<unk> 0 512 5 2.746363401412964 6.263379096984863 1.1265697479248047
<unk> 0 513 5 1.9619890451431274 6.5153045654296875 0
measured 0 514 8 15.628883361816406 4.4800333976745605 2.035271167755127
the 0 515 3 2.9466021060943604 4.417956829071045 0.062076568603515625
planet 0 516 6 10.9074125289917 9.644950866699219 0
temperature 0 517 11 11.171731948852539 4.5709757804870605 5.073975086212158
, 0 518 1 3.815408945083618 5.582688331604004 0
and 0 519 3 2.7170631885528564 6.51039981842041 0
found 0 520 5 7.644214630126953 7.074379920959473 0
that 0 521 4 2.1898343563079834 4.03297233581543 3.041407585144043
the 0 522 3 1.6345796585083008 5.174728870391846 0
difference 0 523 10 8.852906227111816 9.447149276733398 0
between 0 524 7 0.5520505905151367 2.1325604915618896 7.314588785171509
the 0 525 3 1.401975154876709 5.1837992668151855 0
two 0 526 3 4.592228412628174 8.281813621520996 0
sides 0 527 5 8.457740783691406 8.533370971679688 0
of 0 528 2 3.2229561805725098 4.550449848175049 3.9829211235046387
<unk> 0 529 5 4.01054048538208 2.8581433296203613 1.6923065185546875
<unk> 0 530 5 2.925206184387207 6.530735969543457 0
b 0 531 1 7.936184883117676 6.000474452972412 0.5302615165710449
of 0 532 2 7.6660590171813965 5.025735378265381 0.9747390747070312
about 0 533 5 5.851144313812256 4.24453067779541 0.7812047004699707
<unk> 0 534 5 0.09325038641691208 0.6823676824569702 3.56216299533844
<unk> 0 535 5 0.5520244240760803 3.191905975341797 0
<unk> 0 536 5 1.3236802816390991 3.528676986694336 0
degrees 0 537 7 9.547114372253418 6.265671253204346 0
<unk> 0 538 5 6.680300235748291 6.1058807373046875 0.1597905158996582
, 0 539 1 4.7479939460754395 6.320533275604248 0
ranging 0 540 7 10.354986190795898 6.476911544799805 0
from 0 541 4 0.06678163260221481 0.45576831698417664 6.021143227815628
minus 0 542 5 16.992637634277344 3.638184070587158 0
<unk> 0 543 5 1.128328561782837 3.5724034309387207 0.0657806396484375
to 0 544 2 1.4954098463058472 3.3582987785339355 0.21410465240478516
<unk> 0 545 5 0.22677494585514069 1.5593454837799072 1.7989532947540283
degrees 0 546 7 7.274165630340576 3.175898313522339 0
to 0 547 2 5.191751956939697 4.716401100158691 0
about 0 548 5 6.495503902435303 3.792816638946533 0.9235844612121582
<unk> 0 549 5 0.06040848791599274 0.4774825870990753 3.315334051847458
<unk> 0 550 5 0.512654185295105 2.619868040084839 0
<unk> 0 551 5 1.0599167346954346 2.737002372741699 0
to 0 552 2 7.620263576507568 4.573836803436279 0
<unk> 0 553 5 0.1799599528312683 1.4121736288070679 3.1616631746292114
<unk> 0 554 5 0.19624461233615875 1.3102149963378906 0.10195863246917725
<unk> 0 555 5 0.6543706655502319 2.1808762550354004 0
degrees 0 556 7 9.18188762664795 4.555917739868164 0
<unk> 0 557 5 7.429450988769531 4.198724746704102 0.3571929931640625
. 0 558 1 4.065441608428955 4.362185955047607 0
<eos> 0 559 5 0.07461564242839813 0.30393916368484497 4.0582467913627625
<unk> 0 560 5 2.631133794784546 6.054769039154053 0
temperature 0 561 11 18.046602249145508 7.404618740081787 0
difference 0 562 10 9.346590995788574 8.04918384552002 0
has 0 563 3 6.6325578689575195 4.405859470367432 3.643324375152588
led 0 564 3 5.1039137840271 5.190417289733887 0
to 0 565 2 0.10616977512836456 0.8456839323043823 4.344733357429504
speculation 0 566 11 8.928473472595215 6.031160354614258 0
that 0 567 4 0.7099499106407166 3.0019478797912598 3.029212474822998
<unk> 0 568 5 2.5330307483673096 5.881360054016113 0
<unk> 0 569 5 2.672776937484741 7.514227390289307 0
b 0 570 1 9.720609664916992 6.563490867614746 0.9507365226745605
is 0 571 2 2.4324758052825928 6.285648822784424 0.27784204483032227
tidal 0 572 5 14.0076265335083 7.182672500610352 0
locked 0 573 6 15.082808494567871 6.381999492645264 0.8006730079650879
with 0 574 4 5.873989105224609 5.310934066772461 1.0710654258728027
the 0 575 3 2.4029910564422607 6.379256725311279 0
same 0 576 4 6.773667335510254 8.561875343322754 0
side 0 577 4 8.399466514587402 9.791979789733887 0
always 0 578 6 15.671642303466797 3.810047149658203 5.981932640075684
facing 0 579 6 10.203499794006348 9.47851848602295 0
<unk> 0 580 5 3.188321590423584 6.579668045043945 2.898850440979004
<unk> 0 581 5 2.7730963230133057 5.820511817932129 0.7591562271118164
<unk> 0 582 5 2.3145699501037598 5.400597095489502 0.41991472244262695
<eos> 0 583 5 4.68809175491333 6.056528091430664 0
<unk> 0 584 5 6.861851692199707 0.2079106867313385 5.848617404699326
had 0 585 3 10.387853622436523 5.4204020500183105 0
, 0 586 1 9.82321834564209 6.235409259796143 0
on 0 587 2 6.923994064331055 6.418975830078125 0
the 0 588 3 1.72365140914917 3.6813151836395264 2.7376606464385986
assumption 0 589 10 7.169615745544434 6.547804832458496 0
that 0 590 4 0.3139770030975342 1.3433787822723389 5.204426050186157
the 0 591 3 2.0006439685821533 5.376275539398193 0
planet 0 592 6 5.019634246826172 9.140115737915039 0
is 0 593 2 3.0204389095306396 5.89175271987915 3.2483630180358887
similar 0 594 7 8.418033599853516 8.444324493408203 0
to 0 595 2 0.5117955803871155 2.0299394130706787 6.414385080337524
<unk> 0 596 5 3.089735746383667 5.379197597503662 0
in 0 597 2 5.546502590179443 4.475725173950195 0.9034724235534668
composition 0 598 11 12.832152366638184 4.521749496459961 0
and 0 599 3 4.259789943695068 2.2760391235351562 2.2457103729248047
that 0 600 4 5.977461814880371 8.62551212310791 0
its 0 601 3 3.816978931427002 5.161898136138916 3.463613986968994
environment 0 602 11 12.618093490600586 8.14634895324707 0
is 0 603 2 1.3837778568267822 5.174367904663086 2.9719810485839844
close 0 604 5 8.953227043151855 8.54274845123291 0
to 0 605 2 0.2726048529148102 1.298410177230835 7.244338274002075
chemical 0 606 8 15.374602317810059 4.972743034362793 0
equilibrium 0 607 11 5.131436824798584 8.474546432495117 0
, 0 608 1 1.001522421836853 3.4237465858459473 5.05079984664917
predicted 0 609 9 10.344979286193848 5.884653091430664 0
<unk> 0 610 5 4.998736381530762 3.958977460861206 1.925675630569458
<unk> 0 611 5 3.3253369331359863 6.147336959838867 0
b 0 612 1 8.62244701385498 5.183497428894043 0.9638395309448242
to 0 613 2 2.591244697570801 5.847528457641602 0
have 0 614 4 4.46710205078125 3.9110732078552246 1.936455249786377
reflective 0 615 10 17.81052017211914 7.056591033935547 0
clouds 0 616 6 10.254066467285156 9.056781768798828 0
of 0 617 2 3.1258163452148438 4.959323883056641 4.0974578857421875
silicates 0 618 9 10.569379806518555 8.312177658081055 0
and 0 619 3 3.3680944442749023 4.306613922119141 4.005563735961914
iron 0 620 4 7.614738464355469 8.51339054107666 0
in 0 621 2 5.656506538391113 6.93695592880249 1.57643461227417
its 0 622 3 5.335416316986084 4.999398708343506 1.9375572204589844
upper 0 623 5 8.40463638305664 8.99219036102295 0
atmosphere 0 624 10 1.4267514944076538 4.706493854522705 4.285696506500244
. 0 625 1 0.566750168800354 2.4914326667785645 2.2150611877441406
<eos> 0 626 5 0.06945058703422546 0.2861643135547638 2.2052683532238007
<unk> 0 627 5 2.6459693908691406 6.046659469604492 0
cloud 0 628 5 16.03819465637207 7.408879280090332 0
deck 0 629 4 18.964799880981445 7.23341703414917 0.1754622459411621
instead 0 630 7 12.245503425598145 7.424293041229248 0
absorbs 0 631 7 12.181259155273438 8.250154495239258 0
the 0 632 3 2.0445544719696045 7.222375869750977 1.0277786254882812
sun 0 633 3 6.954761028289795 10.053956985473633 0
's 0 634 2 2.139492988586426 4.769282817840576 5.284674167633057
radiation 0 635 9 7.969135284423828 9.146551132202148 0
; 0 636 1 5.1757588386535645 5.364068508148193 3.782482624053955
between 0 637 7 12.163533210754395 6.308135032653809 0
that 0 638 4 6.248385429382324 3.8287413120269775 2.479393720626831
and 0 639 3 2.044469118118286 6.369411468505859 0
the 0 640 3 2.695352077484131 6.681619644165039 0
hot 0 641 3 10.385323524475098 9.885771751403809 0
, 0 642 1 5.179305553436279 8.506574630737305 1.379197120666504
high 0 643 4 6.411725044250488 8.817374229431152 0
pressure 0 644 8 6.581467628479004 7.365181922912598 1.4521923065185547
gas 0 645 3 7.8894524574279785 7.013872146606445 0.35130977630615234
surrounding 0 646 11 12.364033699035645 7.266193866729736 0
the 0 647 3 0.5873385667800903 3.0034711360931396 4.262722730636597
mantle 0 648 6 6.61036491394043 8.695075988769531 0
, 0 649 1 2.945383071899414 6.060694694519043 2.6343812942504883
exists 0 650 6 17.724266052246094 5.945292949676514 0.1154017448425293
a 0 651 1 8.231575012207031 5.530007362365723 0.415285587310791
stratosphere 0 652 12 14.141599655151367 8.850822448730469 0
of 0 653 2 3.118279457092285 6.9750847816467285 1.8757376670837402
cooler 0 654 6 11.724809646606445 8.193428039550781 0
gas 0 655 3 8.712011337280273 6.80523157119751 1.3881964683532715
. 0 656 1 3.0976414680480957 6.39958381652832 0.40564775466918945
<eos> 0 657 5 0.06427470594644547 0.2727338373661041 6.126849979162216
<unk> 0 658 5 2.6396186351776123 6.018799781799316 0
outer 0 659 5 19.520339965820312 7.39162015914917 0
shell 0 660 5 9.876773834228516 6.506967544555664 0.8846526145935059
of 0 661 2 6.3630690574646 8.648638725280762 0
dark 0 662 4 12.587959289550781 3.3111307621002197 5.337507963180542
, 0 663 1 6.7674994468688965 7.167200088500977 0
opaque 0 664 6 11.1134614944458 8.564096450805664 0
, 0 665 1 2.555981397628784 7.853683948516846 0.7104125022888184
hot 0 666 3 9.255398750305176 7.4340105056762695 0.41967344284057617
cloud 0 667 5 9.67407512664795 7.072262287139893 0.36174821853637695
is 0 668 2 5.073885917663574 8.009499549865723 0
assumed 0 669 7 11.723830223083496 8.716946601867676 0
to 0 670 2 0.8127679824829102 3.1494736671447754 5.5674729347229
consist 0 671 7 7.48671817779541 2.8210253715515137 0.3284482955932617
of 0 672 2 0.053163252770900726 0.4436659812927246 2.377359390258789
vanadium 0 673 8 14.078450202941895 7.429788112640381 0
and 0 674 3 3.073348045349121 5.739840030670166 1.6899480819702148
titanium 0 675 8 7.328762531280518 7.275890827178955 0
oxides 0 676 6 7.925529956817627 4.6078619956970215 2.6680288314819336
( 0 677 1 5.154358386993408 3.5010972023010254 1.106764793395996
" 0 678 1 6.645639419555664 5.676539897918701 0
<unk> 0 679 5 1.765682578086853 8.264201164245605 0
planets 0 680 7 14.629892349243164 3.8004579544067383 4.463743209838867
" 0 681 1 0.0946289524435997 0.7092636823654175 3.091194272041321
) 0 682 1 0.30877089500427246 1.6827975511550903 0
, 0 683 1 1.746091604232788 3.4478864669799805 0
but 0 684 3 4.679609298706055 6.04746150970459 0
other 0 685 5 8.332037925720215 7.187309265136719 0
compounds 0 686 9 4.386736869812012 8.655136108398438 0
like 0 687 4 8.448683738708496 5.384079456329346 3.271056652069092
<unk> 0 688 5 1.797482967376709 6.633278846740723 0
cannot 0 689 6 9.722320556640625 5.139570236206055 1.493708610534668
be 0 690 2 0.577333390712738 3.438293695449829 1.7012765407562256
ruled 0 691 5 11.942720413208008 6.512933254241943 0
out 0 692 3 2.314283847808838 5.016289710998535 1.4966435432434082
yet 0 693 3 12.795016288757324 4.6122145652771 0.40407514572143555
. 0 694 1 0.9524426460266113 3.9503633975982666 0.661851167678833
<eos> 0 695 5 0.07027067244052887 0.29085949063301086 3.6595039069652557
<unk> 0 696 5 2.652221441268921 6.0278191566467285 0
planet 0 697 6 18.087434768676758 7.390303611755371 0
is 0 698 2 3.110138416290283 6.489767551422119 0.900536060333252
unlikely 0 699 8 11.848003387451172 6.886582374572754 0
to 0 700 2 0.19153082370758057 1.1835640668869019 5.703018307685852
have 0 701 4 1.9433846473693848 4.501901149749756 0
large 0 702 5 10.674355506896973 7.007257461547852 0
moons 0 703 5 5.355556488037109 8.399983406066895 0
, 0 704 1 1.804931879043579 4.978295803070068 3.421687602996826
since 0 705 5 6.728954792022705 4.688778877258301 0.2895169258117676
tidal 0 706 5 13.09787654876709 4.9766669273376465 0
forces 0 707 6 7.254401683807373 8.172977447509766 0
would 0 708 5 5.330812454223633 6.602543830871582 1.5704336166381836
either 0 709 6 9.443514823913574 6.754173278808594 0
eject 0 710 5 10.806539535522461 7.135275840759277 0
them 0 711 4 5.964700698852539 6.228036403656006 0.9072394371032715
from 0 712 4 0.6677550077438354 2.8633806705474854 3.3646557331085205
orbit 0 713 5 8.866658210754395 5.2500996589660645 0
or 0 714 2 3.1611387729644775 4.411694526672363 0.8384051322937012
destroy 0 715 7 7.699370384216309 8.803000450134277 0
them 0 716 4 3.8891289234161377 5.1362175941467285 3.666782855987549
on 0 717 2 6.793298244476318 3.4470834732055664 1.689134120941162
short 0 718 5 15.600716590881348 4.143679618835449 0
<unk> 0 719 5 2.000162363052368 5.9894514083862305 0
compared 0 720 8 13.923222541809082 4.011886119842529 1.9775652885437012
to 0 721 2 1.03425133228302 5.09214973449707 0
the 0 722 3 1.3981473445892334 5.265725135803223 0
age 0 723 3 12.907491683959961 7.702404022216797 0
of 0 724 2 0.34811487793922424 1.8440276384353638 5.858376383781433
the 0 725 3 2.88503098487854 5.2654523849487305 0
system 0 726 6 9.925209045410156 5.3936848640441895 0
. 0 727 1 0.6810650825500488 2.9229187965393066 2.470766067504883
<eos> 0 728 5 0.06855639815330505 0.2832699716091156 2.639648824930191
<unk> 0 729 5 2.65472412109375 6.042852878570557 0
planet 0 730 6 18.075719833374023 7.401918411254883 0
( 0 731 1 5.880777359008789 6.517609119415283 0.8843092918395996
with 0 732 4 8.45916748046875 4.205441474914551 2.3121676445007324
<unk> 0 733 5 1.6986753940582275 5.605909824371338 0
<unk> 0 734 5 1.320945143699646 4.382038593292236 1.2238712310791016
b 0 735 1 11.189330101013184 3.745840549468994 0.6361980438232422
) 0 736 1 1.2927783727645874 4.376150131225586 0
was 0 737 3 3.312366485595703 5.971862316131592 0
deemed 0 738 6 12.811540603637695 7.054553508758545 0
a 0 739 1 2.306964159011841 6.288622856140137 0.7659306526184082
candidate 0 740 9 10.290539741516113 8.971884727478027 0
for 0 741 3 0.7094682455062866 2.776707649230957 6.19517707824707
direct 0 742 6 13.652220726013184 5.736805438995361 0
imaging 0 743 7 11.317809104919434 9.19677448272705 0
by 0 744 2 4.1946868896484375 4.66237211227417 4.534402370452881
<unk> 0 745 5 1.7201402187347412 5.864535331726074 0
. 0 746 1 3.57462215423584 5.562300682067871 0.3022346496582031
<eos> 0 747 5 0.06210923194885254 0.2639528512954712 5.2983478307724
<unk> 0 748 5 2.6407041549682617 6.039200305938721 0
results 0 749 7 15.396774291992188 7.380511283874512 0
from 0 750 4 2.883941173553467 2.827296733856201 4.5532145500183105
<unk> 0 751 5 2.7411985397338867 6.383281707763672 0
studies 0 752 7 10.294373512268066 6.45149040222168 0
indicate 0 753 8 11.3302001953125 5.065173625946045 1.3863167762756348
that 0 754 4 0.5080174207687378 3.0246245861053467 2.0405490398406982
the 0 755 3 2.170123815536499 6.578188419342041 0
planet 0 756 6 10.498653411865234 9.837943077087402 0
has 0 757 3 4.455949306488037 5.742557048797607 4.095386028289795
predominately 0 758 13 16.997610092163086 5.643974781036377 0.09858226776123047
blue 0 759 4 11.210869789123535 7.618612766265869 0
color 0 760 5 8.282537460327148 5.476322650909424 2.1422901153564453
, 0 761 1 1.8510479927062988 4.7024688720703125 0.7738537788391113
is 0 762 2 10.11703109741211 5.83383846282959 0
<unk> 0 763 5 4.0826191902160645 7.718453884124756 0
<unk> 0 764 5 1.6739649772644043 5.031309604644775 2.6871442794799805
<eos> 0 765 5 0.4191010892391205 1.9989956617355347 3.0323139429092407
@ 0 766 1 0.00020361308997962624 0.002635632874444127 1.9963600288610905
<unk> 0 767 5 0.00026414115563966334 0.0039786589331924915 0
times 0 768 5 3.5144970417022705 4.470481872558594 0
as 0 769 2 4.977658271789551 6.214676856994629 0
large 0 770 5 6.614709854125977 5.538830757141113 0.6758460998535156
and 0 771 3 4.914816856384277 1.8299386501312256 3.7088921070098877
<unk> 0 772 5 1.645922064781189 6.8013386726379395 0
<unk> 0 773 5 3.2729413509368896 4.416500568389893 2.384838104248047
<eos> 0 774 5 0.30806899070739746 1.4911448955535889 2.9253556728363037
@ 0 775 1 0.0008502036216668785 0.010495836846530437 1.4806490587070584
<unk> 0 776 5 0.004083618521690369 0.04245176166296005 0
times 0 777 5 2.16862416267395 4.562459468841553 0
as 0 778 2 1.9957555532455444 5.330617904663086 0
massive 0 779 7 3.628943920135498 6.144892692565918 0
as 0 780 2 0.33862417936325073 1.6951290369033813 4.449763655662537
<unk> 0 781 5 1.0583868026733398 3.4954662322998047 0
, 0 782 1 4.138807773590088 3.2572779655456543 0.2381882667541504
meaning 0 783 7 7.550877571105957 4.829655170440674 0
that 0 784 4 1.3422490358352661 3.960597515106201 0.8690576553344727
the 0 785 3 2.2278425693511963 4.36169958114624 0
mean 0 786 4 8.707294464111328 8.744942665100098 0
density 0 787 7 4.90346622467041 7.7066755294799805 1.0382671356201172
is 0 788 2 2.253187417984009 3.549172878265381 4.1575026512146
<unk> 0 789 5 1.3480165004730225 5.734797477722168 0
/ 0 790 1 9.218585968017578 2.034114122390747 3.700683355331421
<unk> 0 791 5 0.06031216308474541 0.49651846289634705 1.5375956594944
. 0 792 1 1.4149521589279175 4.0061421394348145 0
<eos> 0 793 5 0.07884237170219421 0.3161420226097107 3.6900001168251038
<unk> 0 794 5 2.6355323791503906 6.060360431671143 0
has 0 795 3 6.182464122772217 7.396783351898193 0
a 0 796 1 3.3145031929016113 7.234644412994385 0.1621389389038086
geometric 0 797 9 14.861123085021973 9.812554359436035 0
albedo 0 798 6 6.928548336029053 9.008895874023438 0.8036584854125977
of 0 799 2 1.4184496402740479 4.183056354522705 4.825839519500732
<unk> 0 800 5 0.2708134353160858 1.8380922079086304 2.3449641466140747
<unk> 0 801 5 0.8672136068344116 2.822465419769287 0
<eos> 0 802 5 0.34425148367881775 1.2016685009002686 1.6207969188690186
@ 0 803 1 5.503434294951148e-06 0.00010593741899356246 1.201562563481275
<unk> 0 804 5 0.0006576837040483952 0.008597198873758316 0
in 0 805 2 6.632067680358887 4.782734394073486 0
visible 0 806 7 12.171433448791504 4.191730976104736 0.59100341796875
light 0 807 5 2.6129586696624756 7.750960350036621 0
. 0 808 1 2.011571168899536 4.28062629699707 3.470334053039551
<eos> 0 809 5 0.06590912491083145 0.2761344909667969 4.004491806030273
= 0 810 1 3.794198751449585 6.044314384460449 0
= 0 811 1 0.09399615228176117 0.6570738554000854 5.387240529060364
<unk> 0 812 5 5.649697303771973 5.548147678375244 0
on 0 813 2 9.865983009338379 6.873114109039307 0
its 0 814 3 8.924458503723145 6.0525665283203125 0.8205475807189941
sun 0 815 3 16.899940490722656 8.169257164001465 0
= 0 816 1 0.4038950204849243 2.789113759994507 5.380143404006958
= 0 817 1 0.00026138994144275784 0.003999925684183836 2.785113834310323
<eos> 0 818 5 18.301925659179688 5.410765647888184 0
<unk> 0 819 5 1.7274571657180786 6.199440956115723 0
<unk> 0 820 5 2.475226402282715 6.405017852783203 0
b 0 821 1 10.93533706665039 5.82705020904541 0.577967643737793
appears 0 822 7 8.503756523132324 5.387093544006348 0.4399566650390625
to 0 823 2 2.9248785972595215 3.4176976680755615 1.9693958759307861
be 0 824 2 1.7120914459228516 3.0998761653900146 0.3178215026855469
responsible 0 825 11 9.72599983215332 5.589956760406494 0
for 0 826 3 0.02098722755908966 0.17346608638763428 5.41649067401886
increased 0 827 9 12.938362121582031 5.999452590942383 0
<unk> 0 828 5 3.9841322898864746 9.711161613464355 0
activity 0 829 8 5.257669448852539 8.373955726623535 1.3372058868408203
on 0 830 2 5.381267070770264 4.564949035644531 3.809006690979004
its 0 831 3 6.592377185821533 4.621318817138672 0
parent 0 832 6 6.143942356109619 8.293319702148438 0
star 0 833 4 5.113934516906738 7.097641468048096 1.1956782341003418
. 0 834 1 1.728025197982788 3.7671451568603516 3.330496311187744
<eos> 0 835 5 0.06891141831874847 0.28494012355804443 3.482205033302307
<unk> 0 836 5 2.652022123336792 6.043516635894775 0
suggest 0 837 7 16.186511993408203 7.388985633850098 0
that 0 838 4 0.4029608964920044 2.086968183517456 5.302017450332642
there 0 839 5 6.167985916137695 5.257054805755615 0
is 0 840 2 1.6890071630477905 2.937239408493042 2.3198153972625732
a 0 841 1 1.6513320207595825 4.408656120300293 0
" 0 842 1 4.304840087890625 9.645223617553711 0
hot 0 843 3 10.268192291259766 10.054469108581543 0
spot 0 844 4 6.953368663787842 8.366961479187012 1.6875076293945312
" 0 845 1 1.0549635887145996 3.503340721130371 4.863620758056641
on 0 846 2 4.401124000549316 5.174310684204102 0
the 0 847 3 0.9676706790924072 4.638721466064453 0.5355892181396484
star 0 848 4 11.02256965637207 9.149216651916504 0
around 0 849 6 11.081870079040527 5.773244857788086 3.375971794128418
<unk> 0 850 5 2.2971930503845215 4.577077388763428 1.1961674690246582
<unk> 0 851 5 2.386505603790283 5.409712791442871 0
away 0 852 4 12.978311538696289 4.596505165100098 0.8132076263427734
from 0 853 4 1.4580166339874268 3.963397264480591 0.6331079006195068
the 0 854 3 1.0212384462356567 4.187532424926758 0
sub 0 855 3 13.973457336425781 7.978023529052734 0
<unk> 0 856 5 0.08098598569631577 0.7998431324958801 7.178180396556854
planetary 0 857 9 12.028518676757812 8.155346870422363 0
point 0 858 5 9.999040603637695 6.667582988739014 1.4877638816833496
. 0 859 1 2.1996898651123047 4.186874866485596 2.480708122253418
<eos> 0 860 5 0.07071386277675629 0.29017847776412964 3.896696388721466
<unk> 0 861 5 2.651203155517578 6.051338195800781 0
may 0 862 3 9.206546783447266 7.392348766326904 0
be 0 863 2 3.005967855453491 4.455051898956299 2.9372968673706055
the 0 864 3 3.991137981414795 8.5692720413208 0
result 0 865 6 7.371033191680908 8.16808032989502 0.40119171142578125
of 0 866 2 0.03537888452410698 0.2761097848415375 7.891970545053482
interactions 0 867 12 13.269414901733398 6.5445990562438965 0
between 0 868 7 1.040594220161438 2.0363752841949463 4.50822377204895
the 0 869 3 1.9378399848937988 6.986822605133057 0
magnetic 0 870 8 11.944887161254883 8.152145385742188 0
fields 0 871 6 2.8388447761535645 4.009072780609131 4.143072605133057
of 0 872 2 1.7740354537963867 3.8371667861938477 0.1719059944152832
the 0 873 3 1.4308792352676392 5.910956859588623 0
planet 0 874 6 4.944675922393799 7.785140037536621 0
and 0 875 3 0.6797937154769897 2.728442668914795 5.056697368621826
the 0 876 3 0.6418694257736206 3.729691505432129 0
star 0 877 4 6.799447059631348 8.951810836791992 0
. 0 878 1 2.2080013751983643 4.58991003036499 4.361900806427002
<eos> 0 879 5 0.06826182454824448 0.2847292125225067 4.3051808178424835
<unk> 0 880 5 2.6498398780822754 6.034615993499756 0
mechanism 0 881 9 20.169864654541016 7.385458469390869 0
may 0 882 3 6.270771026611328 6.921597480773926 0.46386098861694336
be 0 883 2 1.2832602262496948 4.357382297515869 2.5642151832580566
similar 0 884 7 8.428131103515625 8.733596801757812 0
to 0 885 2 0.20796145498752594 1.0345876216888428 7.69900918006897
that 0 886 4 2.4303128719329834 6.01861047744751 0
responsible 0 887 11 16.071544647216797 2.0370407104492188 3.981569766998291
for 0 888 3 0.25676053762435913 1.6950948238372803 0.3419458866119385
the 0 889 3 1.9456356763839722 7.9602837562561035 0
activity 0 890 8 8.624935150146484 10.082782745361328 0
of 0 891 2 0.45172274112701416 2.453256845474243 7.629525899887085
<unk> 0 892 5 2.8713274002075195 7.161653518676758 0
<unk> 0 893 5 2.7087254524230957 5.975273609161377 1.1863799095153809
<unk> 0 894 5 2.984753370285034 5.340929985046387 0.6343436241149902
variable 0 895 8 14.359753608703613 5.65177583694458 0
stars 0 896 5 7.5987396240234375 6.821742534637451 0
, 0 897 1 1.902422547340393 3.4746952056884766 3.3470473289489746
or 0 898 2 5.632035732269287 5.522202014923096 0
the 0 899 3 3.670257091522217 7.5846028327941895 0
interaction 0 900 11 8.76690673828125 9.341704368591309 0
between 0 901 7 0.7276848554611206 2.104746103286743 7.236958265304565
<unk> 0 902 5 2.625042676925659 6.688022613525391 0
and 0 903 3 0.8466004729270935 3.4065232276916504 3.2814993858337402
its 0 904 3 6.5788373947143555 3.1638402938842773 0.24268293380737305
moon 0 905 4 9.806316375732422 8.446074485778809 0
<unk> 0 906 5 3.844592332839966 4.567774295806885 3.878300189971924
. 0 907 1 1.9250884056091309 6.730086326599121 0
<eos> 0 908 5 0.06360606849193573 0.26900792121887207 6.461078405380249
=========================================================================================
| End of testing | test loss  3.61 | test ppl    37.08
=========================================================================================
