word sentid sentpos wlen surp entropy entred
= 0 0 1 4.3515520095825195 6.399804592132568 0
<unk> 0 1 5 4.603203773498535 0.6271913051605225 5.772613286972046
<unk> 0 2 5 1.0968655347824097 5.481142997741699 0
<unk> 0 3 5 2.573467254638672 3.4270660877227783 2.054076910018921
<unk> 0 4 5 2.2043402194976807 2.935762405395508 0.4913036823272705
= 0 5 1 0.6913151741027832 2.4932985305786133 0.44246387481689453
<eos> 0 6 5 17.65564727783203 1.3424034118652344 1.150895118713379
= 0 7 1 12.14512825012207 1.5736594200134277 0
<unk> 0 8 5 1.05269193649292 2.558314800262451 0
<unk> 0 9 5 0.3555459976196289 2.5280094146728516 0.03030538558959961
<unk> 0 10 5 0.8485239148139954 2.968736410140991 0
<unk> 0 11 5 1.6397541761398315 2.387293577194214 0.5814428329467773
= 0 12 1 0.42200416326522827 1.6265238523483276 0.7607697248458862
<eos> 0 13 5 17.975383758544922 1.7750459909439087 0
<unk> 0 14 5 0.2656761407852173 1.8619384765625 0
<unk> 0 15 5 0.2494216412305832 1.6199407577514648 0.24199771881103516
<unk> 0 16 5 0.750694751739502 2.4711809158325195 0
<unk> 0 17 5 1.3096548318862915 2.7197799682617188 0
took 0 18 4 12.94638442993164 2.5594396591186523 0.1603403091430664
place 0 19 5 4.7617316246032715 4.972412109375 0
on 0 20 2 2.075566530227661 2.41503643989563 2.55737566947937
<unk> 0 21 5 0.2394164353609085 1.0706393718719482 1.3443970680236816
<unk> 0 22 5 0.21235314011573792 0.8402500152587891 0.23038935661315918
<unk> 0 23 5 0.28671300411224365 0.7720187306404114 0.06823128461837769
. 0 24 1 1.8783862590789795 2.5841856002807617 0
<eos> 0 25 5 0.06018020585179329 0.25736552476882935 2.3268200755119324
<unk> 0 26 5 2.729862689971924 6.112111568450928 0
annually 0 27 8 15.84035873413086 7.374300956726074 0
, 0 28 1 7.794604778289795 9.279559135437012 0
the 0 29 3 3.7904372215270996 7.460527420043945 1.8190317153930664
event 0 30 5 8.995680809020996 8.822915077209473 0
is 0 31 2 4.300485134124756 5.729148864746094 3.093766212463379
a 0 32 1 3.1212663650512695 7.846177577972412 0
side 0 33 4 11.194097518920898 9.410263061523438 0
<unk> 0 34 5 0.4850185513496399 3.095792055130005 6.314471006393433
by 0 35 2 1.559880018234253 4.677435398101807 0
<unk> 0 36 5 0.05532066896557808 0.48326200246810913 4.1941733956336975
side 0 37 4 0.02927290089428425 0.290934681892395 0.1923273205757141
rowing 0 38 6 0.20759274065494537 1.6723403930664062 0
race 0 39 4 1.0174988508224487 2.559335708618164 0
between 0 40 7 0.04976215213537216 0.3983941674232483 2.1609415411949158
crews 0 41 5 0.14741814136505127 0.6702412962913513 0
from 0 42 4 0.2602717876434326 1.4463697671890259 0
the 0 43 3 0.3534339964389801 1.9060941934585571 0
<unk> 0 44 5 4.183666706085205 1.6572387218475342 0.24885547161102295
of 0 45 2 9.66884708404541 6.267529487609863 0
<unk> 0 46 5 0.4030943512916565 1.3894556760787964 4.878073811531067
and 0 47 3 0.6465253829956055 2.7156991958618164 0
<unk> 0 48 5 0.9704830050468445 2.153531551361084 0.5621676445007324
along 0 49 5 4.915927410125732 5.446104049682617 0
the 0 50 3 0.23563271760940552 1.2913881540298462 4.154715895652771
<unk> 0 51 5 1.7397875785827637 3.869553565979004 0
<unk> 0 52 5 4.2647705078125 2.8710639476776123 0.9984896183013916
. 0 53 1 4.569056034088135 4.441059112548828 0
<eos> 0 54 5 0.07726851850748062 0.30821624398231506 4.132842868566513
<unk> 0 55 5 2.6709814071655273 6.037717819213867 0
won 0 56 3 7.720394611358643 7.362442493438721 0
the 0 57 3 0.8717291951179504 3.5079782009124756 3.854464292526245
race 0 58 4 5.303038120269775 6.369065761566162 0
. 0 59 1 5.95294713973999 5.02360200881958 1.345463752746582
<eos> 0 60 5 0.054990433156490326 0.24281561374664307 4.780786395072937
<unk> 0 61 5 2.661555290222168 6.0660786628723145 0
's 0 62 2 3.5829763412475586 7.37913703918457 0
crew 0 63 4 8.660371780395508 10.29603385925293 0
featured 0 64 8 10.24800968170166 7.361474990844727 2.934558868408203
the 0 65 3 3.192838668823242 6.921821594238281 0.4396533966064453
oldest 0 66 6 11.71837329864502 9.380467414855957 0
competitor 0 67 10 14.523209571838379 9.281586647033691 0.09888076782226562
in 0 68 2 1.8254239559173584 4.463836669921875 4.817749977111816
<unk> 0 69 5 2.4103147983551025 3.4465198516845703 1.0173168182373047
<unk> 0 70 5 2.631857395172119 5.708662509918213 0
history 0 71 7 7.152034759521484 4.386125564575195 1.3225369453430176
. 0 72 1 2.0025274753570557 3.161060094833374 1.2250654697418213
<eos> 0 73 5 0.06392249464988708 0.2691216766834259 2.891938418149948
<unk> 0 74 5 2.667280435562134 6.05759334564209 0
race 0 75 4 15.860159873962402 7.3844218254089355 0
took 0 76 4 5.72469425201416 7.3869781494140625 0
place 0 77 5 0.46167564392089844 2.3295607566833496 5.057417392730713
in 0 78 2 1.3722288608551025 3.2895867824554443 0
very 0 79 4 13.94498348236084 2.448368549346924 0.8412182331085205
difficult 0 80 9 7.984562873840332 6.311755180358887 0
weather 0 81 7 3.46004056930542 6.089934349060059 0.22182083129882812
conditions 0 82 10 1.5535247325897217 4.812677383422852 1.277256965637207
– 0 83 1 8.495697021484375 4.628366470336914 0.1843109130859375
strong 0 84 6 11.357523918151855 8.085156440734863 0
winds 0 85 5 3.285768508911133 8.555560111999512 0
and 0 86 3 2.5965280532836914 6.074895858764648 2.4806642532348633
heavy 0 87 5 4.877044200897217 8.313228607177734 0
rain 0 88 4 0.9074960350990295 2.6681251525878906 5.645103454589844
– 0 89 1 7.071258068084717 6.178815841674805 0
resulting 0 90 9 9.77322006225586 8.010538101196289 0
in 0 91 2 0.47374749183654785 1.3034415245056152 6.707096576690674
the 0 92 3 3.155958652496338 6.8617048263549805 0
slowest 0 93 7 13.505619049072266 8.678289413452148 0
winning 0 94 7 9.078718185424805 8.381461143493652 0.2968282699584961
time 0 95 4 2.1255338191986084 4.8522443771362305 3.529216766357422
in 0 96 2 1.8104848861694336 4.133738994598389 0.7185053825378418
over 0 97 4 10.75135326385498 3.541208028793335 0.5925309658050537
sixty 0 98 5 9.223015785217285 3.09559965133667 0.44560837745666504
years 0 99 5 1.2645320892333984 2.314605951309204 0.7809937000274658
. 0 100 1 0.5128633975982666 2.1133925914764404 0.20121335983276367
<eos> 0 101 5 0.06536715477705002 0.27273455262184143 1.840658038854599
<unk> 0 102 5 2.6647486686706543 6.044191360473633 0
won 0 103 3 7.730600833892822 7.395537376403809 0
by 0 104 2 5.8186354637146 3.5189871788024902 3.8765501976013184
six 0 105 3 5.330380916595459 4.925215721130371 0
lengths 0 106 7 2.6550076007843018 2.8651933670043945 2.0600223541259766
, 0 107 1 2.1950323581695557 3.803406238555908 0
the 0 108 3 5.881041526794434 5.828310489654541 0
largest 0 109 7 6.0656962394714355 6.134161472320557 0
margin 0 110 6 1.0860017538070679 4.518043518066406 1.6161179542541504
of 0 111 2 1.532571792602539 3.9508490562438965 0.5671944618225098
victory 0 112 7 0.41019096970558167 1.9757835865020752 1.9750654697418213
since 0 113 5 4.356696128845215 4.071432113647461 0
the 0 114 3 1.9947565793991089 2.0071520805358887 2.0642800331115723
<unk> 0 115 5 0.8603081107139587 4.844173908233643 0
race 0 116 4 4.809844493865967 5.646368980407715 0
. 0 117 1 1.1742864847183228 3.445436716079712 2.200932264328003
<eos> 0 118 5 0.06294567883014679 0.2649609446525574 3.1804757714271545
<unk> 0 119 5 2.6575708389282227 6.074103832244873 0
's 0 120 2 3.5927066802978516 7.372421741485596 0
<unk> 0 121 5 3.4273664951324463 10.291882514953613 0
beat 0 122 4 12.142101287841797 7.149968147277832 3.1419143676757812
<unk> 0 123 5 1.1310348510742188 4.788005828857422 2.36196231842041
's 0 124 2 4.521242141723633 5.359148025512695 0
<unk> 0 125 5 1.2251107692718506 6.65566873550415 0
in 0 126 2 4.731173992156982 4.7372941970825195 1.9183745384216309
the 0 127 3 1.253251314163208 3.770397424697876 0.9668967723846436
reserve 0 128 7 13.05404281616211 6.238683223724365 0
race 0 129 4 3.0458734035491943 6.374883651733398 0
, 0 130 1 1.5056655406951904 4.15407657623291 2.2208070755004883
while 0 131 5 5.551129341125488 5.525696277618408 0
<unk> 0 132 5 0.8081506490707397 3.3251166343688965 2.2005796432495117
won 0 133 3 3.5342297554016113 6.180972576141357 0
the 0 134 3 0.8799264430999756 3.1840667724609375 2.99690580368042
<unk> 0 135 5 2.3585784435272217 5.913242816925049 0
's 0 136 2 7.987292766571045 5.263522624969482 0.6497201919555664
<unk> 0 137 5 1.3890310525894165 6.049961090087891 0
<unk> 0 138 5 1.4759055376052856 5.674637317657471 0.3753237724304199
. 0 139 1 4.264660835266113 5.656309604644775 0.018327713012695312
<eos> 0 140 5 0.07197128981351852 0.29530903697013855 5.361000567674637
= 0 141 1 3.833542823791504 6.060373306274414 0
= 0 142 1 0.0937126874923706 0.6544368267059326 5.4059364795684814
<unk> 0 143 5 5.622825622558594 5.568918228149414 0
= 0 144 1 1.9168002605438232 6.857897758483887 0
= 0 145 1 0.0012657528277486563 0.015414882451295853 6.842482876032591
<eos> 0 146 5 20.1099796295166 4.888771057128906 0
<unk> 0 147 5 1.4498604536056519 6.067625045776367 0
<unk> 0 148 5 2.4899401664733887 6.654888153076172 0
<unk> 0 149 5 2.6030757427215576 5.894696235656738 0.7601919174194336
is 0 150 2 4.382101535797119 5.540236949920654 0.354459285736084
a 0 151 1 1.6028412580490112 5.5566606521606445 0
side 0 152 4 13.327040672302246 8.482292175292969 0
<unk> 0 153 5 0.6295802593231201 3.919628858566284 4.562663316726685
by 0 154 2 2.4462180137634277 3.8465826511383057 0.07304620742797852
<unk> 0 155 5 0.035370662808418274 0.3202415406703949 3.5263411104679108
side 0 156 4 0.2497105449438095 1.936261534690857 0
rowing 0 157 6 4.008604526519775 7.582161903381348 0
competition 0 158 11 4.308625221252441 4.131021022796631 3.451140880584717
between 0 159 7 0.29664936661720276 1.679903268814087 2.451117753982544
the 0 160 3 0.8026581406593323 2.8564441204071045 0
<unk> 0 161 5 1.2685357332229614 4.172778129577637 0
of 0 162 2 10.947785377502441 5.464397430419922 0
<unk> 0 163 5 0.7720699906349182 1.7234313488006592 3.7409660816192627
( 0 164 1 5.746430397033691 1.9492731094360352 0
sometimes 0 165 9 2.596622943878174 3.032588005065918 0
referred 0 166 8 0.2601313292980194 1.2737963199615479 1.7587916851043701
to 0 167 2 0.003302068682387471 0.03463660925626755 1.2391597107052803
as 0 168 2 0.02756672538816929 0.20266281068325043 0
the 0 169 3 0.2991259694099426 1.449892520904541 0
" 0 170 1 0.997626006603241 3.626702070236206 0
<unk> 0 171 5 2.4938833713531494 4.622700214385986 0
<unk> 0 172 5 2.0353870391845703 6.090490341186523 0
" 0 173 1 1.0364279747009277 3.837980031967163 2.2525103092193604
) 0 174 1 0.21667052805423737 1.134465217590332 2.703514814376831
and 0 175 3 0.3936917185783386 1.4808411598205566 0
the 0 176 3 0.24843649566173553 1.4574968814849854 0.02334427833557129
<unk> 0 177 5 0.9995576739311218 5.05639123916626 0
of 0 178 2 8.69060230255127 6.299032211303711 0
<unk> 0 179 5 1.2882986068725586 2.1199865341186523 4.179045677185059
( 0 180 1 2.17342472076416 4.620072364807129 0
sometimes 0 181 9 2.699786424636841 3.5684683322906494 1.0516040325164795
referred 0 182 8 0.3094698190689087 1.5208516120910645 2.047616720199585
to 0 183 2 0.0026555464137345552 0.028293251991271973 1.4925583600997925
as 0 184 2 0.02423151396214962 0.17527039349079132 0
the 0 185 3 0.23059703409671783 1.0617034435272217 0
" 0 186 1 0.6642520427703857 3.046158790588379 0
<unk> 0 187 5 2.070862293243408 5.872099876403809 0
<unk> 0 188 5 2.5477137565612793 6.811772346496582 0
" 0 189 1 0.8184915781021118 3.7890625 3.022709846496582
) 0 190 1 0.13778698444366455 0.9888143539428711 2.800248146057129
. 0 191 1 0.3749276399612427 1.676661729812622 0
<eos> 0 192 5 0.06460216641426086 0.2725648581981659 1.4040968716144562
<unk> 0 193 5 2.671020030975342 6.039562225341797 0
held 0 194 4 10.094456672668457 7.379415035247803 0
in 0 195 2 6.6676764488220215 5.125561237335205 2.2538537979125977
<unk> 0 196 5 1.363525152206421 4.777085304260254 0.34847593307495117
, 0 197 1 2.392223596572876 5.525635242462158 0
the 0 198 3 4.275506496429443 5.034785747528076 0.49084949493408203
race 0 199 4 9.226249694824219 8.246471405029297 0
takes 0 200 5 10.514525413513184 6.124067306518555 2.122404098510742
place 0 201 5 0.19965676963329315 1.2995705604553223 4.824496746063232
on 0 202 2 2.3807573318481445 4.184791088104248 0
the 0 203 3 1.9720960855484009 3.362285614013672 0.8225054740905762
<unk> 0 204 5 1.7428255081176758 7.053040027618408 0
<unk> 0 205 5 1.923781394958496 6.382925510406494 0.6701145172119141
<eos> 0 206 5 3.669029712677002 5.532971382141113 0.8499541282653809
@ 0 207 1 0.01993069238960743 0.1651623249053955 5.367809057235718
<unk> 0 208 5 0.0012382594868540764 0.01654103770852089 0.14862128719687462
<unk> 0 209 5 1.1894898414611816 3.365363121032715 0
mile 0 210 4 0.3243097960948944 1.349294662475586 2.016068458557129
( 0 211 1 0.14294932782649994 0.8188343048095703 0.5304603576660156
<unk> 0 212 5 0.0007291940855793655 0.009716900065541267 0.809117404744029
<unk> 0 213 5 0.10274656862020493 0.43548357486724854 0
<eos> 0 214 5 0.006301421206444502 0.04411374777555466 0.3913698270916939
@ 0 215 1 0.0 1.513439383415971e-05 0.0440986133817205
<unk> 0 216 5 0.00022287230240181088 0.003041229210793972 0
km 0 217 2 0.0034534025471657515 0.029014356434345245 0
) 0 218 1 0.0002311261632712558 0.0029411709401756525 0.026073185494169593
<unk> 0 219 5 6.260882377624512 5.378131866455078 0
<unk> 0 220 5 4.1528706550598145 7.556109428405762 0
on 0 221 2 5.341285705566406 7.229432106018066 0.3266773223876953
the 0 222 3 1.8681994676589966 2.547473669052124 4.681958436965942
<unk> 0 223 5 1.5173410177230835 4.943010330200195 0
<unk> 0 224 5 3.6038951873779297 3.8149685859680176 1.1280417442321777
in 0 225 2 5.349574089050293 5.391711711883545 0
southwest 0 226 9 3.0250566005706787 2.8713366985321045 2.5203750133514404
<unk> 0 227 5 0.06000962853431702 0.48605895042419434 2.38527774810791
. 0 228 1 1.0258641242980957 2.984724521636963 0
<eos> 0 229 5 0.06605518609285355 0.2768706977367401 2.707853823900223
<unk> 0 230 5 2.6769938468933105 6.046750545501709 0
rivalry 0 231 7 19.163827896118164 7.383837699890137 0
is 0 232 2 4.083415508270264 5.356422424316406 2.0274152755737305
a 0 233 1 2.1618218421936035 6.7289628982543945 0
major 0 234 5 3.0317542552948 8.991555213928223 0
point 0 235 5 4.7686686515808105 8.655742645263672 0.3358125686645508
of 0 236 2 0.7221043109893799 1.8883789777755737 6.767363667488098
honour 0 237 6 0.32501688599586487 2.086775064468384 0
between 0 238 7 0.3692481517791748 1.7164983749389648 0.37027668952941895
the 0 239 3 1.1593211889266968 3.019035577774048 0
two 0 240 3 2.8800199031829834 5.770698070526123 0
universities 0 241 12 0.24952349066734314 1.738608479499817 4.032089591026306
and 0 242 3 2.454390525817871 3.3987717628479004 0
followed 0 243 8 7.576207160949707 6.326442241668701 0
throughout 0 244 10 4.9920220375061035 5.3439717292785645 0.9824705123901367
the 0 245 3 0.747843861579895 2.088533401489258 3.2554383277893066
<unk> 0 246 5 2.418450355529785 5.770576000213623 0
<unk> 0 247 5 2.729546308517456 6.425388813018799 0
and 0 248 3 4.252476215362549 5.713390350341797 0.711998462677002
broadcast 0 249 9 9.7107515335083 3.8625597953796387 1.8508305549621582
worldwide 0 250 9 5.680721759796143 7.052057266235352 0
. 0 251 1 0.8700754046440125 2.82978892326355 4.222268342971802
<eos> 0 252 5 0.0601828433573246 0.2571001946926117 2.572688728570938
<unk> 0 253 5 2.67659068107605 6.040504455566406 0
went 0 254 4 8.510506629943848 7.388142108917236 0
into 0 255 4 3.5302577018737793 3.036295175552368 4.351846933364868
the 0 256 3 1.045587182044983 4.3310933113098145 0
race 0 257 4 1.7364028692245483 6.383591651916504 0
as 0 258 2 1.6704137325286865 4.549931049346924 1.83366060256958
reigning 0 259 8 0.14106154441833496 0.8043002486228943 3.7456308007240295
champions 0 260 9 0.02414356917142868 0.18382056057453156 0.6204796880483627
, 0 261 1 0.8591207265853882 2.916438579559326 0
having 0 262 6 0.613276481628418 2.8984410762786865 0.01799750328063965
beaten 0 263 6 5.346736907958984 2.654574394226074 0.2438666820526123
<unk> 0 264 5 0.7856938242912292 2.6692068576812744 0
by 0 265 2 4.424540042877197 4.092312335968018 0
over 0 266 4 8.357979774475098 4.591190338134766 0
a 0 267 1 3.681804656982422 3.7465078830718994 0.8446824550628662
length 0 268 6 4.079984188079834 5.528998851776123 0
in 0 269 2 3.553799867630005 3.8311984539031982 1.6978003978729248
the 0 270 3 0.9318158030509949 3.460256576538086 0.3709418773651123
previous 0 271 8 1.3884750604629517 4.469377040863037 0
year 0 272 4 1.1144475936889648 3.72737717628479 0.7419998645782471
's 0 273 2 0.9374649524688721 2.4523210525512695 1.2750561237335205
race 0 274 4 0.2563256025314331 1.7440974712371826 0.7082235813140869
and 0 275 3 5.299861431121826 3.1941158771514893 0
the 0 276 3 3.420140504837036 7.0755181312561035 0
overall 0 277 7 7.242467403411865 6.1469268798828125 0.928591251373291
lead 0 278 4 5.984292984008789 7.239768028259277 0
, 0 279 1 4.011806488037109 5.142541408538818 2.097226619720459
with 0 280 4 3.41682767868042 6.359344482421875 0
<unk> 0 281 5 0.49809199571609497 2.330869197845459 4.028475284576416
victories 0 282 9 2.0319983959198 4.588850975036621 0
to 0 283 2 3.6610236167907715 4.24370813369751 0.34514284133911133
<unk> 0 284 5 0.27966299653053284 1.7465150356292725 2.4971930980682373
's 0 285 2 0.24119938910007477 1.42218017578125 0.32433485984802246
<unk> 0 286 5 0.336007297039032 2.4650869369506836 0
. 0 287 1 2.149557590484619 4.0437750816345215 0
<eos> 0 288 5 0.06090104952454567 0.25959932804107666 3.784175753593445
<unk> 0 289 5 2.6545729637145996 6.037495136260986 0
race 0 290 4 15.925524711608887 7.391346454620361 0
was 0 291 3 3.332119941711426 7.385461807250977 0.005884647369384766
sponsored 0 292 9 9.46064567565918 6.253183364868164 1.1322784423828125
by 0 293 2 0.1583367884159088 0.9045394659042358 5.348643898963928
<unk> 0 294 5 0.8692359924316406 2.998913049697876 0
for 0 295 3 5.969271659851074 5.1670002937316895 0
the 0 296 3 1.3488681316375732 5.0918354988098145 0.075164794921875
fourth 0 297 6 7.298163414001465 5.949656009674072 0
time 0 298 4 1.1528726816177368 4.041191101074219 1.9084649085998535
. 0 299 1 2.8100533485412598 3.4945192337036133 0.5466718673706055
<eos> 0 300 5 0.062384314835071564 0.2644471824169159 3.2300720512866974
<unk> 0 301 5 2.65453839302063 6.056432247161865 0
first 0 302 5 9.720746040344238 7.380232334136963 0
<unk> 0 303 5 6.631110191345215 8.070056915283203 0
's 0 304 2 8.535370826721191 7.459834098815918 0.6102228164672852
<unk> 0 305 5 3.7980098724365234 10.640384674072266 0
<unk> 0 306 5 2.102864980697632 8.506961822509766 2.1334228515625
took 0 307 4 9.807860374450684 7.97880220413208 0.5281596183776855
place 0 308 5 5.4330735206604 5.696884632110596 2.2819175720214844
in 0 309 2 1.1460537910461426 3.4792375564575195 2.217647075653076
<unk> 0 310 5 0.975817084312439 3.278010606765747 0.20122694969177246
, 0 311 1 1.7543178796768188 4.4409708976745605 0
but 0 312 3 4.181160926818848 5.2607197761535645 0
did 0 313 3 5.944977760314941 6.6420183181762695 0
not 0 314 3 0.1570848971605301 1.2948979139328003 5.347120404243469
become 0 315 6 7.750107765197754 7.945640563964844 0
an 0 316 2 3.8103787899017334 5.200505256652832 2.7451353073120117
annual 0 317 6 10.318549156188965 7.360751628875732 0
fixture 0 318 7 2.9000608921051025 8.109374046325684 0
until 0 319 5 1.6937416791915894 3.7455673217773438 4.36380672454834
the 0 320 3 2.2276623249053955 3.3268179893493652 0.4187493324279785
1960s 0 321 5 4.933560371398926 6.049455165863037 0
. 0 322 1 0.40732651948928833 1.517490029335022 4.531965136528015
<eos> 0 323 5 0.0704357773065567 0.2887050211429596 1.2287850081920624
<unk> 0 324 5 2.6751556396484375 6.068327903747559 0
<unk> 0 325 5 2.415130376815796 7.388227462768555 0
, 0 326 1 2.670949697494507 6.264247417449951 1.1239800453186035
the 0 327 3 3.046645164489746 5.729154586791992 0.535092830657959
contest 0 328 7 16.238378524780273 8.54720687866211 0
was 0 329 3 5.289892196655273 5.35321044921875 3.1939964294433594
conducted 0 330 9 8.21790885925293 8.129827499389648 0
as 0 331 2 5.284438133239746 3.9854867458343506 4.144340753555298
part 0 332 4 4.253326416015625 4.185629367828369 0
of 0 333 2 0.003486515488475561 0.03503112867474556 4.150598239153624
the 0 334 3 0.9710800647735596 2.6961851119995117 0
<unk> 0 335 5 1.5208990573883057 7.415116786956787 0
<unk> 0 336 5 1.9859813451766968 7.683988571166992 0
<unk> 0 337 5 1.9565544128417969 7.333779335021973 0.35020923614501953
, 0 338 1 5.212118625640869 7.59822940826416 0
but 0 339 3 5.352181434631348 5.758023262023926 1.8402061462402344
as 0 340 2 7.9062957763671875 6.751990795135498 0
of 0 341 2 4.164433479309082 4.945901393890381 1.8060894012451172
the 0 342 3 4.936020374298096 1.1095558404922485 3.8363455533981323
<unk> 0 343 5 1.170190691947937 5.190170764923096 0
race 0 344 4 6.275716781616211 5.524392127990723 0
, 0 345 1 0.4088013768196106 2.193195104598999 3.3311970233917236
it 0 346 2 2.9437732696533203 4.443587303161621 0
is 0 347 2 3.3264224529266357 3.6246044635772705 0.8189828395843506
held 0 348 4 4.846904277801514 6.4068803787231445 0
on 0 349 2 2.833767890930176 3.7261667251586914 2.680713653564453
the 0 350 3 1.2351834774017334 3.1801133155822754 0.546053409576416
<unk> 0 351 5 1.1485894918441772 5.688693046569824 0
<unk> 0 352 5 1.5078860521316528 5.930922031402588 0
, 0 353 1 3.908673048019409 5.896063327789307 0.03485870361328125
on 0 354 2 7.712831497192383 2.5144286155700684 3.3816347122192383
the 0 355 3 0.9214445352554321 2.4677367210388184 0.04669189453125
same 0 356 4 4.8752264976501465 5.27854585647583 0
day 0 357 3 0.27230486273765564 1.5886242389678955 3.6899216175079346
as 0 358 2 0.9505907893180847 3.240452766418457 0
the 0 359 3 0.5275231599807739 2.472874879837036 0.7675778865814209
men 0 360 3 10.088231086730957 6.1744771003723145 0
's 0 361 2 0.03393981233239174 0.2705087661743164 5.903968334197998
main 0 362 4 3.6024460792541504 6.703494548797607 0
and 0 363 3 4.513442516326904 4.345521450042725 2.357973098754883
reserve 0 364 7 1.8883447647094727 6.505941390991211 0
races 0 365 5 1.2619316577911377 5.335903167724609 1.1700382232666016
. 0 366 1 0.5650029182434082 2.352179527282715 2.9837236404418945
<eos> 0 367 5 0.07452499866485596 0.3013535737991333 2.0508259534835815
<unk> 0 368 5 2.6539053916931152 6.049599647521973 0
reserve 0 369 7 17.13666343688965 7.367101192474365 0
race 0 370 4 10.642471313476562 8.468706130981445 0
, 0 371 1 4.177412986755371 7.164930820465088 1.3037753105163574
contested 0 372 9 7.443267345428467 6.788837432861328 0.37609338760375977
between 0 373 7 3.8720450401306152 2.8472952842712402 3.941542148590088
<unk> 0 374 5 0.426861047744751 1.787179946899414 1.0601153373718262
's 0 375 2 5.8919219970703125 2.5760178565979004 0
<unk> 0 376 5 1.0074317455291748 5.516214370727539 0
boat 0 377 4 1.7532434463500977 4.471182823181152 1.0450315475463867
and 0 378 3 0.8090448379516602 2.8820998668670654 1.589082956314087
<unk> 0 379 5 0.9434170722961426 2.7613141536712646 0.12078571319580078
's 0 380 2 2.2691638469696045 5.425253391265869 0
<unk> 0 381 5 0.9564779996871948 5.196005344390869 0.229248046875
boat 0 382 4 1.0344935655593872 3.8180530071258545 1.3779523372650146
has 0 383 3 11.120604515075684 3.4736433029174805 0.344409704208374
been 0 384 4 1.3900792598724365 5.261345386505127 0
held 0 385 4 2.0591208934783936 6.799874782562256 0
since 0 386 5 2.740894317626953 4.1175689697265625 2.6823058128356934
<unk> 0 387 5 0.696975588798523 2.3952112197875977 1.7223577499389648
. 0 388 1 1.6178587675094604 3.0479257106781006 0
<eos> 0 389 5 0.06128086894750595 0.261294960975647 2.7866307497024536
<unk> 0 390 5 2.667665481567383 6.042801856994629 0
usually 0 391 7 12.608261108398438 7.376583576202393 0
takes 0 392 5 5.430535316467285 9.68462085723877 0
place 0 393 5 4.891261100769043 6.70036506652832 2.984255790710449
on 0 394 2 3.1716339588165283 4.433075904846191 2.267289161682129
the 0 395 3 1.634816288948059 5.987421989440918 0
<unk> 0 396 5 2.627081871032715 8.529312133789062 0
, 0 397 1 3.0967512130737305 7.439336776733398 1.089975357055664
prior 0 398 5 12.338412284851074 6.379143238067627 1.0601935386657715
to 0 399 2 0.012594703584909439 0.1220238208770752 6.257119417190552
the 0 400 3 0.9677601456642151 4.512735366821289 0
main 0 401 4 8.762571334838867 9.026753425598145 0
<unk> 0 402 5 3.980175256729126 7.681153774261475 1.34559965133667
<unk> 0 403 5 3.544283151626587 8.311195373535156 0
. 0 404 1 3.9595043659210205 7.6125807762146 0.6986145973205566
<eos> 0 405 5 0.06375186890363693 0.26893529295921326 7.343645483255386
= 0 406 1 3.7918763160705566 6.051458358764648 0
= 0 407 1 0.09434545040130615 0.6575884222984314 5.393869936466217
<unk> 0 408 5 5.628535270690918 5.563079357147217 0
= 0 409 1 1.9175653457641602 6.868409156799316 0
= 0 410 1 0.0013016652083024383 0.015803463757038116 6.852605693042278
<eos> 0 411 5 20.108840942382812 4.888743877410889 0
<unk> 0 412 5 1.4445000886917114 6.0581183433532715 0
's 0 413 2 4.033909797668457 6.647215366363525 0
crew 0 414 4 9.73022747039795 10.216723442077637 0
weighed 0 415 7 7.22969913482666 6.625601291656494 3.5911221504211426
an 0 416 2 5.489705562591553 4.196802139282227 2.4287991523742676
average 0 417 7 0.46161797642707825 2.366480827331543 1.8303213119506836
of 0 418 2 0.05883733183145523 0.5057084560394287 1.8607723712921143
<unk> 0 419 5 0.10018476843833923 0.6858807802200317 0
pounds 0 420 6 6.6055192947387695 0.7346130609512329 0
( 0 421 1 0.1316753476858139 0.8280560970306396 0
<unk> 0 422 5 0.0013676454545930028 0.017343658953905106 0.8107124380767345
<unk> 0 423 5 1.7850698232650757 1.1032780408859253 0
<eos> 0 424 5 0.011843509040772915 0.0771058201789856 1.0261722207069397
@ 0 425 1 1.1006847671524156e-05 0.00015305643319152296 0.07695276374579407
<unk> 0 426 5 0.00017059670062735677 0.0022682149428874254 0
kg 0 427 2 0.0033212865237146616 0.031247880309820175 0
) 0 428 1 0.008290976285934448 0.056860439479351044 0
more 0 429 4 7.874051094055176 3.5685415267944336 0
per 0 430 3 11.103060722351074 0.29118672013282776 3.277354806661606
<unk> 0 431 5 2.8984744548797607 5.316437244415283 0
than 0 432 4 1.4929635524749756 4.093136310577393 1.2233009338378906
their 0 433 5 3.7874789237976074 4.623355388641357 0
opponents 0 434 9 1.4255201816558838 5.447566032409668 0
, 0 435 1 1.6489282846450806 2.547780990600586 2.899785041809082
and 0 436 3 1.8670518398284912 5.304930210113525 0
featured 0 437 8 12.96091079711914 6.154597759246826 0
the 0 438 3 2.9931790828704834 6.092862606048584 0.06173515319824219
oldest 0 439 6 10.959753036499023 8.472429275512695 0
competitor 0 440 10 13.231128692626953 9.01292896270752 0
in 0 441 2 1.7862392663955688 4.671220779418945 4.341708183288574
<unk> 0 442 5 2.8024847507476807 3.9385316371917725 0.7326891422271729
<unk> 0 443 5 2.981778621673584 5.569091320037842 0
history 0 444 7 5.645410537719727 4.863659858703613 0.7054314613342285
in 0 445 2 5.220208644866943 2.6626131534576416 2.2010467052459717
<unk> 0 446 5 1.354233980178833 3.021505355834961 0
<unk> 0 447 5 3.682107448577881 3.494002342224121 0
year 0 448 4 7.185224533081055 3.6004085540771484 0
<unk> 0 449 5 2.1751761436462402 1.5555192232131958 2.0448893308639526
old 0 450 3 0.2438081055879593 1.2522306442260742 0.3032885789871216
<unk> 0 451 5 0.5042998790740967 3.667573928833008 0
<unk> 0 452 5 1.4696853160858154 4.232421875 0
<unk> 0 453 5 2.0193347930908203 3.590684175491333 0.641737699508667
. 0 454 1 2.059441328048706 3.760366201400757 0
<eos> 0 455 5 0.07277490198612213 0.29628273844718933 3.4640834629535675
<unk> 0 456 5 2.6433098316192627 6.054843425750732 0
crew 0 457 4 15.096728324890137 7.3817291259765625 0
consisted 0 458 9 8.28488826751709 7.731899738311768 0
of 0 459 2 0.10006362944841385 0.7717238664627075 6.96017587184906
six 0 460 3 6.211555004119873 5.556972503662109 0
<unk> 0 461 5 2.341550827026367 7.6730828285217285 0
, 0 462 1 3.784212589263916 5.882486820220947 1.7905960083007812
two 0 463 3 3.7009525299072266 5.854219436645508 0.028267383575439453
<unk> 0 464 5 1.0871808528900146 5.753072261810303 0.10114717483520508
and 0 465 3 2.611656904220581 3.418923854827881 2.334148406982422
an 0 466 2 6.259984016418457 3.9322195053100586 0
<unk> 0 467 5 0.8820508718490601 4.219508171081543 0
, 0 468 1 3.752777099609375 4.9276885986328125 0
while 0 469 5 4.710201740264893 6.163616180419922 0
<unk> 0 470 5 2.3430447578430176 4.639801025390625 1.5238151550292969
's 0 471 2 5.0976881980896 5.201542854309082 0
comprised 0 472 9 15.5164155960083 8.262755393981934 0
four 0 473 4 4.166932106018066 5.232461452484131 3.0302939414978027
<unk> 0 474 5 1.6190502643585205 7.072240352630615 0
, 0 475 1 4.194274425506592 4.301086902618408 2.771153450012207
three 0 476 5 4.906275749206543 5.389527797698975 0
<unk> 0 477 5 0.8174940943717957 4.421123027801514 0.9684047698974609
, 0 478 1 2.7084639072418213 2.9883642196655273 1.4327588081359863
an 0 479 2 9.092338562011719 3.582822322845459 0
<unk> 0 480 5 0.677512526512146 3.817538022994995 0
and 0 481 3 3.097353935241699 3.710031032562256 0.10750699043273926
a 0 482 1 2.0943663120269775 4.059340476989746 0
<unk> 0 483 5 0.9820855855941772 5.23551607131958 0
. 0 484 1 1.749071717262268 3.819467306137085 1.4160487651824951
<eos> 0 485 5 0.07338568568229675 0.298152357339859 3.521314948797226
<unk> 0 486 5 2.659862995147705 6.031678199768066 0
<unk> 0 487 5 2.4138245582580566 7.3685197830200195 0
, 0 488 1 2.66556453704834 6.255241394042969 1.1132783889770508
<unk> 0 489 5 2.621070623397827 5.738500118255615 0.5167412757873535
<unk> 0 490 5 1.1754971742630005 4.297396659851074 1.441103458404541
and 0 491 3 2.403599262237549 2.8042752742767334 1.4931213855743408
<unk> 0 492 5 0.24316701292991638 1.9049617052078247 0.8993135690689087
<unk> 0 493 5 0.20938271284103394 1.7941433191299438 0.11081838607788086
, 0 494 1 2.4840927124023438 6.134109973907471 0
were 0 495 4 2.8087682723999023 7.437063694000244 0
former 0 496 6 10.648962020874023 8.905486106872559 0
<unk> 0 497 5 1.7456047534942627 6.896325588226318 2.0091605186462402
, 0 498 1 4.407796859741211 7.844139099121094 0
while 0 499 5 5.6038126945495605 6.2677083015441895 1.5764307975769043
<unk> 0 500 5 0.8379297852516174 4.22254753112793 2.0451607704162598
also 0 501 4 7.403441905975342 5.9821295738220215 0
saw 0 502 3 7.900247097015381 7.292144298553467 0
<unk> 0 503 5 2.3033690452575684 5.0595221519470215 2.2326221466064453
<unk> 0 504 5 3.2175257205963135 6.712985038757324 0
year 0 505 4 6.98984432220459 6.08264684677124 0.630338191986084
<unk> 0 506 5 0.6531199216842651 4.588222026824951 1.494424819946289
old 0 507 3 0.08837984502315521 0.6138545274734497 3.9743674993515015
<unk> 0 508 5 0.5696793794631958 4.172911167144775 0
<unk> 0 509 5 0.7780426144599915 4.251185417175293 0
return 0 510 6 12.538049697875977 5.054140090942383 0
, 0 511 1 4.3146867752075195 4.261977672576904 0.7921624183654785
having 0 512 6 7.460498809814453 7.070972919464111 0
rowed 0 513 5 7.842198371887207 7.026048183441162 0.04492473602294922
in 0 514 2 1.873345136642456 3.003502368927002 4.02254581451416
<unk> 0 515 5 2.308655261993408 3.2192578315734863 0
. 0 516 1 3.770632743835449 4.630780220031738 0
<eos> 0 517 5 0.06913980096578598 0.2876856029033661 4.343094617128372
<unk> 0 518 5 2.6588008403778076 6.05949592590332 0
's 0 519 2 3.5981991291046143 7.380861282348633 0
boat 0 520 4 11.742206573486328 10.287665367126465 0
club 0 521 4 8.287538528442383 6.3984551429748535 3.8892102241516113
president 0 522 9 5.580162525177002 6.663376808166504 0
<unk> 0 523 5 0.7162376642227173 3.27469539642334 3.388681411743164
<unk> 0 524 5 0.3959040939807892 2.7198727130889893 0.5548226833343506
<unk> 0 525 5 3.4927213191986084 6.873732566833496 0
was 0 526 3 3.6230952739715576 7.130784511566162 0
the 0 527 3 3.7411317825317383 8.415168762207031 0
seventh 0 528 7 10.015324592590332 6.514034271240234 1.9011344909667969
<unk> 0 529 5 2.1931145191192627 6.554266929626465 0
<unk> 0 530 5 3.726954936981201 6.823516845703125 0
president 0 531 9 6.468260765075684 6.16798734664917 0.6555294990539551
not 0 532 3 9.447343826293945 3.5034303665161133 2.6645569801330566
to 0 533 2 1.1961930990219116 5.516247749328613 0
row 0 534 3 14.824406623840332 7.195060729980469 0
in 0 535 2 3.2945120334625244 5.763073921203613 1.4319868087768555
his 0 536 3 6.065457820892334 3.5813193321228027 2.1817545890808105
own 0 537 3 5.443297863006592 8.361808776855469 0
<unk> 0 538 5 4.0647053718566895 8.491677284240723 0
<unk> 0 539 5 2.4101250171661377 7.302252769470215 1.1894245147705078
. 0 540 1 4.440951347351074 6.370567798614502 0.9316849708557129
<eos> 0 541 5 0.07754626870155334 0.30968576669692993 6.060882031917572
= 0 542 1 3.797006845474243 6.039097309112549 0
= 0 543 1 0.09467291831970215 0.6597744822502136 5.379322826862335
<unk> 0 544 5 5.6240925788879395 5.576373100280762 0
= 0 545 1 1.9084283113479614 6.848465442657471 0
= 0 546 1 0.001290496438741684 0.01566515862941742 6.832800284028053
<eos> 0 547 5 20.112363815307617 4.880651473999023 0
<unk> 0 548 5 1.4461168050765991 6.059309482574463 0
were 0 549 4 7.667567253112793 6.64461612701416 0
pre 0 550 3 11.842568397521973 8.664665222167969 0
<unk> 0 551 5 0.008123218081891537 0.09909975528717041 8.565565466880798
race 0 552 4 6.856754302978516 7.385132312774658 0
favourites 0 553 10 0.1482132375240326 1.229965329170227 6.155166983604431
, 0 554 1 2.588092565536499 4.395846366882324 0
but 0 555 3 3.4414401054382324 6.016629219055176 0
<unk> 0 556 5 2.6941468715667725 6.374480247497559 0
won 0 557 3 4.6206746101379395 6.661971092224121 0
the 0 558 3 1.0376828908920288 3.885122299194336 2.776848793029785
toss 0 559 4 4.319860458374023 5.164059638977051 0
and 0 560 3 0.3560151755809784 1.6653116941452026 3.498747944831848
elected 0 561 7 0.5497170686721802 3.250856637954712 0
to 0 562 2 0.2362491339445114 1.375898838043213 1.874957799911499
start 0 563 5 0.5852721929550171 2.662052869796753 0
from 0 564 4 2.94045352935791 4.556635856628418 0
the 0 565 3 0.8260271549224854 2.950643301010132 1.6059925556182861
<unk> 0 566 5 2.549776077270508 6.3533830642700195 0
station 0 567 7 4.548886299133301 5.990469455718994 0.3629136085510254
. 0 568 1 1.21759033203125 3.5571460723876953 2.433323383331299
<eos> 0 569 5 0.07401304692029953 0.30165234208106995 3.2554937303066254
<unk> 0 570 5 2.660022735595703 6.061601638793945 0
took 0 571 4 7.98353385925293 7.376220703125 0
an 0 572 2 5.889237880706787 5.734934329986572 1.6412863731384277
early 0 573 5 3.155250072479248 7.3007612228393555 0
lead 0 574 4 2.518669605255127 7.540771961212158 0
, 0 575 1 3.77036190032959 4.537456512451172 3.0033154487609863
but 0 576 3 2.4693350791931152 6.1342082023620605 0
the 0 577 3 3.3206024169921875 6.515305519104004 0
boats 0 578 5 14.855027198791504 8.377211570739746 0
closed 0 579 6 7.963278293609619 7.082154750823975 1.2950568199157715
on 0 580 2 3.530627727508545 5.724123477935791 1.3580312728881836
each 0 581 4 9.075719833374023 3.704470634460449 2.019652843475342
other 0 582 5 2.009840250015259 4.643696308135986 0
, 0 583 1 3.0181663036346436 4.708141326904297 0
and 0 584 3 2.41863751411438 6.488821506500244 0
<unk> 0 585 5 2.2581570148468018 6.420863628387451 0.06795787811279297
<unk> 0 586 5 3.4307444095611572 7.60200309753418 0
<unk> 0 587 5 3.0009047985076904 7.50847864151001 0.09352445602416992
was 0 588 3 4.2541823387146 7.89660120010376 0
forced 0 589 6 4.018886566162109 8.441788673400879 0
to 0 590 2 0.16184522211551666 0.9321914911270142 7.509597182273865
issue 0 591 5 12.1817045211792 7.2618207931518555 0
a 0 592 1 2.655146598815918 5.944382190704346 1.3174386024475098
number 0 593 6 9.825342178344727 9.512611389160156 0
of 0 594 2 0.0865224152803421 0.7203774452209473 8.792233943939209
warnings 0 595 8 5.581336498260498 9.719690322875977 0
to 0 596 2 3.1610865592956543 4.344498634338379 5.375191688537598
both 0 597 4 8.89217758178711 5.645537376403809 0
<unk> 0 598 5 2.1797823905944824 6.358767032623291 0
in 0 599 2 8.60250473022461 2.1133556365966797 4.245411396026611
an 0 600 2 8.456880569458008 3.3554108142852783 0
attempt 0 601 7 2.1557021141052246 6.279714107513428 0
to 0 602 2 0.04374957084655762 0.30739259719848633 5.972321510314941
prevent 0 603 7 4.595944881439209 8.622334480285645 0
a 0 604 1 3.7779250144958496 5.354922771453857 3.267411708831787
collision 0 605 9 5.917123794555664 9.24083137512207 0
. 0 606 1 1.648014783859253 3.9608654975891113 5.279965877532959
<eos> 0 607 5 0.06449773162603378 0.2723572552204132 3.688508242368698
<unk> 0 608 5 2.6661314964294434 6.055789947509766 0
<unk> 0 609 5 2.415705442428589 7.395212173461914 0
<unk> 0 610 5 2.7388744354248047 6.259034633636475 1.1361775398254395
, 0 611 1 3.0943284034729004 6.498496055603027 0
<unk> 0 612 5 2.290872097015381 5.73459005355835 0.7639060020446777
were 0 613 4 12.824942588806152 4.4842047691345215 1.2503852844238281
nearly 0 614 6 11.702021598815918 8.812687873840332 0
a 0 615 1 4.819563388824463 8.00509262084961 0.8075952529907227
length 0 616 6 12.102449417114258 7.852078437805176 0.1530141830444336
ahead 0 617 5 6.473769664764404 4.763301849365234 3.0887765884399414
and 0 618 3 4.628199100494385 2.732786178588867 2.030515670776367
<unk> 0 619 5 2.361049175262451 7.471465587615967 0
responded 0 620 9 10.701454162597656 6.922635078430176 0.548830509185791
; 0 621 1 8.308809280395508 3.60624361038208 3.3163914680480957
by 0 622 2 6.636418342590332 5.619178295135498 0
the 0 623 3 2.0266518592834473 3.851736545562744 1.767441749572754
time 0 624 4 2.620455741882324 3.3237767219543457 0.5279598236083984
the 0 625 3 1.9895915985107422 3.519649028778076 0
crews 0 626 5 9.402097702026367 8.38493537902832 0
passed 0 627 6 5.596615314483643 5.333669185638428 3.0512661933898926
under 0 628 5 8.804783821105957 4.720062732696533 0.6136064529418945
<unk> 0 629 5 2.150325298309326 3.330465793609619 1.389596939086914
<unk> 0 630 5 2.5740575790405273 4.340129375457764 0
they 0 631 4 7.622042655944824 4.248760223388672 0.0913691520690918
were 0 632 4 2.1413159370422363 5.041613578796387 0
level 0 633 5 15.011984825134277 8.461485862731934 0
. 0 634 1 3.3178038597106934 5.728435516357422 2.7330503463745117
<eos> 0 635 5 0.06764836609363556 0.2829916775226593 5.445443838834763
<unk> 0 636 5 2.6486566066741943 6.058610439300537 0
<unk> 0 637 5 2.407900094985962 7.391566753387451 0
<unk> 0 638 5 2.726073741912842 6.268307209014893 1.1232595443725586
<unk> 0 639 5 1.9582260847091675 6.512201309204102 0
moved 0 640 5 11.93649673461914 4.469211101531982 2.042990207672119
ahead 0 641 5 9.664566040039062 5.015650272369385 0
once 0 642 4 14.050712585449219 1.9864422082901 3.0292080640792847
again 0 643 5 2.11271333694458 5.337219715118408 0
, 0 644 1 1.7082196474075317 4.182370185852051 1.1548495292663574
and 0 645 3 2.266306161880493 6.524713516235352 0
were 0 646 4 8.561564445495605 6.948052406311035 0
clear 0 647 5 13.084214210510254 8.548639297485352 0
of 0 648 2 1.542614221572876 4.274938583374023 4.273700714111328
<unk> 0 649 5 2.5222866535186768 2.9879398345947266 1.2869987487792969
after 0 650 5 6.337987422943115 4.825440883636475 0
<unk> 0 651 5 2.889957904815674 6.101356506347656 0
strokes 0 652 7 13.896261215209961 6.7386474609375 0
. 0 653 1 2.2565746307373047 6.022305488586426 0.7163419723510742
<eos> 0 654 5 0.06504792720079422 0.27315959334373474 5.749145895242691
<unk> 0 655 5 2.6545894145965576 6.057370662689209 0
extended 0 656 8 12.94968032836914 7.385179042816162 0
their 0 657 5 5.449092864990234 4.2870869636535645 3.0980920791625977
lead 0 658 4 2.3361048698425293 8.744091987609863 0
to 0 659 2 1.7771326303482056 4.912750244140625 3.8313417434692383
pass 0 660 4 13.27949333190918 3.1711742877960205 1.7415759563446045
the 0 661 3 3.3176238536834717 5.921372890472412 0
finishing 0 662 9 8.228323936462402 7.3208723068237305 0
post 0 663 4 3.3156495094299316 5.592925071716309 1.7279472351074219
in 0 664 2 3.829746723175049 5.017542839050293 0.5753822326660156
<unk> 0 665 5 4.268789768218994 3.793055772781372 1.224487066268921
minutes 0 666 7 4.5507049560546875 4.696918964385986 0
<unk> 0 667 5 7.752529144287109 4.1634087562561035 0.5335102081298828
seconds 0 668 7 0.142830953001976 0.6713230609893799 3.4920856952667236
, 0 669 1 2.1637096405029297 3.8080174922943115 0
six 0 670 3 10.207901000976562 5.554563045501709 0
lengths 0 671 7 8.200770378112793 2.214137315750122 3.340425729751587
and 0 672 3 5.583397388458252 3.5688092708587646 0
<unk> 0 673 5 1.9050806760787964 4.963619709014893 0
seconds 0 674 7 0.951454758644104 3.2758491039276123 1.6877706050872803
ahead 0 675 5 2.638756036758423 4.470280647277832 0
of 0 676 2 0.3653489947319031 1.278193712234497 3.192086935043335
their 0 677 5 5.649875164031982 2.992579936981201 0
opponents 0 678 9 5.1041412353515625 6.879042625427246 0
. 0 679 1 0.5025937557220459 1.8426976203918457 5.0363450050354
<eos> 0 680 5 0.059783924371004105 0.25884848833084106 1.5838491320610046
<unk> 0 681 5 2.6380598545074463 6.04592227935791 0
rain 0 682 4 17.223251342773438 7.37485408782959 0
, 0 683 1 3.747109889984131 7.437253475189209 0
strong 0 684 6 11.966154098510742 7.193902015686035 0.24335145950317383
winds 0 685 5 2.01430082321167 7.295838356018066 0
and 0 686 3 2.98132061958313 3.720709800720215 3.5751285552978516
<unk> 0 687 5 3.217477560043335 7.820525646209717 0
water 0 688 5 11.3149995803833 6.369955539703369 1.4505701065063477
resulted 0 689 8 9.783154487609863 6.965498924255371 0
in 0 690 2 0.03764916583895683 0.23718295991420746 6.728315964341164
the 0 691 3 2.6795198917388916 6.043996810913086 0
slowest 0 692 7 17.58342170715332 7.56869649887085 0
winning 0 693 7 9.07787036895752 8.229616165161133 0
time 0 694 4 2.60160231590271 5.41096305847168 2.818653106689453
for 0 695 3 4.981247901916504 3.6795413494110107 1.731421709060669
over 0 696 4 12.03756332397461 4.288266658782959 0
sixty 0 697 5 10.399392127990723 2.701857805252075 1.5864088535308838
years 0 698 5 1.133068561553955 3.252631425857544 0
, 0 699 1 1.8979647159576416 3.0990099906921387 0.15362143516540527
but 0 700 3 4.135742664337158 6.173437118530273 0
the 0 701 3 2.381826162338257 6.441598415374756 0
largest 0 702 7 8.200791358947754 9.032302856445312 0
margin 0 703 6 6.1454644203186035 8.91901969909668 0.11328315734863281
of 0 704 2 1.743964672088623 4.424746513366699 4.4942731857299805
victory 0 705 7 1.8010036945343018 5.418952465057373 0
since 0 706 5 5.804241180419922 4.329140663146973 1.0898118019104004
the 0 707 3 1.0968213081359863 2.6091034412384033 1.7200372219085693
<unk> 0 708 5 1.7652724981307983 6.99296236038208 0
race 0 709 4 4.056972980499268 6.757243633270264 0.2357187271118164
. 0 710 1 5.6096062660217285 3.478031873703003 3.2792117595672607
<eos> 0 711 5 0.05662216991186142 0.2447868436574936 3.2332450300455093
<unk> 0 712 5 2.634993076324463 6.021042346954346 0
's 0 713 2 3.56791353225708 7.364694595336914 0
<unk> 0 714 5 3.410750150680542 10.289024353027344 0
beat 0 715 4 12.131219863891602 7.15031099319458 3.1387133598327637
<unk> 0 716 5 1.1424436569213867 4.8161845207214355 2.3341264724731445
's 0 717 2 4.522750377655029 5.36501407623291 0
<unk> 0 718 5 1.2393839359283447 6.705856800079346 0
by 0 719 2 9.152658462524414 4.749375820159912 1.9564809799194336
three 0 720 5 6.981293201446533 5.55378532409668 0
<unk> 0 721 5 4.159974098205566 3.918093204498291 1.6356921195983887
and 0 722 3 1.7440553903579712 5.129011631011963 0
<unk> 0 723 5 0.2700759768486023 1.4900628328323364 3.6389487981796265
a 0 724 1 0.2172677218914032 1.53749680519104 0
<unk> 0 725 5 0.0504666306078434 0.46742257475852966 1.0700742304325104
quarter 0 726 7 3.7877707481384277 0.5188230276107788 0
lengths 0 727 7 0.04961077868938446 0.4038201570510864 0.11500287055969238
in 0 728 2 2.5886855125427246 3.545464038848877 0
the 0 729 3 1.495208978652954 3.3659942150115967 0.17946982383728027
reserve 0 730 7 14.478778839111328 4.237532615661621 0
race 0 731 4 5.384003639221191 6.017100811004639 0
. 0 732 1 1.3767940998077393 3.094836711883545 2.9222640991210938
<eos> 0 733 5 0.07032570987939835 0.28746524453163147 2.8073714673519135
<unk> 0 734 5 2.65867280960083 6.053554058074951 0
won 0 735 3 7.728771209716797 7.376792907714844 0
the 0 736 3 0.8769739270210266 3.5207033157348633 3.8560895919799805
44th 0 737 4 15.326218605041504 6.373690605163574 0
running 0 738 7 15.884908676147461 6.692576885223389 0
of 0 739 2 3.1000683307647705 5.941952228546143 0.7506246566772461
the 0 740 3 0.9062591195106506 2.932499885559082 3.0094523429870605
<unk> 0 741 5 2.1529834270477295 6.536230087280273 0
's 0 742 2 8.325050354003906 6.608478546142578 0
<unk> 0 743 5 2.023474931716919 7.698023319244385 0
<unk> 0 744 5 2.2653746604919434 6.647497177124023 1.0505261421203613
by 0 745 2 9.573997497558594 6.437490940093994 0.2100062370300293
half 0 746 4 11.196306228637695 5.707576751708984 0.7299141883850098
a 0 747 1 2.7606916427612305 3.579409599304199 2.128167152404785
length 0 748 6 4.004749774932861 4.281609058380127 0
. 0 749 1 2.7844045162200928 3.9185802936553955 0.36302876472473145
<eos> 0 750 5 0.0722741037607193 0.29688960313796997 3.6216906905174255
= 0 751 1 3.7758750915527344 6.058666229248047 0
= 0 752 1 0.09510497748851776 0.6631044149398804 5.3955618143081665
<unk> 0 753 5 5.636284351348877 5.5728759765625 0
= 0 754 1 1.9148602485656738 6.863087177276611 0
= 0 755 1 0.001290496438741684 0.01568557322025299 6.847401604056358
<eos> 0 756 5 20.110889434814453 4.889183044433594 0
<unk> 0 757 5 1.4473042488098145 6.06635856628418 0
's 0 758 2 4.023861408233643 6.650490760803223 0
<unk> 0 759 5 3.3287696838378906 10.222044944763184 0
<unk> 0 760 5 1.7944104671478271 8.019795417785645 2.202249526977539
said 0 761 4 6.641294479370117 7.707285404205322 0.31251001358032227
" 0 762 1 4.156244277954102 3.267598867416382 4.43968653678894
we 0 763 2 5.950178623199463 6.762331485748291 0
got 0 764 3 6.989204406738281 6.59334135055542 0.1689901351928711
the 0 765 3 2.8551156520843506 6.799545764923096 0
rage 0 766 4 15.716712951660156 9.885798454284668 0
going 0 767 5 10.539417266845703 5.996795654296875 3.889002799987793
in 0 768 2 4.874654293060303 5.525826930999756 0.47096872329711914
the 0 769 3 2.0927178859710693 6.501652240753174 0
crew 0 770 4 14.363080024719238 9.274499893188477 0
, 0 771 1 3.0940284729003906 6.00260591506958 3.2718939781188965
and 0 772 3 2.050964593887329 6.189515113830566 0
we 0 773 2 3.783982753753662 7.251312732696533 0
started 0 774 7 7.679154872894287 7.181626796722412 0.0696859359741211
to 0 775 2 2.1884007453918457 6.795907974243164 0.38571882247924805
kill 0 776 4 8.015362739562988 8.386359214782715 0
it 0 777 2 4.510374546051025 6.041446208953857 2.3449130058288574
, 0 778 1 3.2848315238952637 3.9140751361846924 2.127371072769165
we 0 779 2 5.815199851989746 5.960757732391357 0
hit 0 780 3 10.163215637207031 7.131042003631592 0
an 0 781 2 7.075850486755371 5.580863952636719 1.550178050994873
awesome 0 782 7 11.24797534942627 7.860571384429932 0
rhythm 0 783 6 11.376311302185059 9.544878005981445 0
" 0 784 1 5.059812068939209 6.634982109069824 2.909895896911621
. 0 785 1 0.2663007378578186 1.2559943199157715 5.378987789154053
<eos> 0 786 5 0.07291781157255173 0.2973778247833252 0.9586164951324463
<unk> 0 787 5 2.6490418910980225 6.0510711669921875 0
coach 0 788 5 13.490158081054688 7.387725353240967 0
<unk> 0 789 5 0.2799602150917053 1.9168157577514648 5.470909595489502
<unk> 0 790 5 0.19967323541641235 1.680773377418518 0.23604238033294678
congratulated 0 791 13 10.819413185119629 7.261134147644043 0
his 0 792 3 4.582696437835693 3.338120698928833 3.92301344871521
opponents 0 793 9 6.46367073059082 7.923819065093994 0
: 0 794 1 7.51225471496582 3.7377917766571045 4.18602728843689
" 0 795 1 0.6738569736480713 3.2664079666137695 0.47138381004333496
<unk> 0 796 5 4.082821369171143 6.5359697341918945 0
done 0 797 4 14.531501770019531 6.760666847229004 0
to 0 798 2 4.401634693145752 6.876825332641602 0
<unk> 0 799 5 4.907747745513916 7.96835470199585 0
, 0 800 1 3.589134931564331 6.918507099151611 1.0498476028442383
they 0 801 4 6.676608562469482 6.952421188354492 0
were 0 802 4 3.6247971057891846 7.487268924713135 0
much 0 803 4 8.837618827819824 8.534014701843262 0
faster 0 804 6 6.758584022521973 5.227146148681641 3.306868553161621
on 0 805 2 7.487435340881348 3.43096661567688 1.7961795330047607
the 0 806 3 1.277974247932434 5.501733303070068 0
day 0 807 3 7.285964012145996 8.120704650878906 0
" 0 808 1 5.75583028793335 4.4867777824401855 3.6339268684387207
. 0 809 1 0.39895305037498474 1.6118489503860474 2.874928832054138
<eos> 0 810 5 0.06848210841417313 0.2849109172821045 1.3269380331039429
<unk> 0 811 5 2.63401198387146 6.04261589050293 0
tradition 0 812 9 14.8502836227417 7.377988815307617 0
, 0 813 1 3.6089389324188232 6.602832794189453 0.7751560211181641
the 0 814 3 4.402246952056885 7.496494770050049 0
victorious 0 815 10 17.262310028076172 9.067098617553711 0
<unk> 0 816 5 1.4214599132537842 7.766913414001465 1.300185203552246
crew 0 817 4 14.101579666137695 7.945070266723633 0
tossed 0 818 6 17.530797958374023 6.316472053527832 1.6285982131958008
their 0 819 5 6.117303371429443 6.319397926330566 0
<unk> 0 820 5 4.288223743438721 9.119301795959473 0
<unk> 0 821 5 3.7247164249420166 7.374361991882324 1.7449398040771484
into 0 822 4 5.367761611938477 7.473605632781982 0
the 0 823 3 0.9441931247711182 4.1406779289245605 3.332927703857422
<unk> 0 824 5 3.0751845836639404 9.303956985473633 0
. 0 825 1 4.5765862464904785 8.003633499145508 1.300323486328125
<eos> 0 826 5 0.06429411470890045 0.27012547850608826 7.7335080206394196
=========================================================================================
| End of testing | test loss  2.81 | test ppl    16.67
=========================================================================================
