word sentid sentpos wlen surp entropy entred
= 0 0 1 4.3515520095825195 6.399804592132568 0
<unk> 0 1 5 4.603203773498535 0.6271913051605225 5.772613286972046
<unk> 0 2 5 1.0968655347824097 5.481142997741699 0
<unk> 0 3 5 2.573467254638672 3.4270660877227783 2.054076910018921
= 0 4 1 0.7674044370651245 2.935762405395508 0.4913036823272705
<eos> 0 5 5 15.903498649597168 1.2513980865478516 1.6843643188476562
= 0 6 1 13.15821361541748 1.4981366395950317 0
<unk> 0 7 5 1.4472724199295044 2.117340564727783 0
<unk> 0 8 5 0.3921094536781311 2.6754870414733887 0
<unk> 0 9 5 1.296966552734375 3.0263452529907227 0
= 0 10 1 0.6946778297424316 2.16282057762146 0.8635246753692627
<eos> 0 11 5 16.77109146118164 1.5487762689590454 0.6140443086624146
<unk> 0 12 5 0.2112414687871933 1.5850422382354736 0
<unk> 0 13 5 0.22270794212818146 1.4976749420166016 0.08736729621887207
<unk> 0 14 5 1.1289629936218262 2.8161561489105225 0
<unk> 0 15 5 1.5832833051681519 2.6006147861480713 0.21554136276245117
is 0 16 2 5.206311225891113 2.4010086059570312 0.19960618019104004
one 0 17 3 7.6583380699157715 1.455836534500122 0.9451720714569092
of 0 18 2 0.047588247805833817 0.38716813921928406 1.068668395280838
the 0 19 3 0.5966421365737915 2.345811605453491 0
first 0 20 5 3.5360541343688965 5.918155670166016 0
five 0 21 4 7.550225257873535 6.256430149078369 0
<unk> 0 22 5 0.5627230405807495 3.7973248958587646 2.4591052532196045
level 0 23 5 14.713949203491211 6.014617919921875 0
stack 0 24 5 17.825069427490234 5.638034820556641 0.3765830993652344
interchanges 0 25 12 12.895354270935059 7.1943464279174805 0
built 0 26 5 2.7580182552337646 4.319864749908447 2.874481678009033
in 0 27 2 1.3494501113891602 3.0847957134246826 1.2350690364837646
<unk> 0 28 5 1.3958001136779785 2.196507692337036 0.8882880210876465
, 0 29 1 2.6009554862976074 3.7888872623443604 0
<unk> 0 30 5 1.4702041149139404 5.263617038726807 0
. 0 31 1 1.912895679473877 3.1337478160858154 2.129869222640991
<eos> 0 32 5 0.06401330977678299 0.2725977599620819 2.8611500561237335
<unk> 0 33 5 2.6589770317077637 6.057201385498047 0
at 0 34 2 11.156914710998535 7.381063461303711 0
the 0 35 3 1.447855830192566 4.270707607269287 3.110355854034424
junction 0 36 8 9.282120704650879 4.820144176483154 0
of 0 37 2 0.7171345949172974 2.9390156269073486 1.8811285495758057
the 0 38 3 2.0929930210113525 3.1232492923736572 0
<unk> 0 39 5 1.0994067192077637 4.657680988311768 0
<unk> 0 40 5 2.4598264694213867 4.827765464782715 0
<unk> 0 41 5 2.3533871173858643 4.620516777038574 0.20724868774414062
<unk> 0 42 5 3.0638668537139893 5.2343902587890625 0
( 0 43 1 4.983338832855225 5.000793933868408 0.2335963249206543
<unk> 0 44 5 0.5768545866012573 3.6577062606811523 1.3430876731872559
<unk> 0 45 5 0.5195389986038208 2.271932363510132 1.3857738971710205
, 0 46 1 6.742149353027344 2.332862138748169 0
<unk> 0 47 5 0.25411054491996765 1.9316833019256592 0.40117883682250977
<unk> 0 48 5 0.21512414515018463 1.4117100238800049 0.5199732780456543
<unk> 0 49 5 4.10951042175293 2.5216481685638428 0
) 0 50 1 1.6132385730743408 3.2625174522399902 0
and 0 51 3 0.6764613389968872 2.5971298217773438 0.6653876304626465
the 0 52 3 3.4576079845428467 2.14973521232605 0.44739460945129395
<unk> 0 53 5 0.6810019016265869 3.936257839202881 0
<unk> 0 54 5 1.5084296464920044 5.9820237159729 0
( 0 55 1 1.5158357620239258 5.233057498931885 0.7489662170410156
<unk> 0 56 5 0.23028889298439026 1.920592188835144 3.3124653100967407
<unk> 0 57 5 0.3858163356781006 2.043372869491577 0
<unk> 0 58 5 4.458302021026611 1.4702157974243164 0.5731570720672607
, 0 59 1 5.933316230773926 3.093013048171997 0
<unk> 0 60 5 0.4260573983192444 2.8733291625976562 0.21968388557434082
<unk> 0 61 5 1.2405370473861694 2.8036203384399414 0.06970882415771484
) 0 62 1 0.8595362305641174 2.4593420028686523 0.34427833557128906
, 0 63 1 2.2632765769958496 5.62007999420166 0
it 0 64 2 7.777039051055908 7.0732598304748535 0
replaces 0 65 8 15.009430885314941 5.699956893920898 1.373302936553955
an 0 66 2 6.290228366851807 3.5663037300109863 2.133653163909912
antiquated 0 67 10 16.261932373046875 5.95683479309082 0
partial 0 68 7 9.798568725585938 8.018837928771973 0
cloverleaf 0 69 10 1.2306114435195923 5.080024719238281 2.9388132095336914
interchange 0 70 11 0.19333043694496155 1.4510565996170044 3.628968119621277
constructed 0 71 11 11.246370315551758 3.3985822200775146 0
in 0 72 2 2.624392032623291 4.460665702819824 0
the 0 73 3 1.7044498920440674 2.96988582611084 1.4907798767089844
1960s 0 74 5 7.379049301147461 7.164290904998779 0
. 0 75 1 0.810115396976471 2.7650399208068848 4.3992509841918945
<eos> 0 76 5 0.07116232067346573 0.29352089762687683 2.471519023180008
<unk> 0 77 5 2.660837173461914 6.064064979553223 0
$ 0 78 1 17.329626083374023 7.394160270690918 0
<unk> 0 79 5 0.0032085494603961706 0.039228655397892 7.354931615293026
million 0 80 7 1.9188655614852905 1.9330962896347046 0
project 0 81 7 11.345728874206543 6.2328925132751465 0
was 0 82 3 1.7824020385742188 6.438529014587402 0
started 0 83 7 8.490852355957031 7.934006690979004 0
in 0 84 2 1.4910427331924438 3.7415566444396973 4.192450046539307
<unk> 0 85 5 0.2872577905654907 1.4546360969543457 2.2869205474853516
and 0 86 3 3.0709524154663086 3.6251652240753174 0
completed 0 87 9 5.601736545562744 7.26917028427124 0
in 0 88 2 0.9869740605354309 3.4407670497894287 3.8284032344818115
<unk> 0 89 5 0.1875050663948059 1.0207496881484985 2.42001736164093
<unk> 0 90 5 2.8625314235687256 2.798973560333252 0
. 0 91 1 0.6370925903320312 2.161489248275757 0.6374843120574951
<eos> 0 92 5 0.07090085744857788 0.2924554646015167 1.8690337836742401
<unk> 0 93 5 2.6608853340148926 6.058872699737549 0
was 0 94 3 3.7879440784454346 7.379885673522949 0
designed 0 95 8 9.070592880249023 8.589531898498535 0
by 0 96 2 1.9782077074050903 2.708479881286621 5.881052017211914
the 0 97 3 3.2816216945648193 3.5130887031555176 0
<unk> 0 98 5 1.0572776794433594 5.790007591247559 0
<unk> 0 99 5 1.8277174234390259 6.358713150024414 0
and 0 100 3 4.466989517211914 5.10455846786499 1.2541546821594238
built 0 101 5 5.880929946899414 5.819627285003662 0
by 0 102 2 1.2184187173843384 3.407755136489868 2.411872148513794
<unk> 0 103 5 0.859803318977356 2.882260322570801 0.5254948139190674
<unk> 0 104 5 0.7443505525588989 3.846224069595337 0
<unk> 0 105 5 2.2053403854370117 3.8750436305999756 0
. 0 106 1 2.536290168762207 3.921830654144287 0
<eos> 0 107 5 0.06287422776222229 0.26669076085090637 3.6551398932933807
<unk> 0 108 5 2.6677000522613525 6.047232151031494 0
interchange 0 109 11 19.43048095703125 7.388448715209961 0
is 0 110 2 3.147228717803955 6.103657245635986 1.2847914695739746
considered 0 111 10 8.178201675415039 6.619054794311523 0
by 0 112 2 5.478593826293945 4.955995559692383 1.6630592346191406
<unk> 0 113 5 1.6526968479156494 4.3760600090026855 0.5799355506896973
<unk> 0 114 5 2.462045907974243 5.560635089874268 0
to 0 115 2 3.099172830581665 5.355623245239258 0.20501184463500977
be 0 116 2 0.28029870986938477 1.9725964069366455 3.3830268383026123
one 0 117 3 5.397969722747803 4.823395729064941 0
of 0 118 2 0.02196422591805458 0.22139905393123627 4.601996675133705
" 0 119 1 10.309930801391602 1.5521211624145508 0
<unk> 0 120 5 2.3054661750793457 6.118663311004639 0
<unk> 0 121 5 3.0488617420196533 5.680058479309082 0.43860483169555664
's 0 122 2 2.120215892791748 5.788293361663818 0
<unk> 0 123 5 3.5060300827026367 6.4098334312438965 0
<unk> 0 124 5 2.6860289573669434 6.883769989013672 0
<unk> 0 125 5 1.8908805847167969 6.795115947723389 0.0886540412902832
" 0 126 1 1.7276332378387451 6.573709487915039 0.2214064598083496
because 0 127 7 8.337471008300781 4.8022541999816895 1.7714552879333496
of 0 128 2 0.6882662773132324 2.48698091506958 2.3152732849121094
its 0 129 3 1.4793740510940552 4.331150054931641 0
height 0 130 6 8.618947982788086 9.751839637756348 0
( 0 131 1 7.675325870513916 5.115235805511475 4.636603832244873
as 0 132 2 5.736364364624023 6.908234119415283 0
high 0 133 4 8.168312072753906 5.519373416900635 1.3888607025146484
as 0 134 2 0.04205191880464554 0.38305097818374634 5.136322438716888
a 0 135 1 6.283351898193359 2.1272776126861572 0
<unk> 0 136 5 2.1809449195861816 8.065181732177734 0
<unk> 0 137 5 1.1876062154769897 4.810602188110352 3.254579544067383
story 0 138 5 13.347750663757324 3.0820236206054688 1.7285785675048828
building 0 139 8 6.328392028808594 7.16641092300415 0
) 0 140 1 0.5072277188301086 2.624704122543335 4.541706800460815
, 0 141 1 3.0498480796813965 3.3466997146606445 0
its 0 142 3 9.072335243225098 5.84503173828125 0
<unk> 0 143 5 3.87365460395813 8.769679069519043 0
permanent 0 144 9 15.3673677444458 7.305619239807129 1.464059829711914
bridges 0 145 7 11.770990371704102 9.364758491516113 0
and 0 146 3 2.436375141143799 4.286448955535889 5.078309535980225
other 0 147 5 5.669797420501709 7.350183486938477 0
unusual 0 148 7 11.908347129821777 9.230138778686523 0
design 0 149 6 7.444640636444092 8.420528411865234 0.8096103668212891
and 0 150 3 5.720632553100586 7.406677722930908 1.0138506889343262
construction 0 151 12 4.879604339599609 9.885761260986328 0
features 0 152 8 6.675117015838623 6.241507530212402 3.644253730773926
. 0 153 1 1.2054221630096436 4.6077165603637695 1.6337909698486328
<eos> 0 154 5 0.06512239575386047 0.27402931451797485 4.333687245845795
<unk> 0 155 5 2.660505533218384 6.073565483093262 0
<unk> 0 156 5 2.418590545654297 7.3885321617126465 0
, 0 157 1 2.6912009716033936 6.284850597381592 1.1036815643310547
the 0 158 3 3.04665207862854 5.73121452331543 0.5536360740661621
<unk> 0 159 5 3.051870584487915 8.540813446044922 0
<unk> 0 160 5 2.752605676651001 8.3963041305542 0.14450931549072266
<unk> 0 161 5 2.504209041595459 7.281182765960693 1.1151213645935059
<unk> 0 162 5 2.2433719635009766 7.40203857421875 0
named 0 163 5 11.220731735229492 6.298153400421143 1.1038851737976074
the 0 164 3 2.985072612762451 4.836961269378662 1.4611921310424805
<unk> 0 165 5 1.474240779876709 7.465680122375488 0
<unk> 0 166 5 1.3567779064178467 6.57005500793457 0.895625114440918
<unk> 0 167 5 1.349407434463501 5.287933826446533 1.282121181488037
as 0 168 2 8.710830688476562 5.375720500946045 0
" 0 169 1 4.401894569396973 5.478335857391357 0
<unk> 0 170 5 1.5552901029586792 6.396749496459961 0
<unk> 0 171 5 1.8067604303359985 4.784636497497559 1.6121129989624023
<unk> 0 172 5 1.7235510349273682 3.897223472595215 0.8874130249023438
of 0 173 2 7.148196220397949 3.283599376678467 0.613624095916748
the 0 174 3 1.782422661781311 2.916010618209839 0.36758875846862793
<unk> 0 175 5 0.9919642210006714 5.682431221008301 0
" 0 176 1 1.3709136247634888 5.291529655456543 0.3909015655517578
. 0 177 1 3.003727912902832 3.1540539264678955 2.1374757289886475
<eos> 0 178 5 0.08304149657487869 0.3280814290046692 2.8259724974632263
= 0 179 1 3.7827680110931396 6.0652337074279785 0
= 0 180 1 0.09537464380264282 0.6639964580535889 5.40123724937439
<unk> 0 181 5 5.638148307800293 5.5601277351379395 0
= 0 182 1 1.931626558303833 6.890369415283203 0
= 0 183 1 0.0012989159440621734 0.01576552912592888 6.874603886157274
<eos> 0 184 5 20.116085052490234 4.891643524169922 0
<unk> 0 185 5 1.4460850954055786 6.063753128051758 0
<unk> 0 186 5 2.4810080528259277 6.644966125488281 0
<unk> 0 187 5 2.5970962047576904 5.887136936187744 0.7578291893005371
<unk> 0 188 5 1.9961421489715576 5.531073570251465 0.3560633659362793
, 0 189 1 3.194061756134033 4.326385498046875 1.2046880722045898
north 0 190 5 12.809961318969727 5.144339084625244 0
of 0 191 2 2.8367810249328613 1.5013394355773926 3.6429996490478516
downtown 0 192 8 10.961695671081543 2.1165688037872314 0
in 0 193 2 7.526817798614502 2.1584274768829346 0
<unk> 0 194 5 0.6666433811187744 2.519331216812134 0
, 0 195 1 0.5979217290878296 2.662000894546509 0
<unk> 0 196 5 3.6288669109344482 4.29173469543457 0
, 0 197 1 1.4101241827011108 4.207549571990967 0.08418512344360352
is 0 198 2 1.7425763607025146 5.153279781341553 0
a 0 199 1 1.8850852251052856 5.606758117675781 0
massive 0 200 7 9.975229263305664 8.071867942810059 0
five 0 201 4 13.313000679016113 8.093533515930176 0
<unk> 0 202 5 0.09703951328992844 0.8761777281761169 7.217355787754059
level 0 203 5 11.139324188232422 3.6828885078430176 0
freeway 0 204 7 5.593753814697266 7.681301116943359 0
interchange 0 205 11 9.026461601257324 5.118997097015381 2.5623040199279785
. 0 206 1 3.0684096813201904 4.011176109313965 1.107820987701416
<eos> 0 207 5 0.07131373882293701 0.2934880554676056 3.7176880538463593
<unk> 0 208 5 2.6749520301818848 6.05625057220459 0
is 0 209 2 5.3268914222717285 7.395481109619141 0
the 0 210 3 3.373676300048828 7.960021018981934 0
junction 0 211 8 14.671453475952148 7.461614608764648 0.49840641021728516
of 0 212 2 1.3180088996887207 2.885066032409668 4.5765485763549805
two 0 213 3 6.12050199508667 3.3587536811828613 0
major 0 214 5 4.526736259460449 5.496367931365967 0
highways 0 215 8 3.379241704940796 6.391343116760254 0
carrying 0 216 8 10.94466495513916 4.66136360168457 1.7299795150756836
heavy 0 217 5 11.283440589904785 4.256040096282959 0.40532350540161133
rush 0 218 4 13.417348861694336 6.817989349365234 0
hour 0 219 4 12.015372276306152 6.581198692321777 0.23679065704345703
traffic 0 220 7 5.903663635253906 6.476602554321289 0.10459613800048828
, 0 221 1 2.502922773361206 4.929046630859375 1.547555923461914
the 0 222 3 4.28346061706543 6.382826328277588 0
<unk> 0 223 5 2.410526752471924 7.382693767547607 0
<unk> 0 224 5 1.9287097454071045 6.911038875579834 0.47165489196777344
<unk> 0 225 5 1.9467501640319824 6.237434387207031 0.6736044883728027
<unk> 0 226 5 2.218031406402588 7.190371036529541 0
( 0 227 1 4.8065505027771 5.725930690765381 1.4644403457641602
<unk> 0 228 5 0.547924280166626 3.6557230949401855 2.0702075958251953
<unk> 0 229 5 0.382885605096817 2.2437567710876465 1.411966323852539
) 0 230 1 1.4373044967651367 2.6322848796844482 0
and 0 231 3 2.0956153869628906 4.1838274002075195 0
the 0 232 3 1.5821069478988647 3.565596580505371 0.6182308197021484
<unk> 0 233 5 0.6512693166732788 4.249546051025391 0
<unk> 0 234 5 1.144360065460205 5.518651485443115 0
( 0 235 1 2.3361613750457764 5.551244735717773 0
<unk> 0 236 5 0.370930939912796 2.9203121662139893 2.630932569503784
<unk> 0 237 5 0.894315242767334 3.299283504486084 0
) 0 238 1 1.0938962697982788 2.780853271484375 0.518430233001709
, 0 239 1 2.7554426193237305 3.6808669567108154 0
and 0 240 3 2.674203634262085 5.658536434173584 0
is 0 241 2 4.928636074066162 5.903446197509766 0
the 0 242 3 2.401184558868408 6.4290266036987305 0
first 0 243 5 2.850041389465332 6.034597396850586 0.39442920684814453
five 0 244 4 10.98189926147461 7.435969829559326 0
<unk> 0 245 5 0.75555419921875 4.509781837463379 2.9261879920959473
level 0 246 5 9.353630065917969 6.6940083503723145 0
stack 0 247 5 11.411967277526855 8.030447006225586 0
interchange 0 248 11 6.804354667663574 6.773080825805664 1.2573661804199219
to 0 249 2 4.539766788482666 4.711310386657715 2.061770439147949
be 0 250 2 2.315962314605713 6.193089962005615 0
built 0 251 5 2.9212558269500732 6.496946811676025 0
in 0 252 2 2.5957326889038086 4.633775234222412 1.8631715774536133
the 0 253 3 1.6860930919647217 3.3133888244628906 1.3203864097595215
city 0 254 4 3.7955524921417236 6.800722122192383 0
. 0 255 1 0.9637330174446106 3.201625108718872 3.5990970134735107
<eos> 0 256 5 0.072507843375206 0.2970143258571625 2.9046107828617096
<unk> 0 257 5 2.646939516067505 6.056253433227539 0
replaces 0 258 8 16.090288162231445 7.3850274085998535 0
the 0 259 3 1.7749338150024414 3.8822262287139893 3.5028011798858643
antiquated 0 260 10 17.820831298828125 9.563008308410645 0
three 0 261 5 10.533064842224121 9.209603309631348 0.3534049987792969
<unk> 0 262 5 0.9467658400535583 6.039648056030273 3.169955253601074
level 0 263 5 10.666315078735352 7.76085901260376 0
, 0 264 1 6.240687847137451 9.45195198059082 0
modified 0 265 8 9.964365005493164 7.775595664978027 1.676356315612793
cloverleaf 0 266 10 10.674388885498047 7.363198280334473 0.4123973846435547
interchange 0 267 11 0.7255328893661499 4.093034744262695 3.2701635360717773
built 0 268 5 8.59889030456543 4.568782806396484 0
in 0 269 2 2.0315582752227783 4.090415954589844 0.4783668518066406
the 0 270 3 2.023291826248169 2.733045816421509 1.357370138168335
1960s 0 271 5 5.333481788635254 6.7587971687316895 0
that 0 272 4 8.032934188842773 2.8952860832214355 3.863511085510254
caused 0 273 6 8.894083023071289 7.570706367492676 0
a 0 274 1 2.704240083694458 5.956010818481445 1.6146955490112305
severe 0 275 6 8.814457893371582 8.669254302978516 0
bottleneck 0 276 10 7.532534599304199 8.53118896484375 0.13806533813476562
by 0 277 2 7.166715145111084 5.203256130218506 3.327932834625244
narrowing 0 278 9 13.855978965759277 5.261329650878906 0
<unk> 0 279 5 4.645998477935791 5.407828330993652 0
<unk> 0 280 5 2.237333297729492 5.933206081390381 0
down 0 281 4 8.68801212310791 5.194797039031982 0.7384090423583984
to 0 282 2 1.880536675453186 5.3053717613220215 0
two 0 283 3 7.197412014007568 4.045057773590088 1.2603139877319336
lanes 0 284 5 1.8632668256759644 6.52089262008667 0
at 0 285 2 5.497143268585205 4.408107757568359 2.1127848625183105
the 0 286 3 1.6433451175689697 3.405322551727295 1.0027852058410645
junction 0 287 8 5.563699245452881 7.302980422973633 0
of 0 288 2 0.757029116153717 2.3800466060638428 4.92293381690979
the 0 289 3 2.136434555053711 3.8931074142456055 0
two 0 290 3 3.153289556503296 5.915362358093262 0
highways 0 291 8 5.415706157684326 7.268535137176514 0
. 0 292 1 0.8355302214622498 3.3393101692199707 3.929224967956543
<eos> 0 293 5 0.06848210841417313 0.2847495675086975 3.054560601711273
<unk> 0 294 5 2.6515543460845947 6.052345275878906 0
looped 0 295 6 18.83465576171875 7.401216506958008 0
ramps 0 296 5 16.90241050720215 6.4423065185546875 0.9589099884033203
of 0 297 2 6.823359489440918 5.707757472991943 0.7345490455627441
the 0 298 3 1.0528531074523926 3.7969934940338135 1.9107639789581299
cloverleaf 0 299 10 11.733832359313965 7.26183557510376 0
forced 0 300 6 18.498699188232422 3.279266119003296 3.982569456100464
motorists 0 301 9 9.173450469970703 6.330399513244629 0
to 0 302 2 1.0555152893066406 4.344586372375488 1.9858131408691406
slow 0 303 4 9.358664512634277 8.056078910827637 0
down 0 304 4 2.2622873783111572 5.716742992401123 2.3393359184265137
drastically 0 305 11 18.05140495300293 6.148497581481934 0
, 0 306 1 2.957003593444824 5.3048095703125 0.8436880111694336
backing 0 307 7 18.783174514770508 6.549263000488281 0
up 0 308 2 5.696552276611328 6.256153583526611 0.2931094169616699
traffic 0 309 7 6.899567127227783 6.235151767730713 0.021001815795898438
. 0 310 1 3.1629536151885986 5.70490026473999 0.5302515029907227
<eos> 0 311 5 0.06596153974533081 0.2765718400478363 5.428328424692154
<unk> 0 312 5 2.649512529373169 6.061894416809082 0
<unk> 0 313 5 2.411306858062744 7.396653175354004 0
hand 0 314 4 16.65929412841797 6.269155502319336 1.127497673034668
exits 0 315 5 15.462174415588379 6.627781391143799 0
contributed 0 316 11 14.37591552734375 6.079779148101807 0.5480022430419922
to 0 317 2 0.6941192746162415 3.9138834476470947 2.165895700454712
the 0 318 3 0.9722055792808533 4.434786319732666 0
congestion 0 319 10 11.632827758789062 10.229138374328613 0
. 0 320 1 3.922060251235962 5.532125473022461 4.697012901306152
<eos> 0 321 5 0.06313566118478775 0.2683022618293762 5.263823211193085
<unk> 0 322 5 2.6611454486846924 6.058045387268066 0
, 0 323 1 4.481749534606934 7.3956708908081055 0
its 0 324 3 11.694754600524902 5.895699501037598 1.4999713897705078
two 0 325 3 8.320899963378906 9.275964736938477 0
frontage 0 326 8 20.63261604309082 8.54495620727539 0.7310085296630859
roads 0 327 5 4.562632083892822 8.758330345153809 0
were 0 328 4 2.5837557315826416 4.941195964813232 3.817134380340576
not 0 329 3 5.584238052368164 7.831125259399414 0
directly 0 330 8 7.061090469360352 8.35229778289795 0
connected 0 331 9 1.9501689672470093 6.605833530426025 1.7464642524719238
to 0 332 2 1.0591105222702026 3.1620891094207764 3.443744421005249
each 0 333 4 8.757474899291992 3.7874338626861572 0
other 0 334 5 0.25935810804367065 1.9287524223327637 1.8586814403533936
, 0 335 1 1.6902564764022827 3.482881546020508 0
making 0 336 6 8.156457901000977 4.448060989379883 0
local 0 337 5 11.052078247070312 4.527902126312256 0
access 0 338 6 8.52862548828125 9.196152687072754 0
difficult 0 339 9 12.090362548828125 2.829486846923828 6.366665840148926
. 0 340 1 2.1152682304382324 4.193450450897217 0
<eos> 0 341 5 0.0649874210357666 0.2742340862751007 3.919216364622116
<unk> 0 342 5 2.6579108238220215 6.0660929679870605 0
to 0 343 2 10.82916259765625 7.38635778427124 0
the 0 344 3 2.6141390800476074 6.198497772216797 1.1878600120544434
celebratory 0 345 11 20.49131965637207 8.050398826599121 0
gesture 0 346 7 13.036442756652832 9.541451454162598 0
, 0 347 1 3.5252785682678223 5.618391990661621 3.9230594635009766
the 0 348 3 4.4104509353637695 7.694382667541504 0
" 0 349 1 6.852567672729492 10.18901252746582 0
<unk> 0 350 5 2.280587673187256 10.337699890136719 0
<unk> 0 351 5 2.6536786556243896 7.737424850463867 2.6002750396728516
" 0 352 1 1.924378514289856 7.0456695556640625 0.6917552947998047
name 0 353 4 10.430904388427734 7.896682262420654 0
refers 0 354 6 6.7232818603515625 5.931632041931152 1.965050220489502
to 0 355 2 0.035805411636829376 0.3270302414894104 5.604601800441742
the 0 356 3 1.4256315231323242 4.312286376953125 0
five 0 357 4 10.960805892944336 10.173186302185059 0
flyover 0 358 7 19.283470153808594 8.016892433166504 2.1562938690185547
ramps 0 359 5 6.178260803222656 8.579689979553223 0
handling 0 360 8 18.459951400756836 5.238941192626953 3.3407487869262695
the 0 361 3 1.4352859258651733 5.864608287811279 0
left 0 362 4 11.248916625976562 8.341246604919434 0
<unk> 0 363 5 3.0060036182403564 5.728409290313721 2.612837314605713
turn 0 364 4 6.741334438323975 5.225204944610596 0.503204345703125
movements 0 365 9 11.502235412597656 6.676304817199707 0
that 0 366 4 5.821340084075928 4.022586345672607 2.6537184715270996
tower 0 367 5 16.885751724243164 7.1330366134643555 0
over 0 368 4 9.775972366333008 7.3175950050354 0
the 0 369 3 0.5618342161178589 2.8976407051086426 4.419954299926758
landscape 0 370 9 12.157837867736816 8.006489753723145 0
. 0 371 1 1.0238057374954224 4.068012714385986 3.938477039337158
<eos> 0 372 5 0.07010554522275925 0.2897111773490906 3.7783015370368958
<unk> 0 373 5 2.6484158039093018 6.045036315917969 0
interchange 0 374 11 19.373689651489258 7.399899005889893 0
is 0 375 2 3.1420376300811768 6.095077991485596 1.3048210144042969
as 0 376 2 9.73299789428711 6.608860969543457 0
high 0 377 4 8.768625259399414 4.9272027015686035 1.6816582679748535
as 0 378 2 0.06588727235794067 0.49961429834365845 4.427588403224945
a 0 379 1 5.825679779052734 2.4545111656188965 0
<unk> 0 380 5 2.5136654376983643 7.720430374145508 0
<unk> 0 381 5 0.6994494199752808 4.187183380126953 3.5332469940185547
story 0 382 5 9.814360618591309 4.265773773193359 0
building 0 383 8 5.721913814544678 7.961676597595215 0
, 0 384 1 2.0249183177948 4.741918563842773 3.2197580337524414
and 0 385 3 2.442413568496704 6.0108747482299805 0
includes 0 386 8 7.856146812438965 6.608708381652832 0
<unk> 0 387 5 3.889955997467041 5.918529033660889 0.6901793479919434
bridges 0 388 7 7.299063205718994 7.277873992919922 0
spread 0 389 6 19.19776725769043 3.5897600650787354 3.6881139278411865
across 0 390 6 3.8754019737243652 5.6519646644592285 0
five 0 391 4 10.70565128326416 2.9673776626586914 2.684587001800537
levels 0 392 6 6.354441165924072 7.673549652099609 0
( 0 393 1 6.428755760192871 3.873297691345215 3.8002519607543945
the 0 394 3 3.4006597995758057 6.883075714111328 0
" 0 395 1 6.920173168182373 7.579989433288574 0
<unk> 0 396 5 1.4563517570495605 7.6810126304626465 0
<unk> 0 397 5 2.893577814102173 7.1300177574157715 0.550994873046875
" 0 398 1 1.0862385034561157 4.868207931518555 2.261809825897217
) 0 399 1 0.7919814586639404 3.809776782989502 1.0584311485290527
, 0 400 1 2.40370512008667 5.088334083557129 0
<unk> 0 401 5 3.499121904373169 6.10009241104126 0
support 0 402 7 14.009973526000977 6.12887716293335 0
tiers 0 403 5 16.721986770629883 6.631579399108887 0
, 0 404 1 1.21297025680542 3.402036190032959 3.2295432090759277
and 0 405 3 0.8473805785179138 3.715111494064331 0
<unk> 0 406 5 1.5902906656265259 6.222595691680908 0
miles 0 407 5 10.47514533996582 7.046928405761719 0
of 0 408 2 7.064021110534668 0.8589464426040649 6.187981963157654
additional 0 409 10 11.685629844665527 7.914968967437744 0
highway 0 410 7 7.219394207000732 8.932482719421387 0
. 0 411 1 1.3637990951538086 5.307371616363525 3.6251111030578613
<eos> 0 412 5 0.07366091758012772 0.30103227496147156 5.006339341402054
<unk> 0 413 5 2.6542646884918213 6.05426549911499 0
highest 0 414 7 19.201892852783203 7.401129722595215 0
ramps 0 415 5 21.259714126586914 8.676624298095703 0
are 0 416 3 2.7338829040527344 5.749389171600342 2.9272351264953613
<unk> 0 417 5 4.519321441650391 7.729091644287109 0
feet 0 418 4 5.088452339172363 5.461843013763428 2.2672486305236816
( 0 419 1 0.1462293118238449 0.6910310983657837 4.770811915397644
<unk> 0 420 5 0.001142028602771461 0.01448179129511118 0.6765493070706725
m 0 421 1 0.4555008113384247 0.9752011895179749 0
) 0 422 1 0.001562991295941174 0.01561582088470459 0.9595853686332703
above 0 423 5 4.460536479949951 4.752712249755859 0
ground 0 424 6 5.057990550994873 3.0339643955230713 1.718747854232788
. 0 425 1 3.970125913619995 3.552935838699341 0
<eos> 0 426 5 0.08715801686048508 0.3389725685119629 3.213963270187378
<unk> 0 427 5 2.648135185241699 6.060214519500732 0
lanes 0 428 5 17.669971466064453 7.40635871887207 0
of 0 429 2 4.516055107116699 6.264499664306641 1.1418590545654297
<unk> 0 430 5 1.95694100856781 5.075547218322754 1.1889524459838867
<unk> 0 431 5 0.5241894721984863 2.9102566242218018 2.165290594100952
, 0 432 1 3.878933906555176 6.104368686676025 0
which 0 433 5 2.987455368041992 5.846521854400635 0.2578468322753906
are 0 434 3 3.0128719806671143 6.6520562171936035 0
on 0 435 2 6.46382474899292 7.485711574554443 0
the 0 436 3 0.8297501802444458 3.0895328521728516 4.396178722381592
bottom 0 437 6 11.99963665008545 5.722168922424316 0
level 0 438 5 11.058558464050293 1.9486212730407715 3.773547649383545
, 0 439 1 1.7786363363265991 3.702287435531616 0
are 0 440 3 1.0123668909072876 4.404514789581299 0
<unk> 0 441 5 3.921917200088501 8.121670722961426 0
feet 0 442 4 5.182295322418213 5.591995716094971 2.529675006866455
( 0 443 1 0.1503046452999115 0.730381965637207 4.861613750457764
<unk> 0 444 5 0.0008751262212172151 0.011391581036150455 0.7189903846010566
m 0 445 1 0.5256670713424683 1.0057828426361084 0
) 0 446 1 0.0007651198538951576 0.008151264861226082 0.9976315777748823
below 0 447 5 6.348540306091309 3.831470012664795 0
ground 0 448 6 5.8432111740112305 2.5044848918914795 1.3269851207733154
level 0 449 5 0.893121063709259 3.0931944847106934 0
, 0 450 1 1.738939881324768 2.943049669265747 0.1501448154449463
giving 0 451 6 8.822338104248047 5.096245765686035 0
the 0 452 3 1.8558330535888672 4.792215347290039 0.3040304183959961
structure 0 453 9 8.733369827270508 8.511970520019531 0
a 0 454 1 1.091919183731079 3.6916000843048096 4.820370435714722
total 0 455 5 5.640228748321533 8.25347900390625 0
height 0 456 6 5.723654270172119 4.882174491882324 3.371304512023926
of 0 457 2 0.05289900675415993 0.44151416420936584 4.440660327672958
<unk> 0 458 5 0.14842785894870758 1.0566127300262451 0
feet 0 459 4 1.3281877040863037 2.4073386192321777 0
from 0 460 4 11.345466613769531 0.8679987192153931 1.5393399000167847
bottom 0 461 6 10.521615028381348 2.516779661178589 0
to 0 462 2 2.8159146308898926 4.7050909996032715 0
top 0 463 3 8.812378883361816 6.043071269989014 0
<unk> 0 464 5 6.260164260864258 2.4800302982330322 3.5630409717559814
part 0 465 4 13.396400451660156 5.857287406921387 0
of 0 466 2 2.2390944957733154 4.67209529876709 1.1851921081542969
the 0 467 3 0.2897894084453583 1.7284897565841675 2.9436055421829224
project 0 468 7 9.751903533935547 7.934302806854248 0
, 0 469 1 3.1909453868865967 1.628764271736145 6.305538535118103
<unk> 0 470 5 6.110466480255127 6.131674289703369 0
<unk> 0 471 5 2.6992154121398926 6.450446128845215 0
<unk> 0 472 5 2.7248270511627197 2.100813627243042 4.349632501602173
was 0 473 3 12.521113395690918 4.138941287994385 0
widened 0 474 7 7.685437202453613 7.096319198608398 0
to 0 475 2 2.2372164726257324 4.348400115966797 2.7479190826416016
include 0 476 7 7.6259613037109375 4.751507759094238 0
four 0 477 4 6.984620094299316 4.674039363861084 0.0774683952331543
dedicated 0 478 9 12.56063461303711 7.797572135925293 0
high 0 479 4 10.172640800476074 8.416227340698242 0
<unk> 0 480 5 0.834586501121521 4.647313594818115 3.768913745880127
occupancy 0 481 9 4.899648189544678 4.431598663330078 0.2157149314880371
vehicle 0 482 7 9.890144348144531 7.182301044464111 0
lanes 0 483 5 2.5357189178466797 7.217393398284912 0
( 0 484 1 5.301117420196533 4.26605224609375 2.951341152191162
<unk> 0 485 5 1.5458694696426392 6.102015018463135 0
lanes 0 486 5 8.164993286132812 4.9487624168396 1.1532526016235352
) 0 487 1 1.1653902530670166 3.7509870529174805 1.1977753639221191
that 0 488 4 7.131746292114258 4.440300464630127 0
are 0 489 3 2.6401262283325195 6.720574378967285 0
barrier 0 490 7 18.249135971069336 7.957268714904785 0
<unk> 0 491 5 2.634298086166382 6.920141696929932 1.0371270179748535
separated 0 492 9 13.37995433807373 7.173473358154297 0
and 0 493 3 3.9662294387817383 7.148423194885254 0.02505016326904297
reversible 0 494 10 14.238504409790039 6.876369476318359 0.27205371856689453
. 0 495 1 1.6175684928894043 4.77346658706665 2.102902889251709
<eos> 0 496 5 0.06637977808713913 0.27957800030708313 4.493888586759567
<unk> 0 497 5 2.6430954933166504 6.066617488861084 0
roads 0 498 5 15.639503479003906 7.395931720733643 0
on 0 499 2 7.585763931274414 7.000434398651123 0.39549732208251953
the 0 500 3 0.9375434517860413 3.2575578689575195 3.7428765296936035
five 0 501 4 13.363134384155273 5.98890495300293 0
levels 0 502 6 8.690244674682617 6.636297225952148 0
are 0 503 3 3.706568717956543 4.871553897857666 1.7647433280944824
: 0 504 1 8.99339771270752 8.65017318725586 0
<eos> 0 505 5 11.077103614807129 6.1489739418029785 2.501199245452881
<unk> 0 506 5 1.86817467212677 6.878279685974121 0
<unk> 0 507 5 1.3700495958328247 5.9753804206848145 0.9028992652893066
: 0 508 1 7.110949993133545 6.0236687660217285 0
<unk> 0 509 5 0.7972772121429443 4.806826591491699 1.2168421745300293
<unk> 0 510 5 1.246553659439087 5.244019508361816 0
, 0 511 1 2.532644271850586 4.816145896911621 0.4278736114501953
an 0 512 2 9.321749687194824 2.4066853523254395 2.4094605445861816
eight 0 513 5 7.945584774017334 6.940220832824707 0
lane 0 514 4 7.674872875213623 0.8401346206665039 6.100086212158203
highway 0 515 7 3.5871810913085938 7.229670524597168 0
, 0 516 1 3.0121400356292725 5.924206733703613 1.3054637908935547
four 0 517 4 7.618424415588379 5.323022842407227 0.6011838912963867
lanes 0 518 5 6.53113317489624 6.664877891540527 0
going 0 519 5 13.38790512084961 5.397324562072754 1.2675533294677734
each 0 520 4 11.875213623046875 4.632150650024414 0.7651739120483398
way 0 521 3 5.613885402679443 7.562620162963867 0
<eos> 0 522 5 12.724974632263184 5.565643310546875 1.9969768524169922
<unk> 0 523 5 2.298576831817627 6.194517135620117 0
<unk> 0 524 5 1.6802594661712646 5.901939868927002 0.29257726669311523
: 0 525 1 8.79893684387207 5.969674110412598 0
<unk> 0 526 5 0.7571102976799011 4.203675270080566 1.7659988403320312
junction 0 527 8 9.635533332824707 4.346721649169922 0
of 0 528 2 6.483093738555908 5.3789143562316895 0
the 0 529 3 2.439714193344116 4.253943920135498 1.1249704360961914
two 0 530 3 6.239818096160889 5.729849815368652 0
six 0 531 3 10.4111909866333 6.895469665527344 0
<unk> 0 532 5 1.0015265941619873 5.292293071746826 1.6031765937805176
lane 0 533 4 0.4636046886444092 2.725586175918579 2.566706895828247
frontage 0 534 8 11.055462837219238 6.660421848297119 0
roads 0 535 5 5.860509872436523 5.348343849182129 1.3120779991149902
, 0 536 1 2.2215757369995117 5.629456996917725 0
each 0 537 4 7.714244842529297 6.033332347869873 0
having 0 538 6 8.783910751342773 7.24304723739624 0
three 0 539 5 5.1435980796813965 5.889235019683838 1.3538122177124023
through 0 540 7 11.751202583312988 6.450379371643066 0
lanes 0 541 5 8.542384147644043 5.344695091247559 1.1056842803955078
in 0 542 2 5.539097309112549 4.7740702629089355 0.570624828338623
each 0 543 4 3.6688289642333984 4.776844501495361 0
direction 0 544 9 0.2605385482311249 1.739592432975769 3.0372520685195923
, 0 545 1 2.365454912185669 3.059079170227051 0
left 0 546 4 12.260891914367676 5.9454345703125 0
<unk> 0 547 5 2.8031673431396484 5.538929462432861 0.40650510787963867
turn 0 548 4 12.396575927734375 6.185325622558594 0
lanes 0 549 5 5.623049736022949 6.339643955230713 0
and 0 550 3 2.5226924419403076 4.867794036865234 1.4718499183654785
<unk> 0 551 5 2.555556297302246 7.2793707847595215 0
, 0 552 1 6.199531555175781 5.302796363830566 1.976574420928955
and 0 553 3 2.3822293281555176 6.180410861968994 0
easy 0 554 4 16.168710708618164 7.196689605712891 0
access 0 555 6 1.6412112712860107 5.274789333343506 1.9219002723693848
to 0 556 2 0.7670563459396362 3.5459654331207275 1.7288239002227783
<unk> 0 557 5 2.202636957168579 4.736400604248047 0
<unk> 0 558 5 2.8480947017669678 6.329045295715332 0
and 0 559 3 3.795069694519043 6.450620651245117 0
<unk> 0 560 5 0.8867782354354858 4.393543243408203 2.057077407836914
<unk> 0 561 5 0.7091848850250244 3.4954943656921387 0.8980488777160645
<unk> 0 562 5 4.685469150543213 6.1807475090026855 0
<eos> 0 563 5 6.842654705047607 6.781879425048828 0
<unk> 0 564 5 3.185615301132202 5.628876686096191 1.1530027389526367
<unk> 0 565 5 3.304243564605713 6.793723106384277 0
: 0 566 1 10.176545143127441 7.030307292938232 0
<unk> 0 567 5 1.2251012325286865 5.332468509674072 1.6978387832641602
<unk> 0 568 5 1.1455283164978027 4.619147300720215 0.7133212089538574
<unk> 0 569 5 2.276448965072632 6.342350959777832 0
, 0 570 1 3.9465532302856445 6.510265827178955 0
ten 0 571 3 13.101346969604492 4.7620368003845215 1.7482290267944336
regular 0 572 7 13.422347068786621 6.59006404876709 0
lanes 0 573 5 2.151515245437622 6.7348737716674805 0
, 0 574 1 2.334155321121216 5.439088344573975 1.2957854270935059
five 0 575 4 7.812514305114746 4.394376754760742 1.0447115898132324
going 0 576 5 17.048166275024414 6.436898708343506 0
each 0 577 4 11.78677749633789 6.446812152862549 0
way 0 578 3 8.138924598693848 8.039426803588867 0
, 0 579 1 2.1352195739746094 5.686229228973389 2.3531975746154785
and 0 580 3 1.9445981979370117 6.151926517486572 0
four 0 581 4 5.199488162994385 6.400971412658691 0
<unk> 0 582 5 2.7820932865142822 7.445408344268799 0
lanes 0 583 5 3.9243524074554443 6.276402473449707 1.1690058708190918
( 0 584 1 4.690499305725098 6.3011555671691895 0
two 0 585 3 5.953695297241211 6.134267807006836 0.16688776016235352
going 0 586 5 16.773059844970703 7.102597236633301 0
each 0 587 4 9.433789253234863 6.440601348876953 0.6619958877563477
way 0 588 3 7.231931209564209 7.453715801239014 0
) 0 589 1 0.88178950548172 3.747612714767456 3.7061030864715576
separated 0 590 9 12.389039039611816 3.772975444793701 0
by 0 591 2 2.184750556945801 4.564089298248291 0
barriers 0 592 8 12.382147789001465 5.412420749664307 0
<eos> 0 593 5 18.781736373901367 4.810585021972656 0.6018357276916504
<unk> 0 594 5 2.3592097759246826 6.899084091186523 0
<unk> 0 595 5 1.7126719951629639 5.865011692047119 1.0340723991394043
and 0 596 3 3.6194958686828613 6.020599365234375 0
<unk> 0 597 5 0.6411898136138916 3.898405075073242 2.122194290161133
: 0 598 1 11.78541374206543 3.5774619579315186 0.32094311714172363
<unk> 0 599 5 0.5999690294265747 3.7403223514556885 0
connection 0 600 10 13.926871299743652 5.974893093109131 0
ramps 0 601 5 9.388273239135742 6.057732582092285 0
( 0 602 1 4.489996433258057 5.40543794631958 0.6522946357727051
two 0 603 3 7.526326656341553 5.438518047332764 0
levels 0 604 6 11.119003295898438 6.322268009185791 0
) 0 605 1 2.6194169521331787 5.527120113372803 0.7951478958129883
, 0 606 1 3.0084621906280518 5.566142559051514 0
eliminating 0 607 11 11.019505500793457 6.980456829071045 0
the 0 608 3 1.9164810180664062 6.160008430480957 0.8204483985900879
left 0 609 4 9.445884704589844 8.190038681030273 0
exits 0 610 5 11.728109359741211 6.012308597564697 2.177730083465576
of 0 611 2 3.4964816570281982 5.031388282775879 0.9809203147888184
the 0 612 3 0.9855141639709473 3.7766435146331787 1.2547447681427002
modified 0 613 8 15.562569618225098 6.9252543449401855 0
cloverleaf 0 614 10 6.9121503829956055 7.6215033531188965 0
<eos> 0 615 5 20.164295196533203 2.1015167236328125 5.519986629486084
<unk> 0 616 5 1.7116773128509521 6.84666109085083 0
interchange 0 617 11 5.628465175628662 7.110189437866211 0
, 0 618 1 2.873290777206421 4.752807140350342 2.357382297515869
with 0 619 4 4.885003566741943 6.28637170791626 0
its 0 620 3 7.557582378387451 5.626968860626221 0.6594028472900391
decorative 0 621 10 15.592992782592773 7.9986748695373535 0
etchings 0 622 8 19.850513458251953 8.854649543762207 0
on 0 623 2 4.264745712280273 6.278022766113281 2.576626777648926
<unk> 0 624 5 3.973639726638794 4.205735206604004 2.0722875595092773
concrete 0 625 8 10.531109809875488 6.253383636474609 0
elements 0 626 8 13.499319076538086 6.788741111755371 0
, 0 627 1 2.963505983352661 3.769056797027588 3.019684314727783
along 0 628 5 7.396379470825195 6.348198890686035 0
with 0 629 4 0.17615701258182526 0.863952100276947 5.484246790409088
the 0 630 3 1.7119717597961426 5.666290283203125 0
visually 0 631 8 18.025184631347656 8.265457153320312 0
appealing 0 632 9 10.775066375732422 4.962201118469238 3.303256034851074
coloration 0 633 10 17.952302932739258 8.98619556427002 0
specified 0 634 9 18.235687255859375 4.610970497131348 4.375225067138672
by 0 635 2 1.6844449043273926 3.591193437576294 1.0197770595550537
the 0 636 3 0.8723757863044739 3.920905828475952 0
<unk> 0 637 5 1.4696440696716309 7.383337497711182 0
<unk> 0 638 5 2.148111343383789 6.933444976806641 0.449892520904541
of 0 639 2 7.0015692710876465 6.409903526306152 0.5235414505004883
<unk> 0 640 5 1.3122965097427368 3.2950801849365234 3.114823341369629
( 0 641 1 5.589942455291748 4.639919281005859 0
<unk> 0 642 5 1.0473647117614746 5.577234745025635 0
) 0 643 1 1.4445303678512573 3.744560718536377 1.8326740264892578
, 0 644 1 2.8507871627807617 2.9855685234069824 0.7589921951293945
can 0 645 3 12.88078498840332 5.923755168914795 0
be 0 646 2 0.49324625730514526 3.019577741622925 2.90417742729187
regarded 0 647 8 9.031390190124512 6.48738431930542 0
as 0 648 2 0.10629631578922272 0.664591908454895 5.822792410850525
an 0 649 2 4.067009925842285 4.746642112731934 0
enormous 0 650 8 9.878270149230957 7.752043724060059 0
work 0 651 4 8.21640396118164 9.067649841308594 0
of 0 652 2 2.1555838584899902 4.868151664733887 4.199498176574707
public 0 653 6 7.328875541687012 8.380046844482422 0
art 0 654 3 6.155790328979492 7.898110389709473 0.4819364547729492
. 0 655 1 1.1313899755477905 3.738138437271118 4.1599719524383545
<eos> 0 656 5 0.058193426579236984 0.25085482001304626 3.487283617258072
<unk> 0 657 5 2.6596856117248535 6.047201633453369 0
<unk> 0 658 5 2.4176523685455322 7.39414644241333 0
<unk> 0 659 5 2.7332019805908203 6.278113842010498 1.116032600402832
also 0 660 4 6.893807411193848 6.51423454284668 0
incorporates 0 661 12 10.128026962280273 8.973184585571289 0
a 0 662 1 2.7798781394958496 6.390536785125732 2.5826478004455566
hiking 0 663 6 17.716833114624023 9.17459487915039 0
and 0 664 3 2.742297887802124 8.19815444946289 0.9764404296875
bike 0 665 4 8.25816535949707 9.375590324401855 0
trail 0 666 5 5.2187724113464355 8.720977783203125 0.6546125411987305
, 0 667 1 2.2638750076293945 5.189789772033691 3.5311880111694336
named 0 668 5 8.482787132263184 6.513420581817627 0
the 0 669 3 2.994314193725586 5.105009078979492 1.4084115028381348
<unk> 0 670 5 1.3127669095993042 5.606201171875 0
<unk> 0 671 5 1.8538298606872559 6.700727462768555 0
, 0 672 1 3.4832167625427246 6.403981685638428 0.29674577713012695
which 0 673 5 2.610806703567505 5.811191082000732 0.5927906036376953
runs 0 674 4 4.412059307098389 6.646324634552002 0
under 0 675 5 7.263608932495117 5.20003080368042 1.446293830871582
all 0 676 3 10.325336456298828 3.514692783355713 1.685338020324707
levels 0 677 6 7.450732707977295 6.153111934661865 0
of 0 678 2 0.5925173759460449 2.831901788711548 3.3212101459503174
the 0 679 3 2.5994584560394287 7.930581569671631 0
interchange 0 680 11 11.801584243774414 7.740821361541748 0.1897602081298828
. 0 681 1 1.7178754806518555 4.426643371582031 3.314177989959717
<eos> 0 682 5 0.07634931802749634 0.3083331882953644 4.118310183286667
<unk> 0 683 5 2.663452625274658 6.067808628082275 0
section 0 684 7 17.317577362060547 7.403777599334717 0
of 0 685 2 3.407789468765259 5.2392354011535645 2.1645421981811523
the 0 686 3 0.880628228187561 3.653958559036255 1.5852768421173096
trail 0 687 5 9.57570743560791 8.279735565185547 0
passing 0 688 7 12.857379913330078 6.609435081481934 1.6703004837036133
beneath 0 689 7 8.312551498413086 5.300389289855957 1.3090457916259766
the 0 690 3 0.6611508131027222 2.7430408000946045 2.5573484897613525
interchange 0 691 11 9.00981616973877 7.161612033843994 0
was 0 692 3 2.5962555408477783 5.414869785308838 1.7467422485351562
constructed 0 693 11 4.372817039489746 6.966457843780518 0
as 0 694 2 4.34726619720459 4.7264509201049805 2.240006923675537
part 0 695 4 2.635002613067627 3.8830442428588867 0.8434066772460938
of 0 696 2 0.003084819996729493 0.03461730107665062 3.848426941782236
the 0 697 3 0.8652240037918091 2.8197920322418213 0
<unk> 0 698 5 1.3000237941741943 6.368283748626709 0
<unk> 0 699 5 2.624131917953491 6.8550591468811035 0
project 0 700 7 5.867581844329834 6.64778470993042 0.2072744369506836
by 0 701 2 5.35865592956543 4.193131923675537 2.454652786254883
<unk> 0 702 5 0.9421333074569702 3.3147294521331787 0.8784024715423584
. 0 703 1 2.4059669971466064 4.655876159667969 0
<eos> 0 704 5 0.06193295493721962 0.2650426924228668 4.390833467245102
<unk> 0 705 5 2.6590843200683594 6.060177326202393 0
interchange 0 706 11 19.38107681274414 7.393967628479004 0
is 0 707 2 3.1460938453674316 6.1062164306640625 1.2877511978149414
considered 0 708 10 8.187345504760742 6.616020679473877 0
by 0 709 2 5.478968143463135 4.953080177307129 1.662940502166748
<unk> 0 710 5 1.6528798341751099 4.374985694885254 0.578094482421875
<unk> 0 711 5 2.462911367416382 5.560429573059082 0
as 0 712 2 2.277531623840332 5.355053901672363 0.20537567138671875
one 0 713 3 3.87410044670105 3.4167661666870117 1.9382877349853516
of 0 714 2 0.03349660336971283 0.3057105243206024 3.1110556423664093
" 0 715 1 8.680506706237793 1.535639762878418 0
<unk> 0 716 5 2.418142080307007 5.891733646392822 0
<unk> 0 717 5 3.2077338695526123 5.325839519500732 0.5658941268920898
's 0 718 2 1.7977524995803833 5.5089592933654785 0
<unk> 0 719 5 3.7532944679260254 5.8830132484436035 0
<unk> 0 720 5 2.975931406021118 6.763545036315918 0
<unk> 0 721 5 2.0051980018615723 6.805605411529541 0
" 0 722 1 1.6333013772964478 6.474195957183838 0.3314094543457031
, 0 723 1 2.3949685096740723 4.231261730194092 2.242934226989746
calling 0 724 7 9.543999671936035 5.95440673828125 0
it 0 725 2 0.7106790542602539 3.035376787185669 2.919029951095581
a 0 726 1 3.143535852432251 1.8221445083618164 1.2132322788238525
" 0 727 1 0.20038320124149323 1.779130458831787 0.0430140495300293
labyrinth 0 728 9 13.709562301635742 9.439271926879883 0
of 0 729 2 2.6734800338745117 5.111350059509277 4.3279218673706055
lanes 0 730 5 14.089035987854004 9.816873550415039 0
" 0 731 1 0.9741537570953369 3.603127956390381 6.213745594024658
and 0 732 3 3.416700839996338 3.031135082244873 0.5719928741455078
a 0 733 1 2.8070363998413086 6.075441360473633 0
" 0 734 1 1.0524362325668335 5.913503170013428 0.16193819046020508
five 0 735 4 10.372846603393555 9.390401840209961 0
<unk> 0 736 5 0.4353787899017334 2.947509527206421 6.44289231300354
level 0 737 5 8.18602466583252 6.817327499389648 0
marvel 0 738 6 16.490686416625977 8.901237487792969 0
of 0 739 2 9.024744033813477 5.950421333312988 2.9508161544799805
engineering 0 740 11 14.410269737243652 5.786193370819092 0.16422796249389648
" 0 741 1 0.45522284507751465 2.5985875129699707 3.187605857849121
because 0 742 7 9.816956520080566 2.3746094703674316 0.22397804260253906
of 0 743 2 1.493648648262024 3.347132444381714 0
its 0 744 3 1.5221056938171387 3.83510684967041 0
height 0 745 6 9.21953010559082 9.458691596984863 0
, 0 746 1 2.862267255783081 4.3458638191223145 5.112827777862549
the 0 747 3 4.546701431274414 8.026716232299805 0
number 0 748 6 7.048755645751953 9.538187980651855 0
of 0 749 2 0.22279593348503113 1.5768535137176514 7.961334466934204
its 0 750 3 6.302207946777344 9.238729476928711 0
bridges 0 751 7 9.850637435913086 9.701005935668945 0
and 0 752 3 2.257636785507202 5.160114288330078 4.540891647338867
other 0 753 5 5.827610015869141 6.635904312133789 0
unusual 0 754 7 11.529914855957031 9.849823951721191 0
design 0 755 6 6.987917900085449 8.883748054504395 0.9660758972167969
and 0 756 3 5.049844264984131 7.124610424041748 1.7591376304626465
construction 0 757 12 5.273504257202148 9.911614418029785 0
features 0 758 8 7.686972141265869 5.648146152496338 4.263468265533447
. 0 759 1 0.5909819602966309 2.891676425933838 2.7564697265625
<eos> 0 760 5 0.06549108028411865 0.2760833501815796 2.6155930757522583
= 0 761 1 3.82295560836792 6.067006587982178 0
= 0 762 1 0.09404288232326508 0.6580036878585815 5.409002900123596
<unk> 0 763 5 5.652237415313721 5.544400215148926 0
= 0 764 1 1.9298667907714844 6.881765842437744 0
= 0 765 1 0.001287747174501419 0.015682341530919075 6.866083500906825
<eos> 0 766 5 20.115951538085938 4.893588542938232 0
<unk> 0 767 5 1.4442168474197388 6.062387943267822 0
<unk> 0 768 5 2.4814562797546387 6.647274017333984 0
<unk> 0 769 5 2.59627628326416 5.887022018432617 0.7602519989013672
<unk> 0 770 5 1.9962795972824097 5.530633926391602 0.3563880920410156
project 0 771 7 16.703277587890625 4.328210830688477 1.202423095703125
was 0 772 3 3.1995487213134766 6.359161853790283 0
planned 0 773 7 8.344703674316406 7.57617712020874 0
as 0 774 2 4.191167831420898 3.5142693519592285 4.061907768249512
a 0 775 1 0.9697868227958679 3.5311193466186523 0
replacement 0 776 11 6.1729278564453125 9.281947135925293 0
for 0 777 3 0.7184058427810669 3.021069049835205 6.260878086090088
the 0 778 3 1.447378396987915 4.865720272064209 0
existing 0 779 8 8.468975067138672 7.045756816864014 0
, 0 780 1 8.925915718078613 7.646351337432861 0
antiquated 0 781 10 16.039886474609375 8.829323768615723 0
interchange 0 782 11 12.080352783203125 7.884195804595947 0.9451279640197754
that 0 783 4 4.747097969055176 4.992099761962891 2.8920960426330566
accommodated 0 784 12 14.046293258666992 5.137161731719971 0
<unk> 0 785 5 1.7286733388900757 5.190881729125977 0
<unk> 0 786 5 1.1949176788330078 5.497783660888672 0
<unk> 0 787 5 0.8207314610481262 3.440186023712158 2.0575976371765137
vehicles 0 788 8 5.079936981201172 6.839275360107422 0
daily 0 789 5 9.40100383758545 4.795428276062012 2.04384708404541
and 0 790 3 2.907156229019165 4.244811058044434 0.5506172180175781
was 0 791 3 5.07835054397583 6.719836235046387 0
located 0 792 7 9.074050903320312 8.134090423583984 0
in 0 793 2 2.069486379623413 4.963315486907959 3.1707749366760254
one 0 794 3 8.330222129821777 3.913792610168457 1.049522876739502
of 0 795 2 1.5990822315216064 6.1438889503479 0
the 0 796 3 0.57676100730896 2.5256385803222656 3.6182503700256348
most 0 797 4 4.32119607925415 7.354951858520508 0
intensely 0 798 9 17.4239559173584 6.562103271484375 0.7928485870361328
developed 0 799 9 7.1513261795043945 8.661372184753418 0
commercial 0 800 10 10.27802562713623 8.09389877319336 0.5674734115600586
zones 0 801 5 8.024730682373047 6.364568710327148 1.729330062866211
in 0 802 2 1.4639852046966553 3.8724164962768555 2.492152214050293
<unk> 0 803 5 1.524690866470337 2.477750778198242 1.3946657180786133
. 0 804 1 0.5053675770759583 2.3564529418945312 0.12129783630371094
<eos> 0 805 5 0.07562831789255142 0.305458664894104 2.0509942770004272
<unk> 0 806 5 2.6598782539367676 6.04249906539917 0
was 0 807 3 3.8111603260040283 7.3949689865112305 0
a 0 808 1 4.1225714683532715 8.58442497253418 0
collaborative 0 809 13 15.742132186889648 8.978184700012207 0
project 0 810 7 8.780598640441895 8.705833435058594 0.2723512649536133
between 0 811 7 6.184314727783203 5.818483829498291 2.8873496055603027
the 0 812 3 1.7769590616226196 3.8221161365509033 1.9963676929473877
<unk> 0 813 5 1.6296374797821045 7.159643173217773 0
, 0 814 1 5.049530506134033 5.799556255340576 1.3600869178771973
affected 0 815 8 16.598920822143555 4.142286777496338 1.6572694778442383
motorists 0 816 9 20.92735481262207 1.6865900754928589 2.455696702003479
and 0 817 3 1.792123794555664 3.776423215866089 0
property 0 818 8 14.010138511657715 8.685737609863281 0
owners 0 819 6 2.0411136150360107 5.9922380447387695 2.6934995651245117
, 0 820 1 1.5363320112228394 3.821289300918579 2.1709487438201904
and 0 821 3 1.6157523393630981 5.208709716796875 0
the 0 822 3 2.7227964401245117 8.11468505859375 0
primary 0 823 7 11.427607536315918 8.351611137390137 0
contractor 0 824 10 6.091890811920166 9.316337585449219 0
, 0 825 1 2.9967963695526123 5.6551289558410645 3.6612086296081543
<unk> 0 826 5 0.9518289566040039 4.559167861938477 1.095961093902588
<unk> 0 827 5 0.5099135637283325 2.9760959148406982 1.5830719470977783
. 0 828 1 4.489106178283691 2.770602226257324 0.20549368858337402
<eos> 0 829 5 0.07185021042823792 0.2954840660095215 2.4751181602478027
<unk> 0 830 5 2.6345362663269043 6.063565731048584 0
essential 0 831 9 20.93496322631836 7.323684215545654 0
consideration 0 832 13 14.20430850982666 9.51524829864502 0
was 0 833 3 2.5157387256622314 5.290310382843018 4.224937915802002
to 0 834 2 3.4784631729125977 8.178536415100098 0
complete 0 835 8 8.73853588104248 8.597914695739746 0
the 0 836 3 1.194354772567749 5.344698905944824 3.253215789794922
project 0 837 7 4.626772403717041 9.560270309448242 0
with 0 838 4 4.618395805358887 5.334627151489258 4.225643157958984
as 0 839 2 12.092470169067383 6.39036750793457 0
little 0 840 6 6.9754815101623535 4.723629474639893 1.6667380332946777
disruption 0 841 10 15.508809089660645 3.5909547805786133 1.1326746940612793
to 0 842 2 2.934433937072754 3.6891837120056152 0
the 0 843 3 1.585473656654358 6.912242889404297 0
traffic 0 844 7 10.590865135192871 9.318411827087402 0
flow 0 845 4 6.996950626373291 6.410531520843506 2.9078803062438965
as 0 846 2 2.1663389205932617 4.765044689178467 1.645486831665039
possible 0 847 8 0.7221566438674927 3.451822519302368 1.3132221698760986
. 0 848 1 0.9991917014122009 3.0435798168182373 0.40824270248413086
<eos> 0 849 5 0.06400228291749954 0.27060315012931824 2.772976666688919
<unk> 0 850 5 2.66611909866333 6.039682388305664 0
for 0 851 3 11.146120071411133 7.387423038482666 0
upgrading 0 852 9 18.094955444335938 6.157678604125977 1.2297444343566895
the 0 853 3 1.6983698606491089 6.1396098136901855 0.018068790435791016
interchange 0 854 11 10.762008666992188 10.334837913513184 0
, 0 855 1 3.843817710876465 6.284235000610352 4.050602912902832
in 0 856 2 7.282174587249756 7.092190265655518 0
addition 0 857 8 3.3279151916503906 4.299717426300049 2.7924728393554688
to 0 858 2 0.1289595365524292 0.6144574880599976 3.6852599382400513
the 0 859 3 1.8159964084625244 6.5706000328063965 0
need 0 860 4 11.242447853088379 8.66049575805664 0
to 0 861 2 1.5011773109436035 1.4529047012329102 7.2075910568237305
increase 0 862 8 6.444917678833008 7.7394118309021 0
traffic 0 863 7 4.624227046966553 5.713831424713135 2.025580406188965
flow 0 864 4 7.087106704711914 5.39841365814209 0.3154177665710449
and 0 865 3 3.594778537750244 4.639153003692627 0.7592606544494629
reduce 0 866 6 5.081600189208984 8.601361274719238 0
congestion 0 867 10 3.729903221130371 4.859359264373779 3.742002010345459
, 0 868 1 2.2176241874694824 5.036956787109375 0
were 0 869 4 5.659485340118408 8.290359497070312 0
to 0 870 2 5.704155445098877 8.300015449523926 0
improve 0 871 7 7.164004802703857 5.265460968017578 3.0345544815063477
air 0 872 3 9.419994354248047 5.8126420974731445 0
quality 0 873 7 6.1316022872924805 3.345724582672119 2.4669175148010254
, 0 874 1 3.2094838619232178 5.449396133422852 0
safety 0 875 6 10.164231300354004 7.078173637390137 0
, 0 876 1 1.393755555152893 4.363767623901367 2.7144060134887695
and 0 877 3 0.43248966336250305 3.0894792079925537 1.2742884159088135
local 0 878 5 9.020215034484863 9.06119441986084 0
access 0 879 6 5.594764709472656 8.175535202026367 0.8856592178344727
. 0 880 1 1.9202178716659546 3.339503288269043 4.836031913757324
<eos> 0 881 5 0.06025179475545883 0.25913968682289124 3.0803636014461517
<unk> 0 882 5 2.6576740741729736 6.052761554718018 0
<unk> 0 883 5 2.4248743057250977 7.403922080993652 0
<unk> 0 884 5 2.7522549629211426 6.276861190795898 1.127060890197754
submitted 0 885 9 12.890212059020996 6.516937255859375 0
the 0 886 3 1.9353179931640625 5.031796455383301 1.4851408004760742
lowest 0 887 6 15.899333953857422 8.296100616455078 0
bid 0 888 3 7.822823524475098 8.536226272583008 0
and 0 889 3 5.422368049621582 4.338216781616211 4.198009490966797
was 0 890 3 4.456280708312988 8.56214714050293 0
awarded 0 891 7 4.442629814147949 8.15149974822998 0.4106473922729492
the 0 892 3 0.7888197898864746 3.2541511058807373 4.897348642349243
$ 0 893 1 8.454414367675781 6.423009395599365 0
<unk> 0 894 5 0.0035470775328576565 0.038630854338407516 6.384378541260958
million 0 895 7 2.689347743988037 1.4528114795684814 0
contract 0 896 8 3.797485828399658 7.217091083526611 0
by 0 897 2 4.328690528869629 4.480380058288574 2.736711025238037
<unk> 0 898 5 1.702256679534912 3.8458821773529053 0.634497880935669
, 0 899 1 3.7226345539093018 5.108304500579834 0
the 0 900 3 4.894750118255615 5.789292335510254 0
largest 0 901 7 5.589667320251465 8.220142364501953 0
ever 0 902 4 8.382856369018555 8.809782981872559 0
by 0 903 2 5.671733379364014 7.418536186218262 1.3912467956542969
that 0 904 4 7.6428608894348145 4.748185634613037 2.6703505516052246
agency 0 905 6 9.404397964477539 6.869284152984619 0
. 0 906 1 0.6560519933700562 2.567007541656494 4.302276611328125
<eos> 0 907 5 0.06801427155733109 0.28157734870910645 2.2854301929473877
<unk> 0 908 5 2.6631500720977783 6.025500774383545 0
construction 0 909 12 14.314136505126953 7.37075662612915 0
contract 0 910 8 13.253355026245117 6.818974494934082 0.5517821311950684
for 0 911 3 4.461045742034912 6.414454936981201 0.40451955795288086
the 0 912 3 1.2456538677215576 4.885919094085693 1.5285358428955078
<unk> 0 913 5 2.119269371032715 7.87005615234375 0
<unk> 0 914 5 2.1645667552948 7.8725972175598145 0
<unk> 0 915 5 2.0206751823425293 7.477680683135986 0.3949165344238281
was 0 916 3 3.4510395526885986 8.013522148132324 0
unique 0 917 6 14.096970558166504 7.809682846069336 0.20383930206298828
in 0 918 2 2.034557580947876 3.680912733078003 4.128770112991333
that 0 919 4 6.326493263244629 4.53986120223999 0
it 0 920 2 3.069401979446411 7.401844501495361 0
contained 0 921 9 9.205634117126465 4.059841156005859 3.342003345489502
elements 0 922 8 8.00218677520752 6.041610240936279 0
not 0 923 3 14.172534942626953 1.403684377670288 4.637925863265991
found 0 924 5 5.169363498687744 7.8346147537231445 0
in 0 925 2 1.0077276229858398 3.4373416900634766 4.397273063659668
other 0 926 5 5.34915018081665 4.786421775817871 0
construction 0 927 12 11.21219539642334 8.308432579040527 0
project 0 928 7 11.073456764221191 6.64261531829834 1.6658172607421875
contracts 0 929 9 10.52505111694336 7.573608875274658 0
. 0 930 1 1.4707900285720825 3.706089496612549 3.8675193786621094
<eos> 0 931 5 0.0644783303141594 0.27089768648147583 3.435191810131073
<unk> 0 932 5 2.6665759086608887 6.044656276702881 0
example 0 933 7 21.642894744873047 7.392573833465576 0
, 0 934 1 2.710698366165161 5.380937576293945 2.011636257171631
it 0 935 2 7.401357650756836 7.066302299499512 0
specified 0 936 9 15.938802719116211 5.040940284729004 2.025362014770508
the 0 937 3 2.8498997688293457 4.349327087402344 0.6916131973266602
concrete 0 938 8 15.194334030151367 10.385221481323242 0
maturity 0 939 8 17.06846046447754 9.874150276184082 0.5110712051391602
method 0 940 6 12.536940574645996 3.816019058227539 6.058131217956543
to 0 941 2 2.893869638442993 4.958496570587158 0
be 0 942 2 2.541731595993042 7.5695719718933105 0
used 0 943 4 3.92859148979187 9.0917329788208 0
to 0 944 2 2.142188310623169 3.8384430408477783 5.2532899379730225
ensure 0 945 6 7.811403751373291 8.671287536621094 0
the 0 946 3 1.9797872304916382 6.787020206451416 1.8842673301696777
concrete 0 947 8 11.565817832946777 10.657780647277832 0
's 0 948 2 11.786635398864746 9.542011260986328 1.115769386291504
strength 0 949 8 9.617729187011719 10.23741340637207 0
( 0 950 1 7.199504852294922 5.384546279907227 4.852867126464844
the 0 951 3 4.36865234375 7.74339485168457 0
first 0 952 5 6.5870361328125 9.9581937789917 0
time 0 953 4 6.191613674163818 9.144688606262207 0.8135051727294922
<unk> 0 954 5 5.133863925933838 6.612512111663818 2.5321764945983887
had 0 955 3 4.1159796714782715 8.042189598083496 0
ever 0 956 4 6.099971294403076 7.324658393859863 0.7175312042236328
done 0 957 4 5.424159526824951 6.948300838470459 0.3763575553894043
so 0 958 2 1.9365191459655762 5.227099895477295 1.721200942993164
) 0 959 1 0.4325653314590454 2.232879400253296 2.994220495223999
, 0 960 1 2.5321404933929443 4.381404399871826 0
and 0 961 3 1.6628823280334473 5.827453136444092 0
contained 0 962 9 10.96657657623291 6.651578903198242 0
an 0 963 2 4.6625871658325195 6.155144691467285 0.49643421173095703
early 0 964 5 7.045519828796387 8.52419662475586 0
completion 0 965 10 14.815130233764648 9.13113784790039 0
bonus 0 966 5 15.738548278808594 5.90958309173584 3.221554756164551
, 0 967 1 3.4030990600585938 6.117081165313721 0
a 0 968 1 4.468454837799072 6.462916851043701 0
sliding 0 969 7 11.517404556274414 9.82359790802002 0
scale 0 970 5 11.233918190002441 9.213393211364746 0.6102046966552734
of 0 971 2 4.186733245849609 5.91268253326416 3.300710678100586
up 0 972 2 8.398957252502441 6.6323676109313965 0
to 0 973 2 0.0787295252084732 0.6068143248558044 6.025553286075592
$ 0 974 1 8.036334037780762 2.7267069816589355 0
<unk> 0 975 5 0.002030717208981514 0.02530653588473797 2.7014004457741976
million 0 976 7 3.531511068344116 2.479980230331421 0
if 0 977 2 11.282825469970703 3.423325300216675 0
the 0 978 3 1.716604232788086 5.863762855529785 0
company 0 979 7 8.58683967590332 10.156170845031738 0
completed 0 980 9 7.457369804382324 6.297244071960449 3.858926773071289
the 0 981 3 2.0321662425994873 4.9230241775512695 1.3742198944091797
contract 0 982 8 8.397250175476074 9.383723258972168 0
within 0 983 6 11.269043922424316 4.077718734741211 5.306004524230957
four 0 984 4 6.775968074798584 3.948167085647583 0.12955164909362793
years 0 985 5 1.9971230030059814 2.6141011714935303 1.3340659141540527
. 0 986 1 0.5993223190307617 2.498885154724121 0.11521601676940918
<eos> 0 987 5 0.06576075404882431 0.27637192606925964 2.2225132286548615
<unk> 0 988 5 2.664574146270752 6.026875972747803 0
built 0 989 5 11.300389289855957 7.3680853843688965 0
into 0 990 4 9.408543586730957 4.1918206214904785 3.176264762878418
the 0 991 3 1.8805999755859375 4.34848165512085 0
construction 0 992 12 9.562045097351074 8.551839828491211 0
contract 0 993 8 13.610013961791992 3.0957279205322266 5.456111907958984
was 0 994 3 6.112123012542725 5.149820327758789 0
a 0 995 1 5.062361717224121 8.066011428833008 0
provision 0 996 9 11.237667083740234 9.287307739257812 0
that 0 997 4 3.450599431991577 3.453267812728882 5.834039926528931
<unk> 0 998 5 3.2165005207061768 6.6981587409973145 0
was 0 999 3 3.335360050201416 7.173741817474365 0
charged 0 1000 7 10.278471946716309 8.410872459411621 0
for 0 1001 3 5.16677713394165 2.872127056121826 5.538745403289795
" 0 1002 1 6.940255165100098 8.204657554626465 0
lane 0 1003 4 16.579721450805664 9.960679054260254 0
rentals 0 1004 7 16.021595001220703 8.019519805908203 1.9411592483520508
" 0 1005 1 0.5282936096191406 2.8365321159362793 5.182987689971924
by 0 1006 2 4.352726936340332 5.125687122344971 0
<unk> 0 1007 5 1.9659831523895264 5.443830490112305 0
for 0 1008 3 7.036062240600586 6.601121425628662 0
time 0 1009 4 13.210612297058105 7.25156307220459 0
they 0 1010 4 11.880255699157715 5.511321067810059 1.7402420043945312
closed 0 1011 6 11.588716506958008 6.0817975997924805 0
down 0 1012 4 5.689785957336426 5.571838855743408 0.5099587440490723
traffic 0 1013 7 10.578390121459961 5.891672611236572 0
lanes 0 1014 5 8.692041397094727 5.630922317504883 0.26075029373168945
 0 1015 1 9.005377769470215 4.1754984855651855 1.4554238319396973
fees 0 1016 4 16.0108642578125 7.096951961517334 0
based 0 1017 5 8.936657905578613 6.4693193435668945 0.6276326179504395
on 0 1018 2 0.15494678914546967 0.9590016603469849 5.51031768321991
hourly 0 1019 6 13.726534843444824 6.728769779205322 0
assessments 0 1020 11 10.895755767822266 8.341522216796875 0
and 0 1021 3 3.310864210128784 4.784787654876709 3.556734561920166
the 0 1022 3 3.546410083770752 9.619095802307129 0
time 0 1023 4 10.238527297973633 9.454262733459473 0.16483306884765625
of 0 1024 2 2.436852216720581 7.411944389343262 2.042318344116211
day 0 1025 3 9.283344268798828 7.256784439086914 0.15515995025634766
the 0 1026 3 7.88799524307251 6.539763450622559 0.7170209884643555
lane 0 1027 4 13.495316505432129 9.15708065032959 0
was 0 1028 3 3.378204345703125 8.204663276672363 0.9524173736572266
closed 0 1029 6 5.663066864013672 8.589776992797852 0
. 0 1030 1 1.4014605283737183 4.146988391876221 4.442788600921631
<eos> 0 1031 5 0.06671546399593353 0.27953237295150757 3.867456018924713
<unk> 0 1032 5 2.651270627975464 6.046266555786133 0
fees 0 1033 4 20.006053924560547 7.384680271148682 0
ranged 0 1034 6 10.735613822937012 5.95783805847168 1.426842212677002
from 0 1035 4 0.18070288002490997 1.102294683456421 4.855543375015259
$ 0 1036 1 3.6980769634246826 3.890723705291748 0
<unk> 0 1037 5 0.0010758661665022373 0.013732601888477802 3.8769911034032702
to 0 1038 2 2.8381898403167725 2.1658687591552734 0
a 0 1039 1 7.448400974273682 1.5568164587020874 0.609052300453186
high 0 1040 4 9.167272567749023 5.79577112197876 0
of 0 1041 2 1.3708875179290771 4.93898868560791 0.8567824363708496
$ 0 1042 1 2.4332408905029297 2.947129487991333 1.9918591976165771
<unk> 0 1043 5 0.0017225813353434205 0.021974559873342514 2.9251549281179905
<unk> 0 1044 5 0.587173581123352 2.062767505645752 0
<unk> 0 1045 5 0.40195509791374207 0.8659390211105347 1.1968284845352173
for 0 1046 3 4.413841247558594 4.319137096405029 0
rush 0 1047 4 15.06767463684082 6.229513645172119 0
hours 0 1048 5 7.408609390258789 6.795055389404297 0
. 0 1049 1 2.279350757598877 4.430692672729492 2.3643627166748047
<eos> 0 1050 5 0.06425825506448746 0.2704096734523773 4.160282999277115
<unk> 0 1051 5 2.6451852321624756 6.039506912231445 0
order 0 1052 5 16.28239631652832 7.374760627746582 0
not 0 1053 3 10.862383842468262 6.774167537689209 0.600593090057373
to 0 1054 2 3.644145965576172 8.321588516235352 0
interfere 0 1055 9 9.772698402404785 8.714469909667969 0
with 0 1056 4 0.3378179967403412 1.7344670295715332 6.9800028800964355
traffic 0 1057 7 14.563746452331543 4.521139621734619 0
flow 0 1058 4 9.878785133361816 6.642293453216553 0
during 0 1059 6 7.851369857788086 5.176297187805176 1.465996265411377
construction 0 1060 12 7.856412410736084 3.8061838150024414 1.3701133728027344
, 0 1061 1 1.8960055112838745 4.228985786437988 0
the 0 1062 3 6.582455635070801 4.802323341369629 0
new 0 1063 3 7.39786958694458 9.6015043258667 0
interchange 0 1064 11 9.974366188049316 7.0386962890625 2.562808036804199
was 0 1065 3 1.7557364702224731 5.442470550537109 1.5962257385253906
designed 0 1066 8 7.4905171394348145 6.795234680175781 0
largely 0 1067 7 10.370808601379395 3.2534468173980713 3.54178786277771
as 0 1068 2 4.716273307800293 4.045749664306641 0
elevated 0 1069 8 15.785533905029297 2.8438923358917236 1.201857328414917
flyover 0 1070 7 14.7490234375 4.9458770751953125 0
ramps 0 1071 5 2.9552741050720215 6.33811092376709 0
and 0 1072 3 2.8971951007843018 4.593118667602539 1.7449922561645508
viaducts 0 1073 8 11.013435363769531 8.178616523742676 0
so 0 1074 2 10.332756042480469 5.56158447265625 2.617032051086426
they 0 1075 4 5.877918243408203 4.100179672241211 1.461404800415039
could 0 1076 5 1.6121350526809692 4.7910542488098145 0
be 0 1077 2 2.3369812965393066 6.752059459686279 0
built 0 1078 5 4.466631889343262 7.955413818359375 0
high 0 1079 4 14.436034202575684 5.585212230682373 2.370201587677002
over 0 1080 4 7.632843017578125 4.863150119781494 0.7220621109008789
the 0 1081 3 1.0075252056121826 4.7917866706848145 0.07136344909667969
existing 0 1082 8 5.652449131011963 7.385819911956787 0
junction 0 1083 8 10.261603355407715 8.14144229888916 0
lanes 0 1084 5 9.42745590209961 4.796995162963867 3.344447135925293
; 0 1085 1 6.774933338165283 3.1969871520996094 1.6000080108642578
once 0 1086 4 9.324750900268555 5.74394416809082 0
traffic 0 1087 7 9.295390129089355 5.662892818450928 0.08105134963989258
was 0 1088 3 1.9312771558761597 6.271478652954102 0
transferred 0 1089 11 6.840229034423828 7.5870537757873535 0
to 0 1090 2 1.1758798360824585 3.3647608757019043 4.222292900085449
the 0 1091 3 1.3057955503463745 5.299047470092773 0
new 0 1092 3 4.366899490356445 7.243590831756592 0
structures 0 1093 10 13.591468811035156 5.218645095825195 2.0249457359313965
the 0 1094 3 6.9698309898376465 5.2944865226745605 0
old 0 1095 3 7.630846977233887 7.483651638031006 0
lanes 0 1096 5 7.487512111663818 6.8938469886779785 0.5898046493530273
could 0 1097 5 5.781495571136475 5.555317401885986 1.3385295867919922
simply 0 1098 6 13.636378288269043 3.066375255584717 2.4889421463012695
be 0 1099 2 0.7579948902130127 3.9824137687683105 0
closed 0 1100 6 6.4505696296691895 7.143307685852051 0
off 0 1101 3 7.868452548980713 4.061676502227783 3.0816311836242676
and 0 1102 3 4.904930114746094 5.17498254776001 0
removed 0 1103 7 7.139711380004883 8.5296049118042 0
. 0 1104 1 1.602838397026062 4.313846588134766 4.215758323669434
<eos> 0 1105 5 0.06803642213344574 0.2838413715362549 4.030005216598511
<unk> 0 1106 5 2.648808002471924 6.041764259338379 0
of 0 1107 2 8.241989135742188 7.384853839874268 0
the 0 1108 3 2.202850103378296 3.368042230606079 4.0168116092681885
original 0 1109 8 7.391628742218018 7.445450305938721 0
interchange 0 1110 11 14.225857734680176 8.639189720153809 0
remained 0 1111 8 8.966653823852539 5.648519039154053 2.990670680999756
when 0 1112 4 12.44334888458252 6.661548614501953 0
the 0 1113 3 1.5414613485336304 5.046224594116211 1.6153240203857422
project 0 1114 7 7.5560383796691895 7.820377349853516 0
was 0 1115 3 1.13169527053833 4.816379070281982 3.003998279571533
finished 0 1116 8 6.226029396057129 6.516780853271484 0
. 0 1117 1 2.241990566253662 3.7783164978027344 2.73846435546875
<eos> 0 1118 5 0.06409326195716858 0.27145662903785706 3.5068598687648773
<unk> 0 1119 5 2.664098024368286 6.054587364196777 0
save 0 1120 4 18.590442657470703 7.37495231628418 0
time 0 1121 4 8.752355575561523 5.005065441131592 2.369886875152588
and 0 1122 3 4.207947731018066 6.269295692443848 0
money 0 1123 5 10.583518981933594 9.498079299926758 0
, 0 1124 1 3.2459206581115723 7.3504767417907715 2.1476025581359863
innovative 0 1125 10 18.333118438720703 6.985036849975586 0.36543989181518555
construction 0 1126 12 9.421510696411133 9.28913688659668 0
methods 0 1127 7 7.0725483894348145 5.770979881286621 3.5181570053100586
were 0 1128 4 6.246049404144287 5.185421943664551 0.5855579376220703
employed 0 1129 8 8.335342407226562 8.736501693725586 0
: 0 1130 1 8.790671348571777 4.205839157104492 4.530662536621094
<unk> 0 1131 5 2.5463764667510986 7.273786544799805 0
original 0 1132 8 13.633017539978027 6.635601043701172 0.6381855010986328
plans 0 1133 5 10.154781341552734 8.947272300720215 0
called 0 1134 6 10.19949722290039 4.714069366455078 4.233202934265137
for 0 1135 3 1.3200494050979614 4.70468282699585 0.009386539459228516
the 0 1136 3 2.1137726306915283 7.485403060913086 0
segments 0 1137 8 16.683652877807617 8.711027145385742 0
of 0 1138 2 1.4824614524841309 4.379469871520996 4.331557273864746
the 0 1139 3 0.9522073864936829 4.305905342102051 0.07356452941894531
long 0 1140 4 11.174182891845703 8.300214767456055 0
ramps 0 1141 5 10.99640941619873 5.768962860107422 2.531251907348633
and 0 1142 3 3.7059922218322754 5.412360668182373 0.35660219192504883
spans 0 1143 5 12.151135444641113 7.512340545654297 0
( 0 1144 1 8.832489967346191 5.077867031097412 2.4344735145568848
used 0 1145 4 11.253561973571777 7.0735087394714355 0
to 0 1146 2 2.5425007343292236 3.869107484817505 3.2044012546539307
direct 0 1147 6 8.590283393859863 8.195674896240234 0
<unk> 0 1148 5 3.605808734893799 6.812015533447266 1.3836593627929688
connect 0 1149 7 9.864967346191406 7.277653694152832 0
roads 0 1150 5 7.447941303253174 6.878116607666016 0.3995370864868164
) 0 1151 1 1.108680009841919 3.6210381984710693 3.2570784091949463
to 0 1152 2 2.525296926498413 4.337671279907227 0
be 0 1153 2 7.0315327644348145 5.635064601898193 0
made 0 1154 4 7.6586432456970215 7.5253400802612305 0
of 0 1155 2 2.7007055282592773 5.702671051025391 1.8226690292358398
steel 0 1156 5 6.635374069213867 8.227921485900879 0
, 0 1157 1 3.5841362476348877 6.927982807159424 1.299938678741455
but 0 1158 3 5.63794469833374 6.962098598480225 0
because 0 1159 7 9.262459754943848 7.063027858734131 0
building 0 1160 8 13.874044418334961 4.33244514465332 2.7305827140808105
with 0 1161 4 9.241178512573242 8.411715507507324 0
steel 0 1162 5 8.072571754455566 7.319157123565674 1.0925583839416504
would 0 1163 5 6.022658824920654 8.225981712341309 0
interfere 0 1164 9 11.41712474822998 5.2476372718811035 2.978344440460205
with 0 1165 4 0.5787973403930664 2.574953556060791 2.6726837158203125
heavy 0 1166 5 10.134778022766113 6.314784049987793 0
traffic 0 1167 7 1.8530305624008179 6.776834011077881 0
flow 0 1168 4 8.523438453674316 5.446017265319824 1.3308167457580566
during 0 1169 6 8.477240562438965 5.5090460777282715 0
construction 0 1170 12 5.809736251831055 3.434777021408081 2.0742690563201904
, 0 1171 1 1.3354356288909912 3.9736130237579346 0
cast 0 1172 4 16.829683303833008 5.844259262084961 0
<unk> 0 1173 5 4.544557571411133 6.713701248168945 0
in 0 1174 2 7.054643154144287 8.105206489562988 0
<unk> 0 1175 5 2.597386598587036 6.512092113494873 1.5931143760681152
place 0 1176 5 12.665986061096191 7.108893394470215 0
<unk> 0 1177 5 4.347857475280762 6.248950481414795 0.8599429130554199
concrete 0 1178 8 11.490443229675293 6.4464545249938965 0
was 0 1179 3 6.175009250640869 8.321533203125 0
substituted 0 1180 11 11.982251167297363 7.649119853973389 0.6724133491516113
in 0 1181 2 3.1466715335845947 4.592651844024658 3.0564680099487305
the 0 1182 3 1.6402701139450073 5.859918594360352 0
plans 0 1183 5 13.230897903442383 8.951952934265137 0
. 0 1184 1 1.6151124238967896 3.701505661010742 5.2504472732543945
<eos> 0 1185 5 0.07046886533498764 0.2905365228652954 3.4109691381454468
<unk> 0 1186 5 2.672740936279297 6.050876140594482 0
, 0 1187 1 4.506788730621338 7.39911413192749 0
<unk> 0 1188 5 1.8439043760299683 5.9013776779174805 1.4977364540100098
decided 0 1189 7 13.955448150634766 4.10228967666626 1.7990880012512207
to 0 1190 2 0.39831456542015076 1.7414747476577759 2.360814929008484
use 0 1191 3 4.969772815704346 8.319181442260742 0
<unk> 0 1192 5 2.8341269493103027 4.899801731109619 3.419379711151123
concrete 0 1193 8 16.904218673706055 5.325089931488037 0
<unk> 0 1194 5 4.305853843688965 7.89691686630249 0
bridges 0 1195 7 12.352978706359863 7.67205810546875 0.22485876083374023
, 0 1196 1 2.1585307121276855 4.687662124633789 2.984395980834961
rather 0 1197 6 8.188383102416992 5.79107666015625 0
than 0 1198 4 0.009372469037771225 0.10113589465618134 5.689940765500069
casting 0 1199 7 13.522762298583984 8.44306755065918 0
the 0 1200 3 2.757143259048462 7.681605339050293 0.7614622116088867
bridge 0 1201 6 7.756515026092529 10.077783584594727 0
elements 0 1202 8 12.496011734008789 4.703715801239014 5.374067783355713
in 0 1203 2 5.125239849090576 3.5840859413146973 1.1196298599243164
place 0 1204 5 8.118073463439941 4.948382377624512 0
, 0 1205 1 3.413269519805908 3.186596632003784 1.7617857456207275
and 0 1206 3 1.9358298778533936 5.253366947174072 0
used 0 1207 4 7.50504207611084 7.540998935699463 0
a 0 1208 1 3.017669439315796 5.632076740264893 1.9089221954345703
unique 0 1209 6 8.964934349060059 9.599119186401367 0
machine 0 1210 7 10.498812675476074 8.858100891113281 0.7410182952880859
, 0 1211 1 4.0635457038879395 6.083873271942139 2.7742276191711426
designed 0 1212 8 7.408438682556152 7.152074813842773 0
and 0 1213 3 7.970110893249512 2.5477254390716553 4.604349374771118
constructed 0 1214 11 3.5951623916625977 7.449862003326416 0
by 0 1215 2 2.0356802940368652 5.256929397583008 2.192932605743408
<unk> 0 1216 5 1.6467530727386475 5.019220352172852 0.23770904541015625
<unk> 0 1217 5 1.5570374727249146 5.315908432006836 0
of 0 1218 2 6.739596843719482 3.833003044128418 1.482905387878418
<unk> 0 1219 5 1.095018982887268 3.6633849143981934 0.1696181297302246
and 0 1220 3 3.986112117767334 4.492709636688232 0
costing 0 1221 7 15.827783584594727 5.681974411010742 0
about 0 1222 5 6.479517936706543 4.664439678192139 1.0175347328186035
$ 0 1223 1 1.7892636060714722 1.7985334396362305 2.865906238555908
<unk> 0 1224 5 0.0019400351447984576 0.0225599966943264 1.775973442941904
million 0 1225 7 1.3347476720809937 1.5656287670135498 0
, 0 1226 1 3.4082860946655273 2.400195598602295 0
to 0 1227 2 4.131726264953613 6.845783233642578 0
move 0 1228 4 9.059633255004883 7.465419292449951 0
the 0 1229 3 2.557643413543701 5.926368236541748 1.5390510559082031
pieces 0 1230 6 9.727339744567871 9.267022132873535 0
into 0 1231 4 2.8934898376464844 4.878392696380615 4.38862943649292
place 0 1232 5 9.599596977233887 5.6128411293029785 0
. 0 1233 1 0.8978292346000671 3.6331207752227783 1.9797203540802002
<eos> 0 1234 5 0.05888686329126358 0.25506314635276794 3.3780576288700104
<unk> 0 1235 5 2.6676859855651855 6.03959321975708 0
the 0 1236 3 9.702543258666992 7.386813640594482 0
construction 0 1237 12 13.051369667053223 8.651174545288086 0
, 0 1238 1 5.345600605010986 3.2873024940490723 5.363872051239014
<unk> 0 1239 5 4.470077991485596 7.652172565460205 0
<unk> 0 1240 5 2.701021909713745 6.365911483764648 1.2862610816955566
<eos> 0 1241 5 6.129334926605225 4.871978759765625 1.4939327239990234
@ 0 1242 1 0.6702369451522827 2.8029251098632812 2.0690536499023438
<unk> 0 1243 5 0.012553445063531399 0.1454506814479828 2.6574744284152985
million 0 1244 7 2.256920099258423 4.798386573791504 0
cubic 0 1245 5 7.226990222930908 6.958600997924805 0
yards 0 1246 5 5.431585311889648 2.875818967819214 4.082782030105591
of 0 1247 2 5.0386128425598145 2.5895984172821045 0.2862205505371094
earthwork 0 1248 9 12.8663330078125 9.084014892578125 0
was 0 1249 3 4.211164474487305 6.250860691070557 2.8331542015075684
used 0 1250 4 5.281848430633545 6.637641429901123 0
, 0 1251 1 3.3549442291259766 3.8167123794555664 2.8209290504455566
<unk> 0 1252 5 4.937115669250488 4.964409828186035 0
<unk> 0 1253 5 0.8080404996871948 4.594085693359375 0.37032413482666016
<unk> 0 1254 5 0.5246090292930603 2.2176201343536377 2.3764655590057373
cubic 0 1255 5 4.511144638061523 6.50124979019165 0
yards 0 1256 5 5.485140323638916 1.576587438583374 4.924662351608276
of 0 1257 2 5.096451282501221 1.9778417348861694 0
concrete 0 1258 8 7.216969966888428 9.057747840881348 0
was 0 1259 3 4.762811660766602 4.162173271179199 4.895574569702148
mixed 0 1260 5 14.040027618408203 6.068366527557373 0
on 0 1261 2 5.24411678314209 3.65580153465271 2.412564992904663
site 0 1262 4 9.820952415466309 4.111730098724365 0
, 0 1263 1 1.7744344472885132 4.221867084503174 0
and 0 1264 3 0.7839849591255188 3.7422773838043213 0.47958970069885254
<unk> 0 1265 5 1.7524425983428955 5.31454610824585 0
<unk> 0 1266 5 0.40987464785575867 2.92496657371521 2.3895795345306396
<unk> 0 1267 5 0.25376108288764954 1.542778730392456 1.382187843322754
square 0 1268 6 3.3321871757507324 6.07904052734375 0
feet 0 1269 4 0.4418606162071228 1.502195119857788 4.576845407485962
of 0 1270 2 7.798463821411133 0.46778586506843567 1.0344092547893524
retaining 0 1271 9 15.585282325744629 7.658738136291504 0
walls 0 1272 5 6.2989182472229 7.960835933685303 0
were 0 1273 4 2.4976091384887695 4.9815754890441895 2.9792604446411133
built 0 1274 5 1.8014371395111084 5.383518218994141 0
. 0 1275 1 1.7739803791046143 4.269924163818359 1.1135940551757812
<eos> 0 1276 5 0.06314389407634735 0.2686537802219391 4.00127038359642
<unk> 0 1277 5 2.651313304901123 6.040122985839844 0
, 0 1278 1 4.497447967529297 7.392233848571777 0
<unk> 0 1279 5 1.8407607078552246 5.895373344421387 1.4968605041503906
<unk> 0 1280 5 2.580662965774536 4.09552526473999 1.7998480796813965
<unk> 0 1281 5 2.76520037651062 3.298107624053955 0.7974176406860352
feet 0 1282 4 16.459209442138672 3.4000980854034424 0
of 0 1283 2 8.934603691101074 1.0922198295593262 2.307878255844116
drilled 0 1284 7 19.405792236328125 5.892323970794678 0
shafts 0 1285 6 14.48831558227539 7.485440254211426 0
and 0 1286 3 2.8442723751068115 4.121697902679443 3.3637423515319824
<unk> 0 1287 5 1.418628454208374 7.451537132263184 0
<unk> 0 1288 5 1.16421377658844 6.505507946014404 0.9460291862487793
<unk> 0 1289 5 1.0494091510772705 5.440302848815918 1.0652050971984863
linear 0 1290 6 16.99550437927246 6.7903594970703125 0
feet 0 1291 4 8.42273998260498 9.32151985168457 0
of 0 1292 2 2.8981223106384277 6.023974418640137 3.2975454330444336
drainage 0 1293 8 12.245346069335938 8.608525276184082 0
pipe 0 1294 4 11.642647743225098 7.315451145172119 1.293074131011963
were 0 1295 4 5.609185218811035 8.1471586227417 0
completed 0 1296 9 7.041998863220215 7.625853061676025 0.5213055610656738
. 0 1297 1 2.8895177841186523 3.8829565048217773 3.742896556854248
<eos> 0 1298 5 0.06463801115751266 0.2727493643760681 3.6102071404457092
<unk> 0 1299 5 2.655552387237549 6.045333385467529 0
addition 0 1300 8 17.5527400970459 7.397818565368652 0
to 0 1301 2 3.484642267227173 6.6466755867004395 0.7511429786682129
the 0 1302 3 1.711403489112854 5.773959636688232 0.872715950012207
construction 0 1303 12 9.790452003479004 9.57507038116455 0
of 0 1304 2 0.7254585027694702 3.8741750717163086 5.700895309448242
<unk> 0 1305 5 2.547689199447632 4.361856460571289 0
permanent 0 1306 9 14.757092475891113 7.0970964431762695 0
bridges 0 1307 7 7.28083610534668 9.136138916015625 0
, 0 1308 1 3.6183114051818848 5.77571964263916 3.360419273376465
six 0 1309 3 12.092081069946289 7.294173717498779 0
temporary 0 1310 9 10.573921203613281 7.641240119934082 0
bridges 0 1311 7 3.8691446781158447 8.139430046081543 0
were 0 1312 4 6.372953414916992 4.179060935974121 3.960369110107422
built 0 1313 5 2.6842970848083496 6.2119317054748535 0
, 0 1314 1 3.7222495079040527 4.645536422729492 1.5663952827453613
resulting 0 1315 9 9.548548698425293 6.173545837402344 0
in 0 1316 2 0.038898397237062454 0.24761219322681427 5.9259336441755295
<unk> 0 1317 5 4.18446159362793 4.906620502471924 0
<unk> 0 1318 5 2.0779550075531006 7.54925537109375 0
<eos> 0 1319 5 3.012600898742676 5.95500373840332 1.5942516326904297
@ 0 1320 1 0.02004620060324669 0.18368293344974518 5.771320804953575
<unk> 0 1321 5 0.0014226267812773585 0.019657574594020844 0.16402535885572433
million 0 1322 7 2.8618574142456055 3.936934232711792 0
square 0 1323 6 5.089548587799072 6.314185619354248 0
feet 0 1324 4 0.3037516176700592 1.2180665731430054 5.096119046211243
of 0 1325 2 6.897401332855225 0.7578920125961304 0.460174560546875
bridge 0 1326 6 9.192691802978516 8.424850463867188 0
deck 0 1327 4 9.166176795959473 6.321557521820068 2.103292942047119
. 0 1328 1 1.7036725282669067 4.931192398071289 1.3903651237487793
<eos> 0 1329 5 0.07713630795478821 0.3107444941997528 4.620447903871536
<unk> 0 1330 5 2.655325412750244 6.047353267669678 0
project 0 1331 7 15.841209411621094 7.396346092224121 0
was 0 1332 3 3.964495897293091 8.167472839355469 0
designed 0 1333 8 6.391389846801758 8.27269172668457 0
by 0 1334 2 1.4208297729492188 2.676335334777832 5.596356391906738
the 0 1335 3 3.448788642883301 3.4488754272460938 0
<unk> 0 1336 5 1.209409475326538 6.314380168914795 0
<unk> 0 1337 5 2.300800323486328 7.648858070373535 0
who 0 1338 3 10.049455642700195 6.192035675048828 1.456822395324707
provided 0 1339 8 6.690910816192627 7.690640449523926 0
professional 0 1340 12 12.531871795654297 6.632796287536621 1.0578441619873047
engineering 0 1341 11 8.838074684143066 9.475647926330566 0
consultation 0 1342 12 13.466691017150879 6.647824287414551 2.8278236389160156
throughout 0 1343 10 8.870565414428711 4.471558094024658 2.1762661933898926
the 0 1344 3 0.7345199584960938 2.6421191692352295 1.8294389247894287
construction 0 1345 12 7.8531365394592285 7.1744256019592285 0
, 0 1346 1 5.462521076202393 2.7689836025238037 4.405441999435425
which 0 1347 5 4.101248264312744 6.220765113830566 0
had 0 1348 3 4.184754848480225 6.3083600997924805 0
begun 0 1349 5 4.616564750671387 6.222517967224121 0.08584213256835938
in 0 1350 2 1.7055093050003052 4.919617176055908 1.302900791168213
<unk> 0 1351 5 0.3969799280166626 1.765773057937622 3.153844118118286
and 0 1352 3 3.9180922508239746 2.924426317214966 0
was 0 1353 3 2.6189255714416504 6.744513034820557 0
completed 0 1354 9 2.34407114982605 7.394725799560547 0
in 0 1355 2 0.8057126998901367 2.7043943405151367 4.69033145904541
<unk> 0 1356 5 0.2318766862154007 1.2276018857955933 1.4767924547195435
<unk> 0 1357 5 3.4300413131713867 1.7555376291275024 0
, 0 1358 1 4.710695743560791 1.1892212629318237 0.5663163661956787
more 0 1359 4 10.344035148620605 5.9535088539123535 0
than 0 1360 4 0.19797822833061218 1.5007359981536865 4.452772855758667
<unk> 0 1361 5 2.6826705932617188 4.428372859954834 0
months 0 1362 6 3.5277466773986816 3.9367001056671143 0.4916727542877197
sooner 0 1363 6 14.520668983459473 3.087083101272583 0.8496170043945312
than 0 1364 4 1.142713189125061 2.3164727687835693 0.7706103324890137
planned 0 1365 7 5.586203098297119 4.807058811187744 0
. 0 1366 1 0.5409197807312012 2.583045244216919 2.224013566970825
<eos> 0 1367 5 0.0649874210357666 0.2731442153453827 2.3099010288715363
= 0 1368 1 3.8245227336883545 6.027340888977051 0
= 0 1369 1 0.09348703920841217 0.6554773449897766 5.371863543987274
<unk> 0 1370 5 5.652044773101807 5.559303283691406 0
= 0 1371 1 1.9198684692382812 6.860562801361084 0
= 0 1372 1 0.0012849979102611542 0.015619734302163124 6.844943067058921
<eos> 0 1373 5 20.12282371520996 4.887576103210449 0
<unk> 0 1374 5 1.4436609745025635 6.060232639312744 0
<unk> 0 1375 5 2.483017921447754 6.649297714233398 0
, 0 1376 1 2.744558334350586 5.890085220336914 0.7592124938964844
the 0 1377 3 3.272205114364624 5.864541530609131 0.025543689727783203
<unk> 0 1378 5 2.781343460083008 8.348297119140625 0
<unk> 0 1379 5 2.340576648712158 8.06592845916748 0.28236865997314453
<unk> 0 1380 5 2.1714117527008057 6.703347682952881 1.3625807762145996
<unk> 0 1381 5 2.030768394470215 6.535539627075195 0.16780805587768555
named 0 1382 5 11.536738395690918 5.425843238830566 1.109696388244629
the 0 1383 3 3.395249843597412 4.633411884307861 0.7924313545227051
<unk> 0 1384 5 1.2532693147659302 6.891042232513428 0
<unk> 0 1385 5 1.3628125190734863 6.2339677810668945 0.6570744514465332
" 0 1386 1 8.399251937866211 4.76196813583374 1.4719996452331543
<unk> 0 1387 5 0.8631671667098999 5.531172275543213 0
<unk> 0 1388 5 3.3313190937042236 1.5757238864898682 3.9554483890533447
<unk> 0 1389 5 3.2233593463897705 1.7861429452896118 0
of 0 1390 2 7.380518436431885 1.733626365661621 0.05251657962799072
the 0 1391 3 3.0035104751586914 1.9210454225540161 0
<unk> 0 1392 5 0.8643393516540527 5.287395000457764 0
" 0 1393 1 1.4395359754562378 5.356350421905518 0
for 0 1394 3 7.153168678283691 2.780162811279297 2.5761876106262207
its 0 1395 3 6.030418872833252 4.779067516326904 0
massive 0 1396 7 12.446331977844238 9.16259479522705 0
size 0 1397 4 5.621427536010742 8.950828552246094 0.21176624298095703
, 0 1398 1 1.0694843530654907 3.2147905826568604 5.736037969589233
its 0 1399 3 8.069645881652832 6.617178440093994 0
innovative 0 1400 10 11.750088691711426 9.621305465698242 0
design 0 1401 6 3.6841697692871094 8.538409233093262 1.0828962326049805
, 0 1402 1 1.5856345891952515 4.127691745758057 4.410717487335205
the 0 1403 3 4.529025554656982 6.465552806854248 0
complexity 0 1404 10 12.809614181518555 8.433509826660156 0
and 0 1405 3 3.472990036010742 1.0194653272628784 7.414044499397278
rapidity 0 1406 8 12.522582054138184 9.22763442993164 0
of 0 1407 2 0.07206209003925323 0.5372193455696106 8.69041508436203
its 0 1408 3 3.0317749977111816 4.024418830871582 0
construction 0 1409 12 6.083527088165283 9.504843711853027 0
and 0 1410 3 3.511803150177002 3.045970916748047 6.4588727951049805
the 0 1411 3 2.6339845657348633 7.719668388366699 0
need 0 1412 4 7.541011333465576 9.549215316772461 0
it 0 1413 2 11.314468383789062 1.352653980255127 8.196561336517334
fulfilled 0 1414 9 14.735471725463867 5.827936172485352 0
for 0 1415 3 5.199856758117676 4.7529096603393555 1.075026512145996
the 0 1416 3 1.7989013195037842 6.28631067276001 0
community 0 1417 9 12.498958587646484 7.882767677307129 0
. 0 1418 1 0.7923254370689392 2.9433035850524902 4.939464092254639
<eos> 0 1419 5 0.06297597289085388 0.2659164369106293 2.677387148141861
<unk> 0 1420 5 2.6567494869232178 6.042768478393555 0
as 0 1421 2 10.76329517364502 7.382740497589111 0
the 0 1422 3 3.2620582580566406 5.57183313369751 1.8109073638916016
managing 0 1423 8 12.860031127929688 9.42910099029541 0
agency 0 1424 6 15.606954574584961 2.995144844055176 6.433956146240234
, 0 1425 1 3.553659677505493 6.6647844314575195 0
<unk> 0 1426 5 2.3011484146118164 7.078091621398926 0
<unk> 0 1427 5 2.5428295135498047 7.726683616638184 0
<unk> 0 1428 5 2.813678741455078 6.544620990753174 1.1820626258850098
as 0 1429 2 5.544891357421875 6.525912284851074 0.01870870590209961
the 0 1430 3 3.268183469772339 5.584707260131836 0.9412050247192383
primary 0 1431 7 8.53322982788086 8.664588928222656 0
contractor 0 1432 10 5.86445426940918 8.234021186828613 0.43056774139404297
, 0 1433 1 2.917640209197998 4.435472011566162 3.798549175262451
and 0 1434 3 2.0506439208984375 6.237856388092041 0
<unk> 0 1435 5 1.5552213191986084 5.878614902496338 0.3592414855957031
<unk> 0 1436 5 0.7128432989120483 4.197352886199951 1.6812620162963867
as 0 1437 2 1.7144758701324463 4.254947185516357 0
the 0 1438 3 2.780853509902954 5.024291515350342 0
primary 0 1439 7 9.617803573608398 8.136666297912598 0
consultant 0 1440 10 7.80355167388916 7.643283367156982 0.49338293075561523
received 0 1441 8 16.581384658813477 3.653552770614624 3.9897305965423584
the 0 1442 3 2.423696517944336 6.697038650512695 0
award 0 1443 5 6.068661212921143 9.291796684265137 0
in 0 1444 2 5.228729248046875 4.059078693389893 5.232717990875244
recognition 0 1445 11 7.040180206298828 2.612631320953369 1.4464473724365234
of 0 1446 2 0.06396938115358353 0.30411550402641296 2.308515816926956
their 0 1447 5 3.7346019744873047 3.658339262008667 0
cooperative 0 1448 11 14.57992172241211 8.330793380737305 0
alliance 0 1449 8 14.290074348449707 8.633052825927734 0
in 0 1450 2 4.004787921905518 4.841750144958496 3.7913026809692383
completing 0 1451 10 14.874231338500977 4.280399799346924 0.5613503456115723
the 0 1452 3 1.0507410764694214 4.824442386627197 0
project 0 1453 7 4.209175109863281 8.448898315429688 0
. 0 1454 1 0.5321776866912842 2.4259209632873535 6.022977352142334
<eos> 0 1455 5 0.06948090344667435 0.28713756799697876 2.1387833952903748
=========================================================================================
| End of testing | test loss  3.87 | test ppl    48.15
=========================================================================================
