word sentid sentpos wlen surp entropy entred
= 0 0 1 6.364978790283203 6.618824005126953 0
<unk> 0 1 5 2.771157741546631 1.6314259767532349 4.987398028373718
<unk> 0 2 5 1.1408406496047974 5.430200576782227 0
<unk> 0 3 5 2.8877346515655518 3.0800726413726807 2.350127935409546
= 0 4 1 0.8524010181427002 3.3845560550689697 0
<eos> 0 5 5 21.138225555419922 1.1463711261749268 2.238184928894043
<unk> 0 6 5 0.03175773099064827 0.3223506808280945 0.8240204453468323
<unk> 0 7 5 0.27035123109817505 1.6836713552474976 0
<unk> 0 8 5 1.4808696508407593 2.9547340869903564 0
<unk> 0 9 5 1.8537665605545044 2.9290082454681396 0.025725841522216797
is 0 10 2 4.94202995300293 2.4770750999450684 0.4519331455230713
one 0 11 3 6.99249792098999 1.3763684034347534 1.100706696510315
of 0 12 2 0.005830966867506504 0.061390310525894165 1.3149780929088593
the 0 13 3 0.4351573586463928 2.0105717182159424 0
first 0 14 5 3.771238327026367 5.847583293914795 0
five 0 15 4 6.999704837799072 5.940680980682373 0
<unk> 0 16 5 0.7456438541412354 4.463724136352539 1.476956844329834
level 0 17 5 14.60048770904541 4.1150922775268555 0.3486318588256836
stack 0 18 5 16.078487396240234 6.451846599578857 0
interchanges 0 19 12 22.53217315673828 6.761241912841797 0
built 0 20 5 3.5942366123199463 4.536545753479004 2.224696159362793
in 0 21 2 1.503486156463623 3.0993990898132324 1.4371466636657715
<unk> 0 22 5 0.7910927534103394 2.0209670066833496 1.0784320831298828
, 0 23 1 1.9039524793624878 3.754406690597534 0
<unk> 0 24 5 0.8632965087890625 3.962383985519409 0
. 0 25 1 2.2172389030456543 2.947183132171631 1.0152008533477783
<eos> 0 26 5 0.00047889217967167497 0.004465662408620119 2.9427174697630107
<unk> 0 27 5 3.9062886238098145 3.994699239730835 0
at 0 28 2 9.721284866333008 4.766421318054199 0
the 0 29 3 0.8995023369789124 2.9730076789855957 1.7934136390686035
junction 0 30 8 8.312911987304688 6.0900397300720215 0
of 0 31 2 0.2890573740005493 1.4098196029663086 4.680220127105713
the 0 32 3 1.2647067308425903 3.0994465351104736 0
<unk> 0 33 5 0.9599369764328003 4.818739891052246 0
<unk> 0 34 5 1.956605315208435 5.454467296600342 0
<unk> 0 35 5 1.3326385021209717 4.382853984832764 1.0716133117675781
<unk> 0 36 5 2.100414514541626 4.484018325805664 0
( 0 37 1 4.2567219734191895 3.9228451251983643 0.5611732006072998
<unk> 0 38 5 0.19003397226333618 1.609910249710083 2.3129348754882812
<unk> 0 39 5 1.6228364706039429 2.6796698570251465 0
, 0 40 1 5.864762306213379 2.751342296600342 0
<unk> 0 41 5 0.08337722718715668 0.7392252683639526 2.012117028236389
<unk> 0 42 5 1.1606242656707764 2.5806846618652344 0
<unk> 0 43 5 2.2485218048095703 2.898686408996582 0
) 0 44 1 2.134150505065918 3.1163110733032227 0
and 0 45 3 0.619118332862854 1.7053321599960327 1.41097891330719
the 0 46 3 3.0868945121765137 1.93086576461792 0
<unk> 0 47 5 0.510672926902771 3.5041403770446777 0
<unk> 0 48 5 1.5763392448425293 4.605813503265381 0
( 0 49 1 1.1537531614303589 3.163482666015625 1.4423308372497559
<unk> 0 50 5 0.14477911591529846 1.300606608390808 1.862876057624817
<unk> 0 51 5 2.111985445022583 2.241105318069458 0
<unk> 0 52 5 0.9020062685012817 2.2696728706359863 0
, 0 53 1 4.801626205444336 2.4979753494262695 0
<unk> 0 54 5 0.27017509937286377 2.221515655517578 0.2764596939086914
<unk> 0 55 5 1.1463454961776733 2.733520030975342 0
) 0 56 1 1.7284504175186157 2.744856834411621 0
, 0 57 1 1.4284398555755615 4.764777183532715 0
it 0 58 2 3.085327625274658 5.192948818206787 0
replaces 0 59 8 12.598785400390625 3.30033802986145 1.892610788345337
an 0 60 2 6.294410705566406 3.1955063343048096 0.10483169555664062
antiquated 0 61 10 12.76129150390625 6.859188079833984 0
partial 0 62 7 12.765405654907227 7.4105000495910645 0
cloverleaf 0 63 10 8.284530639648438 6.848392009735107 0.562108039855957
interchange 0 64 11 6.910833835601807 6.159489631652832 0.6889023780822754
constructed 0 65 11 11.543256759643555 3.1211957931518555 3.0382938385009766
in 0 66 2 2.2602179050445557 3.6148200035095215 0
the 0 67 3 1.7372242212295532 2.9043328762054443 0.7104871273040771
1960s 0 68 5 6.380519390106201 5.792059421539307 0
. 0 69 1 1.2576278448104858 3.4896669387817383 2.3023924827575684
<eos> 0 70 5 0.0003824387094937265 0.0036669932305812836 3.485999945551157
<unk> 0 71 5 3.9078378677368164 4.060606956481934 0
$ 0 72 1 15.570196151733398 5.467633247375488 0
<unk> 0 73 5 0.0022096598986536264 0.028003999963402748 5.4396292474120855
million 0 74 7 2.779866933822632 1.6585692167282104 0
project 0 75 7 11.666548728942871 4.39353084564209 0
was 0 76 3 3.2529046535491943 5.986598968505859 0
started 0 77 7 7.162052631378174 6.901546955108643 0
in 0 78 2 1.127724528312683 3.3024542331695557 3.599092721939087
<unk> 0 79 5 0.33557260036468506 1.5398999452590942 1.7625542879104614
and 0 80 3 3.0479700565338135 3.8765013217926025 0
completed 0 81 9 5.171226501464844 6.842204570770264 0
in 0 82 2 0.961094081401825 3.07694411277771 3.7652604579925537
<unk> 0 83 5 0.15728293359279633 0.8571175336837769 2.219826579093933
<unk> 0 84 5 2.071073055267334 2.801464319229126 0
. 0 85 1 0.6805559992790222 2.1956446170806885 0.6058197021484375
<eos> 0 86 5 0.00048147107008844614 0.00448074983432889 2.1911638672463596
<unk> 0 87 5 3.6430740356445312 4.685128211975098 0
was 0 88 3 4.108750820159912 5.695217132568359 0
designed 0 89 8 5.549299240112305 6.840191841125488 0
by 0 90 2 1.3597800731658936 2.7813591957092285 4.05883264541626
the 0 91 3 3.032761335372925 2.7109739780426025 0.07038521766662598
<unk> 0 92 5 0.9895330667495728 5.2398362159729 0
<unk> 0 93 5 1.9483790397644043 6.812850475311279 0
and 0 94 3 4.122279644012451 5.5683674812316895 1.2444829940795898
built 0 95 5 7.175434112548828 5.012218952178955 0.5561485290527344
by 0 96 2 1.5030884742736816 3.869982957839966 1.1422359943389893
<unk> 0 97 5 0.7395749092102051 2.8416666984558105 1.0283162593841553
<unk> 0 98 5 0.7859387397766113 3.9371871948242188 0
<unk> 0 99 5 1.915052890777588 4.031208515167236 0
. 0 100 1 2.3335623741149902 4.048452377319336 0
<eos> 0 101 5 0.0019207987934350967 0.015024153515696526 4.033428223803639
<unk> 0 102 5 2.841914176940918 4.552947521209717 0
interchange 0 103 11 17.235170364379883 5.601558208465576 0
is 0 104 2 3.02862548828125 5.3742756843566895 0.22728252410888672
considered 0 105 10 7.280910491943359 5.672618389129639 0
by 0 106 2 4.472487449645996 4.467011451721191 1.2056069374084473
<unk> 0 107 5 1.9240304231643677 4.568842887878418 0
<unk> 0 108 5 2.1197853088378906 5.327342987060547 0
to 0 109 2 3.124903917312622 4.789820671081543 0.5375223159790039
be 0 110 2 0.26559343934059143 1.5062642097473145 3.2835564613342285
one 0 111 3 3.644869565963745 3.571453332901001 0
of 0 112 2 0.0027985372580587864 0.035566993057727814 3.535886339843273
" 0 113 1 8.45168399810791 1.7963353395462036 0
<unk> 0 114 5 2.0659518241882324 7.203993797302246 0
<unk> 0 115 5 2.4554388523101807 4.67041540145874 2.533578395843506
's 0 116 2 2.075457811355591 4.582862854003906 0.08755254745483398
<unk> 0 117 5 2.991791009902954 7.922207355499268 0
<unk> 0 118 5 3.2280523777008057 4.691606044769287 3.2306013107299805
<unk> 0 119 5 1.881951093673706 4.640174388885498 0.05143165588378906
" 0 120 1 1.0366578102111816 4.8997907638549805 0
because 0 121 7 7.2269158363342285 4.625088691711426 0.2747020721435547
of 0 122 2 1.2092390060424805 3.289547920227051 1.335540771484375
its 0 123 3 1.411037802696228 3.357872486114502 0
height 0 124 6 8.267288208007812 9.584238052368164 0
( 0 125 1 8.407920837402344 3.600062847137451 5.984175205230713
as 0 126 2 5.986522197723389 6.129766941070557 0
high 0 127 4 6.928110599517822 5.846268653869629 0.28349828720092773
as 0 128 2 0.0224843118339777 0.21287037432193756 5.633398279547691
a 0 129 1 6.851598739624023 1.7704766988754272 0
<unk> 0 130 5 2.7809841632843018 8.56361198425293 0
<unk> 0 131 5 1.597819209098816 4.960845947265625 3.6027660369873047
story 0 132 5 10.482274055480957 5.179737567901611 0
building 0 133 8 9.322243690490723 5.377077579498291 0
) 0 134 1 0.5195032358169556 2.7168095111846924 2.6602680683135986
, 0 135 1 2.425158977508545 3.0779006481170654 0
its 0 136 3 7.696083068847656 5.079503536224365 0
<unk> 0 137 5 3.3368115425109863 9.072644233703613 0
permanent 0 138 9 14.670421600341797 7.568238258361816 1.5044059753417969
bridges 0 139 7 12.507848739624023 9.356878280639648 0
and 0 140 3 2.6462955474853516 5.1946492195129395 4.162229061126709
other 0 141 5 5.957744598388672 7.48936128616333 0
unusual 0 142 7 10.610979080200195 9.30868911743164 0
design 0 143 6 6.56369161605835 8.389663696289062 0.9190254211425781
and 0 144 3 4.724390983581543 7.146700382232666 1.2429633140563965
construction 0 145 12 4.406432151794434 9.81891918182373 0
features 0 146 8 5.823336601257324 6.567479610443115 3.2514395713806152
. 0 147 1 1.2903006076812744 5.258235931396484 1.3092436790466309
<eos> 0 148 5 0.002110574394464493 0.015996184200048447 5.242239747196436
<unk> 0 149 5 3.2401764392852783 4.995588779449463 0
<unk> 0 150 5 1.8410439491271973 6.206953048706055 0
, 0 151 1 3.0038340091705322 5.535539627075195 0.6714134216308594
the 0 152 3 2.583728313446045 5.44675350189209 0.08878612518310547
<unk> 0 153 5 2.460747003555298 7.2988128662109375 0
<unk> 0 154 5 2.1840434074401855 6.976048469543457 0.32276439666748047
<unk> 0 155 5 1.7316864728927612 6.074268817901611 0.9017796516418457
<unk> 0 156 5 2.418799877166748 6.0881571769714355 0
named 0 157 5 12.831220626831055 5.335280895233154 0.7528762817382812
the 0 158 3 3.6791188716888428 3.423506498336792 1.9117743968963623
<unk> 0 159 5 1.2382283210754395 5.93178129196167 0
<unk> 0 160 5 1.6128573417663574 6.245069980621338 0
<unk> 0 161 5 1.2632015943527222 5.010011672973633 1.235058307647705
as 0 162 2 6.452892303466797 5.249008655548096 0
" 0 163 1 4.404910564422607 4.482641220092773 0.7663674354553223
<unk> 0 164 5 1.7312352657318115 5.16024112701416 0
<unk> 0 165 5 1.8081402778625488 4.2294816970825195 0.9307594299316406
<unk> 0 166 5 1.5066684484481812 3.339327812194824 0.8901538848876953
of 0 167 2 8.34414291381836 2.989147663116455 0.35018014907836914
the 0 168 3 1.3753631114959717 3.1268365383148193 0
<unk> 0 169 5 1.2955358028411865 6.2316741943359375 0
" 0 170 1 1.9439899921417236 6.491057872772217 0
. 0 171 1 3.382366180419922 4.0917649269104 2.3992929458618164
<eos> 0 172 5 0.002859128173440695 0.020891627296805382 4.070873299613595
= 0 173 1 3.1569602489471436 4.5904541015625 0
= 0 174 1 0.25491687655448914 1.179896593093872 3.410557508468628
<unk> 0 175 5 5.620006561279297 5.369638442993164 0
= 0 176 1 1.2214181423187256 5.166219711303711 0.20341873168945312
= 0 177 1 0.002113322028890252 0.024056127294898033 5.142163584008813
<eos> 0 178 5 22.523019790649414 4.086597919464111 0
<unk> 0 179 5 1.1835652589797974 5.821678638458252 0
<unk> 0 180 5 2.0962374210357666 5.060262203216553 0.7614164352416992
<unk> 0 181 5 1.686168909072876 4.689018249511719 0.371243953704834
<unk> 0 182 5 1.9863115549087524 4.97624397277832 0
, 0 183 1 3.5456809997558594 4.29496955871582 0.6812744140625
north 0 184 5 10.82607364654541 5.318531036376953 0
of 0 185 2 2.0970847606658936 1.8363202810287476 3.4822107553482056
downtown 0 186 8 8.455322265625 1.984628677368164 0
in 0 187 2 7.905045032501221 1.9756200313568115 0.009008646011352539
<unk> 0 188 5 0.5466269850730896 2.250213861465454 0
, 0 189 1 0.6082187294960022 2.7370121479034424 0
<unk> 0 190 5 1.2105995416641235 4.061378002166748 0
, 0 191 1 0.9239072799682617 3.132669448852539 0.928708553314209
is 0 192 2 2.4797558784484863 4.740317344665527 0
a 0 193 1 2.412600040435791 4.975687026977539 0
massive 0 194 7 9.645200729370117 8.252488136291504 0
five 0 195 4 11.593303680419922 7.7236433029174805 0.5288448333740234
<unk> 0 196 5 0.0683417096734047 0.6770223379135132 7.046620965003967
level 0 197 5 8.176501274108887 6.572515964508057 0
freeway 0 198 7 8.593476295471191 7.797842025756836 0
interchange 0 199 11 10.34685230255127 5.901020050048828 1.8968219757080078
. 0 200 1 3.4376635551452637 4.092339515686035 1.808680534362793
<eos> 0 201 5 0.0010980352526530623 0.009343762882053852 4.082995752803981
<unk> 0 202 5 2.923218011856079 4.301059246063232 0
is 0 203 2 2.651257038116455 5.439843654632568 0
the 0 204 3 2.1247947216033936 5.37639045715332 0.06345319747924805
junction 0 205 8 13.307844161987305 6.261359214782715 0
of 0 206 2 0.22561652958393097 1.0016207695007324 5.259738445281982
two 0 207 3 4.765732765197754 3.961967706680298 0
major 0 208 5 4.932686805725098 7.106839179992676 0
highways 0 209 8 5.717014312744141 7.286112308502197 0
carrying 0 210 8 12.550046920776367 4.698116302490234 2.587996006011963
heavy 0 211 5 9.001297950744629 6.386631965637207 0
rush 0 212 4 13.857185363769531 6.072590351104736 0.3140416145324707
hour 0 213 4 13.81260871887207 6.146121978759766 0
traffic 0 214 7 4.593805313110352 7.361752510070801 0
, 0 215 1 2.2862465381622314 5.048182487487793 2.313570022583008
the 0 216 3 3.2893924713134766 6.308691024780273 0
<unk> 0 217 5 2.2455692291259766 7.144687652587891 0
<unk> 0 218 5 2.3523387908935547 6.709687232971191 0.4350004196166992
<unk> 0 219 5 1.8767213821411133 6.253275394439697 0.45641183853149414
<unk> 0 220 5 2.2288014888763428 6.455445766448975 0
( 0 221 1 4.980248928070068 5.561362266540527 0.8940834999084473
<unk> 0 222 5 0.6081334352493286 3.863288164138794 1.6980741024017334
<unk> 0 223 5 2.183502674102783 3.462435483932495 0.40085268020629883
) 0 224 1 1.4399900436401367 3.599177837371826 0
and 0 225 3 2.146519660949707 3.8540232181549072 0
the 0 226 3 1.4264861345291138 3.305605173110962 0.5484180450439453
<unk> 0 227 5 0.5471702814102173 3.731900453567505 0
<unk> 0 228 5 2.0464422702789307 6.252202987670898 0
( 0 229 1 1.1801421642303467 4.682100772857666 1.5701022148132324
<unk> 0 230 5 0.3980531692504883 3.010835647583008 1.6712651252746582
<unk> 0 231 5 2.7487120628356934 3.1480495929718018 0
) 0 232 1 1.2737998962402344 3.365208148956299 0
, 0 233 1 2.8204891681671143 4.468511581420898 0
and 0 234 3 2.3759524822235107 5.789622783660889 0
is 0 235 2 3.500441312789917 5.9795637130737305 0
the 0 236 3 2.0771267414093018 5.828378677368164 0.1511850357055664
first 0 237 5 3.967170476913452 6.126781463623047 0
five 0 238 4 11.210379600524902 7.507959365844727 0
<unk> 0 239 5 0.681547999382019 4.152950763702393 3.355008602142334
level 0 240 5 8.924273490905762 5.682074069976807 0
stack 0 241 5 10.642261505126953 7.536370754241943 0
interchange 0 242 11 4.24561071395874 6.97880744934082 0.557563304901123
to 0 243 2 4.461104869842529 4.546847820281982 2.431959629058838
be 0 244 2 2.2788636684417725 5.487680912017822 0
built 0 245 5 1.5190086364746094 4.930260181427002 0.5574207305908203
in 0 246 2 2.061243772506714 4.35935115814209 0.5709090232849121
the 0 247 3 1.6787763833999634 2.8039133548736572 1.5554378032684326
city 0 248 4 4.914322853088379 6.535099983215332 0
. 0 249 1 0.9526159763336182 3.0400137901306152 3.495086193084717
<eos> 0 250 5 0.00032191560603678226 0.003225022926926613 3.0367887672036886
<unk> 0 251 5 3.296006202697754 4.276460647583008 0
replaces 0 252 8 17.163818359375 5.611918926239014 0
the 0 253 3 1.0921655893325806 3.659714698791504 1.9522042274475098
antiquated 0 254 10 19.599729537963867 6.936202049255371 0
three 0 255 5 8.717456817626953 6.636808395385742 0.2993936538696289
<unk> 0 256 5 0.46347808837890625 3.3068432807922363 3.329965114593506
level 0 257 5 8.363288879394531 5.312961101531982 0
, 0 258 1 6.256448268890381 7.9852728843688965 0
modified 0 259 8 11.548110961914062 7.834055423736572 0.15121746063232422
cloverleaf 0 260 10 9.74351978302002 6.565572738647461 1.2684826850891113
interchange 0 261 11 0.688222348690033 3.3594517707824707 3.2061209678649902
built 0 262 5 9.189547538757324 4.708410263061523 0
in 0 263 2 2.009918689727783 3.9719064235687256 0.7365038394927979
the 0 264 3 2.0829217433929443 2.565706968307495 1.4061994552612305
1960s 0 265 5 4.148177623748779 6.333510398864746 0
that 0 266 4 7.6864728927612305 3.284743547439575 3.048766851425171
caused 0 267 6 10.277804374694824 7.437497138977051 0
a 0 268 1 2.9598777294158936 5.725179195404053 1.712317943572998
severe 0 269 6 8.950407981872559 8.786334037780762 0
bottleneck 0 270 10 7.276845932006836 8.318821907043457 0.4675121307373047
by 0 271 2 5.257685661315918 4.191486835479736 4.127335071563721
narrowing 0 272 9 12.282724380493164 5.153585910797119 0
<unk> 0 273 5 4.934457302093506 4.454034328460693 0.6995515823364258
<unk> 0 274 5 2.1753768920898438 5.930427074432373 0
down 0 275 4 8.604183197021484 5.925158500671387 0.005268573760986328
to 0 276 2 2.505635976791382 4.961244106292725 0.9639143943786621
two 0 277 3 6.059497833251953 5.0543437004089355 0
lanes 0 278 5 1.235074758529663 5.462368011474609 0
at 0 279 2 5.214621067047119 4.208963394165039 1.2534046173095703
the 0 280 3 1.2634450197219849 3.3674609661102295 0.8415024280548096
junction 0 281 8 5.235881328582764 6.56621789932251 0
of 0 282 2 0.777999997138977 2.140022039413452 4.426195859909058
the 0 283 3 2.1411964893341064 3.8336174488067627 0
two 0 284 3 3.7439329624176025 5.7248125076293945 0
highways 0 285 8 5.459367752075195 6.253306865692139 0
. 0 286 1 0.9779704213142395 3.3551557064056396 2.898151159286499
<eos> 0 287 5 2.751696047198493e-05 0.000373497954569757 3.35478220845107
<unk> 0 288 5 4.006750106811523 4.708598613739014 0
looped 0 289 6 17.20438575744629 5.050809383392334 0
ramps 0 290 5 10.834883689880371 6.516355991363525 0
of 0 291 2 7.130378723144531 4.927244663238525 1.589111328125
the 0 292 3 1.0148571729660034 3.7139694690704346 1.2132751941680908
cloverleaf 0 293 10 11.282994270324707 6.575835227966309 0
forced 0 294 6 22.684986114501953 3.7615747451782227 2.814260482788086
motorists 0 295 9 9.009268760681152 5.95012903213501 0
to 0 296 2 0.6004093289375305 3.1002001762390137 2.849928855895996
slow 0 297 4 9.569323539733887 8.114774703979492 0
down 0 298 4 2.609161138534546 5.4026198387146 2.7121548652648926
drastically 0 299 11 18.855602264404297 5.827054500579834 0
, 0 300 1 3.013540506362915 5.781670093536377 0.04538440704345703
backing 0 301 7 15.06238079071045 6.7311906814575195 0
up 0 302 2 4.118277549743652 5.45055627822876 1.2806344032287598
traffic 0 303 7 7.666979789733887 5.967101573944092 0
. 0 304 1 3.7536284923553467 5.355408191680908 0.6116933822631836
<eos> 0 305 5 0.0009576254524290562 0.008070030249655247 5.347338161431253
<unk> 0 306 5 4.131135940551758 5.310535430908203 0
<unk> 0 307 5 1.9634419679641724 6.9525980949401855 0
hand 0 308 4 18.79910659790039 6.710271835327148 0.2423262596130371
exits 0 309 5 11.027519226074219 7.669337749481201 0
contributed 0 310 11 18.80817222595215 5.57137393951416 2.097963809967041
to 0 311 2 1.0351526737213135 4.488529205322266 1.0828447341918945
the 0 312 3 0.6662249565124512 3.4751529693603516 1.013376235961914
congestion 0 313 10 7.715527057647705 8.877294540405273 0
. 0 314 1 5.949766159057617 5.589018821716309 3.288275718688965
<eos> 0 315 5 0.0008943764260038733 0.007803380489349365 5.581215441226959
<unk> 0 316 5 3.606316566467285 5.079834938049316 0
, 0 317 1 5.689373016357422 5.721002578735352 0
its 0 318 3 10.425159454345703 6.091573238372803 0
two 0 319 3 7.423104286193848 8.204584121704102 0
frontage 0 320 8 15.704514503479004 7.323281288146973 0.8813028335571289
roads 0 321 5 3.418638229370117 6.2055206298828125 1.1177606582641602
were 0 322 4 3.5167922973632812 4.926856994628906 1.2786636352539062
not 0 323 3 7.064023494720459 7.760868549346924 0
directly 0 324 8 7.35108757019043 7.952366352081299 0
connected 0 325 9 2.388817071914673 6.977144241333008 0.975222110748291
to 0 326 2 1.1079204082489014 3.294957160949707 3.682187080383301
each 0 327 4 8.349417686462402 3.7752158641815186 0
other 0 328 5 0.2779349386692047 1.7393492460250854 2.035866618156433
, 0 329 1 2.1843199729919434 4.2887349128723145 0
making 0 330 6 7.281196594238281 4.911371231079102 0
local 0 331 5 11.335384368896484 4.741520404815674 0.16985082626342773
access 0 332 6 4.639774322509766 8.13195514678955 0
difficult 0 333 9 8.715951919555664 1.777012586593628 6.354942560195923
. 0 334 1 3.0981504917144775 2.30007004737854 0
<eos> 0 335 5 0.0005612421664409339 0.005122684873640537 2.2949473625048995
<unk> 0 336 5 3.7460601329803467 5.376497268676758 0
to 0 337 2 10.02807331085205 6.360650539398193 0
the 0 338 3 1.9246234893798828 6.229104042053223 0.1315464973449707
celebratory 0 339 11 24.35654067993164 5.8193864822387695 0.4097175598144531
gesture 0 340 7 16.5894775390625 8.770617485046387 0
, 0 341 1 3.161100387573242 5.929702281951904 2.8409152030944824
the 0 342 3 2.150305986404419 6.317347049713135 0
" 0 343 1 6.651639461517334 8.484176635742188 0
<unk> 0 344 5 1.5924837589263916 8.453519821166992 0.030656814575195312
<unk> 0 345 5 2.5060815811157227 6.401002883911133 2.0525169372558594
" 0 346 1 1.384819507598877 5.5221333503723145 0.8788695335388184
name 0 347 4 9.570616722106934 8.12425708770752 0
refers 0 348 6 8.404614448547363 4.78050422668457 3.343752861022949
to 0 349 2 0.027850158512592316 0.2560763359069824 4.524427890777588
the 0 350 3 0.995541512966156 4.119216442108154 0
five 0 351 4 10.91191577911377 9.303997039794922 0
flyover 0 352 7 13.640639305114746 5.8079681396484375 3.4960289001464844
ramps 0 353 5 2.539135456085205 6.907322883605957 0
handling 0 354 8 16.561906814575195 5.13332462310791 1.7739982604980469
the 0 355 3 1.990971565246582 6.416623115539551 0
left 0 356 4 9.16618537902832 8.707283020019531 0
<unk> 0 357 5 2.387221097946167 6.654422760009766 2.0528602600097656
turn 0 358 4 7.20056676864624 4.972005367279053 1.682417392730713
movements 0 359 9 10.867334365844727 7.34684419631958 0
that 0 360 4 6.644932270050049 4.3971357345581055 2.9497084617614746
tower 0 361 5 17.13599967956543 7.1641011238098145 0
over 0 362 4 8.898194313049316 8.032997131347656 0
the 0 363 3 0.7612503170967102 3.479217052459717 4.5537800788879395
landscape 0 364 9 13.907513618469238 8.269892692565918 0
. 0 365 1 1.4075857400894165 4.643176078796387 3.6267166137695312
<eos> 0 366 5 0.0021050788927823305 0.016072209924459457 4.627103868871927
<unk> 0 367 5 4.325284004211426 5.073116779327393 0
interchange 0 368 11 12.959860801696777 6.988040447235107 0
is 0 369 2 3.8173625469207764 6.201737403869629 0.7863030433654785
as 0 370 2 10.395896911621094 6.870105743408203 0
high 0 371 4 6.239645004272461 5.70245885848999 1.167646884918213
as 0 372 2 0.01665341854095459 0.15583254396915436 5.546626314520836
a 0 373 1 3.5371851921081543 3.111884593963623 0
<unk> 0 374 5 3.274965286254883 8.842573165893555 0
<unk> 0 375 5 1.3331751823425293 5.8937554359436035 2.948817729949951
story 0 376 5 8.712176322937012 4.874419689178467 1.0193357467651367
building 0 377 8 8.022812843322754 8.000746726989746 0
, 0 378 1 1.8056913614273071 4.493228912353516 3.5075178146362305
and 0 379 3 2.640819787979126 6.12205696105957 0
includes 0 380 8 7.721851825714111 6.642035961151123 0
<unk> 0 381 5 3.6309211254119873 5.794008731842041 0.848027229309082
bridges 0 382 7 8.001299858093262 7.682235240936279 0
spread 0 383 6 18.3150577545166 4.3665266036987305 3.315708637237549
across 0 384 6 3.0956807136535645 5.187469005584717 0
five 0 385 4 11.02606201171875 2.8904380798339844 2.2970309257507324
levels 0 386 6 7.629985332489014 7.540437698364258 0
( 0 387 1 5.824711322784424 4.239397048950195 3.3010406494140625
the 0 388 3 3.7630836963653564 7.212311267852783 0
" 0 389 1 7.204449653625488 8.326313018798828 0
<unk> 0 390 5 2.091465950012207 8.892380714416504 0
<unk> 0 391 5 3.5363802909851074 5.991621494293213 2.900759220123291
" 0 392 1 1.8960949182510376 6.289807319641113 0
) 0 393 1 0.8396909236907959 4.504080295562744 1.7857270240783691
, 0 394 1 2.3340578079223633 5.843789577484131 0
<unk> 0 395 5 3.784717559814453 5.826519012451172 0.017270565032958984
support 0 396 7 15.179978370666504 6.5406813621521 0
tiers 0 397 5 16.587791442871094 7.270068645477295 0
, 0 398 1 1.8468514680862427 4.715778350830078 2.554290294647217
and 0 399 3 0.9151155948638916 4.360767841339111 0.3550105094909668
<unk> 0 400 5 2.36444091796875 6.456892967224121 0
miles 0 401 5 8.444961547851562 7.006105422973633 0
of 0 402 2 8.980119705200195 0.5167243480682373 6.4893810749053955
additional 0 403 10 12.261014938354492 6.465873718261719 0
highway 0 404 7 7.063441753387451 7.917858123779297 0
. 0 405 1 2.5199832916259766 6.888972759246826 1.0288853645324707
<eos> 0 406 5 2.751696047198493e-05 0.0003573356952983886 6.888615423551528
<unk> 0 407 5 4.539307117462158 5.053921222686768 0
highest 0 408 7 15.035155296325684 5.8973774909973145 0
ramps 0 409 5 9.509973526000977 7.421547889709473 0
are 0 410 3 1.7792032957077026 4.909883975982666 2.5116639137268066
<unk> 0 411 5 2.9081289768218994 7.563665390014648 0
feet 0 412 4 3.590982675552368 5.464654445648193 2.099010944366455
( 0 413 1 0.057637639343738556 0.3903319239616394 5.074322521686554
<unk> 0 414 5 0.0018216934986412525 0.023240648210048676 0.36709127575159073
m 0 415 1 0.7928071022033691 1.104374647140503 0
) 0 416 1 0.0037946179509162903 0.03275167569518089 1.071622971445322
above 0 417 5 3.9810104370117188 4.440695762634277 0
ground 0 418 6 6.471434593200684 2.903263807296753 1.5374319553375244
. 0 419 1 5.242341995239258 3.210671901702881 0
<eos> 0 420 5 0.00021736968483310193 0.002202619332820177 3.2084692823700607
<unk> 0 421 5 4.18192195892334 5.258278846740723 0
lanes 0 422 5 7.187666893005371 6.1165971755981445 0
of 0 423 2 4.6062211990356445 5.722016334533691 0.3945808410644531
<unk> 0 424 5 2.6865079402923584 4.841582298278809 0.8804340362548828
<unk> 0 425 5 1.3266687393188477 5.326352596282959 0
, 0 426 1 4.9478912353515625 6.189906597137451 0
which 0 427 5 2.701105833053589 6.311629772186279 0
are 0 428 3 1.717980146408081 6.157248497009277 0.15438127517700195
on 0 429 2 6.455966949462891 8.169791221618652 0
the 0 430 3 0.6325246691703796 3.352665662765503 4.817125558853149
bottom 0 431 6 11.178237915039062 6.3494343757629395 0
level 0 432 5 10.773831367492676 1.7037324905395508 4.645701885223389
, 0 433 1 1.4471803903579712 3.7794673442840576 0
are 0 434 3 1.228154182434082 5.228560447692871 0
<unk> 0 435 5 3.9275097846984863 8.167840003967285 0
feet 0 436 4 2.8752074241638184 5.857638359069824 2.310201644897461
( 0 437 1 0.09115368127822876 0.5848259329795837 5.2728124260902405
<unk> 0 438 5 0.0028314937371760607 0.034210242331027985 0.5506156906485558
m 0 439 1 0.5639490485191345 1.0310486555099487 0
) 0 440 1 0.0025123695377260447 0.022821564227342606 1.0082270912826061
below 0 441 5 5.750637531280518 3.985746383666992 0
ground 0 442 6 6.104101657867432 3.0387256145477295 0.9470207691192627
level 0 443 5 1.4952226877212524 3.867668390274048 0
, 0 444 1 2.062617063522339 3.2891926765441895 0.5784757137298584
giving 0 445 6 8.05002498626709 5.862651348114014 0
the 0 446 3 1.5567498207092285 4.837674617767334 1.0249767303466797
structure 0 447 9 9.456405639648438 8.283953666687012 0
a 0 448 1 1.8265808820724487 4.325543403625488 3.9584102630615234
total 0 449 5 5.805680274963379 8.90720272064209 0
height 0 450 6 5.720614910125732 3.425408124923706 5.481794595718384
of 0 451 2 0.047544319182634354 0.4056472182273865 3.0197609066963196
<unk> 0 452 5 0.10933682322502136 0.7602466344833374 0
feet 0 453 4 0.8980246186256409 2.502229690551758 0
from 0 454 4 12.706683158874512 0.5828500390052795 1.9193796515464783
bottom 0 455 6 15.323431015014648 3.7983174324035645 0
to 0 456 2 3.8177919387817383 5.8161516189575195 0
top 0 457 3 4.627288341522217 6.1964497566223145 0
<unk> 0 458 5 6.211783409118652 3.6005988121032715 2.595850944519043
part 0 459 4 13.410120010375977 5.905104160308838 0
of 0 460 2 4.921441555023193 6.49011754989624 0
the 0 461 3 0.3726327419281006 2.1357405185699463 4.354377031326294
project 0 462 7 9.221341133117676 7.616144180297852 0
, 0 463 1 3.1486501693725586 2.0721428394317627 5.544001340866089
<unk> 0 464 5 6.111751556396484 5.910125255584717 0
<unk> 0 465 5 2.2280337810516357 6.112364768981934 0
<unk> 0 466 5 2.2278757095336914 2.14953875541687 3.9628260135650635
was 0 467 3 10.527003288269043 3.9893369674682617 0
widened 0 468 7 6.725637435913086 7.1298956871032715 0
to 0 469 2 1.9795560836791992 4.372974395751953 2.7569212913513184
include 0 470 7 5.889393329620361 4.552165985107422 0
four 0 471 4 6.354677677154541 5.102144241333008 0
dedicated 0 472 9 10.822542190551758 7.78710412979126 0
high 0 473 4 10.30945873260498 8.227143287658691 0
<unk> 0 474 5 1.1493819952011108 5.110677242279053 3.1164660453796387
occupancy 0 475 9 4.847278594970703 4.628015041351318 0.4826622009277344
vehicle 0 476 7 8.556087493896484 6.7891058921813965 0
lanes 0 477 5 2.9550747871398926 7.158243179321289 0
( 0 478 1 4.972307205200195 3.5936195850372314 3.5646235942840576
<unk> 0 479 5 1.1447041034698486 5.474912643432617 0
lanes 0 480 5 6.960448741912842 4.0218963623046875 1.4530162811279297
) 0 481 1 0.912140965461731 3.472994804382324 0.5489015579223633
that 0 482 4 7.434646129608154 3.661043643951416 0
are 0 483 3 2.4875006675720215 7.034039497375488 0
barrier 0 484 7 18.35297393798828 8.50223445892334 0
<unk> 0 485 5 2.698014259338379 7.558610916137695 0.9436235427856445
separated 0 486 9 9.730203628540039 7.264074802398682 0.29453611373901367
and 0 487 3 4.401587963104248 6.136713027954102 1.12736177444458
reversible 0 488 10 13.633849143981934 8.713237762451172 0
. 0 489 1 1.0161973237991333 4.284051418304443 4.4291863441467285
<eos> 0 490 5 0.0010236214147880673 0.008559245616197586 4.275492172688246
<unk> 0 491 5 4.691720962524414 5.233236789703369 0
roads 0 492 5 8.630852699279785 7.278547763824463 0
on 0 493 2 6.491830348968506 7.163451194763184 0.1150965690612793
the 0 494 3 0.8179908394813538 3.5564582347869873 3.6069929599761963
five 0 495 4 12.11018180847168 5.829229354858398 0
levels 0 496 6 7.711382865905762 6.452584266662598 0
are 0 497 3 2.3128254413604736 5.352638244628906 1.0999460220336914
: 0 498 1 8.107276916503906 8.26704216003418 0
<eos> 0 499 5 13.274169921875 5.802727699279785 2.4643144607543945
<unk> 0 500 5 2.2860703468322754 7.6567158699035645 0
<unk> 0 501 5 2.522860288619995 7.211873531341553 0.4448423385620117
: 0 502 1 7.3790130615234375 5.893538475036621 1.3183350563049316
<unk> 0 503 5 0.860543429851532 4.403498649597168 1.4900398254394531
<unk> 0 504 5 2.009469985961914 6.657840728759766 0
, 0 505 1 3.462280511856079 5.345972061157227 1.311868667602539
an 0 506 2 7.1758341789245605 4.563944339752197 0.7820277214050293
eight 0 507 5 6.757201194763184 6.940692901611328 0
lane 0 508 4 7.939459323883057 0.9316341280937195 6.009058773517609
highway 0 509 7 6.221768379211426 7.262585163116455 0
, 0 510 1 2.883348226547241 6.895827293395996 0.366757869720459
four 0 511 4 8.127106666564941 5.932061195373535 0.9637660980224609
lanes 0 512 5 4.6386542320251465 5.391169548034668 0.5408916473388672
going 0 513 5 13.64498519897461 4.790627956390381 0.6005415916442871
each 0 514 4 10.403255462646484 6.110232830047607 0
way 0 515 3 6.405104637145996 6.766185283660889 0
<eos> 0 516 5 12.107564926147461 4.831510543823242 1.9346747398376465
<unk> 0 517 5 2.5917551517486572 6.836478233337402 0
<unk> 0 518 5 2.5186667442321777 6.599069118499756 0.23740911483764648
: 0 519 1 8.221430778503418 5.645153522491455 0.9539155960083008
<unk> 0 520 5 1.0965641736984253 4.4598307609558105 1.1853227615356445
junction 0 521 8 7.737939834594727 6.121950149536133 0
of 0 522 2 8.428877830505371 5.715208530426025 0.4067416191101074
the 0 523 3 1.0696467161178589 3.508883237838745 2.2063252925872803
two 0 524 3 6.668309688568115 5.320128917694092 0
six 0 525 3 11.424105644226074 7.218776702880859 0
<unk> 0 526 5 0.7722406387329102 4.390737533569336 2.8280391693115234
lane 0 527 4 0.44064971804618835 2.658785820007324 1.7319517135620117
frontage 0 528 8 9.604313850402832 7.096974849700928 0
roads 0 529 5 8.933236122131348 6.612244606018066 0.48473024368286133
, 0 530 1 1.7708929777145386 4.939624786376953 1.6726198196411133
each 0 531 4 6.521334648132324 6.590792655944824 0
having 0 532 6 9.64940071105957 6.9116387367248535 0
three 0 533 5 4.6977434158325195 4.885479927062988 2.0261588096618652
through 0 534 7 12.00121784210205 6.799328804016113 0
lanes 0 535 5 7.467464447021484 5.2103776931762695 1.5889511108398438
in 0 536 2 5.110674858093262 5.342476844787598 0
each 0 537 4 2.612325668334961 4.873255252838135 0.4692215919494629
direction 0 538 9 0.16331753134727478 1.1779426336288452 3.6953126192092896
, 0 539 1 2.235762119293213 3.914501667022705 0
left 0 540 4 14.816693305969238 6.269562244415283 0
<unk> 0 541 5 3.2841475009918213 5.7469377517700195 0.5226244926452637
turn 0 542 4 13.341987609863281 6.711479663848877 0
lanes 0 543 5 5.075503826141357 6.768290042877197 0
and 0 544 3 2.531769037246704 4.953243255615234 1.815046787261963
<unk> 0 545 5 2.885114908218384 8.353275299072266 0
, 0 546 1 5.489223957061768 7.133774280548096 1.21950101852417
and 0 547 3 2.4684629440307617 6.744903087615967 0.3888711929321289
easy 0 548 4 13.651017189025879 8.042285919189453 0
access 0 549 6 3.332282066345215 7.058490753173828 0.983795166015625
to 0 550 2 0.9818393588066101 3.842721939086914 3.215768814086914
<unk> 0 551 5 3.184704542160034 4.817478179931641 0
<unk> 0 552 5 2.8236098289489746 6.866840839385986 0
and 0 553 3 4.537014007568359 6.12039041519165 0.7464504241943359
<unk> 0 554 5 1.2431386709213257 6.134629249572754 0
<unk> 0 555 5 1.6135989427566528 5.667311191558838 0.467318058013916
<unk> 0 556 5 2.9116015434265137 5.73429012298584 0
<eos> 0 557 5 5.183499336242676 6.979518890380859 0
<unk> 0 558 5 5.22072172164917 1.082114815711975 5.897404074668884
<unk> 0 559 5 1.900353193283081 5.3937087059021 0
: 0 560 1 11.673785209655762 4.490719318389893 0.902989387512207
<unk> 0 561 5 1.267787218093872 5.121921062469482 0
<unk> 0 562 5 2.1358110904693604 6.136302471160889 0
<unk> 0 563 5 2.363492965698242 5.381050109863281 0.7552523612976074
, 0 564 1 3.6367218494415283 6.015239238739014 0
ten 0 565 3 12.864409446716309 6.377840042114258 0
regular 0 566 7 12.716117858886719 6.694121837615967 0
lanes 0 567 5 4.360888481140137 7.547041893005371 0
, 0 568 1 1.9242794513702393 4.913630962371826 2.633410930633545
five 0 569 4 8.100557327270508 5.338354110717773 0
going 0 570 5 15.483342170715332 6.396738529205322 0
each 0 571 4 11.51034164428711 6.823836803436279 0
way 0 572 3 6.424366474151611 7.183267593383789 0
, 0 573 1 0.9250161647796631 3.668088912963867 3.515178680419922
and 0 574 3 1.2343428134918213 4.901406764984131 0
four 0 575 4 4.397562026977539 6.1321210861206055 0
<unk> 0 576 5 2.0685606002807617 7.049666404724121 0
lanes 0 577 5 4.963189601898193 6.626325607299805 0.4233407974243164
( 0 578 1 5.3702850341796875 4.822648525238037 1.8036770820617676
two 0 579 3 6.066215991973877 6.36429500579834 0
going 0 580 5 14.577013969421387 7.6138410568237305 0
each 0 581 4 10.12678337097168 6.878561496734619 0.7352795600891113
way 0 582 3 7.781386852264404 7.021396636962891 0
) 0 583 1 1.0749329328536987 4.2280120849609375 2.793384552001953
separated 0 584 9 12.39990234375 3.8859293460845947 0.3420827388763428
by 0 585 2 2.427811622619629 4.72847843170166 0
barriers 0 586 8 14.17339038848877 5.386882781982422 0
<eos> 0 587 5 13.87585735321045 5.523915767669678 0
<unk> 0 588 5 4.138853073120117 7.458012580871582 0
<unk> 0 589 5 2.7366387844085693 7.051938056945801 0.40607452392578125
and 0 590 3 5.635552406311035 4.765244483947754 2.286693572998047
<unk> 0 591 5 1.0965710878372192 5.609134674072266 0
: 0 592 1 10.428702354431152 5.268300533294678 0.3408341407775879
<unk> 0 593 5 0.7159720659255981 3.690617799758911 1.5776827335357666
connection 0 594 10 13.076708793640137 6.573800086975098 0
ramps 0 595 5 6.621962070465088 6.377491474151611 0.19630861282348633
( 0 596 1 5.80232048034668 5.339437007904053 1.0380544662475586
two 0 597 3 7.827824592590332 7.103273391723633 0
levels 0 598 6 8.962153434753418 7.689360618591309 0
) 0 599 1 3.807142734527588 5.4280900955200195 2.261270523071289
, 0 600 1 2.7534780502319336 5.864640235900879 0
eliminating 0 601 11 11.184643745422363 6.66587495803833 0
the 0 602 3 1.2281707525253296 5.362819671630859 1.3030552864074707
left 0 603 4 9.887014389038086 8.684499740600586 0
exits 0 604 5 8.22331714630127 6.806056499481201 1.8784432411193848
of 0 605 2 2.2461678981781006 5.078656196594238 1.727400302886963
the 0 606 3 0.5601049065589905 2.738896608352661 2.339759588241577
modified 0 607 8 15.696356773376465 7.380690574645996 0
cloverleaf 0 608 10 9.471230506896973 7.7037882804870605 0
<eos> 0 609 5 18.78378677368164 1.8694714307785034 5.834316849708557
<unk> 0 610 5 2.935417890548706 6.656344413757324 0
interchange 0 611 11 5.126011848449707 7.119596004486084 0
, 0 612 1 2.6870102882385254 4.758764266967773 2.3608317375183105
with 0 613 4 4.428025245666504 5.654750823974609 0
its 0 614 3 7.487055778503418 5.732812404632568 0
decorative 0 615 10 15.733839988708496 8.385628700256348 0
etchings 0 616 8 22.724905014038086 9.297247886657715 0
on 0 617 2 4.7808756828308105 6.206930160522461 3.090317726135254
<unk> 0 618 5 3.946702003479004 4.6710524559021 1.5358777046203613
concrete 0 619 8 10.075321197509766 6.839763641357422 0
elements 0 620 8 13.754802703857422 7.613429069519043 0
, 0 621 1 2.8085854053497314 4.2263360023498535 3.3870930671691895
along 0 622 5 6.887877464294434 6.450437545776367 0
with 0 623 4 0.17619551718235016 0.8574272990226746 5.593010246753693
the 0 624 3 1.8729515075683594 5.920140266418457 0
visually 0 625 8 15.087149620056152 8.515469551086426 0
appealing 0 626 9 11.905348777770996 9.011009216308594 0
coloration 0 627 10 21.583513259887695 8.810961723327637 0.20004749298095703
specified 0 628 9 15.664441108703613 5.006261825561523 3.8046998977661133
by 0 629 2 1.998456358909607 4.3424482345581055 0.663813591003418
the 0 630 3 1.0278851985931396 4.366595268249512 0
<unk> 0 631 5 1.5978137254714966 7.419715404510498 0
<unk> 0 632 5 2.8427205085754395 7.1260504722595215 0.29366493225097656
of 0 633 2 8.210135459899902 6.573370933532715 0.5526795387268066
<unk> 0 634 5 1.799202799797058 3.962268352508545 2.61110258102417
( 0 635 1 6.421694755554199 4.729301929473877 0
<unk> 0 636 5 0.9375448822975159 5.317660808563232 0
) 0 637 1 0.858773946762085 3.1046955585479736 2.212965250015259
, 0 638 1 2.9438228607177734 2.676579713821411 0.4281158447265625
can 0 639 3 13.888867378234863 5.760329723358154 0
be 0 640 2 0.5494831800460815 3.0229849815368652 2.737344741821289
regarded 0 641 8 10.093367576599121 6.684906005859375 0
as 0 642 2 0.28913170099258423 1.5449830293655396 5.1399229764938354
an 0 643 2 4.580408096313477 5.355216026306152 0
enormous 0 644 8 12.234004020690918 7.627573490142822 0
work 0 645 4 9.271845817565918 9.236372947692871 0
of 0 646 2 3.9892215728759766 5.57318639755249 3.663186550140381
public 0 647 6 7.410918235778809 8.32632827758789 0
art 0 648 3 7.5156474113464355 7.017110824584961 1.3092174530029297
. 0 649 1 1.2197574377059937 3.5520687103271484 3.4650421142578125
<eos> 0 650 5 0.001164024812169373 0.009539910592138767 3.5425287997350097
<unk> 0 651 5 4.61237096786499 5.053859710693359 0
<unk> 0 652 5 1.9247968196868896 7.199586391448975 0
<unk> 0 653 5 2.3731088638305664 6.3470377922058105 0.8525485992431641
also 0 654 4 6.2674880027771 6.79589319229126 0
incorporates 0 655 12 7.423648834228516 7.669703960418701 0
a 0 656 1 2.3012778759002686 5.523721694946289 2.145982265472412
hiking 0 657 6 12.93472671508789 8.495423316955566 0
and 0 658 3 6.2592878341674805 7.328907012939453 1.1665163040161133
bike 0 659 4 7.487995147705078 9.158658027648926 0
trail 0 660 5 4.982173442840576 8.717379570007324 0.44127845764160156
, 0 661 1 2.09639835357666 5.321211338043213 3.3961682319641113
named 0 662 5 8.42947769165039 5.9977922439575195 0
the 0 663 3 2.8398008346557617 4.23902702331543 1.7587652206420898
<unk> 0 664 5 1.1493009328842163 5.663755893707275 0
<unk> 0 665 5 2.172215223312378 7.488156318664551 0
, 0 666 1 3.2167277336120605 6.7495856285095215 0.7385706901550293
which 0 667 5 3.9263088703155518 5.9856953620910645 0.763890266418457
runs 0 668 4 5.7159271240234375 5.915904521942139 0.06979084014892578
under 0 669 5 7.470673084259033 5.408681869506836 0.5072226524353027
all 0 670 3 9.665013313293457 3.8682985305786133 1.5403833389282227
levels 0 671 6 10.320110321044922 5.800205230712891 0
of 0 672 2 0.2842033803462982 1.5740025043487549 4.226202726364136
the 0 673 3 1.3242965936660767 6.299421787261963 0
interchange 0 674 11 9.085456848144531 7.871878623962402 0
. 0 675 1 1.0208697319030762 3.5982375144958496 4.273641109466553
<eos> 0 676 5 0.0010650393087416887 0.008925235830247402 3.589312278665602
<unk> 0 677 5 4.195024013519287 4.802824020385742 0
section 0 678 7 10.399046897888184 6.466308116912842 0
of 0 679 2 2.8576760292053223 6.177388668060303 0.28891944885253906
the 0 680 3 0.5813371539115906 2.681014060974121 3.4963746070861816
trail 0 681 5 7.135070323944092 5.9933905601501465 0
passing 0 682 7 12.002070426940918 6.279117584228516 0
beneath 0 683 7 8.023564338684082 4.886833667755127 1.3922839164733887
the 0 684 3 0.5708062648773193 2.592477798461914 2.294355869293213
interchange 0 685 11 6.8768815994262695 6.627449989318848 0
was 0 686 3 3.9658029079437256 5.12272834777832 1.5047216415405273
constructed 0 687 11 4.4296417236328125 7.244778633117676 0
as 0 688 2 4.645787715911865 4.508901596069336 2.73587703704834
part 0 689 4 3.204463481903076 2.759991407394409 1.7489101886749268
of 0 690 2 0.0012382594868540764 0.013973971828818321 2.746017435565591
the 0 691 3 0.775842547416687 2.526132583618164 0
<unk> 0 692 5 1.4844400882720947 6.64017391204834 0
<unk> 0 693 5 2.446951389312744 6.944082260131836 0
project 0 694 7 4.229849815368652 6.705663204193115 0.2384190559387207
by 0 695 2 6.391845226287842 4.845868110656738 1.859795093536377
<unk> 0 696 5 1.4479176998138428 3.5707154273986816 1.2751526832580566
. 0 697 1 1.7226759195327759 4.23813533782959 0
<eos> 0 698 5 0.0003164133813697845 0.003119485918432474 4.235015851911157
<unk> 0 699 5 4.051597595214844 4.915485858917236 0
interchange 0 700 11 10.847182273864746 5.95375919342041 0
is 0 701 2 3.223371744155884 5.583069801330566 0.37068939208984375
considered 0 702 10 7.675050735473633 6.08038330078125 0
by 0 703 2 5.124355316162109 4.7447896003723145 1.3355937004089355
<unk> 0 704 5 2.0729150772094727 5.158494472503662 0
<unk> 0 705 5 3.1094119548797607 5.473710536956787 0
as 0 706 2 4.527679920196533 5.048591136932373 0.42511940002441406
one 0 707 3 3.568216323852539 3.6489458084106445 1.3996453285217285
of 0 708 2 0.017883416265249252 0.19318030774593353 3.455765500664711
" 0 709 1 8.560988426208496 1.4114662408828735 0
<unk> 0 710 5 1.8387765884399414 6.682737350463867 0
<unk> 0 711 5 2.4964065551757812 5.419703483581543 1.2630338668823242
's 0 712 2 2.407371759414673 4.992060661315918 0.427642822265625
<unk> 0 713 5 3.4414772987365723 7.8691020011901855 0
<unk> 0 714 5 3.5292656421661377 5.687921047210693 2.181180953979492
<unk> 0 715 5 2.309417486190796 5.421998500823975 0.26592254638671875
" 0 716 1 1.217151403427124 5.741860389709473 0
, 0 717 1 2.475860834121704 4.877872943878174 0.8639874458312988
calling 0 718 7 8.825629234313965 5.843087196350098 0
it 0 719 2 0.586557149887085 2.225346565246582 3.6177406311035156
a 0 720 1 2.7494096755981445 2.897540330886841 0
" 0 721 1 1.391963005065918 6.15116024017334 0
labyrinth 0 722 9 15.048344612121582 8.177562713623047 0
of 0 723 2 2.805123805999756 4.821320533752441 3.3562421798706055
lanes 0 724 5 11.158823013305664 8.318693161010742 0
" 0 725 1 0.7282323837280273 3.067168951034546 5.251524209976196
and 0 726 3 2.9932093620300293 2.6715097427368164 0.3956592082977295
a 0 727 1 3.427992820739746 6.951454162597656 0
" 0 728 1 2.3503918647766113 7.786148548126221 0
five 0 729 4 10.2149658203125 8.944372177124023 0
<unk> 0 730 5 0.5528939962387085 3.732886552810669 5.2114856243133545
level 0 731 5 7.533999919891357 6.177696704864502 0
marvel 0 732 6 16.12300682067871 7.910793304443359 0
of 0 733 2 8.663016319274902 7.532851696014404 0.3779416084289551
engineering 0 734 11 13.440376281738281 3.7463035583496094 3.786548137664795
" 0 735 1 0.9823607802391052 4.581223964691162 0
because 0 736 7 8.476835250854492 2.54770827293396 2.033515691757202
of 0 737 2 1.4749464988708496 3.0648584365844727 0
its 0 738 3 1.5705674886703491 3.5087783336639404 0
height 0 739 6 8.272089004516602 9.272066116333008 0
, 0 740 1 3.0563297271728516 3.1672444343566895 6.104821681976318
the 0 741 3 4.5679731369018555 6.63196325302124 0
number 0 742 6 6.9307990074157715 9.198026657104492 0
of 0 743 2 0.20736992359161377 1.4936443567276 7.704382300376892
its 0 744 3 8.384176254272461 9.05704116821289 0
bridges 0 745 7 9.560105323791504 9.278007507324219 0
and 0 746 3 2.8828213214874268 6.538700580596924 2.739306926727295
other 0 747 5 5.192024230957031 8.188505172729492 0
unusual 0 748 7 10.920403480529785 9.443822860717773 0
design 0 749 6 7.488729953765869 8.633646965026855 0.810175895690918
and 0 750 3 4.249960899353027 6.232587814331055 2.401059150695801
construction 0 751 12 4.949808120727539 9.960888862609863 0
features 0 752 8 7.371227264404297 6.02031946182251 3.9405694007873535
. 0 753 1 0.7165127396583557 3.463688611984253 2.556630849838257
<eos> 0 754 5 0.004014846868813038 0.027785886079072952 3.43590272590518
= 0 755 1 2.34019136428833 4.863928318023682 0
= 0 756 1 0.18473689258098602 1.1087340116500854 3.755194306373596
<unk> 0 757 5 6.641125202178955 5.292121410369873 0
= 0 758 1 1.7346569299697876 5.96401309967041 0
= 0 759 1 0.002650053007528186 0.0302880946546793 5.933725005015731
<eos> 0 760 5 22.60700035095215 4.557424545288086 0
<unk> 0 761 5 1.0913703441619873 5.444195747375488 0
<unk> 0 762 5 2.4502341747283936 5.662554740905762 0
<unk> 0 763 5 2.3276174068450928 4.931572914123535 0.7309818267822266
<unk> 0 764 5 2.621802568435669 5.252776145935059 0
project 0 765 7 12.233268737792969 4.676342964172363 0.5764331817626953
was 0 766 3 2.6596827507019043 5.498791694641113 0
planned 0 767 7 7.2954792976379395 7.103181838989258 0
as 0 768 2 3.7570998668670654 3.839874267578125 3.263307571411133
a 0 769 1 0.888836681842804 3.0279347896575928 0.8119394779205322
replacement 0 770 11 5.65269136428833 9.096052169799805 0
for 0 771 3 0.4285587668418884 2.4466843605041504 6.649367809295654
the 0 772 3 0.9811816215515137 4.369557857513428 0
existing 0 773 8 9.833566665649414 6.846591949462891 0
, 0 774 1 8.430848121643066 6.9758076667785645 0
antiquated 0 775 10 17.006155014038086 8.253009796142578 0
interchange 0 776 11 9.464170455932617 7.547971725463867 0.7050380706787109
that 0 777 4 6.001861572265625 5.316258430480957 2.23171329498291
accommodated 0 778 12 13.651542663574219 5.768693447113037 0
<unk> 0 779 5 2.060372829437256 5.346982955932617 0.4217104911804199
<unk> 0 780 5 0.8467365503311157 4.6517157554626465 0.6952672004699707
<unk> 0 781 5 0.38311123847961426 1.8568135499954224 2.794902205467224
vehicles 0 782 8 5.361607551574707 5.936239719390869 0
daily 0 783 5 10.30835247039795 4.872741222381592 1.0634984970092773
and 0 784 3 3.101224184036255 3.928666830062866 0.9440743923187256
was 0 785 3 4.096864700317383 7.105629920959473 0
located 0 786 7 7.47136116027832 8.632657051086426 0
in 0 787 2 2.1509718894958496 4.445453643798828 4.187203407287598
one 0 788 3 9.604641914367676 3.6083126068115234 0.8371410369873047
of 0 789 2 0.5769178867340088 3.475437641143799 0.1328749656677246
the 0 790 3 0.4756186604499817 2.127990484237671 1.347447156906128
most 0 791 4 4.727183818817139 6.83913516998291 0
intensely 0 792 9 18.19344139099121 7.252810955047607 0
developed 0 793 9 6.79559850692749 8.052857398986816 0
commercial 0 794 10 9.641651153564453 7.765134811401367 0.2877225875854492
zones 0 795 5 6.820043563842773 6.530916690826416 1.2342181205749512
in 0 796 2 1.6652103662490845 3.73268461227417 2.798232078552246
<unk> 0 797 5 1.8012473583221436 2.1390953063964844 1.5935893058776855
. 0 798 1 0.4497002959251404 2.036166191101074 0.10292911529541016
<eos> 0 799 5 0.00024763375404290855 0.0024996649008244276 2.03366652620025
<unk> 0 800 5 3.4920594692230225 5.011341094970703 0
was 0 801 3 3.435431957244873 6.299581527709961 0
a 0 802 1 3.5834250450134277 7.367170810699463 0
collaborative 0 803 13 13.378545761108398 8.92210578918457 0
project 0 804 7 2.212620258331299 7.207784652709961 1.7143211364746094
between 0 805 7 5.2003068923950195 5.518923759460449 1.6888608932495117
the 0 806 3 0.9329991340637207 2.71561598777771 2.8033077716827393
<unk> 0 807 5 1.2979984283447266 5.887667179107666 0
, 0 808 1 5.48555850982666 5.289644718170166 0.5980224609375
affected 0 809 8 15.443069458007812 3.337864637374878 1.951780080795288
motorists 0 810 9 13.535237312316895 2.1013550758361816 1.2365095615386963
and 0 811 3 1.672961950302124 3.7692673206329346 0
property 0 812 8 12.365367889404297 8.354044914245605 0
owners 0 813 6 2.9873454570770264 7.621943473815918 0.7321014404296875
, 0 814 1 1.13750422000885 3.8158347606658936 3.8061087131500244
and 0 815 3 0.5881009101867676 3.1854491233825684 0.6303856372833252
the 0 816 3 2.4354586601257324 7.9354047775268555 0
primary 0 817 7 11.708830833435059 8.313002586364746 0
contractor 0 818 10 5.1282806396484375 9.456808090209961 0
, 0 819 1 3.1122889518737793 6.159102916717529 3.2977051734924316
<unk> 0 820 5 1.281200647354126 5.104211330413818 1.054891586303711
<unk> 0 821 5 0.7992089986801147 4.132564544677734 0.971646785736084
. 0 822 1 3.741384983062744 3.2765657901763916 0.8559987545013428
<eos> 0 823 5 0.0039321789517998695 0.027555251494050026 3.2490105386823416
<unk> 0 824 5 3.115198850631714 5.291452884674072 0
essential 0 825 9 20.752593994140625 6.923397064208984 0
consideration 0 826 13 12.094080924987793 9.46944522857666 0
was 0 827 3 2.4718832969665527 4.979739665985107 4.489705562591553
to 0 828 2 3.2123966217041016 7.647735595703125 0
complete 0 829 8 10.056981086730957 7.6985626220703125 0
the 0 830 3 0.872752845287323 4.199302673339844 3.4992599487304688
project 0 831 7 3.1322622299194336 8.110591888427734 0
with 0 832 4 4.662292957305908 4.646885395050049 3.4637064933776855
as 0 833 2 12.224282264709473 6.075888633728027 0
little 0 834 6 7.754125595092773 4.592277526855469 1.4836111068725586
disruption 0 835 10 12.476555824279785 3.0043277740478516 1.5879497528076172
to 0 836 2 4.789587497711182 2.8213510513305664 0.18297672271728516
the 0 837 3 0.7711728811264038 4.119616508483887 0
traffic 0 838 7 8.470429420471191 8.573298454284668 0
flow 0 839 4 8.502501487731934 6.939886093139648 1.6334123611450195
as 0 840 2 2.3904032707214355 5.136826038360596 1.8030600547790527
possible 0 841 8 1.9684803485870361 5.142039775848389 0
. 0 842 1 1.1206058263778687 3.574448823928833 1.5675909519195557
<eos> 0 843 5 0.0009026264888234437 0.007634710520505905 3.566814113408327
<unk> 0 844 5 3.5853705406188965 5.656247138977051 0
for 0 845 3 10.45958423614502 7.493172645568848 0
upgrading 0 846 9 11.643791198730469 6.009289741516113 1.4838829040527344
the 0 847 3 0.9082100987434387 4.412837028503418 1.5964527130126953
interchange 0 848 11 7.299760818481445 7.902195453643799 0
, 0 849 1 3.658226490020752 5.398114204406738 2.5040812492370605
in 0 850 2 5.761885166168213 7.027657508850098 0
addition 0 851 8 4.441728591918945 4.0002336502075195 3.027423858642578
to 0 852 2 0.19215823709964752 0.7663933038711548 3.2338403463363647
the 0 853 3 1.4269908666610718 5.88033390045166 0
need 0 854 4 9.863224029541016 8.722944259643555 0
to 0 855 2 1.152930498123169 1.4087318181991577 7.314212441444397
increase 0 856 8 7.260302543640137 7.722344875335693 0
traffic 0 857 7 3.9951858520507812 5.954157829284668 1.7681870460510254
flow 0 858 4 6.622718811035156 5.024799823760986 0.9293580055236816
and 0 859 3 2.8851616382598877 4.510561943054199 0.5142378807067871
reduce 0 860 6 5.023138523101807 9.618951797485352 0
congestion 0 861 10 2.9470410346984863 6.0097198486328125 3.609231948852539
, 0 862 1 2.0549066066741943 4.805217266082764 1.2045025825500488
were 0 863 4 5.573853015899658 8.24538516998291 0
to 0 864 2 7.021777629852295 9.090806007385254 0
improve 0 865 7 5.8749260902404785 6.827708721160889 2.2630972862243652
air 0 866 3 10.035843849182129 6.153961181640625 0.6737475395202637
quality 0 867 7 3.6413843631744385 4.934974193572998 1.218986988067627
, 0 868 1 3.6578617095947266 6.10878324508667 0
safety 0 869 6 10.493558883666992 7.702353000640869 0
, 0 870 1 2.118886709213257 5.293632984161377 2.408720016479492
and 0 871 3 0.5413546562194824 3.6172070503234863 1.6764259338378906
local 0 872 5 9.001744270324707 8.633469581604004 0
access 0 873 6 7.493638038635254 8.184048652648926 0.4494209289550781
. 0 874 1 2.200632333755493 2.298250675201416 5.88579797744751
<eos> 0 875 5 0.0017445686971768737 0.01353565976023674 2.2847150154411793
<unk> 0 876 5 3.5736467838287354 5.679693698883057 0
<unk> 0 877 5 2.930776834487915 7.752004623413086 0
<unk> 0 878 5 2.430408000946045 6.356531143188477 1.3954734802246094
submitted 0 879 9 10.542813301086426 7.175701141357422 0
the 0 880 3 2.0130321979522705 4.633871078491211 2.541830062866211
lowest 0 881 6 14.51755142211914 6.747357368469238 0
bid 0 882 3 6.009023189544678 7.841991901397705 0
and 0 883 3 7.7363080978393555 2.82116961479187 5.020822286605835
was 0 884 3 5.021894931793213 8.602083206176758 0
awarded 0 885 7 7.540093421936035 8.460437774658203 0.1416454315185547
the 0 886 3 1.3280115127563477 4.158603191375732 4.301834583282471
$ 0 887 1 6.458039283752441 5.978331089019775 0
<unk> 0 888 5 0.0011475277133286 0.015795467421412468 5.962535621598363
million 0 889 7 1.289071798324585 1.679518699645996 0
contract 0 890 8 3.6689953804016113 7.2800750732421875 0
by 0 891 2 4.895749092102051 5.188643455505371 2.0914316177368164
<unk> 0 892 5 1.5859551429748535 3.2702691555023193 1.9183743000030518
, 0 893 1 3.7519171237945557 5.697930335998535 0
the 0 894 3 4.1590800285339355 5.918752670288086 0
largest 0 895 7 5.6897735595703125 7.78371000289917 0
ever 0 896 4 8.478954315185547 8.170339584350586 0
by 0 897 2 6.095481872558594 7.116710186004639 1.0536293983459473
that 0 898 4 11.107166290283203 6.362218379974365 0.7544918060302734
agency 0 899 6 8.267614364624023 6.827854156494141 0
. 0 900 1 0.9895248413085938 3.5549185276031494 3.272935628890991
<eos> 0 901 5 0.0034177154302597046 0.02462584339082241 3.530292684212327
<unk> 0 902 5 3.096254348754883 5.202792167663574 0
construction 0 903 12 10.162944793701172 6.973330974578857 0
contract 0 904 8 10.8094482421875 6.75210428237915 0.22122669219970703
for 0 905 3 4.741418838500977 6.650525093078613 0.10157918930053711
the 0 906 3 1.13400399684906 4.062877178192139 2.5876479148864746
<unk> 0 907 5 1.8241345882415771 6.96889591217041 0
<unk> 0 908 5 2.378624439239502 7.423860549926758 0
<unk> 0 909 5 1.646583914756775 6.612044334411621 0.8118162155151367
was 0 910 3 4.235398769378662 7.691661834716797 0
unique 0 911 6 16.094802856445312 7.810243129730225 0
in 0 912 2 1.7975929975509644 3.7180161476135254 4.092226982116699
that 0 913 4 6.9031853675842285 4.338384628295898 0
it 0 914 2 2.3168346881866455 5.725384712219238 0
contained 0 915 9 8.851874351501465 4.515878677368164 1.2095060348510742
elements 0 916 8 10.430334091186523 6.06486701965332 0
not 0 917 3 12.708970069885254 1.9732999801635742 4.091567039489746
found 0 918 5 7.639414310455322 8.040901184082031 0
in 0 919 2 0.7936132550239563 2.8851215839385986 5.155779600143433
other 0 920 5 7.649957656860352 3.6781210899353027 0
construction 0 921 12 7.944210052490234 7.831174850463867 0
project 0 922 7 10.737873077392578 5.9417500495910645 1.8894248008728027
contracts 0 923 9 8.337821006774902 6.005577564239502 0
. 0 924 1 1.4225056171417236 3.8607656955718994 2.1448118686676025
<eos> 0 925 5 0.0011583539890125394 0.009506765753030777 3.8512589298188686
<unk> 0 926 5 3.44145131111145 5.4280877113342285 0
example 0 927 7 19.365375518798828 6.984330177307129 0
, 0 928 1 2.335557222366333 4.8037028312683105 2.1806273460388184
it 0 929 2 7.277756690979004 6.1176676750183105 0
specified 0 930 9 14.02328109741211 4.906290054321289 1.2113776206970215
the 0 931 3 2.9395811557769775 3.8317322731018066 1.0745577812194824
concrete 0 932 8 11.841886520385742 9.300641059875488 0
maturity 0 933 8 18.54355812072754 8.631937026977539 0.6687040328979492
method 0 934 6 11.751884460449219 4.449759483337402 4.182177543640137
to 0 935 2 3.995858669281006 4.9358015060424805 0
be 0 936 2 2.514972448348999 7.100270748138428 0
used 0 937 4 4.239966869354248 8.50446891784668 0
to 0 938 2 2.376002311706543 3.873593807220459 4.630875110626221
ensure 0 939 6 6.115303993225098 8.098827362060547 0
the 0 940 3 1.8625073432922363 5.449241638183594 2.649585723876953
concrete 0 941 8 9.716780662536621 9.428674697875977 0
's 0 942 2 6.383318901062012 8.644196510314941 0.7844781875610352
strength 0 943 8 10.32013988494873 9.119420051574707 0
( 0 944 1 7.914342880249023 5.326738357543945 3.7926816940307617
the 0 945 3 5.080161094665527 7.149792194366455 0
first 0 946 5 6.20814323425293 9.468839645385742 0
time 0 947 4 4.598085403442383 8.880833625793457 0.5880060195922852
<unk> 0 948 5 5.705902576446533 6.191295146942139 2.6895384788513184
had 0 949 3 3.8700926303863525 6.793566703796387 0
ever 0 950 4 5.892092704772949 6.271285533905029 0.5222811698913574
done 0 951 4 5.893292427062988 5.420034408569336 0.8512511253356934
so 0 952 2 4.10675573348999 4.634101867675781 0.7859325408935547
) 0 953 1 0.5652065873146057 2.6809945106506348 1.9531073570251465
, 0 954 1 1.9578229188919067 4.181083679199219 0
and 0 955 3 2.227548122406006 6.200535297393799 0
contained 0 956 9 10.659158706665039 7.5162858963012695 0
an 0 957 2 4.527064800262451 5.812064170837402 1.7042217254638672
early 0 958 5 8.333394050598145 7.428954124450684 0
completion 0 959 10 9.021378517150879 8.696602821350098 0
bonus 0 960 5 11.823134422302246 4.089025974273682 4.607576847076416
, 0 961 1 4.119256973266602 5.385659217834473 0
a 0 962 1 4.7064361572265625 7.177957534790039 0
sliding 0 963 7 12.340180397033691 9.547277450561523 0
scale 0 964 5 10.380975723266602 9.244865417480469 0.3024120330810547
of 0 965 2 3.9328744411468506 5.997635364532471 3.247230052947998
up 0 966 2 6.612668037414551 6.517453193664551 0
to 0 967 2 0.010382292792201042 0.09503541886806488 6.422417774796486
$ 0 968 1 4.401144981384277 2.8712053298950195 0
<unk> 0 969 5 0.0008338748011738062 0.011218552477657795 2.8599867774173617
million 0 970 7 3.765063524246216 1.5264694690704346 0
if 0 971 2 11.009886741638184 3.472637176513672 0
the 0 972 3 1.989891529083252 5.96182918548584 0
company 0 973 7 8.937715530395508 9.376107215881348 0
completed 0 974 9 8.626405715942383 5.653458595275879 3.7226486206054688
the 0 975 3 1.7724696397781372 4.935176849365234 0.7182817459106445
contract 0 976 8 7.896542072296143 7.632060527801514 0
within 0 977 6 12.01525592803955 3.5961520671844482 4.035908460617065
four 0 978 4 6.03217887878418 3.954474925994873 0
years 0 979 5 1.0125843286514282 2.5170626640319824 1.4374122619628906
. 0 980 1 0.6465391516685486 2.1875927448272705 0.3294699192047119
<eos> 0 981 5 0.00387163320556283 0.026889968663454056 2.1607027761638165
<unk> 0 982 5 3.413240432739258 5.304214000701904 0
built 0 983 5 8.267350196838379 7.090841293334961 0
into 0 984 4 9.683759689331055 3.841946840286255 3.248894453048706
the 0 985 3 1.5658882856369019 3.5034372806549072 0.33850955963134766
construction 0 986 12 6.438357830047607 7.7401251792907715 0
contract 0 987 8 10.671699523925781 4.245730400085449 3.4943947792053223
was 0 988 3 9.957756996154785 4.792970180511475 0
a 0 989 1 5.299954891204834 8.014384269714355 0
provision 0 990 9 10.437819480895996 9.29201889038086 0
that 0 991 4 3.0199053287506104 4.410808563232422 4.8812103271484375
<unk> 0 992 5 3.0738556385040283 6.171540260314941 0
was 0 993 3 3.3602945804595947 6.7166337966918945 0
charged 0 994 7 10.821354866027832 8.177620887756348 0
for 0 995 3 4.392128944396973 2.166037082672119 6.0115838050842285
" 0 996 1 6.41927433013916 8.084290504455566 0
lane 0 997 4 15.919020652770996 9.537888526916504 0
rentals 0 998 7 18.444866180419922 7.009912967681885 2.527975559234619
" 0 999 1 0.718542218208313 3.592302083969116 3.4176108837127686
by 0 1000 2 4.330179214477539 4.9997239112854 0
<unk> 0 1001 5 2.2430830001831055 6.1446380615234375 0
for 0 1002 3 6.989223480224609 5.268448352813721 0.8761897087097168
time 0 1003 4 12.650164604187012 6.556872367858887 0
they 0 1004 4 11.069171905517578 5.6028900146484375 0.9539823532104492
closed 0 1005 6 10.758888244628906 6.20766019821167 0
down 0 1006 4 7.7614641189575195 4.6633501052856445 1.5443100929260254
traffic 0 1007 7 12.667552947998047 5.150993347167969 0
lanes 0 1008 5 10.58691120147705 5.4687089920043945 0
 0 1009 1 9.614890098571777 4.381308078765869 1.0874009132385254
fees 0 1010 4 13.941837310791016 7.475244522094727 0
based 0 1011 5 10.015411376953125 6.388698577880859 1.0865459442138672
on 0 1012 2 0.12096286565065384 0.7410837411880493 5.64761483669281
hourly 0 1013 6 15.359969139099121 6.658994197845459 0
assessments 0 1014 11 9.748678207397461 8.666338920593262 0
and 0 1015 3 3.940053701400757 4.80739688873291 3.8589420318603516
the 0 1016 3 4.4915361404418945 10.095695495605469 0
time 0 1017 4 10.062270164489746 9.562705993652344 0.532989501953125
of 0 1018 2 2.377377986907959 6.937201499938965 2.625504493713379
day 0 1019 3 9.154215812683105 5.146941184997559 1.7902603149414062
the 0 1020 3 5.267667770385742 5.43135404586792 0
lane 0 1021 4 13.461006164550781 9.609723091125488 0
was 0 1022 3 2.334287405014038 6.33933687210083 3.270386219024658
closed 0 1023 6 6.528312683105469 8.227982521057129 0
. 0 1024 1 1.3699477910995483 3.8370003700256348 4.390982151031494
<eos> 0 1025 5 0.002416051924228668 0.018063971772789955 3.818936398252845
<unk> 0 1026 5 3.4515390396118164 5.396345138549805 0
fees 0 1027 4 16.237661361694336 7.304051399230957 0
ranged 0 1028 6 10.790338516235352 6.497560977935791 0.806490421295166
from 0 1029 4 0.261025607585907 1.4207220077514648 5.076838970184326
$ 0 1030 1 1.8463327884674072 2.948702812194824 0
<unk> 0 1031 5 0.0019068866968154907 0.02208871953189373 2.9266140926629305
to 0 1032 2 2.8415703773498535 2.1608829498291016 0
a 0 1033 1 8.945034980773926 1.2126364707946777 0.9482464790344238
high 0 1034 4 12.251045227050781 4.887822151184082 0
of 0 1035 2 5.785761833190918 6.525951862335205 0
$ 0 1036 1 0.9508631229400635 3.0430872440338135 3.4828646183013916
<unk> 0 1037 5 0.003101123496890068 0.03289272263646126 3.010194521397352
<unk> 0 1038 5 0.7663326859474182 2.689321756362915 0
<unk> 0 1039 5 0.6535699367523193 1.0751551389694214 1.6141666173934937
for 0 1040 3 4.91996955871582 4.144273281097412 0
rush 0 1041 4 15.074337005615234 6.032504558563232 0
hours 0 1042 5 8.310230255126953 6.269803524017334 0
. 0 1043 1 1.7607569694519043 4.182192325592041 2.087611198425293
<eos> 0 1044 5 0.0016509483102709055 0.012925070710480213 4.169267254881561
<unk> 0 1045 5 3.555342435836792 5.626136779785156 0
order 0 1046 5 14.163298606872559 7.331639766693115 0
not 0 1047 3 11.771773338317871 6.8098602294921875 0.5217795372009277
to 0 1048 2 2.303420066833496 7.536281108856201 0
interfere 0 1049 9 10.414826393127441 8.206376075744629 0
with 0 1050 4 0.46790289878845215 2.294691324234009 5.91168475151062
traffic 0 1051 7 8.155220985412598 4.499516487121582 0
flow 0 1052 4 10.450577735900879 7.05278205871582 0
during 0 1053 6 8.083925247192383 6.030433654785156 1.022348403930664
construction 0 1054 12 5.2438225746154785 2.9566001892089844 3.073833465576172
, 0 1055 1 2.584346055984497 5.5645551681518555 0
the 0 1056 3 4.844674110412598 6.994772911071777 0
new 0 1057 3 6.429677486419678 9.253745079040527 0
interchange 0 1058 11 9.604918479919434 8.649565696716309 0.6041793823242188
was 0 1059 3 1.806670904159546 5.6488938331604 3.000671863555908
designed 0 1060 8 6.985884189605713 7.927884101867676 0
largely 0 1061 7 12.348783493041992 3.5542967319488525 4.373587369918823
as 0 1062 2 3.796661376953125 3.7198691368103027 0
elevated 0 1063 8 15.314621925354004 3.5085368156433105 0.2113323211669922
flyover 0 1064 7 13.50223445892334 7.379420757293701 0
ramps 0 1065 5 5.231768608093262 7.4505815505981445 0
and 0 1066 3 3.209818124771118 4.316010475158691 3.134571075439453
viaducts 0 1067 8 9.68368911743164 8.795557022094727 0
so 0 1068 2 9.166606903076172 5.097734451293945 3.6978225708007812
they 0 1069 4 5.174029350280762 3.7775018215179443 1.320232629776001
could 0 1070 5 0.5864057540893555 1.94846773147583 1.8290340900421143
be 0 1071 2 1.89484703540802 6.147624492645264 0
built 0 1072 5 4.509360313415527 8.107267379760742 0
high 0 1073 4 11.453174591064453 5.729398727416992 2.37786865234375
over 0 1074 4 8.185076713562012 4.896738052368164 0.8326606750488281
the 0 1075 3 0.9568508863449097 4.5257568359375 0.37098121643066406
existing 0 1076 8 6.2165632247924805 8.63642406463623 0
junction 0 1077 8 10.773683547973633 8.59518814086914 0.041235923767089844
lanes 0 1078 5 9.415096282958984 4.664865016937256 3.9303231239318848
; 0 1079 1 6.140328407287598 3.5440399646759033 1.1208250522613525
once 0 1080 4 10.092321395874023 6.292896270751953 0
traffic 0 1081 7 9.432574272155762 5.571739673614502 0.7211565971374512
was 0 1082 3 1.537965178489685 5.836543083190918 0
transferred 0 1083 11 8.037506103515625 7.948503017425537 0
to 0 1084 2 0.7933793663978577 2.706732749938965 5.241770267486572
the 0 1085 3 0.9158241152763367 4.174961090087891 0
new 0 1086 3 5.129565715789795 7.984310150146484 0
structures 0 1087 10 12.208624839782715 6.8287034034729 1.155606746673584
the 0 1088 3 7.368439674377441 3.7905752658843994 3.038128137588501
old 0 1089 3 8.636207580566406 8.337966918945312 0
lanes 0 1090 5 6.398915767669678 7.881625652313232 0.4563412666320801
could 0 1091 5 4.948780059814453 5.065969944000244 2.8156557083129883
simply 0 1092 6 11.176071166992188 4.373287677764893 0.6926822662353516
be 0 1093 2 0.9388464093208313 4.66801118850708 0
closed 0 1094 6 6.000301361083984 7.921332359313965 0
off 0 1095 3 8.211241722106934 3.8123831748962402 4.108949184417725
and 0 1096 3 4.963501930236816 5.393616199493408 0
removed 0 1097 7 7.508326530456543 8.856048583984375 0
. 0 1098 1 1.1398844718933105 3.4900999069213867 5.365948677062988
<eos> 0 1099 5 0.0007236934034153819 0.006326934788376093 3.4837729721330106
<unk> 0 1100 5 4.756837844848633 5.708334922790527 0
of 0 1101 2 7.908382892608643 7.951815128326416 0
the 0 1102 3 0.9341093301773071 3.8970859050750732 4.054729223251343
original 0 1103 8 5.7102203369140625 8.406437873840332 0
interchange 0 1104 11 7.49967098236084 8.455522537231445 0
remained 0 1105 8 8.153214454650879 6.12895393371582 2.326568603515625
when 0 1106 4 12.348052024841309 6.624698638916016 0
the 0 1107 3 1.24712336063385 4.916427135467529 1.7082715034484863
project 0 1108 7 6.319765090942383 7.791379451751709 0
was 0 1109 3 1.1354514360427856 4.798227787017822 2.9931516647338867
finished 0 1110 8 6.377013683319092 7.260076999664307 0
. 0 1111 1 2.2416300773620605 3.88822340965271 3.3718535900115967
<eos> 0 1112 5 0.0008529537008143961 0.007336154114454985 3.880887255538255
<unk> 0 1113 5 4.304630756378174 5.495229721069336 0
save 0 1114 4 19.5115966796875 7.440997123718262 0
time 0 1115 4 9.407203674316406 5.151321887969971 2.289675235748291
and 0 1116 3 4.7447509765625 6.213080883026123 0
money 0 1117 5 10.210502624511719 9.298811912536621 0
, 0 1118 1 4.303274154663086 6.713465213775635 2.5853466987609863
innovative 0 1119 10 16.59123992919922 7.274212837219238 0
construction 0 1120 12 5.964475154876709 7.402576446533203 0
methods 0 1121 7 7.878329753875732 6.435225009918213 0.9673514366149902
were 0 1122 4 3.4101381301879883 5.202273845672607 1.2329511642456055
employed 0 1123 8 9.274077415466309 8.604789733886719 0
: 0 1124 1 7.844435691833496 4.61778450012207 3.9870052337646484
<unk> 0 1125 5 2.5154526233673096 7.0338358879089355 0
original 0 1126 8 13.26698112487793 7.468306541442871 0
plans 0 1127 5 5.5718607902526855 8.895684242248535 0
called 0 1128 6 10.703725814819336 4.22753381729126 4.668150424957275
for 0 1129 3 1.1651371717453003 3.688969373703003 0.5385644435882568
the 0 1130 3 2.3211960792541504 6.975428581237793 0
segments 0 1131 8 15.453177452087402 8.1087646484375 0
of 0 1132 2 2.027247667312622 4.79789924621582 3.3108654022216797
the 0 1133 3 0.9277995824813843 4.104687690734863 0.693211555480957
long 0 1134 4 11.245098114013672 7.547836780548096 0
ramps 0 1135 5 10.833282470703125 5.8280930519104 1.7197437286376953
and 0 1136 3 3.360173463821411 5.631330490112305 0.1967625617980957
spans 0 1137 5 12.692419052124023 8.48936939239502 0
( 0 1138 1 9.321305274963379 6.471982479095459 2.0173869132995605
used 0 1139 4 10.2815580368042 6.7084197998046875 0
to 0 1140 2 2.3397083282470703 4.864837169647217 1.8435826301574707
direct 0 1141 6 8.168976783752441 8.075374603271484 0
<unk> 0 1142 5 3.451946258544922 6.948680877685547 1.1266937255859375
connect 0 1143 7 12.31302261352539 6.27934455871582 0.6693363189697266
roads 0 1144 5 9.60741138458252 5.690505027770996 0.5888395309448242
) 0 1145 1 1.4053568840026855 4.213410377502441 1.4770946502685547
to 0 1146 2 2.7272210121154785 4.754304885864258 0
be 0 1147 2 6.417170524597168 5.889395713806152 0
made 0 1148 4 6.989919662475586 7.197862148284912 0
of 0 1149 2 3.02925968170166 6.122682094573975 1.0751800537109375
steel 0 1150 5 6.2208476066589355 8.444779396057129 0
, 0 1151 1 2.5845937728881836 5.861835956573486 2.5829434394836426
but 0 1152 3 5.122650623321533 8.132429122924805 0
because 0 1153 7 7.984875202178955 6.940474033355713 1.1919550895690918
building 0 1154 8 15.036093711853027 3.6973278522491455 3.2431461811065674
with 0 1155 4 8.295252799987793 8.176239013671875 0
steel 0 1156 5 6.668177604675293 6.9374542236328125 1.2387847900390625
would 0 1157 5 4.476207733154297 7.686341285705566 0
interfere 0 1158 9 11.19094181060791 4.888784408569336 2.7975568771362305
with 0 1159 4 0.4534260034561157 2.0478532314300537 2.8409311771392822
heavy 0 1160 5 11.47403621673584 5.279860019683838 0
traffic 0 1161 7 3.4262301921844482 8.274608612060547 0
flow 0 1162 4 9.651896476745605 5.190970420837402 3.0836381912231445
during 0 1163 6 7.579338550567627 4.7034993171691895 0.4874711036682129
construction 0 1164 12 3.688220262527466 3.3191211223602295 1.38437819480896
, 0 1165 1 2.7451319694519043 3.5083751678466797 0
cast 0 1166 4 17.576292037963867 6.93617582321167 0
<unk> 0 1167 5 4.025020122528076 7.920317649841309 0
in 0 1168 2 5.327234268188477 8.32211971282959 0
<unk> 0 1169 5 1.791884422302246 5.99964714050293 2.32247257232666
place 0 1170 5 7.680112361907959 7.98508358001709 0
<unk> 0 1171 5 4.431556701660156 8.963226318359375 0
concrete 0 1172 8 11.8190279006958 8.004755973815918 0.958470344543457
was 0 1173 3 5.313160419464111 8.366601943969727 0
substituted 0 1174 11 11.024429321289062 7.470576763153076 0.8960251808166504
in 0 1175 2 3.64397931098938 3.928826093673706 3.54175066947937
the 0 1176 3 1.8066517114639282 4.73444128036499 0
plans 0 1177 5 11.896503448486328 8.027759552001953 0
. 0 1178 1 1.2102681398391724 3.209110975265503 4.81864857673645
<eos> 0 1179 5 0.0014088816242292523 0.011325034312903881 3.197785940952599
<unk> 0 1180 5 4.058643341064453 5.726382732391357 0
, 0 1181 1 5.358343601226807 7.3022565841674805 0
<unk> 0 1182 5 2.247472047805786 6.443736553192139 0.8585200309753418
decided 0 1183 7 12.125402450561523 3.6675901412963867 2.776146411895752
to 0 1184 2 0.495321124792099 2.3029844760894775 1.3646056652069092
use 0 1185 3 3.606062173843384 6.831878662109375 0
<unk> 0 1186 5 3.712242841720581 4.690516471862793 2.141362190246582
concrete 0 1187 8 8.66026496887207 6.592092037200928 0
<unk> 0 1188 5 4.073535442352295 7.208123207092285 0
bridges 0 1189 7 9.710201263427734 6.5760393142700195 0.6320838928222656
, 0 1190 1 2.747256278991699 4.95542049407959 1.6206188201904297
rather 0 1191 6 8.9335298538208 6.543986797332764 0
than 0 1192 4 0.01114994939416647 0.12996920943260193 6.414017587900162
casting 0 1193 7 14.802936553955078 8.358216285705566 0
the 0 1194 3 2.338841676712036 6.98490047454834 1.3733158111572266
bridge 0 1195 6 5.3452277183532715 9.506174087524414 0
elements 0 1196 8 13.382548332214355 6.307117938995361 3.1990561485290527
in 0 1197 2 3.4935524463653564 4.921163082122803 1.3859548568725586
place 0 1198 5 7.71299934387207 4.832228660583496 0.08893442153930664
, 0 1199 1 2.9380829334259033 3.5522921085357666 1.2799365520477295
and 0 1200 3 2.398686170578003 6.4443440437316895 0
used 0 1201 4 7.956906795501709 8.310133934020996 0
a 0 1202 1 3.196485996246338 6.152417182922363 2.157716751098633
unique 0 1203 6 8.865866661071777 9.013275146484375 0
machine 0 1204 7 13.847423553466797 8.361674308776855 0.6516008377075195
, 0 1205 1 4.6017560958862305 6.443356513977051 1.9183177947998047
designed 0 1206 8 6.706140041351318 7.731534957885742 0
and 0 1207 3 6.183061122894287 3.1191623210906982 4.612372636795044
constructed 0 1208 11 4.807470798492432 8.714119911193848 0
by 0 1209 2 1.9404376745224 4.556286811828613 4.157833099365234
<unk> 0 1210 5 1.3697137832641602 5.0793914794921875 0
<unk> 0 1211 5 1.532802939414978 5.395807266235352 0
of 0 1212 2 7.417972087860107 4.327417373657227 1.068389892578125
<unk> 0 1213 5 0.9397270083427429 4.175757884979248 0.15165948867797852
and 0 1214 3 3.2590079307556152 4.685347557067871 0
costing 0 1215 7 15.77003002166748 5.272831439971924 0
about 0 1216 5 6.028522968292236 4.646553039550781 0.6262784004211426
$ 0 1217 1 0.7791832089424133 1.7877602577209473 2.858792781829834
<unk> 0 1218 5 0.002914052689447999 0.030962755903601646 1.7567975018173456
million 0 1219 7 1.1369264125823975 1.6420096158981323 0
, 0 1220 1 3.6966404914855957 3.2055068016052246 0
to 0 1221 2 4.4170989990234375 6.371693134307861 0
move 0 1222 4 8.628198623657227 7.059011459350586 0
the 0 1223 3 2.2259273529052734 5.615384578704834 1.443626880645752
pieces 0 1224 6 12.403597831726074 8.370401382446289 0
into 0 1225 4 4.343794822692871 4.969616413116455 3.400784969329834
place 0 1226 5 10.129932403564453 5.437824726104736 0
. 0 1227 1 1.2351175546646118 4.4983649253845215 0.9394598007202148
<eos> 0 1228 5 0.0006769368192180991 0.005930311046540737 4.492434614337981
<unk> 0 1229 5 3.666077136993408 5.442166805267334 0
the 0 1230 3 10.514260292053223 7.304858207702637 0
construction 0 1231 12 4.3390703201293945 8.5847806930542 0
, 0 1232 1 6.1453046798706055 4.815242290496826 3.769538402557373
<unk> 0 1233 5 4.689046382904053 7.753389358520508 0
<unk> 0 1234 5 2.467717170715332 6.629214286804199 1.1241750717163086
<eos> 0 1235 5 4.040022373199463 5.589881896972656 1.039332389831543
@ 0 1236 1 0.03452310338616371 0.2924620509147644 5.297419846057892
<unk> 0 1237 5 0.0034974957816302776 0.0455797053873539 0.2468823455274105
million 0 1238 7 4.071836471557617 4.913423538208008 0
cubic 0 1239 5 5.2909650802612305 6.455453872680664 0
yards 0 1240 5 2.510721206665039 1.9848859310150146 4.470567941665649
of 0 1241 2 4.731482028961182 3.7273917198181152 0
earthwork 0 1242 9 13.4451904296875 6.855694770812988 0
was 0 1243 3 5.988699913024902 4.7982635498046875 2.057431221008301
used 0 1244 4 5.332751274108887 7.1869072914123535 0
, 0 1245 1 4.270893573760986 3.6433918476104736 3.54351544380188
<unk> 0 1246 5 6.125778675079346 6.2168474197387695 0
<unk> 0 1247 5 1.2456084489822388 6.224645137786865 0
<unk> 0 1248 5 0.8882092237472534 3.1121816635131836 3.1124634742736816
cubic 0 1249 5 5.124456882476807 6.855152606964111 0
yards 0 1250 5 4.670762538909912 1.5315821170806885 5.323570489883423
of 0 1251 2 4.332226276397705 3.1271822452545166 0
concrete 0 1252 8 2.9624314308166504 5.550195693969727 0
was 0 1253 3 6.860653400421143 5.013133525848389 0.5370621681213379
mixed 0 1254 5 13.156376838684082 7.387455463409424 0
on 0 1255 2 6.52263069152832 4.097375392913818 3.2900800704956055
site 0 1256 4 9.191436767578125 4.152340412139893 0
, 0 1257 1 1.8637497425079346 4.33462381362915 0
and 0 1258 3 1.782871127128601 5.787906169891357 0
<unk> 0 1259 5 2.6141719818115234 6.567616939544678 0
<unk> 0 1260 5 1.1828677654266357 5.4599409103393555 1.1076760292053223
<unk> 0 1261 5 0.7629343271255493 2.5021955966949463 2.957745313644409
square 0 1262 6 4.046347141265869 6.714016914367676 0
feet 0 1263 4 0.5501627922058105 1.6721408367156982 5.0418760776519775
of 0 1264 2 9.969514846801758 0.41617462038993835 1.2559662163257599
retaining 0 1265 9 14.315792083740234 5.9560675621032715 0
walls 0 1266 5 8.737248420715332 7.388437747955322 0
were 0 1267 4 3.224581241607666 4.894497871398926 2.4939398765563965
built 0 1268 5 3.0128333568573 6.925532817840576 0
. 0 1269 1 2.416576385498047 4.7444167137146 2.1811161041259766
<eos> 0 1270 5 0.0005779179045930505 0.0052332160994410515 4.739183497615159
<unk> 0 1271 5 3.627248764038086 5.1736159324646 0
, 0 1272 1 5.267948150634766 6.951991558074951 0
<unk> 0 1273 5 2.2899985313415527 6.378101348876953 0.573890209197998
<unk> 0 1274 5 3.023585796356201 4.0338921546936035 2.3442091941833496
<unk> 0 1275 5 1.9918479919433594 3.6580255031585693 0.3758666515350342
feet 0 1276 4 9.394947052001953 4.39058780670166 0
of 0 1277 2 8.02449893951416 1.2826216220855713 3.107966184616089
drilled 0 1278 7 17.44671058654785 5.8918352127075195 0
shafts 0 1279 6 12.426101684570312 7.023131847381592 0
and 0 1280 3 2.3751931190490723 4.233300685882568 2.7898311614990234
<unk> 0 1281 5 0.8454116582870483 5.030074596405029 0
<unk> 0 1282 5 0.6423097848892212 3.984031915664673 1.0460426807403564
<unk> 0 1283 5 0.4106753170490265 2.093160390853882 1.890871524810791
linear 0 1284 6 15.228446006774902 6.337141036987305 0
feet 0 1285 4 9.345991134643555 8.999500274658203 0
of 0 1286 2 3.357684850692749 4.878342628479004 4.121157646179199
drainage 0 1287 8 13.111554145812988 6.744744777679443 0
pipe 0 1288 4 12.87385082244873 7.892846584320068 0
were 0 1289 4 4.824886798858643 7.768589019775391 0.12425756454467773
completed 0 1290 9 4.681596279144287 7.019943714141846 0.7486453056335449
. 0 1291 1 2.837556838989258 4.393008232116699 2.6269354820251465
<eos> 0 1292 5 0.0019345390610396862 0.014939220622181892 4.378069011494517
<unk> 0 1293 5 3.4401097297668457 5.326966762542725 0
addition 0 1294 8 13.573897361755371 6.707472801208496 0
to 0 1295 2 2.1964728832244873 5.756890296936035 0.9505825042724609
the 0 1296 3 1.0642824172973633 4.876078128814697 0.8808121681213379
construction 0 1297 12 3.311842441558838 7.937992572784424 0
of 0 1298 2 0.9103221297264099 4.212560176849365 3.7254323959350586
<unk> 0 1299 5 3.4591379165649414 3.87374210357666 0.3388180732727051
permanent 0 1300 9 16.257118225097656 6.384674072265625 0
bridges 0 1301 7 4.569917678833008 8.45698070526123 0
, 0 1302 1 3.6303789615631104 6.259443283081055 2.197537422180176
six 0 1303 3 11.751835823059082 6.962149143218994 0
temporary 0 1304 9 12.375462532043457 7.407247066497803 0
bridges 0 1305 7 3.220724582672119 7.9035491943359375 0
were 0 1306 4 6.412596225738525 4.5630879402160645 3.340461254119873
built 0 1307 5 2.5391793251037598 6.300486087799072 0
, 0 1308 1 3.618549346923828 4.976134777069092 1.3243513107299805
resulting 0 1309 9 8.670825958251953 6.965721130371094 0
in 0 1310 2 0.06367485225200653 0.36348605155944824 6.6022350788116455
<unk> 0 1311 5 3.6060564517974854 5.2565693855285645 0
<unk> 0 1312 5 1.7731742858886719 6.828192710876465 0
<eos> 0 1313 5 3.1933724880218506 4.20660400390625 2.621588706970215
@ 0 1314 1 0.0019427831284701824 0.02106112614274025 4.18554287776351
<unk> 0 1315 5 0.0006466817576438189 0.009392289444804192 0.011668836697936058
million 0 1316 7 3.8103513717651367 4.5141096115112305 0
square 0 1317 6 3.8126847743988037 6.003426551818848 0
feet 0 1318 4 1.4154199361801147 2.688288688659668 3.3151378631591797
of 0 1319 2 5.931933403015137 0.7520085573196411 1.9362801313400269
bridge 0 1320 6 10.80256462097168 6.236666679382324 0
deck 0 1321 4 13.38456916809082 5.589175224304199 0.647491455078125
. 0 1322 1 1.6223108768463135 5.118799686431885 0.47037553787231445
<eos> 0 1323 5 0.0008723761420696974 0.007439672015607357 5.111360014416277
<unk> 0 1324 5 4.339506149291992 5.171530246734619 0
project 0 1325 7 9.284721374511719 7.023312091827393 0
was 0 1326 3 2.6081292629241943 7.388256549835205 0
designed 0 1327 8 5.429701328277588 7.155972480773926 0.2322840690612793
by 0 1328 2 1.978634238243103 3.0381462574005127 4.117826223373413
the 0 1329 3 2.9612178802490234 3.9453580379486084 0
<unk> 0 1330 5 1.9589084386825562 6.470724582672119 0
<unk> 0 1331 5 3.3144123554229736 7.08911657333374 0
who 0 1332 3 10.416690826416016 7.009851932525635 0.07926464080810547
provided 0 1333 8 6.360699653625488 8.228998184204102 0
professional 0 1334 12 13.176965713500977 6.851220607757568 1.3777775764465332
engineering 0 1335 11 4.2085161209106445 7.925543308258057 0
consultation 0 1336 12 12.365948677062988 6.147769451141357 1.7777738571166992
throughout 0 1337 10 9.74708366394043 4.027318954467773 2.120450496673584
the 0 1338 3 0.4154386520385742 2.024230718612671 2.0030882358551025
construction 0 1339 12 5.891400337219238 6.8147149085998535 0
, 0 1340 1 4.048955917358398 3.7814605236053467 3.033254384994507
which 0 1341 5 4.285414218902588 7.242671012878418 0
had 0 1342 3 4.517899036407471 6.579672336578369 0.6629986763000488
begun 0 1343 5 5.249155521392822 6.182319641113281 0.3973526954650879
in 0 1344 2 1.915863275527954 4.869814872741699 1.312504768371582
<unk> 0 1345 5 0.36575081944465637 1.796553373336792 3.0732614994049072
and 0 1346 3 3.5511527061462402 3.0742340087890625 0
was 0 1347 3 3.0425961017608643 7.1851887702941895 0
completed 0 1348 9 1.4737207889556885 6.012939929962158 1.1722488403320312
in 0 1349 2 0.9728163480758667 2.82317852973938 3.1897614002227783
<unk> 0 1350 5 0.23146657645702362 1.2014672756195068 1.621711254119873
<unk> 0 1351 5 2.3539388179779053 2.0068259239196777 0
, 0 1352 1 4.133092403411865 1.259415626525879 0.7474102973937988
more 0 1353 4 12.395448684692383 5.53407096862793 0
than 0 1354 4 0.1661931276321411 1.2306095361709595 4.30346143245697
<unk> 0 1355 5 1.9798532724380493 4.673040866851807 0
months 0 1356 6 6.050349712371826 3.8547239303588867 0.8183169364929199
sooner 0 1357 6 16.580238342285156 3.5615150928497314 0.2932088375091553
than 0 1358 4 1.7770898342132568 2.795201063156128 0.7663140296936035
planned 0 1359 7 7.614151954650879 4.464015483856201 0
. 0 1360 1 0.6332868337631226 2.742841958999634 1.7211735248565674
<eos> 0 1361 5 0.000652182730846107 0.00574960233643651 2.7370923566631973
= 0 1362 1 4.067173480987549 5.226280212402344 0
= 0 1363 1 0.07578791677951813 0.5384814739227295 4.687798738479614
<unk> 0 1364 5 6.081079483032227 5.146905422210693 0
= 0 1365 1 2.290107250213623 6.702620029449463 0
= 0 1366 1 0.0029609084594994783 0.03471904620528221 6.667900983244181
<eos> 0 1367 5 22.7777042388916 4.691762447357178 0
<unk> 0 1368 5 1.4657255411148071 6.467630386352539 0
<unk> 0 1369 5 2.673558473587036 6.273093223571777 0.19453716278076172
, 0 1370 1 3.6881556510925293 5.313425540924072 0.9596676826477051
the 0 1371 3 2.797987222671509 5.473409175872803 0
<unk> 0 1372 5 2.358896255493164 7.348615646362305 0
<unk> 0 1373 5 1.9011456966400146 6.758091449737549 0.5905241966247559
<unk> 0 1374 5 1.5392227172851562 5.761866569519043 0.9962248802185059
<unk> 0 1375 5 2.210019826889038 5.8615403175354 0
named 0 1376 5 13.638092041015625 5.266910076141357 0.594630241394043
the 0 1377 3 4.172036170959473 3.461183786392212 1.8057262897491455
<unk> 0 1378 5 1.0488725900650024 5.4407267570495605 0
<unk> 0 1379 5 1.6228282451629639 6.265599250793457 0
" 0 1380 1 8.747878074645996 5.11159610748291 1.1540031433105469
<unk> 0 1381 5 0.8283716440200806 5.258388042449951 0
<unk> 0 1382 5 2.6307482719421387 2.6244308948516846 2.6339571475982666
<unk> 0 1383 5 2.3268110752105713 2.999239444732666 0
of 0 1384 2 8.534751892089844 2.730199098587036 0.2690403461456299
the 0 1385 3 1.2055130004882812 2.719143867492676 0.011055231094360352
<unk> 0 1386 5 1.3544143438339233 6.097617149353027 0
" 0 1387 1 1.1944111585617065 5.604244232177734 0.49337291717529297
for 0 1388 3 6.88088846206665 4.7519121170043945 0.8523321151733398
its 0 1389 3 4.411681175231934 5.276822566986084 0
massive 0 1390 7 13.075799942016602 8.44479751586914 0
size 0 1391 4 5.756031036376953 8.413806915283203 0.0309906005859375
, 0 1392 1 1.2793885469436646 3.821833848953247 4.591973066329956
its 0 1393 3 8.55506420135498 6.731001853942871 0
innovative 0 1394 10 8.897732734680176 9.415434837341309 0
design 0 1395 6 2.010742664337158 7.376857280731201 2.0385775566101074
, 0 1396 1 1.5248422622680664 4.306088447570801 3.0707688331604004
the 0 1397 3 4.457661151885986 5.556748390197754 0
complexity 0 1398 10 12.148604393005371 8.925881385803223 0
and 0 1399 3 4.706364631652832 0.6504676342010498 8.275413751602173
rapidity 0 1400 8 15.061175346374512 8.499122619628906 0
of 0 1401 2 0.08407343178987503 0.688328742980957 7.810793876647949
its 0 1402 3 4.024186134338379 4.204680442810059 0
construction 0 1403 12 3.6244683265686035 8.819397926330566 0
and 0 1404 3 2.625110149383545 3.833477735519409 4.985920190811157
the 0 1405 3 2.208826780319214 7.764002799987793 0
need 0 1406 4 6.959881782531738 8.531159400939941 0
it 0 1407 2 12.196967124938965 1.2306350469589233 7.300524353981018
fulfilled 0 1408 9 13.67568588256836 6.632136344909668 0
for 0 1409 3 4.191112518310547 4.126007556915283 2.5061287879943848
the 0 1410 3 1.7539546489715576 5.787227153778076 0
community 0 1411 9 10.642132759094238 8.352625846862793 0
. 0 1412 1 0.8821196556091309 3.388338804244995 4.964287042617798
<eos> 0 1413 5 0.006560130976140499 0.04209434986114502 3.34624445438385
<unk> 0 1414 5 2.813936233520508 5.04337215423584 0
as 0 1415 2 10.764751434326172 6.085868835449219 0
the 0 1416 3 2.1201648712158203 4.8908867835998535 1.1949820518493652
managing 0 1417 8 11.13177490234375 8.287267684936523 0
agency 0 1418 6 11.835817337036133 3.6874282360076904 4.599839448928833
, 0 1419 1 5.17825174331665 5.171773433685303 0
<unk> 0 1420 5 3.0629546642303467 7.097443103790283 0
<unk> 0 1421 5 2.0194919109344482 6.682735443115234 0.41470766067504883
<unk> 0 1422 5 2.1276841163635254 5.356712341308594 1.3260231018066406
as 0 1423 2 8.670040130615234 5.495522975921631 0
the 0 1424 3 2.2686960697174072 5.375949382781982 0.11957359313964844
primary 0 1425 7 7.365076065063477 8.036080360412598 0
contractor 0 1426 10 1.4861929416656494 5.195328235626221 2.840752124786377
, 0 1427 1 1.5520761013031006 3.5234622955322266 1.6718659400939941
and 0 1428 3 4.722738742828369 6.98702335357666 0
<unk> 0 1429 5 2.272921323776245 5.9052414894104 1.0817818641662598
<unk> 0 1430 5 1.2740763425827026 5.713211536407471 0.1920299530029297
as 0 1431 2 5.026641368865967 5.4288010597229 0.2844104766845703
the 0 1432 3 1.966753602027893 5.300732612609863 0.1280684471130371
primary 0 1433 7 7.727384090423584 7.805680274963379 0
consultant 0 1434 10 11.995304107666016 4.738518238067627 3.067162036895752
received 0 1435 8 16.55316734313965 3.5160741806030273 1.2224440574645996
the 0 1436 3 3.114636182785034 7.0639519691467285 0
award 0 1437 5 6.7477335929870605 8.677384376525879 0
in 0 1438 2 4.439188480377197 4.49088191986084 4.186502456665039
recognition 0 1439 11 7.8082709312438965 2.904352903366089 1.586529016494751
of 0 1440 2 0.11123009026050568 0.6263447999954224 2.2780081033706665
their 0 1441 5 5.74696683883667 4.161286354064941 0
cooperative 0 1442 11 14.224327087402344 9.431770324707031 0
alliance 0 1443 8 13.155139923095703 8.580548286437988 0.851222038269043
in 0 1444 2 4.920140266418457 4.657869815826416 3.9226784706115723
completing 0 1445 10 14.555577278137207 4.574465274810791 0.083404541015625
the 0 1446 3 0.892973780632019 4.324087619781494 0.2503776550292969
project 0 1447 7 3.196193218231201 7.778872966766357 0
. 0 1448 1 0.6190633773803711 2.5132744312286377 5.26559853553772
<eos> 0 1449 5 0.009047781117260456 0.05533953756093979 2.457934893667698
=========================================================================================
| End of testing | test loss  3.74 | test ppl    42.24
=========================================================================================
