word sentid sentpos wlen surp entropy entred
= 0 0 1 6.364978790283203 6.618824005126953 0
<unk> 0 1 5 2.771157741546631 1.6314259767532349 4.987398028373718
<unk> 0 2 5 1.1408406496047974 5.430200576782227 0
<unk> 0 3 5 2.8877346515655518 3.0800726413726807 2.350127935409546
( 0 4 1 4.24993896484375 3.3845560550689697 0
<unk> 0 5 5 0.47810205817222595 3.318981170654297 0.06557488441467285
) 0 6 1 0.9550099968910217 2.7508864402770996 0.5680947303771973
= 0 7 1 0.0025645603891462088 0.027231929823756218 2.7236545104533434
<eos> 0 8 5 22.146163940429688 0.7019487619400024 0
<unk> 0 9 5 0.06709802150726318 0.5925325155258179 0.10941624641418457
<unk> 0 10 5 1.3402786254882812 2.7845096588134766 0
<unk> 0 11 5 2.3859524726867676 2.5138731002807617 0.27063655853271484
was 0 12 3 0.9956007599830627 2.4859817028045654 0.02789139747619629
the 0 13 3 2.713165283203125 1.8773884773254395 0.608593225479126
tenth 0 14 5 7.7047624588012695 4.8850507736206055 0
tropical 0 15 8 10.466063499450684 4.898220539093018 0
storm 0 16 5 2.7665047645568848 3.5694518089294434 1.3287687301635742
of 0 17 2 0.5440100431442261 2.2924275398254395 1.277024269104004
the 0 18 3 0.041482195258140564 0.30250295996665955 1.98992457985878
<unk> 0 19 5 0.18787109851837158 1.3989286422729492 0
<unk> 0 20 5 0.3447522222995758 2.046184539794922 0
hurricane 0 21 9 0.7630884647369385 2.6698877811431885 0
season 0 22 6 0.10400951653718948 0.782256007194519 1.8876317739486694
. 0 23 1 0.5894767045974731 1.9186720848083496 0
<eos> 0 24 5 2.751719648586004e-06 5.36575898877345e-05 1.9186184272184619
<unk> 0 25 5 3.290400981903076 4.401049613952637 0
developed 0 26 9 3.3895840644836426 4.206276893615723 0.19477272033691406
out 0 27 3 10.269295692443848 4.686581611633301 0
of 0 28 2 0.04684257507324219 0.3664305508136749 4.320151060819626
a 0 29 1 0.8149198889732361 2.5121922492980957 0
strong 0 30 6 7.04486083984375 4.337300777435303 0
tropical 0 31 8 0.7887510061264038 3.831995725631714 0.5053050518035889
wave 0 32 4 0.8561570644378662 1.9564017057418823 1.8755940198898315
which 0 33 5 5.884806156158447 4.115297794342041 0
moved 0 34 5 3.770601272583008 6.020230770111084 0
off 0 35 3 4.2418131828308105 5.050992012023926 0.9692387580871582
the 0 36 3 0.32974982261657715 1.7044086456298828 3.346583366394043
<unk> 0 37 5 5.585132598876953 2.476548910140991 0
coast 0 38 5 0.30399641394615173 1.4798877239227295 0.9966611862182617
on 0 39 2 1.5001509189605713 3.821620225906372 0
<unk> 0 40 5 0.12339001148939133 0.6029260158538818 3.2186942100524902
<unk> 0 41 5 0.01470533199608326 0.09875739365816116 0.5041686221957207
. 0 42 1 1.0694817304611206 2.388827323913574 0
<eos> 0 43 5 0.0 5.15947021995089e-06 2.3888221644433543
<unk> 0 44 5 4.564854145050049 4.7376604080200195 0
wave 0 45 4 13.398163795471191 5.724902153015137 0
quickly 0 46 7 6.522431373596191 5.940568447113037 0
became 0 47 6 4.151512622833252 4.059889316558838 1.8806791305541992
organized 0 48 9 7.19937801361084 3.638859272003174 0.42103004455566406
and 0 49 3 2.8231735229492188 3.7218661308288574 0
was 0 50 3 4.625450134277344 6.267919540405273 0
declared 0 51 8 7.617458343505859 6.265476703643799 0.0024428367614746094
<unk> 0 52 5 5.767962455749512 3.449418306350708 2.816058397293091
<unk> 0 53 5 4.581664562225342 4.772519111633301 0
<unk> 0 54 5 3.782374382019043 5.517757892608643 0
while 0 55 5 5.193719387054443 5.068613052368164 0.4491448402404785
located 0 56 7 2.0185012817382812 5.32181453704834 0
<unk> 0 57 5 3.6016855239868164 4.151373863220215 1.170440673828125
mi 0 58 2 1.639490008354187 1.792409896850586 2.358963966369629
( 0 59 1 0.011920607648789883 0.10336945205926895 1.689040444791317
<unk> 0 60 5 0.0013511506840586662 0.015458270907402039 0.08791118115186691
km 0 61 2 0.11630429327487946 0.4164413809776306 0
) 0 62 1 0.005250351969152689 0.041578277945518494 0.3748631030321121
to 0 63 2 7.805717468261719 3.0496795177459717 0
the 0 64 3 0.14984230697155 0.8415549397468567 2.208124577999115
south 0 65 5 2.8735246658325195 2.9696924686431885 0
<unk> 0 66 5 3.510045051574707 2.084918737411499 0.8847737312316895
southeast 0 67 9 2.0339577198028564 2.4883482456207275 0
of 0 68 2 0.13633406162261963 0.703657865524292 1.7846903800964355
the 0 69 3 2.879251003265381 1.5412710905075073 0
<unk> 0 70 5 1.0460644960403442 3.8527698516845703 0
<unk> 0 71 5 3.1574251651763916 4.026102542877197 0
<unk> 0 72 5 3.1131088733673096 2.8943841457366943 1.131718397140503
on 0 73 2 6.3010053634643555 4.515807151794434 0
<unk> 0 74 5 0.3190291225910187 1.2078560590744019 3.3079510927200317
<unk> 0 75 5 0.022586071863770485 0.1747078150510788 1.033148244023323
. 0 76 1 0.23515397310256958 1.0303913354873657 0
<eos> 0 77 5 0.0 8.599106877227314e-06 1.0303827363804885
<unk> 0 78 5 4.015902042388916 5.2519097328186035 0
depression 0 79 10 15.040715217590332 6.335813045501709 0
was 0 80 3 3.457105875015259 6.134886741638184 0.2009263038635254
quickly 0 81 7 7.779669761657715 7.371340751647949 0
upgraded 0 82 8 3.1540050506591797 6.441505432128906 0.929835319519043
to 0 83 2 0.48697787523269653 2.0173940658569336 4.424111366271973
<unk> 0 84 5 6.804786682128906 2.186924934387207 0
<unk> 0 85 5 4.380486011505127 1.6597568988800049 0.5271680355072021
<unk> 0 86 5 2.1146795749664307 4.583141326904297 0
around 0 87 6 11.267257690429688 4.526203632354736 0.05693769454956055
noon 0 88 4 12.045140266418457 1.1297029256820679 3.3965007066726685
the 0 89 3 6.519902229309082 2.2569801807403564 0
same 0 90 4 6.848635196685791 1.4496731758117676 0.8073070049285889
day 0 91 3 0.04509805515408516 0.28629180788993835 1.1633813679218292
. 0 92 1 0.8825159072875977 2.1254477500915527 0
<eos> 0 93 5 0.0 1.5994297427823767e-05 2.125431755794125
<unk> 0 94 5 4.178771018981934 5.4459381103515625 0
the 0 95 3 10.058780670166016 6.35776948928833 0
next 0 96 4 2.0991899967193604 4.820713996887207 1.537055492401123
several 0 97 7 14.074102401733398 0.3579184114933014 4.462795585393906
days 0 98 4 0.9685871005058289 2.8042349815368652 0
, 0 99 1 2.1515910625457764 4.794670581817627 0
<unk> 0 100 5 2.1322546005249023 4.733761310577393 0.060909271240234375
moved 0 101 5 4.690464973449707 6.060558795928955 0
in 0 102 2 8.530155181884766 5.4665374755859375 0.5940213203430176
a 0 103 1 3.1908836364746094 4.24879789352417 1.2177395820617676
general 0 104 7 7.800446510314941 7.526209831237793 0
west 0 105 4 6.924034118652344 6.067540168762207 1.458669662475586
<unk> 0 106 5 0.20128577947616577 1.3497021198272705 4.7178380489349365
northwest 0 107 9 1.8599992990493774 4.406907558441162 0
direction 0 108 9 0.9795829057693481 3.9598827362060547 0.4470248222351074
and 0 109 3 3.809990882873535 4.449721813201904 0
reached 0 110 7 6.128600597381592 6.921741485595703 0
its 0 111 3 1.97612464427948 3.482591390609741 3.439150094985962
peak 0 112 4 0.054960135370492935 0.4198670983314514 3.06272429227829
intensity 0 113 9 0.24212129414081573 1.1944756507873535 0
early 0 114 5 8.03333568572998 3.4841744899749756 0
on 0 115 2 0.22779028117656708 1.0806845426559448 2.4034899473190308
<unk> 0 116 5 0.12299098074436188 0.6445388793945312 0.4361456632614136
<unk> 0 117 5 0.019121702760457993 0.12225627154111862 0.5222826078534126
. 0 118 1 0.49942660331726074 2.0363285541534424 0
<eos> 0 119 5 0.0 1.616627923795022e-05 2.0363123878742044
<unk> 0 120 5 3.8645107746124268 5.411237716674805 0
wind 0 121 4 11.13254451751709 6.090401649475098 0
shear 0 122 5 0.09906202554702759 0.6569994688034058 5.433402180671692
, 0 123 1 4.572914123535156 6.484713077545166 0
some 0 124 4 11.902368545532227 7.0558319091796875 0
due 0 125 3 10.731734275817871 7.13144063949585 0
to 0 126 2 0.02336486242711544 0.22135257720947266 6.910088062286377
the 0 127 3 1.9717686176300049 5.282647132873535 0
outflow 0 128 7 7.799252033233643 7.640348434448242 0
of 0 129 2 0.8728794455528259 3.2604386806488037 4.3799097537994385
<unk> 0 130 5 3.2648580074310303 3.713801622390747 0
<unk> 0 131 5 3.172386407852173 4.576467514038086 0
, 0 132 1 1.3153259754180908 4.874834060668945 0
and 0 133 3 4.217874526977539 6.569788932800293 0
dry 0 134 3 8.868331909179688 6.214861869812012 0.35492706298828125
air 0 135 3 0.5499510169029236 2.6852221488952637 3.529639720916748
caused 0 136 6 4.668792247772217 7.2805562019348145 0
the 0 137 3 1.5959219932556152 4.652895927429199 2.6276602745056152
storm 0 138 5 1.555365800857544 5.175921440124512 0
to 0 139 2 0.08307722210884094 0.6565511226654053 4.5193703174591064
weaken 0 140 6 1.981886863708496 5.460094928741455 0
. 0 141 1 1.6851356029510498 4.527017593383789 0.933077335357666
<eos> 0 142 5 0.0 1.1006847671524156e-05 4.5270065865361175
<unk> 0 143 5 3.643536329269409 5.54075288772583 0
<unk> 0 144 5 6.117067813873291 6.351778984069824 0
<unk> 0 145 5 3.4861295223236084 7.10006856918335 0
, 0 146 1 3.512528419494629 7.589768886566162 0
the 0 147 3 2.819117546081543 5.944074630737305 1.6456942558288574
combination 0 148 11 8.011710166931152 6.762302875518799 0
of 0 149 2 0.5877375602722168 3.253199815750122 3.5091030597686768
wind 0 150 4 4.817514896392822 6.606029510498047 0
shear 0 151 5 0.12141700088977814 0.7467983365058899 5.859231173992157
, 0 152 1 3.4486098289489746 2.6172239780426025 0
dry 0 153 3 8.023122787475586 3.4709038734436035 0
air 0 154 3 0.39897769689559937 1.9662419557571411 1.5046619176864624
, 0 155 1 1.353426456451416 2.0681052207946777 0
and 0 156 3 0.39846867322921753 2.4755687713623047 0
cooling 0 157 7 9.650551795959473 7.341675758361816 0
waters 0 158 6 7.610104560852051 7.697305202484131 0
caused 0 159 6 3.258586883544922 6.6102190017700195 1.0870862007141113
<unk> 0 160 5 3.3556361198425293 4.905959129333496 1.7042598724365234
to 0 161 2 0.15475676953792572 1.1845276355743408 3.7214314937591553
weaken 0 162 6 2.653008460998535 6.679110050201416 0
into 0 163 4 4.656781196594238 5.198328971862793 1.480781078338623
a 0 164 1 0.40710631012916565 1.634387493133545 3.563941478729248
tropical 0 165 8 0.82051682472229 2.8490524291992188 0
depression 0 166 10 1.2594881057739258 1.5569126605987549 1.2921397686004639
. 0 167 1 1.574183464050293 4.206818103790283 0
<eos> 0 168 5 0.0 2.4593309717602096e-05 4.206793510480566
<unk> 0 169 5 3.7168257236480713 5.448868274688721 0
deteriorated 0 170 12 9.801456451416016 6.5805768966674805 0
into 0 171 4 3.7958030700683594 4.63629674911499 1.9442801475524902
a 0 172 1 1.0460177659988403 2.8604185581207275 1.7758781909942627
remnant 0 173 7 4.197068691253662 3.1211674213409424 0
low 0 174 3 0.2922935485839844 1.595252513885498 1.5259149074554443
shortly 0 175 7 8.950370788574219 4.812874794006348 0
after 0 176 5 1.5772349834442139 1.946146011352539 2.8667287826538086
as 0 177 2 10.785308837890625 4.889005184173584 0
convection 0 178 10 7.3546247482299805 4.347414016723633 0.5415911674499512
continued 0 179 9 5.210314750671387 6.7730536460876465 0
to 0 180 2 0.6695573329925537 3.100803852081299 3.6722497940063477
dissipate 0 181 9 6.828198432922363 5.790969371795654 0
around 0 182 6 8.153800964355469 4.024820327758789 1.7661490440368652
the 0 183 3 1.6241958141326904 2.3737738132476807 1.6510465145111084
storm 0 184 5 5.614846706390381 5.176048278808594 0
. 0 185 1 2.637993812561035 3.308466911315918 1.8675813674926758
<eos> 0 186 5 0.0 1.0834865861397702e-05 3.3084560764500566
<unk> 0 187 5 4.221714496612549 5.4478230476379395 0
low 0 188 3 14.338815689086914 6.424047470092773 0
ultimately 0 189 10 10.318229675292969 6.650986671447754 0
dissipated 0 190 10 2.3795740604400635 5.598294734954834 1.05269193649292
while 0 191 5 6.442409515380859 4.533013343811035 1.0652813911437988
located 0 192 7 2.623915910720825 5.725587844848633 0
<unk> 0 193 5 3.9803004264831543 3.1781585216522217 2.547429323196411
mi 0 194 2 1.272924780845642 2.0183475017547607 1.159811019897461
( 0 195 1 0.006331729236990213 0.05949035659432411 1.9588571451604366
<unk> 0 196 5 0.0010016231099143624 0.011635903269052505 0.047854453325271606
km 0 197 2 0.09787878394126892 0.3585467040538788 0
) 0 198 1 0.004540413152426481 0.03649963065981865 0.32204707339406013
east 0 199 4 2.209256172180176 2.9760379791259766 0
of 0 200 2 0.839512050151825 1.216399908065796 1.7596380710601807
<unk> 0 201 5 0.34268033504486084 1.5789406299591064 0
on 0 202 2 3.3479793071746826 3.2834603786468506 0
<unk> 0 203 5 0.12962262332439423 0.6515918970108032 2.6318684816360474
<unk> 0 204 5 0.01983434334397316 0.15317796170711517 0.49841393530368805
. 0 205 1 0.2943517863750458 1.244644284248352 0
<eos> 0 206 5 0.0 1.0318922250007745e-05 1.244633965326102
<unk> 0 207 5 4.5435943603515625 5.430603981018066 0
, 0 208 1 5.782075881958008 6.630031585693359 0
the 0 209 3 3.637706756591797 6.104872226715088 0.5251593589782715
remnant 0 210 7 8.115141868591309 6.800071716308594 0
moisture 0 211 8 5.361113548278809 4.863361835479736 1.9367098808288574
led 0 212 3 10.513971328735352 6.828759670257568 0
to 0 213 2 0.5825423002243042 2.2017083168029785 4.62705135345459
minor 0 214 5 8.454179763793945 4.230376243591309 0
flooding 0 215 8 1.4771630764007568 4.993354797363281 0
on 0 216 2 5.0880255699157715 3.9364516735076904 1.0569031238555908
the 0 217 3 1.5661537647247314 2.728837490081787 1.2076141834259033
island 0 218 6 1.652923822402954 4.773754119873047 0
of 0 219 2 1.8276278972625732 3.278663396835327 1.4950907230377197
<unk> 0 220 5 0.0967780351638794 0.7295154333114624 2.5491479635238647
<unk> 0 221 5 4.711045265197754 2.9698493480682373 0
. 0 222 1 1.9066436290740967 3.762253522872925 0
<eos> 0 223 5 2.751719648586004e-06 6.036464765202254e-05 3.762193158225273
= 0 224 1 3.5349700450897217 5.968749523162842 0
= 0 225 1 0.12352484464645386 0.708622932434082 5.26012659072876
<unk> 0 226 5 8.301989555358887 2.4643452167510986 0
history 0 227 7 8.900429725646973 3.577505350112915 0
= 0 228 1 0.05504274740815163 0.32366710901260376 3.2538382411003113
= 0 229 1 9.355552901979536e-05 0.0013360303128138185 0.32233107869978994
<eos> 0 230 5 21.89937400817871 4.912372589111328 0
<unk> 0 231 5 2.8569841384887695 6.429758548736572 0
<unk> 0 232 5 5.041315078735352 5.654051303863525 0.7757072448730469
<unk> 0 233 5 3.5732767581939697 6.214926242828369 0
formed 0 234 6 7.339352607727051 6.422276020050049 0
as 0 235 2 5.683253288269043 4.362843990325928 2.059432029724121
a 0 236 1 0.6804239153862 2.0855159759521484 2.2773280143737793
tropical 0 237 8 0.6840975284576416 3.505434274673462 0
wave 0 238 4 4.902732849121094 2.0051729679107666 1.5002613067626953
that 0 239 4 3.079873561859131 4.5209197998046875 0
emerged 0 240 7 5.539555549621582 6.556398391723633 0
off 0 241 3 7.073797702789307 2.949934482574463 3.60646390914917
the 0 242 3 0.3888789117336273 1.7240840196609497 1.2258504629135132
west 0 243 4 4.520317554473877 2.5616965293884277 0
coast 0 244 5 0.02914346568286419 0.19723424315452576 2.364462286233902
of 0 245 2 0.038248877972364426 0.3048299252986908 0
<unk> 0 246 5 0.2671867311000824 1.1646268367767334 0
near 0 247 4 8.21357250213623 2.782268762588501 0
the 0 248 3 1.969875454902649 1.524726390838623 1.257542371749878
end 0 249 3 5.509883880615234 4.735638618469238 0
of 0 250 2 0.0007594474591314793 0.009156474843621254 4.726482143625617
<unk> 0 251 5 1.735780954360962 1.5056357383728027 0
<unk> 0 252 5 1.0933611392974854 2.425179958343506 0
. 0 253 1 0.5045310854911804 1.8171370029449463 0.6080429553985596
<eos> 0 254 5 0.0 7.911180546216201e-06 1.8171290917644
<unk> 0 255 5 4.469103813171387 5.168485164642334 0
tracked 0 256 7 4.386528968811035 6.503351211547852 0
south 0 257 5 4.8902177810668945 4.954951286315918 1.5483999252319336
of 0 258 2 4.586570739746094 2.244947910308838 2.71000337600708
<unk> 0 259 5 0.9015936255455017 2.046177387237549 0.19877052307128906
<unk> 0 260 5 3.2881927490234375 3.820344924926758 0
and 0 261 3 3.564826250076294 4.118611812591553 0
slowly 0 262 6 6.82598876953125 6.3859405517578125 0
developed 0 263 9 4.9557061195373535 3.8885889053344727 2.49735164642334
, 0 264 1 4.318173408508301 5.140026569366455 0
and 0 265 3 1.2206228971481323 4.777382850646973 0.3626437187194824
on 0 266 2 5.081605911254883 6.694368839263916 0
<unk> 0 267 5 0.20029248297214508 0.9585776925086975 5.7357911467552185
<unk> 0 268 5 0.03214849531650543 0.20194052159786224 0.7566371709108353
the 0 269 3 2.9708640575408936 2.8350491523742676 0
disturbance 0 270 11 4.449343681335449 4.599701881408691 0
became 0 271 6 3.4998111724853516 5.213099956512451 0
<unk> 0 272 5 6.102171421051025 4.907538890838623 0.3055610656738281
<unk> 0 273 5 3.7240779399871826 4.5438127517700195 0.3637261390686035
<unk> 0 274 5 3.2219038009643555 5.476995468139648 0
while 0 275 5 6.183904647827148 4.5285115242004395 0.948483943939209
located 0 276 7 1.2013938426971436 4.270435810089111 0.2580757141113281
south 0 277 5 5.373040676116943 3.829711675643921 0.44072413444519043
<unk> 0 278 5 5.806673526763916 0.2144111692905426 3.6153005063533783
southeast 0 279 9 1.4470895528793335 2.446133613586426 0
of 0 280 2 0.016020506620407104 0.13660302758216858 2.309530586004257
the 0 281 3 2.7079644203186035 1.634054183959961 0
<unk> 0 282 5 1.1856759786605835 4.1933159828186035 0
<unk> 0 283 5 3.1173837184906006 4.3479814529418945 0
islands 0 284 7 5.466200351715088 3.227891206741333 1.1200902462005615
. 0 285 1 0.5101665258407593 2.0263237953186035 1.2015674114227295
<eos> 0 286 5 0.0 7.2232533057103865e-06 2.026316572065298
<unk> 0 287 5 4.386922359466553 5.378994941711426 0
the 0 288 3 9.855995178222656 6.425320625305176 0
depression 0 289 10 5.355834007263184 5.013392448425293 1.4119281768798828
became 0 290 6 4.520123481750488 6.507230281829834 0
more 0 291 4 5.731070041656494 4.889138221740723 1.6180920600891113
organized 0 292 9 1.1179890632629395 4.346120834350586 0.5430173873901367
, 0 293 1 1.8429522514343262 3.6378073692321777 0.7083134651184082
an 0 294 2 11.535017967224121 4.34395170211792 0
eye 0 295 3 4.4123454093933105 5.882619857788086 0
<unk> 0 296 5 4.199849605560303 6.174325942993164 0
like 0 297 4 5.0303192138671875 7.6605424880981445 0
feature 0 298 7 3.5664427280426025 6.026124954223633 1.6344175338745117
developed 0 299 9 5.1196675300598145 5.112295627593994 0.9138293266296387
in 0 300 2 3.5523030757904053 4.695995330810547 0.41630029678344727
the 0 301 3 0.6919205784797668 2.7381324768066406 1.9578628540039062
upper 0 302 5 5.329833030700684 6.520034313201904 0
levels 0 303 6 9.372237205505371 3.1607024669647217 3.3593318462371826
of 0 304 2 0.1218683049082756 0.6846085786819458 2.476093888282776
the 0 305 3 0.8674805164337158 3.784512519836426 0
system 0 306 6 3.277400255203247 5.521836280822754 0
. 0 307 1 1.2299152612686157 3.5674731731414795 1.9543631076812744
<eos> 0 308 5 0.0 1.1522791282914113e-05 3.5674616503501966
<unk> 0 309 5 3.8723502159118652 5.535615921020508 0
depression 0 310 10 14.97292423248291 6.506455898284912 0
was 0 311 3 3.743370294570923 6.239346027374268 0.26710987091064453
upgraded 0 312 8 4.0897626876831055 7.679646015167236 0
to 0 313 2 0.3559986650943756 1.7442173957824707 5.935428619384766
<unk> 0 314 5 6.6340765953063965 2.103253126144409 0
<unk> 0 315 5 4.2608771324157715 1.5168485641479492 0.58640456199646
<unk> 0 316 5 2.092327356338501 4.2609405517578125 0
six 0 317 3 9.076170921325684 4.797922611236572 0
hours 0 318 5 1.63634192943573 3.435781955718994 1.3621406555175781
after 0 319 5 3.4244112968444824 3.5597047805786133 0
forming 0 320 7 6.6409711837768555 5.150275707244873 0
. 0 321 1 3.2032620906829834 4.822308540344238 0.32796716690063477
<eos> 0 322 5 2.751719648586004e-06 2.7344982299837284e-05 4.822281195361938
<unk> 0 323 5 3.9079439640045166 5.609674453735352 0
was 0 324 3 3.636273145675659 6.4454779624938965 0
located 0 325 7 5.970040798187256 6.7193098068237305 0
in 0 326 2 3.350175380706787 4.6166510581970215 2.102658748626709
an 0 327 2 4.833708763122559 2.733996629714966 1.8826544284820557
area 0 328 4 0.8021188378334045 3.691784143447876 0
which 0 329 5 10.1106595993042 1.424272894859314 2.267511248588562
was 0 330 3 3.0095725059509277 7.280240058898926 0
supportive 0 331 10 17.63504981994629 7.737814426422119 0
for 0 332 3 7.684198379516602 1.720309853553772 6.017504572868347
rapid 0 333 5 8.87666130065918 4.114983558654785 0
intensification 0 334 15 1.199283242225647 2.67918062210083 1.435802936553955
but 0 335 3 10.31351089477539 3.768664836883545 0
was 0 336 3 3.0600969791412354 7.017868518829346 0
not 0 337 3 3.226472854614258 7.305904388427734 0
forecast 0 338 8 5.830580711364746 7.570766925811768 0
to 0 339 2 0.1594925820827484 0.9770752191543579 6.59369170665741
intensify 0 340 9 3.285961151123047 6.8418779373168945 0
quickly 0 341 7 8.513045310974121 3.794508218765259 3.0473697185516357
. 0 342 1 1.0566365718841553 3.355849266052246 0.4386589527130127
<eos> 0 343 5 0.0 1.1866753993672319e-05 3.3558373992982524
<unk> 0 344 5 3.991683006286621 5.6267170906066895 0
continued 0 345 9 4.222249984741211 6.53117036819458 0
to 0 346 2 0.4643174111843109 2.581078052520752 3.950092315673828
intensify 0 347 9 1.389735460281372 3.8148393630981445 0
throughout 0 348 10 9.820825576782227 4.152852535247803 0
the 0 349 3 0.6764228343963623 2.2662739753723145 1.8865785598754883
afternoon 0 350 9 3.7261803150177 5.539538860321045 0
as 0 351 2 6.600215435028076 2.5285634994506836 3.0109753608703613
the 0 352 3 2.52543306350708 3.0007903575897217 0
storm 0 353 5 1.9822967052459717 4.714748382568359 0
became 0 354 6 5.614689826965332 6.0558295249938965 0
more 0 355 4 4.792417526245117 5.62169075012207 0.43413877487182617
symmetrical 0 356 11 6.546416282653809 6.236000061035156 0
. 0 357 1 2.515148639678955 2.855515718460083 3.3804843425750732
<eos> 0 358 5 5.503434294951148e-06 6.569587276317179e-05 2.85545002258732
<unk> 0 359 5 4.305826187133789 5.728262424468994 0
, 0 360 1 5.727567195892334 6.534626007080078 0
due 0 361 3 8.644824028015137 6.237957954406738 0.29666805267333984
to 0 362 2 0.019135450944304466 0.1744493693113327 6.063508585095406
the 0 363 3 1.3498891592025757 4.349053859710693 0
location 0 364 8 8.395967483520508 7.745002746582031 0
of 0 365 2 0.14759141206741333 0.9861224889755249 6.758880257606506
the 0 366 3 1.0435357093811035 3.589435577392578 0
storm 0 367 5 2.7110836505889893 6.200322151184082 0
, 0 368 1 0.3476828634738922 1.8452706336975098 4.355051517486572
there 0 369 5 15.752571105957031 5.939052104949951 0
was 0 370 3 0.9634798169136047 2.8238179683685303 3.115234136581421
a 0 371 1 1.9871453046798706 4.573714256286621 0
lack 0 372 4 6.0954203605651855 7.780147552490234 0
of 0 373 2 0.02140836976468563 0.14447247982025146 7.635675072669983
accurate 0 374 8 10.488401412963867 7.658405780792236 0
wind 0 375 4 5.321338653564453 6.536029815673828 1.1223759651184082
speed 0 376 5 8.529487609863281 0.7957962155342102 5.740233600139618
readings 0 377 8 18.131454467773438 4.8150129318237305 0
, 0 378 1 3.05522084236145 4.6715593338012695 0.14345359802246094
and 0 379 3 1.9687706232070923 6.0007643699646 0
the 0 380 3 1.9326281547546387 6.316925525665283 0
<unk> 0 381 5 2.914588689804077 6.4229936599731445 0
<unk> 0 382 5 5.099465847015381 7.026729583740234 0
<unk> 0 383 5 2.232849359512329 7.404271602630615 0
was 0 384 3 6.472718238830566 7.52854061126709 0
uncertain 0 385 9 11.049187660217285 8.031027793884277 0
of 0 386 2 4.010447025299072 4.563735485076904 3.467292308807373
its 0 387 3 3.8857924938201904 4.331596851348877 0.23213863372802734
actual 0 388 6 7.656505107879639 7.719054698944092 0
intensity 0 389 9 2.991748094558716 6.987270355224609 0.7317843437194824
. 0 390 1 0.7410085201263428 2.770174741744995 4.217095613479614
<eos> 0 391 5 0.0 1.4102508430369198e-05 2.7701606392365647
<unk> 0 392 5 3.8305089473724365 5.593551158905029 0
the 0 393 3 8.530156135559082 7.001431941986084 0
lack 0 394 4 10.824710845947266 5.871246337890625 1.130185604095459
of 0 395 2 0.007916785776615143 0.08099151402711868 5.790254823863506
wind 0 396 4 5.226852893829346 7.7515549659729 0
shear 0 397 5 0.0772324949502945 0.6768456697463989 7.0747092962265015
around 0 398 6 10.247599601745605 6.443655490875244 0
the 0 399 3 0.6938081979751587 2.386837959289551 4.056817531585693
storm 0 400 5 3.3763537406921387 5.717259883880615 0
, 0 401 1 4.35814094543457 6.33994722366333 0
the 0 402 3 4.76438570022583 5.965890884399414 0.374056339263916
center 0 403 6 5.463114261627197 7.472862720489502 0
became 0 404 6 8.56704044342041 1.901146411895752 5.57171630859375
slightly 0 405 8 7.834797382354736 6.457434177398682 0
exposed 0 406 7 7.170090198516846 5.825005531311035 0.6324286460876465
and 0 407 3 3.7037274837493896 4.233490467071533 1.591515064239502
ceased 0 408 6 11.899909019470215 8.172340393066406 0
further 0 409 7 9.506246566772461 2.4002771377563477 5.772063255310059
intensification 0 410 15 2.115452766418457 4.717255592346191 0
. 0 411 1 1.0007023811340332 3.1854472160339355 1.5318083763122559
<eos> 0 412 5 0.0 1.1694773093040567e-05 3.1854355212608425
<unk> 0 413 5 3.7923550605773926 5.727085113525391 0
storm 0 414 5 12.466370582580566 6.722057342529297 0
was 0 415 3 3.8476028442382812 6.806825637817383 0
also 0 416 4 5.042993545532227 7.6183857917785645 0
heading 0 417 7 12.656194686889648 7.481091022491455 0.13729476928710938
into 0 418 4 3.5578999519348145 5.2582855224609375 2.2228055000305176
an 0 419 2 4.751877784729004 2.5599451065063477 2.69834041595459
area 0 420 4 0.9452524185180664 3.8063323497772217 0
where 0 421 5 5.694030284881592 2.253460645675659 1.5528717041015625
shear 0 422 5 8.61881160736084 4.919025897979736 0
was 0 423 3 2.9663760662078857 6.448131084442139 0
<unk> 0 424 5 6.970914840698242 8.563541412353516 0
to 0 425 2 2.593752861022949 6.096099853515625 2.4674415588378906
significantly 0 426 13 12.278382301330566 4.40460729598999 1.6914925575256348
increase 0 427 8 2.98370361328125 5.893889427185059 0
due 0 428 3 6.922696590423584 4.4265360832214355 1.467353343963623
to 0 429 2 0.02696964330971241 0.25523537397384644 4.171300709247589
an 0 430 2 5.076432704925537 5.353110313415527 0
upper 0 431 5 2.9579968452453613 5.502982139587402 0
<unk> 0 432 5 0.5914938449859619 2.7855889797210693 2.717393159866333
level 0 433 5 0.15030726790428162 1.0015407800674438 1.7840481996536255
trough 0 434 6 1.120658278465271 3.0929903984069824 0
diving 0 435 6 21.611915588378906 4.556834697723389 0
southward 0 436 9 8.699263572692871 6.026475429534912 0
. 0 437 1 1.5688395500183105 3.987987995147705 2.038487434387207
<eos> 0 438 5 2.751719648586004e-06 3.731975084519945e-05 3.98795067539686
<unk> 0 439 5 4.032224178314209 5.835489749908447 0
convection 0 440 10 12.673406600952148 6.731853008270264 0
being 0 441 5 13.768394470214844 6.506471157073975 0.22538185119628906
partially 0 442 9 8.18030834197998 8.411733627319336 0
removed 0 443 7 6.518965244293213 7.599601745605469 0.8121318817138672
from 0 444 4 2.129612922668457 4.781186580657959 2.8184151649475098
the 0 445 3 0.4578700363636017 2.604522943496704 2.176663637161255
center 0 446 6 2.9518661499023438 5.465542793273926 0
of 0 447 2 2.276953935623169 5.068213939666748 0.39732885360717773
<unk> 0 448 5 4.969226837158203 2.5699727535247803 2.4982411861419678
, 0 449 1 2.1232001781463623 5.787027835845947 0
the 0 450 3 4.988236904144287 6.194182872772217 0
storm 0 451 5 3.803765058517456 7.008601188659668 0
intensified 0 452 11 5.708145618438721 6.981101989746094 0.02749919891357422
slightly 0 453 8 5.949515342712402 3.207582712173462 3.773519277572632
in 0 454 2 5.1718597412109375 4.831561088562012 0
the 0 455 3 2.4021711349487305 4.655581951141357 0.1759791374206543
early 0 456 5 3.6333935260772705 6.141030788421631 0
morning 0 457 7 2.1450061798095703 2.6440467834472656 3.4969840049743652
hours 0 458 5 1.9802439212799072 3.095916748046875 0
on 0 459 2 6.391425609588623 3.1594648361206055 0
<unk> 0 460 5 0.29702651500701904 1.2378075122833252 1.9216573238372803
<unk> 0 461 5 0.027974143624305725 0.20405720174312592 1.0337503105401993
as 0 462 2 5.547172546386719 2.5050323009490967 0
thunderstorm 0 463 12 12.740705490112305 3.0481903553009033 0
activity 0 464 8 0.26969072222709656 1.9713796377182007 1.0768107175827026
to 0 465 2 10.090706825256348 6.58540153503418 0
the 0 466 3 0.6459997296333313 3.253056764602661 3.3323447704315186
south 0 467 5 2.7600326538085938 3.9588680267333984 0
of 0 468 2 2.74873948097229 5.454473972320557 0
the 0 469 3 1.10800302028656 2.1756269931793213 3.2788469791412354
center 0 470 6 3.479296922683716 5.436227321624756 0
became 0 471 6 4.899791240692139 5.063368320465088 0.37285900115966797
more 0 472 4 3.3316245079040527 6.41238260269165 0
organized 0 473 9 4.57389497756958 6.373985290527344 0.03839731216430664
. 0 474 1 0.5740037560462952 2.2261717319488525 4.147813558578491
<eos> 0 475 5 0.0 1.5822317436686717e-05 2.226155909631416
<unk> 0 476 5 4.1920166015625 5.892244338989258 0
intensification 0 477 15 13.173507690429688 6.772470474243164 0
was 0 478 3 3.1833934783935547 6.1863508224487305 0.5861196517944336
forecast 0 479 8 5.675938129425049 7.69828462600708 0
to 0 480 2 0.8570789098739624 3.4817535877227783 4.216531038284302
be 0 481 2 3.5113685131073 7.073372840881348 0
short 0 482 5 10.868499755859375 7.533950328826904 0
in 0 483 2 5.941293239593506 4.971887111663818 2.562063217163086
duration 0 484 8 8.523411750793457 5.8497114181518555 0
as 0 485 2 4.314552307128906 4.054230213165283 1.7954812049865723
the 0 486 3 2.304218053817749 4.602414131164551 0
trough 0 487 6 7.641691207885742 5.610941410064697 0
to 0 488 2 11.258068084716797 6.619195461273193 0
the 0 489 3 0.35685989260673523 2.1327970027923584 4.486398458480835
north 0 490 5 2.2522215843200684 3.3856430053710938 0
was 0 491 3 3.735245704650879 5.830338478088379 0
deepening 0 492 9 14.621033668518066 8.793423652648926 0
, 0 493 1 2.395162582397461 4.291571617126465 4.501852035522461
causing 0 494 7 6.0659050941467285 4.626012802124023 0
the 0 495 3 1.6496080160140991 4.965056419372559 0
wind 0 496 4 8.378966331481934 6.763015270233154 0
shear 0 497 5 3.3395094871520996 2.610487461090088 4.152527809143066
to 0 498 2 0.4582497477531433 2.6586570739746094 0
the 0 499 3 5.483895301818848 6.810792446136475 0
west 0 500 4 3.1316637992858887 4.934932231903076 1.8758602142333984
to 0 501 2 6.303469657897949 3.219562292098999 1.7153699398040771
become 0 502 6 5.345242977142334 5.924900054931641 0
stronger 0 503 8 8.101112365722656 4.19142484664917 1.7334752082824707
. 0 504 1 0.836248517036438 3.105450391769409 1.0859744548797607
<eos> 0 505 5 0.0 1.4790432032896206e-05 3.1054356013373763
<unk> 0 506 5 4.367332935333252 6.05125093460083 0
reached 0 507 7 7.0314130783081055 6.769356727600098 0
its 0 508 3 2.1107170581817627 3.6538753509521484 3.115481376647949
peak 0 509 4 0.09051806479692459 0.6860380172729492 2.967837333679199
intensity 0 510 9 0.2112910896539688 1.1633869409561157 0
of 0 511 2 2.984408140182495 3.893284797668457 0
<unk> 0 512 5 0.06208435818552971 0.49867331981658936 3.3946114778518677
mph 0 513 3 0.4716205298900604 1.2216118574142456 0
( 0 514 1 0.0033955818507820368 0.033077966421842575 1.188533890992403
<unk> 0 515 5 0.0008751262212172151 0.009695717133581638 0.023382249288260937
km 0 516 2 0.003968025092035532 0.030786670744419098 0
/ 0 517 1 4.9530153773957863e-05 0.0006444469909183681 0.03014222375350073
h 0 518 1 2.751696047198493e-05 0.0003789999755099416 0.0002654470154084265
) 0 519 1 0.0025096226017922163 0.019348938018083572 0
around 0 520 6 7.940291881561279 4.139763355255127 0
<unk> 0 521 5 0.35056668519973755 1.4349292516708374 2.7048341035842896
a.m. 0 522 4 9.444993019104004 2.2473440170288086 0
( 0 523 1 8.82880687713623 2.0823476314544678 0.16499638557434082
<unk> 0 524 5 0.06997627764940262 0.5667557716369629 1.5155918598175049
) 0 525 1 1.6376655101776123 2.5073390007019043 0
as 0 526 2 6.220130920410156 3.2371320724487305 0
it 0 527 2 1.5011389255523682 3.0905234813690186 0.14660859107971191
continued 0 528 9 5.400765895843506 5.346463680267334 0
to 0 529 2 0.8359182476997375 3.49434757232666 1.8521161079406738
become 0 530 6 6.258666038513184 4.931220531463623 0
more 0 531 4 5.116173267364502 4.360672473907471 0.5705480575561523
organized 0 532 9 2.182685375213623 6.163745403289795 0
. 0 533 1 1.4173240661621094 3.460892677307129 2.702852725982666
<eos> 0 534 5 2.751719648586004e-06 3.439611828071065e-05 3.460858281188848
<unk> 0 535 5 4.019769668579102 5.849542140960693 0
, 0 536 1 6.100396633148193 6.375477313995361 0
there 0 537 5 11.945576667785645 6.377871036529541 0
were 0 538 4 2.2710845470428467 2.9243311882019043 3.4535398483276367
indications 0 539 11 8.726974487304688 6.426499843597412 0
that 0 540 4 1.254667043685913 1.593575358390808 4.832924485206604
it 0 541 2 4.418355464935303 4.301095485687256 0
had 0 542 3 2.6988730430603027 4.153176784515381 0.147918701171875
already 0 543 7 6.250105381011963 6.184770584106445 0
begun 0 544 5 4.776607513427734 5.744297027587891 0.4404735565185547
to 0 545 2 0.9877225160598755 4.105045795440674 1.6392512321472168
weaken 0 546 6 2.1026434898376465 5.855343341827393 0
. 0 547 1 3.0711092948913574 4.8225555419921875 1.032787799835205
<eos> 0 548 5 2.751719648586004e-06 3.353622741997242e-05 4.8225220057647675
<unk> 0 549 5 3.6632468700408936 5.727496147155762 0
towards 0 550 7 13.33626651763916 6.560108184814453 0
the 0 551 3 0.7284303903579712 2.0978782176971436 4.46222996711731
north 0 552 5 3.264918565750122 5.14089298248291 0
was 0 553 3 9.709129333496094 3.4691057205200195 1.6717872619628906
becoming 0 554 8 9.880777359008789 6.685731887817383 0
restricted 0 555 10 13.844380378723145 5.386166095733643 1.2995657920837402
and 0 556 3 6.8363037109375 1.6939692497253418 3.692196846008301
arc 0 557 3 24.91253089904785 7.695740699768066 0
clouds 0 558 6 11.925400733947754 6.518159866333008 1.1775808334350586
began 0 559 5 5.439317226409912 7.04417610168457 0
emanating 0 560 9 19.63214111328125 2.9912941455841064 4.052881956100464
from 0 561 4 0.32800811529159546 1.8527084589004517 1.1385856866836548
the 0 562 3 0.6877903342247009 2.7992441654205322 0
storm 0 563 5 3.876415967941284 6.104630947113037 0
, 0 564 1 2.2281301021575928 3.713644027709961 2.390986919403076
a 0 565 1 9.164690971374512 5.29146146774292 0
sign 0 566 4 11.89153003692627 8.128640174865723 0
that 0 567 4 2.042681932449341 3.748110771179199 4.380529403686523
dry 0 568 3 10.377338409423828 6.517337799072266 0
air 0 569 3 0.7103818655014038 3.1939964294433594 3.3233413696289062
was 0 570 3 3.135441780090332 7.2794718742370605 0
entering 0 571 8 10.850321769714355 8.342473983764648 0
the 0 572 3 0.9585129022598267 3.8210339546203613 4.521440029144287
system 0 573 6 7.162323474884033 6.034381866455078 0
. 0 574 1 0.831339418888092 3.431614398956299 2.6027674674987793
<eos> 0 575 5 0.0 1.754212280502543e-05 3.431596856833494
<unk> 0 576 5 3.772949695587158 5.6823835372924805 0
the 0 577 3 9.535212516784668 6.583983421325684 0
afternoon 0 578 9 8.860716819763184 5.587380409240723 0.9966030120849609
hours 0 579 5 6.927796840667725 6.328339576721191 0
, 0 580 1 4.282325267791748 5.414074420928955 0.9142651557922363
the 0 581 3 3.4750070571899414 6.268929958343506 0
structure 0 582 9 10.46745491027832 6.787581443786621 0
of 0 583 2 2.3212661743164062 6.301359176635742 0.4862222671508789
<unk> 0 584 5 3.74171781539917 3.1104066371917725 3.1909525394439697
began 0 585 5 6.582374572753906 7.043884754180908 0
to 0 586 2 0.707140326499939 2.9534151554107666 4.090469598770142
rapidly 0 587 7 5.129875183105469 5.489323616027832 0
deteriorate 0 588 11 5.8705549240112305 2.565744161605835 2.923579454421997
as 0 589 2 4.54554557800293 3.416024684906006 0
strong 0 590 6 10.931841850280762 2.100337028503418 1.315687656402588
wind 0 591 4 2.8380796909332275 3.9156479835510254 0
shear 0 592 5 0.026422128081321716 0.2450682520866394 3.670579731464386
and 0 593 3 3.5757229328155518 6.401410102844238 0
dry 0 594 3 4.352227210998535 7.856255531311035 0
air 0 595 3 0.21211932599544525 1.2758104801177979 6.580445051193237
took 0 596 4 10.981959342956543 7.067062854766846 0
their 0 597 5 9.704489707946777 5.447545528411865 1.6195173263549805
toll 0 598 4 0.8050962686538696 4.278274059295654 1.169271469116211
. 0 599 1 3.054988384246826 3.8271398544311523 0.45113420486450195
<eos> 0 600 5 2.751719648586004e-06 3.353622741997242e-05 3.8271063182037324
<unk> 0 601 5 4.025012016296387 5.803789138793945 0
the 0 602 3 9.54998779296875 6.584935188293457 0
late 0 603 4 12.506747245788574 5.7760138511657715 0.8089213371276855
night 0 604 5 7.920145034790039 4.551340579986572 1.2246732711791992
, 0 605 1 4.1961798667907715 7.191437244415283 0
the 0 606 3 3.904372215270996 6.495593547821045 0.6958436965942383
center 0 607 6 5.215144157409668 6.518270492553711 0
was 0 608 3 3.369720697402954 4.506036281585693 2.0122342109680176
almost 0 609 6 8.84023666381836 8.508437156677246 0
completely 0 610 10 2.895186185836792 5.731436252593994 2.777000904083252
exposed 0 611 7 4.222568988800049 7.099201679229736 0
and 0 612 3 3.9214987754821777 3.53383207321167 3.5653696060180664
only 0 613 4 8.46786880493164 7.303342342376709 0
a 0 614 1 3.91477632522583 7.273083209991455 0.030259132385253906
band 0 615 4 10.836687088012695 6.131486892700195 1.1415963172912598
of 0 616 2 2.7636332511901855 7.194426536560059 0
convection 0 617 10 2.633387327194214 5.490315914154053 1.7041106224060059
persisted 0 618 9 3.40785813331604 6.660904407501221 0
near 0 619 4 5.389842510223389 4.752622127532959 1.9082822799682617
the 0 620 3 0.6749480366706848 2.5394961833953857 2.2131259441375732
center 0 621 6 0.8964148163795471 4.253157615661621 0
. 0 622 1 1.3528788089752197 2.9532434940338135 1.2999141216278076
<eos> 0 623 5 0.0 1.8230046407552436e-05 2.953225263987406
<unk> 0 624 5 3.843790292739868 5.7616071701049805 0
continuing 0 625 10 15.741460800170898 6.6085405349731445 0
effects 0 626 7 19.09217643737793 3.8325555324554443 2.7759850025177
from 0 627 4 6.100759983062744 5.342937469482422 0
the 0 628 3 1.0856646299362183 3.7924423217773438 1.5504951477050781
strong 0 629 6 9.621171951293945 6.107761383056641 0
wind 0 630 4 2.635181427001953 5.565147876739502 0.5426135063171387
shear 0 631 5 0.24051709473133087 1.572458267211914 3.992689609527588
, 0 632 1 1.824953317642212 5.855315685272217 0
a 0 633 1 5.761640548706055 7.569613456726074 0
large 0 634 5 5.325858116149902 8.050081253051758 0
, 0 635 1 5.198959827423096 7.142971038818359 0.9071102142333984
deep 0 636 4 5.937255382537842 7.506587505340576 0
burst 0 637 5 10.582575798034668 4.804770469665527 2.701817035675049
of 0 638 2 0.4326285421848297 2.5399303436279297 2.2648401260375977
convection 0 639 10 2.3633499145507812 6.291457653045654 0
formed 0 640 6 5.79990291595459 6.509551048278809 0
in 0 641 2 3.3504586219787598 5.560825824737549 0.9487252235412598
the 0 642 3 0.6138184666633606 2.728238821029663 2.8325870037078857
northern 0 643 8 5.869096279144287 5.963840961456299 0
semicircle 0 644 10 3.3026020526885986 4.148593902587891 1.8152470588684082
of 0 645 2 0.65464848279953 2.2914440631866455 1.8571498394012451
<unk> 0 646 5 3.949124813079834 1.7260849475860596 0.5653591156005859
. 0 647 1 1.8489482402801514 4.216555118560791 0
<eos> 0 648 5 0.0 1.754212280502543e-05 4.216537576437986
<unk> 0 649 5 3.856541633605957 5.752928733825684 0
center 0 650 6 10.768034934997559 6.626088619232178 0
was 0 651 3 4.561934947967529 6.901728630065918 0
found 0 652 5 9.399666786193848 7.926515102386475 0
to 0 653 2 1.5146279335021973 5.28321647644043 2.643298625946045
have 0 654 4 1.0404235124588013 2.8058362007141113 2.4773802757263184
shifted 0 655 7 10.735660552978516 7.049842357635498 0
towards 0 656 7 7.577415466308594 4.343952655792236 2.7058897018432617
the 0 657 3 0.4443701505661011 2.3123035430908203 2.031649112701416
new 0 658 3 9.37098217010498 5.210057735443115 0
convection 0 659 10 9.395092964172363 3.9539620876312256 1.2560956478118896
leading 0 660 7 12.314006805419922 4.557275295257568 0
to 0 661 2 0.2824036777019501 1.7386176586151123 2.818657636642456
an 0 662 2 4.3899054527282715 3.3482205867767334 0
increase 0 663 8 3.8920114040374756 6.248600959777832 0
in 0 664 2 0.3699662983417511 1.7364764213562012 4.512124538421631
intensity 0 665 9 4.839845180511475 5.7956061363220215 0
. 0 666 1 2.3736138343811035 3.47186541557312 2.3237407207489014
<eos> 0 667 5 2.751719648586004e-06 3.388018376426771e-05 3.471831535389356
<unk> 0 668 5 4.131584644317627 5.708172798156738 0
forecast 0 669 8 11.881134033203125 6.740530490875244 0
showed 0 670 6 13.252532005310059 4.5121026039123535 2.2284278869628906
a 0 671 1 3.0291123390197754 4.262022972106934 0.2500796318054199
slight 0 672 6 6.010774612426758 7.220362663269043 0
decrease 0 673 8 2.619469165802002 3.9697046279907227 3.2506580352783203
in 0 674 2 0.4269627630710602 2.004633665084839 1.9650709629058838
wind 0 675 4 3.8433196544647217 5.780344009399414 0
shear 0 676 5 0.061982546001672745 0.38477492332458496 5.395569086074829
as 0 677 2 4.808101177215576 4.433879375457764 0
<unk> 0 678 5 4.498082637786865 4.439243316650391 0
continued 0 679 9 6.282931804656982 6.431293964385986 0
westward 0 680 8 5.783248424530029 2.526060104370117 3.905233860015869
and 0 681 3 3.026135206222534 3.6168980598449707 0
no 0 682 2 11.676301002502441 7.614736080169678 0
change 0 683 6 9.623146057128906 6.643923759460449 0.9708123207092285
in 0 684 2 2.1324334144592285 5.25059175491333 1.3933320045471191
intensity 0 685 9 4.390308380126953 5.622110843658447 0
over 0 686 4 8.12701416015625 4.346217632293701 1.275893211364746
the 0 687 3 0.7082933187484741 2.9986109733581543 1.3476066589355469
<unk> 0 688 5 2.8492448329925537 6.080864906311035 0
<unk> 0 689 5 3.6101579666137695 6.191118240356445 0
day 0 690 3 6.582729339599609 6.220377445220947 0
forecast 0 691 8 10.465814590454102 6.7653632164001465 0
was 0 692 3 6.290060520172119 4.214078426361084 2.5512847900390625
predicted 0 693 9 7.356919765472412 8.72117805480957 0
. 0 694 1 2.842036724090576 2.6511380672454834 6.070039987564087
<eos> 0 695 5 0.0 3.5084034607280046e-05 2.651102983210876
<unk> 0 696 5 3.674617052078247 5.72544002532959 0
, 0 697 1 5.279773712158203 6.8479461669921875 0
the 0 698 3 3.9118802547454834 5.664124965667725 1.183821201324463
convection 0 699 10 10.714810371398926 6.739680767059326 0
decreased 0 700 9 6.745821475982666 6.686581134796143 0.053099632263183594
once 0 701 4 9.006810188293457 4.969649791717529 1.7169313430786133
more 0 702 4 2.982180595397949 5.234705924987793 0
and 0 703 3 4.203895568847656 4.209716320037842 1.0249896049499512
the 0 704 3 3.3463737964630127 7.305171012878418 0
low 0 705 3 4.860832214355469 6.720117568969727 0.5850534439086914
became 0 706 6 5.394239902496338 6.545051574707031 0.1750659942626953
completely 0 707 10 9.663570404052734 6.4618916511535645 0.0831599235534668
exposed 0 708 7 4.024956703186035 6.7817277908325195 0
by 0 709 2 5.362322807312012 3.855656385421753 2.9260714054107666
the 0 710 3 1.201250672340393 3.352794647216797 0.502861738204956
late 0 711 4 7.0265302658081055 6.790531158447266 0
morning 0 712 7 2.9838688373565674 2.5254056453704834 4.265125513076782
hours 0 713 5 3.256990909576416 4.178699016571045 0
and 0 714 3 5.894935131072998 2.4848124980926514 1.6938865184783936
<unk> 0 715 5 2.5975186824798584 6.466006278991699 0
weakened 0 716 8 6.697686672210693 6.334111213684082 0.1318950653076172
again 0 717 5 8.217482566833496 3.4547109603881836 2.8794002532958984
. 0 718 1 1.5220024585723877 4.0767107009887695 0
<eos> 0 719 5 0.0 1.5650335626560263e-05 4.076695050653143
<unk> 0 720 5 3.8597750663757324 5.749960422515869 0
the 0 721 3 10.061788558959961 6.50548791885376 0
afternoon 0 722 9 7.822969436645508 5.495359420776367 1.0101284980773926
, 0 723 1 4.250394344329834 6.335683822631836 0
the 0 724 3 4.034426689147949 6.836905479431152 0
center 0 725 6 4.8958563804626465 6.923989772796631 0
of 0 726 2 1.0235966444015503 4.625113010406494 2.2988767623901367
<unk> 0 727 5 3.5992846488952637 3.2064013481140137 1.4187116622924805
was 0 728 3 3.1172420978546143 6.837619304656982 0
only 0 729 4 8.724093437194824 7.503079891204834 0
a 0 730 1 4.025874614715576 7.462982177734375 0.040097713470458984
swirl 0 731 5 8.099968910217285 6.534049987792969 0.9289321899414062
of 0 732 2 0.14722542464733124 1.0344314575195312 5.4996185302734375
clouds 0 733 6 4.508157730102539 6.5452165603637695 0
, 0 734 1 2.0768818855285645 5.088369369506836 1.4568471908569336
devoid 0 735 6 11.2647705078125 5.851685047149658 0
of 0 736 2 0.04156758263707161 0.37056371569633484 5.481121331453323
convection 0 737 10 2.572267532348633 6.74788236618042 0
. 0 738 1 2.092759132385254 4.093077182769775 2.6548051834106445
<eos> 0 739 5 2.751719648586004e-06 3.405216193641536e-05 4.093043130607839
<unk> 0 740 5 3.9218661785125732 6.002823352813721 0
the 0 741 3 9.462827682495117 6.611287593841553 0
overnight 0 742 9 14.652704238891602 5.95405387878418 0.657233715057373
hours 0 743 5 4.637439250946045 7.8483991622924805 0
on 0 744 2 5.570006370544434 4.678092956542969 3.1703062057495117
<unk> 0 745 5 0.9639531373977661 2.8771040439605713 1.8009889125823975
<unk> 0 746 5 0.4102019667625427 2.2501394748687744 0.6269645690917969
into 0 747 4 10.399924278259277 3.9303786754608154 0
the 0 748 3 1.512178897857666 3.462284564971924 0.4680941104888916
morning 0 749 7 11.019118309020996 5.721482276916504 0
of 0 750 2 1.0097334384918213 2.7941040992736816 2.9273781776428223
<unk> 0 751 5 0.07741701602935791 0.5133888721466064 2.280715227127075
<unk> 0 752 5 0.01759444922208786 0.1468961536884308 0.36649271845817566
, 0 753 1 1.0310511589050293 2.7840664386749268 0
convection 0 754 10 11.073906898498535 5.717495918273926 0
associated 0 755 10 7.163969993591309 6.515510559082031 0
with 0 756 4 0.008467092178761959 0.08083833754062653 6.434672221541405
<unk> 0 757 5 2.726511240005493 4.649295330047607 0
began 0 758 5 5.432180881500244 6.830661296844482 0
to 0 759 2 0.6882856488227844 3.43171763420105 3.3989436626434326
redevelop 0 760 9 8.851899147033691 5.890758037567139 0
somewhat 0 761 8 10.471182823181152 4.743383884429932 1.147374153137207
, 0 762 1 3.9325387477874756 5.71221399307251 0
mostly 0 763 6 10.816338539123535 5.831900119781494 0
to 0 764 2 3.397416830062866 6.236764907836914 0
the 0 765 3 0.6080729365348816 3.380284547805786 2.856480360031128
north 0 766 5 2.558790922164917 3.4348268508911133 0
of 0 767 2 2.052325487136841 3.2416203022003174 0.1932065486907959
the 0 768 3 1.0653539896011353 2.2432656288146973 0.9983546733856201
circulation 0 769 11 4.800861358642578 5.686988830566406 0
, 0 770 1 3.0315451622009277 2.6877729892730713 2.999215841293335
due 0 771 3 7.2631659507751465 5.060725212097168 0
to 0 772 2 0.004405653104186058 0.04922754317522049 5.0114976689219475
the 0 773 3 2.05791974067688 5.035734176635742 0
strong 0 774 6 6.408684253692627 7.386975288391113 0
southerly 0 775 9 8.016549110412598 5.293981552124023 2.09299373626709
wind 0 776 4 2.5930938720703125 5.988234519958496 0
shear 0 777 5 0.12860451638698578 0.9730086326599121 5.015225887298584
. 0 778 1 1.3725783824920654 4.725679397583008 0
<eos> 0 779 5 2.751719648586004e-06 3.577194729587063e-05 4.725643625635712
<unk> 0 780 5 3.7310853004455566 5.673488140106201 0
mid 0 781 3 16.483177185058594 6.5569047927856445 0
<unk> 0 782 5 0.02310897782444954 0.24833253026008606 6.3085722625255585
morning 0 783 7 8.203900337219238 5.099686145782471 0
, 0 784 1 3.4334864616394043 7.104691982269287 0
<unk> 0 785 5 1.2724307775497437 3.745490550994873 3.359201431274414
re 0 786 2 7.688257217407227 6.761767387390137 0
<unk> 0 787 5 0.0031975668389350176 0.03904721513390541 6.722720172256231
intensified 0 788 11 1.2109533548355103 3.659393787384033 0
slightly 0 789 8 5.515695571899414 3.366123676300049 0.2932701110839844
due 0 790 3 5.520323753356934 4.661684989929199 0
to 0 791 2 0.02084975689649582 0.19189779460430145 4.469787195324898
the 0 792 3 2.0626306533813477 4.908080101013184 0
redevelopment 0 793 13 10.56994915008545 7.405699729919434 0
of 0 794 2 0.45753705501556396 2.2604353427886963 5.145264387130737
some 0 795 4 10.69011116027832 3.640160083770752 0
convection 0 796 10 4.996997356414795 6.979893684387207 0
. 0 797 1 1.7819740772247314 4.026379108428955 2.953514575958252
<eos> 0 798 5 0.0 1.2898641216452233e-05 4.026366209787739
<unk> 0 799 5 4.037830829620361 5.742105007171631 0
, 0 800 1 5.599298477172852 6.476807594299316 0
the 0 801 3 3.5815372467041016 6.022031784057617 0.4547758102416992
redevelopment 0 802 13 15.128620147705078 6.541780471801758 0
was 0 803 3 3.355882406234741 5.897440433502197 0.6443400382995605
short 0 804 5 9.456393241882324 8.067482948303223 0
lived 0 805 5 4.979984760284424 4.488954067230225 3.578528881072998
and 0 806 3 3.6490728855133057 4.449324607849121 0.039629459381103516
wind 0 807 4 9.695395469665527 7.690255165100098 0
shear 0 808 5 0.0653369128704071 0.5689865350723267 7.121268630027771
again 0 809 5 11.1859769821167 6.577038288116455 0
took 0 810 4 9.412269592285156 6.726178169250488 0
its 0 811 3 5.5283026695251465 5.097787380218506 1.6283907890319824
toll 0 812 4 0.8784873485565186 4.237752914428711 0.8600344657897949
on 0 813 2 0.9444875121116638 3.471527338027954 0.7662255764007568
<unk> 0 814 5 2.1321473121643066 3.7235939502716064 0
by 0 815 2 8.944580078125 4.085477352142334 0
late 0 816 4 5.552436351776123 3.9783411026000977 0.10713624954223633
morning 0 817 7 4.884849548339844 2.0067622661590576 1.97157883644104
. 0 818 1 3.0974459648132324 4.7874650955200195 0
<eos> 0 819 5 0.0 8.599106877227314e-06 4.787456496413142
<unk> 0 820 5 3.795675039291382 5.577146530151367 0
convection 0 821 10 13.979762077331543 6.449206352233887 0
around 0 822 6 8.543227195739746 6.58793830871582 0
the 0 823 3 0.7304613590240479 2.1060643196105957 4.481873989105225
system 0 824 6 4.265200138092041 4.580009460449219 0
became 0 825 6 5.009725093841553 6.593039512634277 0
dislocated 0 826 10 10.045619010925293 6.304351329803467 0.28868818283081055
from 0 827 4 3.4114203453063965 5.10284423828125 1.2015070915222168
the 0 828 3 0.8063344955444336 2.8807661533355713 2.2220780849456787
center 0 829 6 2.887129068374634 5.81069803237915 0
and 0 830 3 2.76065993309021 4.018200397491455 1.7924976348876953
<unk> 0 831 5 4.510271072387695 7.566668510437012 0
weakened 0 832 8 5.031587600708008 7.383091449737549 0.1835770606994629
slightly 0 833 8 6.4163079261779785 4.264628887176514 3.118462562561035
. 0 834 1 1.563589334487915 4.104797840118408 0.15983104705810547
<eos> 0 835 5 0.0 1.5478355635423213e-05 4.104782361762773
<unk> 0 836 5 3.82999587059021 5.699666500091553 0
weakening 0 837 9 13.881317138671875 6.6240715980529785 0
trend 0 838 5 11.235236167907715 5.593606948852539 1.0304646492004395
continued 0 839 9 4.0566582679748535 5.713928699493408 0
through 0 840 7 5.669018745422363 4.480297088623047 1.2336316108703613
the 0 841 3 1.0963138341903687 3.739811658859253 0.740485429763794
afternoon 0 842 9 3.3653910160064697 5.720035076141357 0
as 0 843 2 6.527712821960449 3.5823707580566406 2.137664318084717
the 0 844 3 2.4168832302093506 3.603212356567383 0
storm 0 845 5 1.9155261516571045 5.267384052276611 0
was 0 846 3 5.364851474761963 5.84149169921875 0
being 0 847 5 9.821602821350098 8.06789493560791 0
affected 0 848 8 8.380105972290039 7.2448015213012695 0.8230934143066406
by 0 849 2 0.2989059388637543 1.4465632438659668 5.798238277435303
strong 0 850 6 6.441619873046875 4.768080234527588 0
southerly 0 851 9 10.953770637512207 3.844878911972046 0.923201322555542
shear 0 852 5 4.490041732788086 4.64478063583374 0
. 0 853 1 1.4123682975769043 3.959078073501587 0.6857025623321533
<eos> 0 854 5 2.751719648586004e-06 2.7344982299837284e-05 3.959050728519287
<unk> 0 855 5 4.296297073364258 5.755251884460449 0
became 0 856 6 5.924485683441162 6.547771453857422 0
almost 0 857 6 11.261528968811035 4.241748809814453 2.3060226440429688
fully 0 858 5 8.237454414367676 2.609984874725342 1.6317639350891113
devoid 0 859 6 4.977733612060547 6.828877925872803 0
of 0 860 2 0.05222756415605545 0.3765391707420349 6.452338755130768
any 0 861 3 6.522761344909668 5.767218589782715 0
convection 0 862 10 2.8819942474365234 7.418233394622803 0
by 0 863 2 7.311522006988525 4.522627830505371 2.8956055641174316
mid 0 864 3 7.8485894203186035 4.201162815093994 0.32146501541137695
<unk> 0 865 5 0.0058695063926279545 0.06583847105503082 4.135324344038963
afternoon 0 866 9 7.158204078674316 1.2742371559143066 0
and 0 867 3 3.4944300651550293 3.7665369510650635 0
the 0 868 3 3.8775153160095215 7.019637107849121 0
storm 0 869 5 3.2499067783355713 6.487339496612549 0.5322976112365723
weakened 0 870 8 3.9523813724517822 6.174514293670654 0.31282520294189453
to 0 871 2 1.4623148441314697 4.362020969390869 1.8124933242797852
<unk> 0 872 5 6.476541996002197 1.902968406677246 2.459052562713623
mph 0 873 3 0.3808961808681488 1.686449646949768 0.21651875972747803
( 0 874 1 0.011185786686837673 0.09233035147190094 1.5941192954778671
<unk> 0 875 5 0.001263175392523408 0.01506210770457983 0.07726824376732111
km 0 876 2 0.006444565020501614 0.04741567745804787 0
/ 0 877 1 0.00018160224135499448 0.0020681561436504126 0.045347521314397454
h 0 878 1 5.503339707502164e-05 0.0007035814342088997 0.0013645747094415128
) 0 879 1 0.0014776058960705996 0.012479279190301895 0
, 0 880 1 3.163496971130371 4.497213363647461 0
barely 0 881 6 11.930218696594238 5.644063472747803 0
holding 0 882 7 14.008111000061035 7.674069404602051 0
on 0 883 2 5.953488826751709 4.588104248046875 3.085965156555176
to 0 884 2 3.547414541244507 3.5416903495788574 1.0464138984680176
tropical 0 885 8 7.8117876052856445 3.235146999359131 0.30654335021972656
storm 0 886 5 0.5047070980072021 1.4602279663085938 1.774919033050537
status 0 887 6 1.478395938873291 2.3501782417297363 0
. 0 888 1 0.8692224025726318 3.153073310852051 0
<eos> 0 889 5 5.503434294951148e-06 7.171498145908117e-05 3.1530015958705917
<unk> 0 890 5 4.080498695373535 5.718705654144287 0
regained 0 891 8 8.056209564208984 6.150556564331055 0
a 0 892 1 4.972280025482178 3.964247465133667 2.1863090991973877
small 0 893 5 7.317017078399658 5.979858875274658 0
amount 0 894 6 6.978307247161865 6.709608554840088 0
of 0 895 2 0.03836175799369812 0.30539020895957947 6.404218345880508
convection 0 896 10 2.7344112396240234 6.475413799285889 0
in 0 897 2 3.8138818740844727 4.421290874481201 2.0541229248046875
the 0 898 3 0.7366140484809875 2.711500406265259 1.7097904682159424
late 0 899 4 6.261447906494141 5.816163063049316 0
night 0 900 5 12.692922592163086 2.926943063735962 2.8892199993133545
hours 0 901 5 3.4969329833984375 3.5138511657714844 0
, 0 902 1 2.2371530532836914 3.106318473815918 0.4075326919555664
but 0 903 3 4.2639055252075195 4.650590896606445 0
not 0 904 3 7.981921195983887 6.337021350860596 0
enough 0 905 6 4.26491117477417 7.870792865753174 0
to 0 906 2 0.7751781344413757 3.6456387042999268 4.225154161453247
still 0 907 5 12.15653133392334 7.287496566772461 0
be 0 908 2 3.166745662689209 7.032154560089111 0.2553420066833496
classified 0 909 10 2.973245620727539 6.80643892288208 0.22571563720703125
a 0 910 1 7.107085227966309 2.7947094440460205 4.01172947883606
tropical 0 911 8 1.5467926263809204 5.074337959289551 0
storm 0 912 5 1.9968945980072021 1.8374725580215454 3.2368654012680054
. 0 913 1 0.9267690181732178 3.2639498710632324 0
<eos> 0 914 5 2.751719648586004e-06 3.886755439452827e-05 3.263911003508838
<unk> 0 915 5 3.6719439029693604 5.435717582702637 0
to 0 916 2 10.63037109375 6.416584491729736 0
the 0 917 3 1.0960150957107544 4.2053093910217285 2.211275100708008
lack 0 918 4 16.237897872924805 3.649735689163208 0.5555737018585205
of 0 919 2 0.016491049900650978 0.1587560474872589 3.490979641675949
convection 0 920 10 3.9069628715515137 7.371037483215332 0
, 0 921 1 1.2995531558990479 5.019704818725586 2.351332664489746
<unk> 0 922 5 2.7005183696746826 5.07395601272583 0
was 0 923 3 3.5530941486358643 6.774278163909912 0
downgraded 0 924 10 2.1612164974212646 6.012622356414795 0.7616558074951172
to 0 925 2 0.3917049765586853 1.6680116653442383 4.344610691070557
a 0 926 1 0.4478345215320587 1.5807691812515259 0.0872424840927124
<unk> 0 927 5 8.678635597229004 2.1777172088623047 0
<unk> 0 928 5 5.765616416931152 2.0326900482177734 0.14502716064453125
at 0 929 2 11.665257453918457 2.4253768920898438 0
<unk> 0 930 5 0.6336252689361572 2.0046873092651367 0.42068958282470703
( 0 931 1 11.617138862609863 2.454340934753418 0
<unk> 0 932 5 0.24517011642456055 1.7082712650299072 0.7460696697235107
) 0 933 1 1.913878083229065 2.5716044902801514 0
with 0 934 4 6.515850067138672 3.574906349182129 0
winds 0 935 5 1.3242030143737793 3.393484354019165 0.18142199516296387
of 0 936 2 0.12907497584819794 0.9671793580055237 2.4263049960136414
<unk> 0 937 5 0.050755564123392105 0.39119547605514526 0.5759838819503784
mph 0 938 3 0.5643095374107361 1.0582693815231323 0
( 0 939 1 0.0019207987934350967 0.018923459574580193 1.0393459219485521
<unk> 0 940 5 0.0008751262212172151 0.010082084685564041 0.008841374889016151
km 0 941 2 0.0027736478950828314 0.02264973148703575 0
/ 0 942 1 7.704617019044235e-05 0.0009550474351271987 0.021694684051908553
h 0 943 1 1.651023922022432e-05 0.0002330176648683846 0.0007220297702588141
) 0 944 1 0.003929434809833765 0.028608916327357292 0
. 0 945 1 1.4799147844314575 3.428508758544922 0
<eos> 0 946 5 5.503434294951148e-06 7.532643212471157e-05 3.428433432112797
<unk> 0 947 5 3.8097927570343018 5.602700233459473 0
there 0 948 5 16.408889770507812 6.289036750793457 0
was 0 949 3 0.9855707287788391 3.5458765029907227 2.7431602478027344
no 0 950 2 2.7006092071533203 4.188012599945068 0
convection 0 951 10 8.0130615234375 8.141898155212402 0
around 0 952 6 6.982272624969482 5.666169166564941 2.475728988647461
the 0 953 3 0.6811943054199219 2.2286601066589355 3.437509059906006
system 0 954 6 4.4134297370910645 5.57498836517334 0
, 0 955 1 1.1318467855453491 3.670353889465332 1.9046344757080078
it 0 956 2 10.909259796142578 3.9532392024993896 0
would 0 957 5 5.8127617835998535 5.449596405029297 0
have 0 958 4 1.6210423707962036 4.98033332824707 0.46926307678222656
normally 0 959 8 14.781560897827148 6.780022621154785 0
been 0 960 4 3.109876871109009 7.250641822814941 0
classified 0 961 10 5.398633003234863 8.273633003234863 0
a 0 962 1 7.75154972076416 1.1046863794326782 7.168946623802185
remnant 0 963 7 6.157253742218018 5.697341442108154 0
low 0 964 3 0.18912039697170258 1.1794005632400513 4.517940878868103
but 0 965 3 8.890117645263672 4.452441692352295 0
, 0 966 1 8.741617202758789 7.326529502868652 0
due 0 967 3 5.269622802734375 5.6417059898376465 1.6848235130310059
to 0 968 2 0.0260396059602499 0.22230347990989685 5.41940250992775
the 0 969 3 1.7264580726623535 4.784122467041016 0
possibility 0 970 11 6.4235148429870605 7.5695929527282715 0
of 0 971 2 0.16625075042247772 0.7680903077125549 6.8015026450157166
the 0 972 3 4.034403324127197 6.061332702636719 0
storm 0 973 5 2.3980257511138916 6.603881359100342 0
regenerating 0 974 12 15.181486129760742 3.6092586517333984 2.9946227073669434
over 0 975 4 7.313918590545654 4.97665548324585 0
the 0 976 3 1.2177581787109375 3.8090386390686035 1.167616844177246
next 0 977 4 4.724294662475586 6.356515884399414 0
several 0 978 7 4.352718353271484 3.249854564666748 3.106661319732666
days 0 979 4 0.7545800805091858 2.132266044616699 1.1175885200500488
, 0 980 1 0.25135338306427 1.463341474533081 0.6689245700836182
it 0 981 2 1.9674333333969116 4.250208854675293 0
was 0 982 3 2.1242361068725586 5.809225082397461 0
considered 0 983 10 6.225323677062988 7.016420364379883 0
a 0 984 1 1.7110376358032227 5.057127475738525 1.9592928886413574
tropical 0 985 8 1.55327570438385 5.130619525909424 0
depression 0 986 10 1.5129493474960327 1.8630605936050415 3.2675589323043823
. 0 987 1 1.0902270078659058 3.6881396770477295 0
<eos> 0 988 5 0.0 1.5994297427823767e-05 3.6881236827503017
<unk> 0 989 5 4.218339443206787 5.361634254455566 0
next 0 990 4 10.954280853271484 6.7427544593811035 0
morning 0 991 7 4.870086193084717 6.603211879730225 0.1395425796508789
, 0 992 1 1.0521912574768066 4.565262794494629 2.0379490852355957
<unk> 0 993 5 1.9958077669143677 4.081773281097412 0.4834895133972168
was 0 994 3 3.8998537063598633 7.116269588470459 0
downgraded 0 995 10 2.626253604888916 6.639517307281494 0.47675228118896484
to 0 996 2 0.3030472695827484 1.4775547981262207 5.161962509155273
a 0 997 1 0.597225546836853 1.7171961069107056 0
remnant 0 998 7 5.361926555633545 1.9625825881958008 0
low 0 999 3 0.4089113473892212 1.876390814781189 0.08619177341461182
as 0 1000 2 5.588566780090332 5.127255916595459 0
strong 0 1001 6 10.580089569091797 2.417933225631714 2.709322690963745
wind 0 1002 4 2.5270140171051025 3.9619903564453125 0
shear 0 1003 5 0.04260772839188576 0.34476104378700256 3.61722931265831
and 0 1004 3 3.1087870597839355 6.240313529968262 0
dry 0 1005 3 5.380335330963135 8.192572593688965 0
air 0 1006 3 0.23846422135829926 1.4141160249710083 6.7784565687179565
caused 0 1007 6 4.748776435852051 6.816436767578125 0
the 0 1008 3 1.6858689785003662 5.0145063400268555 1.8019304275512695
demise 0 1009 6 11.583503723144531 5.868282794952393 0
of 0 1010 2 0.02269882895052433 0.16950958967208862 5.698773205280304
the 0 1011 3 1.5404306650161743 3.6551032066345215 0
storm 0 1012 5 2.366737127304077 5.145442485809326 0
. 0 1013 1 1.1175240278244019 3.7752933502197266 1.3701491355895996
<eos> 0 1014 5 0.0 1.1350810382282361e-05 3.7752819994093443
<unk> 0 1015 5 4.374265670776367 5.462860584259033 0
redevelopment 0 1016 13 17.956308364868164 6.744594097137451 0
was 0 1017 3 3.292858362197876 6.064812660217285 0.679781436920166
expected 0 1018 8 4.447906017303467 7.775009632110596 0
with 0 1019 4 10.114782333374023 1.0328946113586426 6.742115020751953
<unk> 0 1020 5 3.407309055328369 5.5629706382751465 0
as 0 1021 2 5.029045104980469 6.504298210144043 0
it 0 1022 2 3.14514422416687 3.7675771713256836 2.7367210388183594
began 0 1023 5 5.183568000793457 5.792946815490723 0
to 0 1024 2 0.7466715574264526 3.6219868659973145 2.170959949493408
move 0 1025 4 3.5414557456970215 6.037136554718018 0
over 0 1026 4 4.889235496520996 5.865373611450195 0.17176294326782227
colder 0 1027 6 7.0975341796875 3.444160223007202 2.421213388442993
waters 0 1028 6 0.34701424837112427 1.7526023387908936 1.6915578842163086
and 0 1029 3 2.601142644882202 3.770881414413452 0
remain 0 1030 6 10.275912284851074 8.048591613769531 0
under 0 1031 5 6.8170013427734375 7.414491176605225 0.6341004371643066
strong 0 1032 6 7.866216659545898 5.072386264801025 2.342104911804199
wind 0 1033 4 5.031298637390137 4.916401386260986 0.15598487854003906
shear 0 1034 5 0.16071699559688568 1.0113906860351562 3.90501070022583
until 0 1035 5 6.249868869781494 3.2255020141601562 0
it 0 1036 2 3.696091651916504 4.2775983810424805 0
dissipated 0 1037 10 2.5597567558288574 4.884054660797119 0
. 0 1038 1 2.686746120452881 4.399540424346924 0.4845142364501953
<eos> 0 1039 5 0.0 6.535326065204572e-06 4.399533889020859
<unk> 0 1040 5 4.397933483123779 5.940896987915039 0
, 0 1041 1 4.985647678375244 6.9014668464660645 0
the 0 1042 3 3.4681003093719482 6.223384857177734 0.6780819892883301
remnant 0 1043 7 7.832098007202148 6.917224884033203 0
low 0 1044 3 2.3661978244781494 5.0142951011657715 1.9029297828674316
associated 0 1045 10 11.480504035949707 5.8577704429626465 0
with 0 1046 4 0.03228321298956871 0.28854477405548096 5.5692256689071655
<unk> 0 1047 5 2.691239356994629 4.274911403656006 0
began 0 1048 5 8.894270896911621 3.9675488471984863 0.30736255645751953
to 0 1049 2 0.8809198141098022 4.027022838592529 0
show 0 1050 4 10.38339614868164 6.8869757652282715 0
signs 0 1051 5 4.763850688934326 6.02741813659668 0.8595576286315918
of 0 1052 2 0.3492238521575928 1.821547508239746 4.205870628356934
redevelopment 0 1053 13 8.842046737670898 7.378397464752197 0
during 0 1054 6 7.151512145996094 3.9928345680236816 3.3855628967285156
the 0 1055 3 0.539431095123291 2.310314893722534 1.6825196743011475
afternoon 0 1056 9 2.892307996749878 5.685352325439453 0
on 0 1057 2 7.3570709228515625 3.209651231765747 2.475701093673706
<unk> 0 1058 5 0.39093998074531555 1.6187961101531982 1.5908551216125488
<unk> 0 1059 5 0.05579395592212677 0.3882058560848236 1.2305902540683746
. 0 1060 1 0.9158613085746765 2.4345874786376953 0
<eos> 0 1061 5 0.0 1.0146940439881291e-05 2.4345773316972554
<unk> 0 1062 5 4.895886421203613 5.68159818649292 0
around 0 1063 6 14.582813262939453 6.752123832702637 0
the 0 1064 3 2.634969711303711 1.5383663177490234 5.213757514953613
system 0 1065 6 5.888669490814209 6.019864082336426 0
increased 0 1066 9 7.168770790100098 6.968780994415283 0
significantly 0 1067 13 6.014666557312012 5.406249046325684 1.5625319480895996
and 0 1068 3 4.353615760803223 4.722339630126953 0.6839094161987305
the 0 1069 3 2.6383776664733887 6.7509589195251465 0
low 0 1070 3 5.498064994812012 5.754964828491211 0.9959940910339355
was 0 1071 3 4.4618449211120605 5.996309757232666 0
no 0 1072 2 9.593660354614258 7.748264312744141 0
longer 0 1073 6 0.061192844063043594 0.4487665295600891 7.2994977831840515
exposed 0 1074 7 5.833951473236084 7.651752471923828 0
. 0 1075 1 2.9425957202911377 2.6294877529144287 5.022264719009399
<eos> 0 1076 5 2.751719648586004e-06 3.680381632875651e-05 2.6294509490981
<unk> 0 1077 5 4.725497245788574 5.883808612823486 0
<unk> 0 1078 5 5.661692142486572 6.75589656829834 0
<unk> 0 1079 5 3.112206220626831 7.0891618728637695 0
, 0 1080 1 3.955105781555176 7.740317344665527 0
wind 0 1081 4 11.177506446838379 6.065904140472412 1.6744132041931152
shear 0 1082 5 1.0481722354888916 3.9779818058013916 2.0879223346710205
took 0 1083 4 9.657814025878906 6.890821933746338 0
over 0 1084 4 3.0492262840270996 5.745053291320801 1.145768642425537
the 0 1085 3 1.2958987951278687 4.37076997756958 1.3742833137512207
system 0 1086 6 3.765132188796997 6.604182720184326 0
again 0 1087 5 9.170855522155762 4.795175552368164 1.809007167816162
. 0 1088 1 2.843921661376953 3.8684616088867188 0.9267139434814453
<eos> 0 1089 5 0.0 1.908994818222709e-05 3.8684425189385365
<unk> 0 1090 5 4.276628017425537 5.739617347717285 0
around 0 1091 6 14.373729705810547 6.817550182342529 0
the 0 1092 3 2.202401638031006 1.8309571743011475 4.986593008041382
remnant 0 1093 7 9.212974548339844 6.04922342300415 0
low 0 1094 3 1.9351681470870972 5.000666618347168 1.0485568046569824
was 0 1095 3 7.954570293426514 5.500794410705566 0
torn 0 1096 4 10.523100852966309 7.834635257720947 0
away 0 1097 4 3.621561050415039 4.223729610443115 3.610905647277832
and 0 1098 3 2.9360849857330322 4.375654220581055 0
the 0 1099 3 2.4702677726745605 7.08170223236084 0
low 0 1100 3 5.800746440887451 5.582594394683838 1.499107837677002
was 0 1101 3 4.720365047454834 6.118409156799316 0
exposed 0 1102 7 5.336367130279541 7.7061004638671875 0
once 0 1103 4 10.270184516906738 2.734860897064209 4.9712395668029785
more 0 1104 4 2.216449022293091 5.2123823165893555 0
. 0 1105 1 1.864594578742981 4.646368980407715 0.5660133361816406
<eos> 0 1106 5 0.0 1.943390816450119e-05 4.64634954649955
<unk> 0 1107 5 4.444676876068115 5.964229106903076 0
<unk> 0 1108 5 6.032261371612549 6.697025299072266 0
<unk> 0 1109 5 3.3754539489746094 7.231928825378418 0
<unk> 0 1110 5 3.6960322856903076 7.918237209320068 0
did 0 1111 3 8.833526611328125 6.809309959411621 1.1089272499084473
not 0 1112 3 0.22624385356903076 1.5946002006530762 5.214709758758545
state 0 1113 5 10.886314392089844 8.141215324401855 0
the 0 1114 3 2.7178568840026855 5.818497657775879 2.3227176666259766
chance 0 1115 6 9.79921817779541 7.272016525268555 0
of 0 1116 2 2.532613754272461 2.370513677597046 4.901502847671509
regeneration 0 1117 12 9.552197456359863 6.576866149902344 0
once 0 1118 4 11.334463119506836 4.089858055114746 2.4870080947875977
the 0 1119 3 3.027268886566162 4.884767055511475 0
low 0 1120 3 7.78845739364624 5.419182300567627 0
became 0 1121 6 5.16123628616333 5.986814975738525 0
exposed 0 1122 7 3.6894543170928955 7.176863193511963 0
. 0 1123 1 1.8027660846710205 3.7839670181274414 3.3928961753845215
<eos> 0 1124 5 0.0 1.2554678505694028e-05 3.7839544634489357
<unk> 0 1125 5 4.400912284851074 5.964681625366211 0
, 0 1126 1 5.490784168243408 6.822934150695801 0
on 0 1127 2 5.598276138305664 6.088395118713379 0.7345390319824219
<unk> 0 1128 5 0.5591610670089722 1.8463889360427856 4.242006182670593
<unk> 0 1129 5 0.05573604628443718 0.40774789452552795 1.4386410415172577
, 0 1130 1 0.14006257057189941 1.0171997547149658 0
wind 0 1131 4 15.08066177368164 7.344233512878418 0
shear 0 1132 5 1.5693100690841675 5.785444736480713 1.558788776397705
and 0 1133 3 2.6355998516082764 5.469664573669434 0.3157801628112793
dry 0 1134 3 5.210200786590576 7.930302143096924 0
air 0 1135 3 0.3531285226345062 1.9841158390045166 5.946186304092407
led 0 1136 3 12.070080757141113 6.2570672035217285 0
to 0 1137 2 0.3004908263683319 1.6689121723175049 4.588155031204224
the 0 1138 3 1.4955748319625854 4.072568416595459 0
remnants 0 1139 8 8.056143760681152 7.0303425788879395 0
of 0 1140 2 0.04791020229458809 0.422714501619339 6.6076280772686005
<unk> 0 1141 5 1.841736078262329 3.736330032348633 0
deteriorating 0 1142 13 15.59555721282959 5.594717979431152 0
into 0 1143 4 5.441616535186768 4.578909873962402 1.01580810546875
an 0 1144 2 3.990718364715576 2.6665198802948 1.9123899936676025
open 0 1145 4 6.009990215301514 3.561607837677002 0
wave 0 1146 4 11.888427734375 4.7747802734375 0
. 0 1147 1 1.127832055091858 4.135278224945068 0.6395020484924316
<eos> 0 1148 5 0.0 1.513439383415971e-05 4.135263090551234
<unk> 0 1149 5 4.257680892944336 5.8217668533325195 0
, 0 1150 1 5.883318901062012 6.664849758148193 0
on 0 1151 2 5.5365519523620605 6.186344146728516 0.47850561141967773
<unk> 0 1152 5 0.5729333162307739 1.8601479530334473 4.326196193695068
<unk> 0 1153 5 0.05735966935753822 0.40012282133102417 1.460025131702423
, 0 1154 1 0.14395081996917725 1.0260264873504639 0
the 0 1155 3 6.18274450302124 7.2285566329956055 0
remnants 0 1156 8 7.167524337768555 6.483646869659424 0.7449097633361816
of 0 1157 2 0.2287919819355011 1.7212998867034912 4.762346982955933
<unk> 0 1158 5 1.4076600074768066 2.9280381202697754 0
redeveloped 0 1159 11 11.481778144836426 6.660459518432617 0
and 0 1160 3 4.16679573059082 5.588697910308838 1.0717616081237793
global 0 1161 6 21.416086196899414 6.505849838256836 0
models 0 1162 6 10.981807708740234 5.429948806762695 1.0759010314941406
picked 0 1163 6 11.428130149841309 5.873431205749512 0
up 0 1164 2 0.7963429689407349 3.323566436767578 2.5498647689819336
on 0 1165 2 4.947967052459717 5.546311378479004 0
the 0 1166 3 2.0340428352355957 2.7257540225982666 2.8205573558807373
reformed 0 1167 8 17.876075744628906 5.976413726806641 0
system 0 1168 6 6.078013896942139 6.311144828796387 0
. 0 1169 1 0.9350849390029907 3.028505802154541 3.2826390266418457
<eos> 0 1170 5 0.0 2.0637769921449944e-05 3.0284851643846196
<unk> 0 1171 5 4.481958866119385 5.475005149841309 0
more 0 1172 4 10.770021438598633 6.625439167022705 0
, 0 1173 1 7.324364185333252 5.99946403503418 0.6259751319885254
the 0 1174 3 3.9860527515411377 6.520175933837891 0
chance 0 1175 6 12.609670639038086 7.273172378540039 0
of 0 1176 2 2.9113552570343018 2.4331037998199463 4.840068578720093
regeneration 0 1177 12 8.725714683532715 6.601034164428711 0
was 0 1178 3 4.128213882446289 4.60896110534668 1.9920730590820312
possible 0 1179 8 9.620715141296387 7.96158504486084 0
as 0 1180 2 4.912769794464111 4.089853286743164 3.871731758117676
the 0 1181 3 2.4184420108795166 3.864046335220337 0.22580695152282715
remnants 0 1182 8 6.937763690948486 4.9154253005981445 0
of 0 1183 2 1.2572565078735352 4.773367404937744 0.1420578956604004
<unk> 0 1184 5 1.6649903059005737 3.098629951477051 1.6747374534606934
headed 0 1185 6 10.989360809326172 6.457735061645508 0
towards 0 1186 7 5.365055084228516 5.221456050872803 1.236279010772705
the 0 1187 3 0.5837807655334473 1.9910248517990112 3.2304311990737915
<unk> 0 1188 5 3.2328720092773438 4.584315299987793 0
. 0 1189 1 3.941300392150879 5.379935264587402 0
<eos> 0 1190 5 0.0 1.3242603017715737e-05 5.379922021984385
<unk> 0 1191 5 4.5285139083862305 5.761131763458252 0
, 0 1192 1 5.462996006011963 6.733121871948242 0
on 0 1193 2 5.459383964538574 6.2082695960998535 0.5248522758483887
<unk> 0 1194 5 0.594908595085144 1.8912135362625122 4.317056059837341
<unk> 0 1195 5 0.05979498103260994 0.4392499327659607 1.4519636034965515
, 0 1196 1 0.1714707911014557 1.1865224838256836 0
dry 0 1197 3 13.359240531921387 7.26457405090332 0
air 0 1198 3 4.610333442687988 5.165139198303223 2.0994348526000977
and 0 1199 3 3.048327922821045 6.113080024719238 0
wind 0 1200 4 6.677193641662598 7.83926248550415 0
shear 0 1201 5 0.5004062056541443 2.908463716506958 4.930798768997192
caused 0 1202 6 3.862133264541626 6.710966110229492 0
the 0 1203 3 1.6215901374816895 5.019448757171631 1.6915173530578613
remnants 0 1204 8 7.894702434539795 6.0295329093933105 0
to 0 1205 2 3.5863170623779297 0.7576630711555481 5.2718698382377625
dissipate 0 1206 9 3.69634747505188 5.886778831481934 0
entirely 0 1207 8 14.401505470275879 3.8076725006103516 2.079106330871582
. 0 1208 1 1.5044188499450684 4.124640464782715 0
<eos> 0 1209 5 0.0 8.083161446847953e-06 4.124632381621268
= 0 1210 1 4.789340019226074 5.72130823135376 0
= 0 1211 1 0.027140118181705475 0.20545679330825806 5.515851438045502
<unk> 0 1212 5 7.838443756103516 2.1395492553710938 0
= 0 1213 1 2.159334182739258 3.901951313018799 0
= 0 1214 1 0.015855345875024796 0.13578097522258759 3.7661703377962112
<eos> 0 1215 5 22.009519577026367 4.840167045593262 0
<unk> 0 1216 5 2.06685733795166 6.571540832519531 0
<unk> 0 1217 5 4.282528877258301 5.736001968383789 0.8355388641357422
passed 0 1218 6 9.949499130249023 5.366151809692383 0.36985015869140625
to 0 1219 2 5.066782474517822 5.600135326385498 0
the 0 1220 3 0.3316211402416229 1.5046647787094116 4.095470547676086
south 0 1221 5 2.802145004272461 3.126863479614258 0
of 0 1222 2 0.7953715324401855 2.4923508167266846 0.6345126628875732
the 0 1223 3 1.6744037866592407 1.7670358419418335 0.7253149747848511
<unk> 0 1224 5 1.1828912496566772 4.600229263305664 0
<unk> 0 1225 5 3.1832873821258545 4.9085540771484375 0
islands 0 1226 7 5.567840576171875 3.3501241207122803 1.5584299564361572
on 0 1227 2 2.6550958156585693 3.492654323577881 0
<unk> 0 1228 5 0.16620951890945435 0.7756136059761047 2.717040717601776
<unk> 0 1229 5 0.016276458278298378 0.11939916759729385 0.6562144383788109
, 0 1230 1 1.5117440223693848 2.4925827980041504 0
outer 0 1231 5 17.169231414794922 4.901247501373291 0
rain 0 1232 4 14.173415184020996 4.372797012329102 0.5284504890441895
bands 0 1233 5 9.287060737609863 4.810111999511719 0
produced 0 1234 8 9.44935131072998 5.710176467895508 0
minor 0 1235 5 10.379465103149414 4.16398811340332 1.5461883544921875
rainfall 0 1236 8 3.8386623859405518 6.567304611206055 0
, 0 1237 1 2.4700326919555664 4.80024528503418 1.767059326171875
totaling 0 1238 8 9.334081649780273 6.072196960449219 0
around 0 1239 6 5.51945161819458 4.246291637420654 1.8259053230285645
<unk> 0 1240 5 0.046523381024599075 0.34416326880455017 3.902128368616104
<unk> 0 1241 5 1.2081162929534912 2.6813671588897705 0
<eos> 0 1242 5 1.9039028882980347 2.4427359104156494 0.2386312484741211
@ 0 1243 1 5.503434294951148e-06 9.063200559467077e-05 2.4426452784100547
<unk> 0 1244 5 0.0002916530938819051 0.004067497793585062 0
inches 0 1245 6 0.5915020704269409 1.935920238494873 0
( 0 1246 1 0.009182620793581009 0.07479396462440491 1.8611262738704681
<unk> 0 1247 5 0.0033075595274567604 0.037659887224435806 0.0371340773999691
mm 0 1248 2 0.12855495512485504 0.5380960702896118 0
) 0 1249 1 0.006477609276771545 0.05254217982292175 0.48555389046669006
. 0 1250 1 1.722228765487671 3.2378320693969727 0
<eos> 0 1251 5 2.751719648586004e-06 4.557468128041364e-05 3.2377864947156922
<unk> 0 1252 5 4.234055995941162 5.988018989562988 0
were 0 1253 4 7.419187068939209 6.848510265350342 0
no 0 1254 2 8.276472091674805 7.369626045227051 0
reports 0 1255 7 11.136287689208984 3.027146339416504 4.342479705810547
of 0 1256 2 0.5508729219436646 2.317321300506592 0.7098250389099121
damage 0 1257 6 4.458000659942627 6.715429782867432 0
or 0 1258 2 4.4493794441223145 4.214634895324707 2.5007948875427246
flooding 0 1259 8 4.083627700805664 7.253225326538086 0
from 0 1260 4 4.650339126586914 4.395903587341309 2.8573217391967773
the 0 1261 3 1.4289722442626953 4.340109348297119 0.05579423904418945
rain 0 1262 4 10.460684776306152 5.038906097412109 0
and 0 1263 3 3.186028242111206 3.7413368225097656 1.2975692749023438
overall 0 1264 7 10.535762786865234 7.644613742828369 0
effects 0 1265 7 7.964453220367432 6.0293073654174805 1.6153063774108887
were 0 1266 4 3.361891984939575 4.29506254196167 1.7342448234558105
minor 0 1267 5 7.178792476654053 6.685121059417725 0
. 0 1268 1 0.7204916477203369 2.241358995437622 4.4437620639801025
<eos> 0 1269 5 0.0 1.977786814677529e-05 2.2413392175694753
<unk> 0 1270 5 4.7550835609436035 6.282032489776611 0
days 0 1271 4 11.73399543762207 6.91861629486084 0
after 0 1272 5 2.7751615047454834 5.0830979347229 1.8355183601379395
the 0 1273 3 0.9549468159675598 3.4961113929748535 1.5869865417480469
low 0 1274 3 10.709402084350586 2.3773140907287598 1.1187973022460938
dissipated 0 1275 10 5.462409973144531 4.690651893615723 0
, 0 1276 1 0.8922542929649353 3.4229259490966797 1.267725944519043
the 0 1277 3 1.4264861345291138 4.350762844085693 0
remnant 0 1278 7 9.380979537963867 5.532962322235107 0
moisture 0 1279 8 3.251199960708618 5.045418739318848 0.48754358291625977
from 0 1280 4 3.8502402305603027 6.348865985870361 0
<unk> 0 1281 5 2.2369508743286133 2.7290756702423096 3.6197903156280518
brought 0 1282 7 4.260645866394043 6.315866470336914 0
showers 0 1283 7 10.231792449951172 5.94355583190918 0.3723106384277344
and 0 1284 3 2.45418119430542 3.73013973236084 2.21341609954834
thunderstorms 0 1285 13 1.3365267515182495 4.457106113433838 0
to 0 1286 2 1.2798151969909668 3.8645923137664795 0.5925137996673584
<unk> 0 1287 5 2.093231201171875 4.969517707824707 0
<unk> 0 1288 5 4.144169807434082 3.784241199493408 1.1852765083312988
where 0 1289 5 8.61269760131836 4.501219749450684 0
up 0 1290 2 11.381219863891602 5.212438583374023 0
to 0 1291 2 0.04688103124499321 0.3639962077140808 4.848442375659943
<unk> 0 1292 5 0.15890918672084808 0.9999213814735413 0
in 0 1293 2 6.012901782989502 3.9320173263549805 0
( 0 1294 1 0.05589306354522705 0.3753862977027893 3.556631028652191
<unk> 0 1295 5 0.005465047433972359 0.06560135632753372 0.3097849413752556
<unk> 0 1296 5 7.204171657562256 0.19586357474327087 0
<eos> 0 1297 5 0.10079561918973923 0.41839349269866943 0
@ 0 1298 1 5.503434294951148e-06 6.10525457886979e-05 0.41833244015288074
<unk> 0 1299 5 9.355552901979536e-05 0.0012989159440621734 0
mm 0 1300 2 0.10926539450883865 0.5132617950439453 0
) 0 1301 1 0.0004376294673420489 0.004969983361661434 0.5082918116822839
of 0 1302 2 0.8296085596084595 2.3017759323120117 0
rain 0 1303 4 0.7048785090446472 1.4964457750320435 0.8053301572799683
fell 0 1304 4 0.4601677656173706 2.1762020587921143 0
. 0 1305 1 1.1682603359222412 3.7198939323425293 0
<eos> 0 1306 5 0.0 7.911180546216201e-06 3.719886021161983
<unk> 0 1307 5 4.819582462310791 6.374215126037598 0
heavy 0 1308 5 9.686437606811523 6.739892959594727 0
rains 0 1309 5 2.071136236190796 1.6106457710266113 5.129247188568115
led 0 1310 3 7.8327436447143555 5.6545000076293945 0
to 0 1311 2 0.18552939593791962 1.0990575551986694 4.555442452430725
minor 0 1312 5 6.9180474281311035 5.089097499847412 0
street 0 1313 6 11.882837295532227 4.1287736892700195 0.9603238105773926
flooding 0 1314 8 0.9846680760383606 3.2519443035125732 0.8768293857574463
and 0 1315 3 2.6353108882904053 4.462306499481201 0
some 0 1316 4 8.56029987335205 5.3762593269348145 0
urban 0 1317 5 11.51945686340332 6.557240962982178 0
flooding 0 1318 8 1.8470112085342407 4.726622104644775 1.8306188583374023
. 0 1319 1 0.9055064916610718 3.2377429008483887 1.4888792037963867
<eos> 0 1320 5 2.751719648586004e-06 7.119905785657465e-05 3.237671701790532
<unk> 0 1321 5 4.905773639678955 6.4875006675720215 0
known 0 1322 5 13.90111255645752 7.144783973693848 0
damage 0 1323 6 11.52277946472168 3.0646629333496094 4.080121040344238
was 0 1324 3 3.718033790588379 5.345074653625488 0
caused 0 1325 6 5.828427314758301 7.189785003662109 0
by 0 1326 2 0.12178295850753784 0.7875956296920776 6.402189373970032
the 0 1327 3 1.738483190536499 5.474924564361572 0
flood 0 1328 5 6.815535068511963 6.067461967468262 0
. 0 1329 1 2.4757823944091797 5.126029968261719 0.941431999206543
<eos> 0 1330 5 2.751719648586004e-06 4.69504993816372e-05 5.125983017762337
=========================================================================================
| End of testing | test loss  3.00 | test ppl    20.10
=========================================================================================
