word sentid sentpos wlen surp entropy entred
= 0 0 1 6.364978790283203 6.618824005126953 0
<unk> 0 1 5 2.771157741546631 1.6314259767532349 4.987398028373718
<unk> 0 2 5 1.1408406496047974 5.430200576782227 0
b 0 3 1 11.138201713562012 3.0800726413726807 2.350127935409546
= 0 4 1 2.0224719047546387 2.5272159576416016 0.5528566837310791
<eos> 0 5 5 19.431739807128906 2.2009408473968506 0.326275110244751
<unk> 0 6 5 0.12073463201522827 1.0249191522598267 1.176021695137024
<unk> 0 7 5 0.7192727327346802 2.963576078414917 0
b 0 8 1 9.15202522277832 3.283050537109375 0
( 0 9 1 1.2132371664047241 3.02669620513916 0.25635433197021484
abbreviated 0 10 11 7.361502647399902 2.3626675605773926 0.6640286445617676
<unk> 0 11 5 0.33618617057800293 2.024836778640747 0.3378307819366455
<unk> 0 12 5 2.240076780319214 3.0131542682647705 0
b 0 13 1 8.26348876953125 2.5560624599456787 0.4570918083190918
, 0 14 1 4.648068904876709 3.257533073425293 0
<unk> 0 15 5 0.548467755317688 2.6702730655670166 0.5872600078582764
<unk> 0 16 5 0.6733272075653076 2.5650527477264404 0.10522031784057617
b 0 17 1 9.708298683166504 2.739583969116211 0
) 0 18 1 1.3576090335845947 2.731105089187622 0.008478879928588867
, 0 19 1 3.1315784454345703 2.1226344108581543 0.6084706783294678
occasionally 0 20 12 12.092924118041992 4.642241477966309 0
designated 0 21 10 10.26063060760498 3.1389269828796387 1.50331449508667
<unk> 0 22 5 2.747183322906494 3.9318838119506836 0
<unk> 0 23 5 1.6129233837127686 3.773228645324707 0.15865516662597656
<unk> 0 24 5 2.0339205265045166 3.113131284713745 0.6600973606109619
( 0 25 1 2.872016668319702 2.884991407394409 0.22813987731933594
to 0 26 2 8.915444374084473 4.681562423706055 0
distinguish 0 27 11 10.515881538391113 3.219381093978882 1.4621813297271729
it 0 28 2 4.4922003746032715 4.299806118011475 0
from 0 29 4 0.43817052245140076 2.1307406425476074 2.169065475463867
the 0 30 3 1.0538808107376099 3.6047449111938477 0
red 0 31 3 9.355175018310547 4.451536178588867 0
dwarf 0 32 5 5.007819652557373 2.8527779579162598 1.5987582206726074
<unk> 0 33 5 2.129941940307617 3.79372501373291 0
<unk> 0 34 5 2.410881757736206 3.767777442932129 0.02594757080078125
<unk> 0 35 5 2.591482639312744 3.2257797718048096 0.5419976711273193
) 0 36 1 0.9834656119346619 2.987135648727417 0.23864412307739258
, 0 37 1 1.2699720859527588 2.888432025909424 0.09870362281799316
also 0 38 4 5.555708408355713 2.054342746734619 0.8340892791748047
named 0 39 5 7.204746723175049 1.4884371757507324 0.5659055709838867
<unk> 0 40 5 2.0073704719543457 4.518490791320801 0
, 0 41 1 2.166114568710327 3.288059949874878 1.2304308414459229
is 0 42 2 0.6945980787277222 3.0897839069366455 0.19827604293823242
an 0 43 2 2.8751370906829834 2.0215110778808594 1.0682728290557861
<unk> 0 44 5 1.3334159851074219 5.874755382537842 0
planet 0 45 6 9.333436965942383 6.212188243865967 0
approximately 0 46 13 12.094322204589844 5.433544158935547 0.7786440849304199
<unk> 0 47 5 0.10018476843833923 0.808975875377655 4.624568283557892
light 0 48 5 5.550162315368652 2.2820560932159424 0
<unk> 0 49 5 0.381352961063385 2.001331329345703 0.28072476387023926
years 0 50 5 0.02748151496052742 0.21607278287410736 1.7852585464715958
away 0 51 4 1.9260653257369995 2.961029291152954 0
from 0 52 4 0.7930546402931213 2.2372238636016846 0.7238054275512695
the 0 53 3 1.4020742177963257 2.7239365577697754 0
<unk> 0 54 5 1.579913854598999 6.44394063949585 0
in 0 55 2 6.857077598571777 5.680663108825684 0.763277530670166
the 0 56 3 1.631986141204834 3.142631769180298 2.5380313396453857
constellation 0 57 13 5.0969438552856445 5.540401935577393 0
of 0 58 2 1.9959617853164673 1.6353423595428467 3.905059576034546
<unk> 0 59 5 0.12137573212385178 0.852239727973938 0.7831026315689087
. 0 60 1 0.9525747299194336 2.7285068035125732 0
<eos> 0 61 5 7.979774090927094e-05 0.0008782200166024268 2.727628583495971
<unk> 0 62 5 4.271385669708252 3.8043041229248047 0
planet 0 63 6 11.90932846069336 3.8804702758789062 0
orbits 0 64 6 7.820868492126465 3.7612881660461426 0.11918210983276367
the 0 65 3 2.8692169189453125 5.828948974609375 0
<unk> 0 66 5 3.0050957202911377 6.72519588470459 0
twin 0 67 4 15.822431564331055 6.482455253601074 0.24274063110351562
star 0 68 4 5.030300140380859 3.9600541591644287 2.5224010944366455
, 0 69 1 3.9727978706359863 4.63722038269043 0
<unk> 0 70 5 2.675177812576294 5.638330936431885 0
<unk> 0 71 5 0.6123408675193787 2.758915901184082 2.8794150352478027
<unk> 0 72 5 1.6000192165374756 3.3866782188415527 0
, 0 73 1 1.2746474742889404 3.34212064743042 0.04455757141113281
approximately 0 74 13 8.324796676635742 5.532131195068359 0
every 0 75 5 12.092901229858398 1.644337773323059 3.8877934217453003
five 0 76 4 7.858894348144531 5.593789577484131 0
days 0 77 4 6.723203659057617 4.863322734832764 0.7304668426513672
. 0 78 1 2.435283899307251 5.506616115570068 0
<eos> 0 79 5 3.577194729587063e-05 0.0004419277247507125 5.506174187845318
<unk> 0 80 5 3.6423778533935547 4.531945705413818 0
in 0 81 2 8.994856834411621 4.0855255126953125 0.44642019271850586
<unk> 0 82 5 2.6271133422851562 5.035846710205078 0
<unk> 0 83 5 2.5363011360168457 4.820831298828125 0.21501541137695312
by 0 84 2 11.311297416687012 4.6114301681518555 0.20940113067626953
<unk> 0 85 5 1.5249524116516113 4.754200458526611 0
<unk> 0 86 5 0.49818551540374756 2.8124852180480957 1.9417152404785156
and 0 87 3 5.328074932098389 3.763223171234131 0
<unk> 0 88 5 0.7396931648254395 3.6884307861328125 0.07479238510131836
<unk> 0 89 5 0.17379331588745117 1.2545630931854248 2.4338676929473877
<unk> 0 90 5 1.5362894535064697 3.9043467044830322 0
, 0 91 1 1.569750428199768 4.590495586395264 0
it 0 92 2 3.33752703666687 4.854031085968018 0
was 0 93 3 1.8537087440490723 3.7635817527770996 1.090449333190918
one 0 94 3 5.7451300621032715 6.4453840255737305 0
of 0 95 2 0.05510316789150238 0.488550066947937 5.9568339586257935
the 0 96 3 0.780487596988678 2.9432568550109863 0
first 0 97 5 2.649907350540161 5.348788738250732 0
hot 0 98 3 13.061249732971191 6.574402809143066 0
<unk> 0 99 5 1.0103238821029663 4.914401531219482 1.660001277923584
to 0 100 2 3.8263800144195557 5.768945217132568 0
be 0 101 2 1.426658034324646 5.26043701171875 0.5085082054138184
discovered 0 102 10 1.8193700313568115 6.088489532470703 0
. 0 103 1 2.559253215789795 4.188473701477051 1.9000158309936523
<eos> 0 104 5 0.00037160664214752614 0.003506074193865061 4.184967627283186
<unk> 0 105 5 3.0192983150482178 5.038216590881348 0
is 0 106 2 3.1845972537994385 4.6855363845825195 0.3526802062988281
also 0 107 4 4.490325450897217 5.80628776550293 0
one 0 108 3 5.687353134155273 5.431435585021973 0.37485218048095703
of 0 109 2 0.02336486242711544 0.2314717024564743 5.199963882565498
the 0 110 3 0.5607542991638184 2.454859733581543 0
first 0 111 5 3.869917869567871 5.414034366607666 0
non 0 112 3 6.779592037200928 6.346614360809326 0
<unk> 0 113 5 0.0015355035429820418 0.02038538083434105 6.326228979974985
resolved 0 114 8 18.433422088623047 5.559951305389404 0
planets 0 115 7 4.836686134338379 6.172534942626953 0
to 0 116 2 1.6646628379821777 4.015380859375 2.157154083251953
be 0 117 2 1.7579708099365234 5.3941264152526855 0
detected 0 118 8 4.803925514221191 6.579944610595703 0
directly 0 119 8 9.731261253356934 4.013720989227295 2.566223621368408
. 0 120 1 3.307806968688965 3.9946444034576416 0.01907658576965332
<eos> 0 121 5 9.355552901979536e-05 0.0010097007034346461 3.993634702754207
<unk> 0 122 5 3.1201436519622803 5.0680646896362305 0
<unk> 0 123 5 1.6663150787353516 4.646119594573975 0.42194509506225586
b 0 124 1 8.31072998046875 4.449672222137451 0.19644737243652344
is 0 125 2 1.2721294164657593 4.074549674987793 0.3751225471496582
the 0 126 3 2.100036144256592 5.039102077484131 0
innermost 0 127 9 8.298584938049316 5.933332443237305 0
known 0 128 5 8.3387451171875 6.238126277923584 0
planet 0 129 6 2.234346389770508 6.208868026733398 0.029258251190185547
in 0 130 2 2.9799530506134033 4.73834753036499 1.4705204963684082
its 0 131 3 5.386826992034912 3.323892116546631 1.4144554138183594
planetary 0 132 9 7.32780647277832 6.726768493652344 0
system 0 133 6 1.558410406112671 4.099472522735596 2.627295970916748
. 0 134 1 1.6430782079696655 2.9277889728546143 1.1716835498809814
<eos> 0 135 5 4.402688500704244e-05 0.0005364860990084708 2.927252486755606
<unk> 0 136 5 3.4810664653778076 4.710409164428711 0
<unk> 0 137 5 1.522734522819519 4.190391540527344 0.5200176239013672
<unk> 0 138 5 2.465466260910034 4.117554187774658 0.07283735275268555
the 0 139 3 9.078595161437988 4.179275989532471 0
<unk> 0 140 5 3.4285457134246826 7.529272079467773 0
<unk> 0 141 5 1.9709968566894531 6.904199600219727 0.6250724792480469
<unk> 0 142 5 1.3598337173461914 5.399716377258301 1.5044832229614258
launched 0 143 8 17.991531372070312 5.437358856201172 0
a 0 144 1 2.257061719894409 5.261318206787109 0.1760406494140625
process 0 145 7 8.533182144165039 7.531281471252441 0
for 0 146 3 5.776363372802734 4.237963676452637 3.2933177947998047
giving 0 147 6 11.931920051574707 6.085708141326904 0
proper 0 148 6 12.427711486816406 5.508576393127441 0.5771317481994629
names 0 149 5 9.639381408691406 8.97026538848877 0
to 0 150 2 1.444373607635498 3.9394912719726562 5.030774116516113
certain 0 151 7 11.510385513305664 4.787429332733154 0
<unk> 0 152 5 3.433579921722412 7.221526622772217 0
and 0 153 3 4.287424087524414 6.604922294616699 0.6166043281555176
their 0 154 5 10.647974967956543 6.529518127441406 0.07540416717529297
host 0 155 4 7.74175500869751 8.440296173095703 0
stars 0 156 5 2.3011457920074463 4.890145778656006 3.5501503944396973
. 0 157 1 1.040148377418518 3.1434202194213867 1.7467255592346191
<eos> 0 158 5 0.0005282339989207685 0.004782811738550663 3.138637407682836
<unk> 0 159 5 3.0933268070220947 5.4893479347229 0
process 0 160 7 15.705639839172363 5.400455951690674 0.08889198303222656
involved 0 161 8 10.702691078186035 6.942601680755615 0
public 0 162 6 17.915454864501953 6.480710506439209 0.46189117431640625
nomination 0 163 10 19.748857498168945 8.615931510925293 0
and 0 164 3 2.878635883331299 6.470893859863281 2.1450376510620117
voting 0 165 6 14.313682556152344 10.039334297180176 0
for 0 166 3 3.083430290222168 7.403561592102051 2.635772705078125
the 0 167 3 1.8295940160751343 6.465567588806152 0.9379940032958984
new 0 168 3 7.152169704437256 8.255011558532715 0
names 0 169 5 9.243597984313965 6.687706470489502 1.567305088043213
. 0 170 1 2.3207600116729736 4.371835231781006 2.315871238708496
<eos> 0 171 5 0.0023334643337875605 0.017506780102849007 4.354328451678157
<unk> 0 172 5 3.2436630725860596 5.436828136444092 0
<unk> 0 173 5 1.6269738674163818 5.572692394256592 0
<unk> 0 174 5 2.0051608085632324 5.18214750289917 0.3905448913574219
, 0 175 1 2.967142343521118 5.420555114746094 0
the 0 176 3 2.677274465560913 5.377105712890625 0.04344940185546875
<unk> 0 177 5 2.248396635055542 6.685379981994629 0
announced 0 178 9 10.598969459533691 5.726190090179443 0.9591898918151855
the 0 179 3 3.138227939605713 4.724277019500732 1.001913070678711
winning 0 180 7 13.639856338500977 7.772441387176514 0
name 0 181 4 2.9401299953460693 7.954672336578369 0
was 0 182 3 5.046105861663818 4.754431247711182 3.2002410888671875
<unk> 0 183 5 3.048048496246338 6.808127403259277 0
for 0 184 3 6.244521141052246 3.8596158027648926 2.9485116004943848
this 0 185 4 7.530119895935059 4.570394515991211 0
planet 0 186 6 5.647515296936035 8.318784713745117 0
. 0 187 1 1.6148428916931152 3.5416476726531982 4.777137041091919
<eos> 0 188 5 0.002250871853902936 0.017068348824977875 3.5245793238282204
<unk> 0 189 5 2.8327441215515137 5.344552516937256 0
winning 0 190 7 18.139934539794922 5.37551736831665 0
name 0 191 4 12.64139461517334 4.983484745025635 0.3920326232910156
was 0 192 3 4.162947177886963 4.205225467681885 0.77825927734375
submitted 0 193 9 9.115130424499512 7.386197566986084 0
by 0 194 2 3.5476884841918945 3.6063010692596436 3.7798964977264404
the 0 195 3 2.3480777740478516 3.1575677394866943 0.4487333297729492
<unk> 0 196 5 0.6573039293289185 4.072127342224121 0
<unk> 0 197 5 1.9567924737930298 6.900022983551025 0
<unk> 0 198 5 1.689117193222046 5.865013122558594 1.0350098609924316
of 0 199 2 6.074183940887451 6.0745978355407715 0
<unk> 0 200 5 1.0518760681152344 2.752671480178833 3.3219263553619385
and 0 201 3 3.6311275959014893 4.555577754974365 0
honours 0 202 7 20.24737548828125 5.772366523742676 0
the 0 203 3 6.117901802062988 4.877554416656494 0.8948121070861816
11th 0 204 4 13.105292320251465 6.3496503829956055 0
<unk> 0 205 5 1.69005286693573 5.489964008331299 0.8596863746643066
astronomer 0 206 10 11.009868621826172 6.201239109039307 0
<unk> 0 207 5 2.222731113433838 4.081891059875488 2.1193480491638184
al 0 208 2 10.360437393188477 4.343446731567383 0
<unk> 0 209 5 0.23784509301185608 1.2234841585159302 3.1199625730514526
<unk> 0 210 5 0.6712908744812012 2.594083547592163 0
of 0 211 2 6.629448413848877 3.8000776767730713 0
<unk> 0 212 5 0.8101869225502014 2.27935791015625 1.5207197666168213
<unk> 0 213 5 4.21450662612915 3.3075969219207764 0
. 0 214 1 2.5721588134765625 4.083805084228516 0
<eos> 0 215 5 0.0015602424973621964 0.012434606440365314 4.07137047778815
= 0 216 1 2.875916004180908 4.842447280883789 0
= 0 217 1 0.2835870683193207 1.3326363563537598 3.5098109245300293
<unk> 0 218 5 4.806426525115967 5.525629997253418 0
= 0 219 1 1.0751489400863647 4.467082977294922 1.058547019958496
= 0 220 1 0.0030873941723257303 0.03428732976317406 4.432795647531748
<eos> 0 221 5 22.282012939453125 4.543913841247559 0
<unk> 0 222 5 1.1285735368728638 5.427219390869141 0
the 0 223 3 7.775115489959717 4.546877861022949 0.8803415298461914
majority 0 224 8 10.315702438354492 7.107562065124512 0
of 0 225 2 0.19342398643493652 1.4924426078796387 5.615119457244873
known 0 226 5 10.176543235778809 3.3481645584106445 0
<unk> 0 227 5 1.9381784200668335 6.460317134857178 0
planets 0 228 7 5.270482540130615 6.119007110595703 0.3413100242614746
, 0 229 1 3.0990943908691406 5.270666122436523 0.8483409881591797
<unk> 0 230 5 3.0268917083740234 6.230927467346191 0
<unk> 0 231 5 1.3427484035491943 4.3904314041137695 1.8404960632324219
b 0 232 1 10.370172500610352 3.3873977661132812 1.0030336380004883
was 0 233 3 7.659118175506592 3.3393871784210205 0.04801058769226074
detected 0 234 8 9.702347755432129 6.476377964019775 0
by 0 235 2 2.243905782699585 4.038794994354248 2.4375829696655273
the 0 236 3 1.65205979347229 3.9801015853881836 0.05869340896606445
variations 0 237 10 16.70331573486328 5.048126220703125 0
in 0 238 2 1.4580097198486328 4.356272220611572 0.6918540000915527
its 0 239 3 5.300699234008789 5.6057000160217285 0
star 0 240 4 6.117351531982422 8.565703392028809 0
's 0 241 2 4.493016719818115 6.379065036773682 2.186638355255127
radial 0 242 6 6.021698951721191 8.46548843383789 0
velocity 0 243 8 0.12242959439754486 0.9687105417251587 7.496777892112732
caused 0 244 6 11.608746528625488 5.84625244140625 0
by 0 245 2 0.14970743656158447 1.031101107597351 4.815151333808899
the 0 246 3 1.6041730642318726 5.808969497680664 0
planet 0 247 6 6.260768413543701 8.304347038269043 0
's 0 248 2 0.6402419805526733 3.253208637237549 5.051138401031494
gravity 0 249 7 5.569941520690918 8.63682746887207 0
. 0 250 1 1.506738543510437 4.862315654754639 3.7745118141174316
<eos> 0 251 5 0.00022562358935829252 0.0022280337288975716 4.860087621025741
<unk> 0 252 5 3.239957809448242 5.577591896057129 0
variations 0 253 10 14.908852577209473 5.511809825897217 0.06578207015991211
were 0 254 4 3.566270589828491 6.083532810211182 0
detected 0 255 8 6.328741550445557 8.023143768310547 0
by 0 256 2 2.0166382789611816 3.9279117584228516 4.095232009887695
making 0 257 6 13.583924293518066 4.406637668609619 0
sensitive 0 258 9 15.885467529296875 6.1792073249816895 0
measurements 0 259 12 3.345165729522705 6.795886993408203 0
of 0 260 2 1.3963518142700195 4.602391242980957 2.193495750427246
the 0 261 3 1.094666838645935 4.722368240356445 0
<unk> 0 262 5 2.6993682384490967 7.554628372192383 0
shift 0 263 5 12.633797645568848 7.420417308807373 0.13421106338500977
of 0 264 2 3.2047054767608643 5.54730224609375 1.873115062713623
<unk> 0 265 5 3.1312646865844727 4.751328468322754 0.7959737777709961
<unk> 0 266 5 2.137099027633667 5.569796562194824 0
's 0 267 2 4.427529811859131 4.8676605224609375 0.7021360397338867
spectrum 0 268 8 7.244904041290283 8.438854217529297 0
. 0 269 1 1.8852105140686035 4.428221702575684 4.010632514953613
<eos> 0 270 5 9.355552901979536e-05 0.0010000764159485698 4.427221626159735
<unk> 0 271 5 2.988178014755249 5.785508155822754 0
planet 0 272 6 11.729538917541504 5.7362871170043945 0.049221038818359375
's 0 273 2 4.751938343048096 5.262504577636719 0.4737825393676758
existence 0 274 9 8.912187576293945 8.469762802124023 0
was 0 275 3 1.8441135883331299 5.40036153793335 3.069401264190674
announced 0 276 9 7.702020168304443 8.120322227478027 0
in 0 277 2 1.4464292526245117 3.5698060989379883 4.550516128540039
<unk> 0 278 5 0.3921094536781311 1.797674536705017 1.7721315622329712
<unk> 0 279 5 1.5321178436279297 3.6989150047302246 0
, 0 280 1 1.8371930122375488 3.8942718505859375 0
together 0 281 8 11.7487154006958 4.956363201141357 0
with 0 282 4 0.07273352891206741 0.5143066644668579 4.4420565366744995
<unk> 0 283 5 2.277479648590088 4.952181816101074 0
<unk> 0 284 5 1.2883481979370117 4.602473735809326 0.34970808029174805
b 0 285 1 9.85085678100586 4.157629489898682 0.44484424591064453
and 0 286 3 2.9335687160491943 4.529665946960449 0
the 0 287 3 4.995487689971924 2.662344455718994 1.867321491241455
planet 0 288 6 5.991532802581787 6.707996368408203 0
orbiting 0 289 8 9.752049446105957 4.140912055969238 2.567084312438965
<unk> 0 290 5 1.2751151323318481 4.571111679077148 0
<unk> 0 291 5 1.4129104614257812 4.002879619598389 0.5682320594787598
. 0 292 1 2.2826664447784424 3.809835433959961 0.19304418563842773
<eos> 0 293 5 0.0001678452972555533 0.0017095261719077826 3.808125907788053
<unk> 0 294 5 3.023423433303833 5.377187728881836 0
<unk> 0 295 5 1.5375717878341675 5.38560152053833 0
<unk> 0 296 5 1.6620526313781738 5.0200042724609375 0.3655972480773926
b 0 297 1 9.435639381408691 5.632717132568359 0
, 0 298 1 3.394625186920166 5.08110237121582 0.5516147613525391
the 0 299 3 3.7809231281280518 5.722949981689453 0
first 0 300 5 2.9446003437042236 7.067755222320557 0
<unk> 0 301 5 2.3871893882751465 6.581411361694336 0.4863438606262207
planet 0 302 6 5.548072338104248 5.890126705169678 0.6912846565246582
discovered 0 303 10 4.367817401885986 4.594115257263184 1.2960114479064941
around 0 304 6 7.234548091888428 4.5271687507629395 0.06694650650024414
a 0 305 1 4.962618350982666 2.6768717765808105 1.850296974182129
normal 0 306 6 12.246256828308105 6.90104341506958 0
star 0 307 4 3.1198699474334717 6.377577781677246 0.523465633392334
, 0 308 1 1.1106282472610474 4.028615951538086 2.34896183013916
<unk> 0 309 5 5.379091739654541 5.669483184814453 0
<unk> 0 310 5 0.9220306277275085 4.251750946044922 1.4177322387695312
b 0 311 1 8.03017807006836 4.192670822143555 0.05908012390136719
orbits 0 312 6 9.72514820098877 3.8905467987060547 0.3021240234375
very 0 313 4 11.428848266601562 6.1538214683532715 0
close 0 314 5 2.511730909347534 6.129626750946045 0.024194717407226562
to 0 315 2 0.2767077088356018 1.6811145544052124 4.4485121965408325
its 0 316 3 4.367645263671875 4.082034587860107 0
star 0 317 4 2.669390916824341 7.180473804473877 0
, 0 318 1 2.1337692737579346 4.758284568786621 2.422189235687256
closer 0 319 6 13.390704154968262 6.01758337020874 0
than 0 320 4 6.228731155395508 0.788534939289093 5.229048430919647
<unk> 0 321 5 2.0727016925811768 4.939266681671143 0
does 0 322 4 12.887199401855469 4.223730087280273 0.7155365943908691
to 0 323 2 10.39945125579834 3.3509299755096436 0.8728001117706299
our 0 324 3 13.190591812133789 7.3008904457092285 0
<unk> 0 325 5 3.8441107273101807 7.06174373626709 0.23914670944213867
. 0 326 1 2.2981655597686768 6.273680686950684 0.7880630493164062
<eos> 0 327 5 0.00024213125288952142 0.00243047415278852 6.271250212797895
<unk> 0 328 5 3.0511605739593506 5.408774375915527 0
planet 0 329 6 9.696475982666016 5.213021278381348 0.1957530975341797
takes 0 330 5 10.069731712341309 5.026866912841797 0.18615436553955078
<unk> 0 331 5 3.8477981090545654 5.599716663360596 0
<unk> 0 332 5 1.426490068435669 4.773169040679932 0.8265476226806641
<eos> 0 333 5 0.9562456011772156 2.7096049785614014 2.0635640621185303
@ 0 334 1 1.1006847671524156e-05 0.0001857293100329116 2.7094192492513685
<unk> 0 335 5 0.0014391207369044423 0.017260052263736725 0
days 0 336 4 3.126473903656006 4.197699069976807 0
to 0 337 2 2.828514814376831 4.705941200256348 0
complete 0 338 8 5.859867095947266 6.480206489562988 0
an 0 339 2 5.903548240661621 4.826671600341797 1.6535348892211914
orbit 0 340 5 1.1040515899658203 4.842950820922852 0
, 0 341 1 2.7437946796417236 5.386260032653809 0
with 0 342 4 3.6167869567871094 5.996586322784424 0
a 0 343 1 2.3698220252990723 5.411017894744873 0.5855684280395508
<unk> 0 344 5 3.4559431076049805 8.270429611206055 0
axis 0 345 4 8.652748107910156 6.176994800567627 2.0934348106384277
of 0 346 2 1.8861061334609985 5.23237419128418 0.9446206092834473
<unk> 0 347 5 0.49895885586738586 2.5822854042053223 2.6500887870788574
<unk> 0 348 5 0.42918068170547485 2.2967216968536377 0.28556370735168457
<eos> 0 349 5 0.5493208765983582 1.9199203252792358 0.37680137157440186
@ 0 350 1 2.201361166953575e-05 0.0003054088447242975 1.9196149164345115
<unk> 0 351 5 0.0008421251550316811 0.011258313432335854 0
<unk> 0 352 5 1.7593467235565186 4.4414167404174805 0
. 0 353 1 2.1832427978515625 4.459832668304443 0
<eos> 0 354 5 1.3758546629105695e-05 0.00020464483532123268 4.459628023469122
<unk> 0 355 5 3.097564458847046 5.052253723144531 0
limitation 0 356 10 22.28343963623047 4.216818332672119 0.8354353904724121
of 0 357 2 4.062802791595459 6.330080032348633 0
the 0 358 3 1.2551872730255127 5.164735794067383 1.16534423828125
radial 0 359 6 5.0657243728637695 7.275083541870117 0
velocity 0 360 8 0.11368748545646667 0.8972535133361816 6.3778300285339355
method 0 361 6 10.247875213623047 6.693681240081787 0
used 0 362 4 9.164661407470703 5.6865692138671875 1.0071120262145996
to 0 363 2 1.3593522310256958 3.8712093830108643 1.8153598308563232
detect 0 364 6 5.44089412689209 8.500016212463379 0
<unk> 0 365 5 3.2394280433654785 6.422726631164551 2.077289581298828
<unk> 0 366 5 2.119891405105591 6.445674419403076 0
b 0 367 1 7.221843242645264 6.002621173858643 0.4430532455444336
is 0 368 2 2.628776788711548 5.887150287628174 0.11547088623046875
that 0 369 4 6.8615851402282715 7.464034557342529 0
only 0 370 4 8.544194221496582 5.617199897766113 1.846834659576416
a 0 371 1 3.1043832302093506 5.223448276519775 0.3937516212463379
lower 0 372 5 9.751363754272461 6.418290615081787 0
limit 0 373 5 4.770290851593018 6.477692127227783 0
on 0 374 2 6.309251308441162 4.391204833984375 2.086487293243408
the 0 375 3 0.8312183022499084 3.987035036087036 0.40416979789733887
mass 0 376 4 5.5010271072387695 7.055184364318848 0
can 0 377 3 7.107104778289795 5.442538261413574 1.6126461029052734
be 0 378 2 0.7134665250778198 3.9963560104370117 1.4461822509765625
found 0 379 5 4.152979373931885 7.532390117645264 0
. 0 380 1 3.0488314628601074 5.056911945343018 2.475478172302246
<eos> 0 381 5 0.00036043059662915766 0.0033732764422893524 5.053538668900728
<unk> 0 382 5 3.540008306503296 5.94527530670166 0
the 0 383 3 8.411967277526855 5.750033378601074 0.19524192810058594
case 0 384 4 12.054786682128906 8.080720901489258 0
of 0 385 2 2.772270679473877 6.14896297454834 1.931757926940918
<unk> 0 386 5 1.8094584941864014 4.916525840759277 1.2324371337890625
<unk> 0 387 5 1.8419313430786133 5.9184651374816895 0
b 0 388 1 7.949365615844727 5.536628723144531 0.3818364143371582
, 0 389 1 3.3544816970825195 4.9825615882873535 0.5540671348571777
this 0 390 4 7.494441032409668 6.350148677825928 0
lower 0 391 5 12.262937545776367 7.769913196563721 0
limit 0 392 5 5.784502983093262 6.337652683258057 1.432260513305664
is 0 393 2 3.3262298107147217 4.921499252319336 1.4161534309387207
<unk> 0 394 5 3.624945878982544 7.585451126098633 0
<unk> 0 395 5 1.0994478464126587 4.331806182861328 3.2536449432373047
<eos> 0 396 5 0.40137460827827454 1.6084604263305664 2.7233457565307617
@ 0 397 1 2.4765289708739147e-05 0.0003619780472945422 1.6080984482832719
<unk> 0 398 5 0.001436371705494821 0.01808316260576248 0
% 0 399 1 4.481983184814453 4.397500991821289 0
of 0 400 2 3.040904998779297 6.301295757293701 0
the 0 401 3 0.8138080835342407 3.4619340896606445 2.8393616676330566
mass 0 402 4 2.9565646648406982 6.673360824584961 0
of 0 403 2 1.6698304414749146 5.415872097015381 1.25748872756958
<unk> 0 404 5 2.2989554405212402 3.9136557579040527 1.5022163391113281
, 0 405 1 2.6381161212921143 4.640876293182373 0
though 0 406 6 6.342711925506592 5.497113227844238 0
depending 0 407 9 14.465121269226074 5.078413009643555 0.4187002182006836
on 0 408 2 0.06354007869958878 0.4379086196422577 4.640504390001297
the 0 409 3 0.7690045833587646 3.58632493019104 0
inclination 0 410 11 6.770352840423584 8.095101356506348 0
of 0 411 2 0.8142703771591187 3.5090153217315674 4.58608603477478
the 0 412 3 0.9629859328269958 4.263348579406738 0
orbit 0 413 5 6.472548961639404 6.52154016494751 0
, 0 414 1 2.8404324054718018 5.614565849304199 0.9069743156433105
the 0 415 3 1.6922005414962769 5.021751880645752 0.5928139686584473
true 0 416 4 10.66574478149414 8.319972038269043 0
mass 0 417 4 3.6306047439575195 8.021998405456543 0.2979736328125
may 0 418 3 10.700484275817871 3.7802817821502686 4.241716623306274
be 0 419 2 1.7394599914550781 5.8408589363098145 0
much 0 420 4 6.9210524559021 7.461443901062012 0
greater 0 421 7 2.9850080013275146 4.400700569152832 3.0607433319091797
. 0 422 1 3.6874289512634277 1.4289387464523315 2.9717618227005005
<eos> 0 423 5 0.00012107070506317541 0.0012667838018387556 1.4276719626504928
<unk> 0 424 5 3.586674690246582 5.903952598571777 0
, 0 425 1 4.578929424285889 5.574257850646973 0.3296947479248047
astronomers 0 426 11 11.471291542053223 5.839974403381348 0
found 0 427 5 7.203279972076416 6.382346153259277 0
recently 0 428 8 16.17953872680664 4.8478193283081055 1.5345268249511719
that 0 429 4 5.425994873046875 8.160616874694824 0
inclination 0 430 11 12.829161643981934 5.772908687591553 2.3877081871032715
of 0 431 2 4.435032367706299 6.3428053855896 0
the 0 432 3 1.4259686470031738 4.70432186126709 1.6384835243225098
orbital 0 433 7 7.2104387283325195 6.475672721862793 0
plane 0 434 5 4.170963287353516 6.107324123382568 0.3683485984802246
is 0 435 2 3.2428319454193115 6.595153331756592 0
around 0 436 6 7.782228469848633 8.0569486618042 0
<unk> 0 437 5 0.32475546002388 1.880035161972046 6.176913499832153
<unk> 0 438 5 1.453016757965088 3.7473044395446777 0
and 0 439 3 7.090024471282959 2.0043087005615234 1.7429957389831543
the 0 440 3 3.1216447353363037 6.36597204208374 0
true 0 441 4 10.21619987487793 8.260247230529785 0
mass 0 442 4 3.932454824447632 7.467538356781006 0.7927088737487793
may 0 443 3 11.31170654296875 3.8556597232818604 3.6118786334991455
be 0 444 2 1.5015791654586792 5.0479302406311035 0
about 0 445 5 3.5307295322418213 6.677652835845947 0
<unk> 0 446 5 0.1339290887117386 0.9793431162834167 5.6983097195625305
<unk> 0 447 5 0.611504316329956 2.7870233058929443 0
<eos> 0 448 5 0.9399800896644592 2.1372132301330566 0.6498100757598877
@ 0 449 1 1.651023922022432e-05 0.0002362848026677966 2.136976945330389
<unk> 0 450 5 0.001582232303917408 0.01960141770541668 0
<unk> 0 451 5 1.818093180656433 4.1497015953063965 0
. 0 452 1 1.9152263402938843 4.119115829467773 0.030585765838623047
<eos> 0 453 5 1.926192817336414e-05 0.0002624216431286186 4.118853407824645
<unk> 0 454 5 3.453695058822632 5.518363952636719 0
is 0 455 2 3.499457359313965 4.8017754554748535 0.7165884971618652
not 0 456 3 5.207348346710205 6.295131683349609 0
to 0 457 2 8.286041259765625 7.1752495765686035 0
be 0 458 2 1.4356836080551147 5.7366766929626465 1.438572883605957
assumed 0 459 7 9.783987998962402 6.899754047393799 0
; 0 460 1 6.639512538909912 4.58281946182251 2.316934585571289
the 0 461 3 2.468986988067627 5.264221668243408 0
mutual 0 462 6 16.031553268432617 8.228601455688477 0
inclination 0 463 11 3.8103349208831787 8.624335289001465 0
between 0 464 7 5.852148532867432 3.837024450302124 4.787310838699341
c 0 465 1 12.755532264709473 4.455587387084961 0
and 0 466 3 1.232180118560791 2.615462303161621 1.8401250839233398
d 0 467 1 5.738223075866699 3.822039842605591 0
is 0 468 2 1.559577226638794 4.709799766540527 0
<unk> 0 469 5 3.6120951175689697 7.6039509773254395 0
degrees 0 470 7 8.667901992797852 4.510184288024902 3.093766689300537
. 0 471 1 2.3894968032836914 4.958790302276611 0
<eos> 0 472 5 0.00021736968483310193 0.0021813258063048124 4.9566089764703065
= 0 473 1 3.4479165077209473 5.829609394073486 0
= 0 474 1 0.08285428583621979 0.584193766117096 5.24541562795639
<unk> 0 475 5 5.29927396774292 3.6142961978912354 0
characteristics 0 476 15 8.46783447265625 5.382359027862549 0
= 0 477 1 0.08658850193023682 0.5112382173538208 4.871120810508728
= 0 478 1 1.3758546629105695e-05 0.0002343933010706678 0.5110038240527501
<eos> 0 479 5 23.585603713989258 4.985903739929199 0
<unk> 0 480 5 1.1485028266906738 5.5269341468811035 0
the 0 481 3 8.136438369750977 4.742423057556152 0.7845110893249512
planet 0 482 6 5.333827495574951 7.898667812347412 0
's 0 483 2 1.541000247001648 4.679737567901611 3.218930244445801
high 0 484 4 9.309115409851074 8.058869361877441 0
mass 0 485 4 3.992985963821411 6.145125865936279 1.913743495941162
, 0 486 1 2.656372547149658 5.515149116516113 0.629976749420166
it 0 487 2 6.27829122543335 6.887174606323242 0
is 0 488 2 0.7644835114479065 3.515753746032715 3.3714208602905273
likely 0 489 6 6.476839065551758 7.1167893409729 0
that 0 490 4 1.3912378549575806 4.065570831298828 3.0512185096740723
<unk> 0 491 5 3.0272634029388428 5.333103656768799 0
<unk> 0 492 5 1.4188127517700195 5.054227352142334 0.27887630462646484
b 0 493 1 8.74302864074707 4.459461212158203 0.5947661399841309
is 0 494 2 1.6151179075241089 4.64728307723999 0
a 0 495 1 2.246401786804199 5.977047920227051 0
gas 0 496 3 9.105314254760742 8.078641891479492 0
giant 0 497 5 2.1655848026275635 5.968923568725586 2.1097183227539062
with 0 498 4 3.9518063068389893 5.909806728363037 0.05911684036254883
no 0 499 2 5.396094799041748 5.523697853088379 0.3861088752746582
solid 0 500 5 8.22352123260498 8.042984962463379 0
surface 0 501 7 6.047890663146973 8.147730827331543 0
. 0 502 1 2.7048935890197754 7.107234001159668 1.040496826171875
<eos> 0 503 5 4.402688500704244e-05 0.000511213846039027 7.106722787313629
<unk> 0 504 5 3.4891867637634277 5.466662406921387 0
<unk> 0 505 5 1.5836615562438965 4.955407619476318 0.5112547874450684
<unk> 0 506 5 2.935776948928833 4.7386250495910645 0.2167825698852539
<unk> 0 507 5 3.1873104572296143 4.975849628448486 0
measured 0 508 8 13.287878036499023 4.7716498374938965 0.20419979095458984
the 0 509 3 2.3775665760040283 5.136573314666748 0
planet 0 510 6 5.468060493469238 7.294931888580322 0
temperature 0 511 11 10.192510604858398 2.3582546710968018 4.9366772174835205
, 0 512 1 3.8733272552490234 5.381792068481445 0
and 0 513 3 2.4476845264434814 5.90412712097168 0
found 0 514 5 9.209039688110352 6.478671073913574 0
that 0 515 4 2.067974328994751 5.075830936431885 1.4028401374816895
the 0 516 3 1.8139642477035522 5.227851390838623 0
difference 0 517 10 9.9292631149292 7.354249000549316 0
between 0 518 7 0.7684817910194397 2.798839807510376 4.55540919303894
the 0 519 3 1.16596257686615 3.88179087638855 0
two 0 520 3 2.7698397636413574 6.297041416168213 0
sides 0 521 5 11.191158294677734 5.714609622955322 0.5824317932128906
of 0 522 2 2.5854439735412598 4.519846439361572 1.19476318359375
<unk> 0 523 5 3.644634246826172 2.773793935775757 1.7460525035858154
<unk> 0 524 5 2.8316447734832764 5.407042980194092 0
b 0 525 1 8.326831817626953 5.329720973968506 0.07732200622558594
of 0 526 2 9.777665138244629 4.520601749420166 0.8091192245483398
about 0 527 5 8.50314998626709 4.254845142364502 0.26575660705566406
<unk> 0 528 5 0.10278227925300598 0.7222921252250671 3.532553017139435
<unk> 0 529 5 0.6387435793876648 2.878645658493042 0
<unk> 0 530 5 1.3787174224853516 2.2216591835021973 0.6569864749908447
degrees 0 531 7 9.060813903808594 4.922170162200928 0
<unk> 0 532 5 6.092389106750488 6.099142551422119 0
, 0 533 1 5.163824558258057 5.782564640045166 0.3165779113769531
ranging 0 534 7 10.108407020568848 6.010777950286865 0
from 0 535 4 0.1795773208141327 1.0171328783035278 4.993645071983337
minus 0 536 5 18.55461883544922 3.7103798389434814 0
<unk> 0 537 5 0.345973938703537 2.1208620071411133 1.5895178318023682
to 0 538 2 1.5230700969696045 3.5048298835754395 0
<unk> 0 539 5 0.19673162698745728 1.394057035446167 2.1107728481292725
degrees 0 540 7 6.5492658615112305 2.9209630489349365 0
to 0 541 2 4.807751655578613 4.2646918296813965 0
about 0 542 5 6.178409099578857 5.428615093231201 0
<unk> 0 543 5 0.150194451212883 1.0059806108474731 4.422634482383728
<unk> 0 544 5 1.0010325908660889 3.333116054534912 0
<unk> 0 545 5 2.2031142711639404 2.2098872661590576 1.1232287883758545
to 0 546 2 8.164299964904785 4.0524091720581055 0
<unk> 0 547 5 0.29635781049728394 1.9353259801864624 2.117083191871643
<unk> 0 548 5 0.3063245713710785 1.6406886577606201 0.2946373224258423
<unk> 0 549 5 1.1830754280090332 1.9567673206329346 0
degrees 0 550 7 8.046298027038574 4.105251312255859 0
<unk> 0 551 5 7.604748249053955 4.061176776885986 0.04407453536987305
. 0 552 1 1.8444548845291138 4.710254669189453 0
<eos> 0 553 5 1.1006847671524156e-05 0.0001473816082580015 4.710107287581195
<unk> 0 554 5 3.0393738746643066 5.517630577087402 0
temperature 0 555 11 13.122220993041992 4.639751434326172 0.8778791427612305
difference 0 556 10 10.453325271606445 6.542101860046387 0
has 0 557 3 4.763878345489502 4.708589553833008 1.833512306213379
led 0 558 3 5.998752117156982 6.025077819824219 0
to 0 559 2 0.1311909705400467 0.8992454409599304 5.125832378864288
speculation 0 560 11 9.885051727294922 5.206952095031738 0
that 0 561 4 0.5843090415000916 2.079090118408203 3.127861976623535
<unk> 0 562 5 2.856499671936035 4.939694404602051 0
<unk> 0 563 5 1.5558514595031738 5.368600845336914 0
b 0 564 1 8.337303161621094 5.156947612762451 0.2116532325744629
is 0 565 2 2.219008445739746 4.854300022125244 0.30264759063720703
tidal 0 566 5 14.010756492614746 6.190848350524902 0
locked 0 567 6 14.111509323120117 5.532350063323975 0.6584982872009277
with 0 568 4 3.9368865489959717 5.609325408935547 0
the 0 569 3 2.505326271057129 5.695694446563721 0
same 0 570 4 5.668429851531982 7.7188825607299805 0
side 0 571 4 9.546953201293945 8.532032012939453 0
always 0 572 6 16.07888412475586 5.30795955657959 3.2240724563598633
facing 0 573 6 11.861640930175781 7.836266994476318 0
<unk> 0 574 5 3.365821599960327 6.120928764343262 1.7153382301330566
<unk> 0 575 5 2.487868070602417 5.158255577087402 0.9626731872558594
<unk> 0 576 5 2.2321531772613525 5.150575637817383 0.007679939270019531
<eos> 0 577 5 5.976432800292969 5.150070667266846 0.0005049705505371094
<unk> 0 578 5 6.489001750946045 0.22731730341911316 4.9227533638477325
had 0 579 3 11.18627643585205 4.523661136627197 0
, 0 580 1 9.171313285827637 5.924414157867432 0
on 0 581 2 6.768008708953857 6.130032539367676 0
the 0 582 3 1.397134780883789 3.889209032058716 2.24082350730896
assumption 0 583 10 8.998746871948242 4.352629661560059 0
that 0 584 4 0.18406552076339722 0.7082366943359375 3.644392967224121
the 0 585 3 1.526387333869934 4.887055397033691 0
planet 0 586 6 3.5766336917877197 7.940205097198486 0
is 0 587 2 3.1701178550720215 4.97861385345459 2.9615912437438965
similar 0 588 7 8.63296890258789 7.468804359436035 0
to 0 589 2 0.3481975793838501 1.5843137502670288 5.884490609169006
<unk> 0 590 5 2.7209155559539795 4.202836036682129 0
in 0 591 2 6.1841230392456055 3.8079943656921387 0.39484167098999023
composition 0 592 11 11.431602478027344 4.588581562042236 0
and 0 593 3 4.011521816253662 2.510270357131958 2.0783112049102783
that 0 594 4 5.436086654663086 7.562014579772949 0
its 0 595 3 4.467382907867432 5.409219741821289 2.15279483795166
environment 0 596 11 12.982852935791016 8.75529956817627 0
is 0 597 2 1.277374267578125 4.8836469650268555 3.871652603149414
close 0 598 5 8.050276756286621 8.26766586303711 0
to 0 599 2 0.14640536904335022 0.9104108214378357 7.357255041599274
chemical 0 600 8 16.092710494995117 4.734503746032715 0
equilibrium 0 601 11 8.314288139343262 7.609467506408691 0
, 0 602 1 1.6786718368530273 3.5066511631011963 4.102816343307495
predicted 0 603 9 11.028100967407227 7.058188438415527 0
<unk> 0 604 5 4.019839763641357 4.893826484680176 2.1643619537353516
<unk> 0 605 5 1.9084489345550537 5.600255489349365 0
b 0 606 1 8.015658378601074 4.624339580535889 0.9759159088134766
to 0 607 2 3.188091993331909 5.1914520263671875 0
have 0 608 4 5.179096698760986 5.623979091644287 0
reflective 0 609 10 17.294519424438477 4.99841833114624 0.6255607604980469
clouds 0 610 6 9.595236778259277 8.258444786071777 0
of 0 611 2 3.64479660987854 4.403445243835449 3.854999542236328
silicates 0 612 9 10.58928394317627 7.338668346405029 0
and 0 613 3 2.2726666927337646 3.8782143592834473 3.460453987121582
iron 0 614 4 6.834454536437988 6.824467658996582 0
in 0 615 2 5.501854419708252 5.23660945892334 1.5878582000732422
its 0 616 3 4.62727165222168 4.924383163452148 0.3122262954711914
upper 0 617 5 8.079938888549805 8.278116226196289 0
atmosphere 0 618 10 1.0341798067092896 4.518454074859619 3.75966215133667
. 0 619 1 0.36348605155944824 1.7614362239837646 2.7570178508758545
<eos> 0 620 5 0.0002751460124272853 0.0026581212878227234 1.758778102695942
<unk> 0 621 5 3.079925775527954 5.58811616897583 0
cloud 0 622 5 10.981119155883789 5.760463237762451 0
deck 0 623 4 23.115888595581055 6.28368616104126 0
instead 0 624 7 12.553253173828125 6.522392272949219 0
absorbs 0 625 7 10.456997871398926 5.831135272979736 0.6912569999694824
the 0 626 3 2.737028121948242 6.707386493682861 0
sun 0 627 3 5.032892227172852 8.424741744995117 0
's 0 628 2 1.7585281133651733 5.025747299194336 3.3989944458007812
radiation 0 629 9 9.037921905517578 8.29336929321289 0
; 0 630 1 6.283871650695801 6.0764265060424805 2.21694278717041
between 0 631 7 11.629655838012695 4.775550842285156 1.3008756637573242
that 0 632 4 8.086092948913574 3.79408860206604 0.9814622402191162
and 0 633 3 5.580590724945068 6.723761558532715 0
the 0 634 3 1.8200359344482422 5.686062812805176 1.037698745727539
hot 0 635 3 10.548232078552246 7.662724018096924 0
, 0 636 1 5.093529224395752 6.945731163024902 0.7169928550720215
high 0 637 4 7.933114051818848 7.456490993499756 0
pressure 0 638 8 6.482653617858887 5.714848518371582 1.7416424751281738
gas 0 639 3 10.494728088378906 7.710084915161133 0
surrounding 0 640 11 12.078547477722168 6.924925327301025 0.7851595878601074
the 0 641 3 0.7402766346931458 3.0705323219299316 3.8543930053710938
mantle 0 642 6 6.6778178215026855 7.39876127243042 0
, 0 643 1 2.660238742828369 5.390707969665527 2.0080533027648926
exists 0 644 6 17.19057846069336 4.607485294342041 0.7832226753234863
a 0 645 1 6.650467395782471 5.800297260284424 0
stratosphere 0 646 12 15.573606491088867 8.426292419433594 0
of 0 647 2 3.4168052673339844 6.643549919128418 1.7827425003051758
cooler 0 648 6 9.672962188720703 6.731357097625732 0
gas 0 649 3 7.903783321380615 6.77633810043335 0
. 0 650 1 2.338932514190674 5.658003330230713 1.1183347702026367
<eos> 0 651 5 0.0001073131788871251 0.0011669461382552981 5.656836384092458
<unk> 0 652 5 3.4316701889038086 5.4674248695373535 0
outer 0 653 5 15.480277061462402 5.321043014526367 0.14638185501098633
shell 0 654 5 10.650867462158203 7.198061466217041 0
of 0 655 2 6.667660236358643 6.571661949157715 0.6263995170593262
dark 0 656 4 9.696676254272461 4.173961639404297 2.397700309753418
, 0 657 1 5.103181838989258 7.307675838470459 0
opaque 0 658 6 9.13000202178955 8.114004135131836 0
, 0 659 1 2.603421211242676 6.772034168243408 1.3419699668884277
hot 0 660 3 8.740241050720215 6.96940279006958 0
cloud 0 661 5 9.453335762023926 5.746793270111084 1.222609519958496
is 0 662 2 3.3757758140563965 6.940234661102295 0
assumed 0 663 7 10.612540245056152 7.629225730895996 0
to 0 664 2 0.4438720941543579 2.16937518119812 5.459850549697876
consist 0 665 7 8.220389366149902 3.187687397003174 0
of 0 666 2 0.17663854360580444 1.0887460708618164 2.0989413261413574
vanadium 0 667 8 15.700931549072266 6.75249719619751 0
and 0 668 3 2.3537724018096924 4.967770576477051 1.784726619720459
titanium 0 669 8 9.142627716064453 6.7620015144348145 0
oxides 0 670 6 9.61259651184082 4.569674491882324 2.1923270225524902
( 0 671 1 5.770669937133789 2.952550172805786 1.617124319076538
" 0 672 1 7.943204402923584 6.317605018615723 0
<unk> 0 673 5 1.4845433235168457 7.2483134269714355 0
planets 0 674 7 11.246222496032715 2.8753018379211426 4.373011589050293
" 0 675 1 0.17000418901443481 1.185458779335022 1.6898430585861206
) 0 676 1 0.2823185622692108 1.432356834411621 0
, 0 677 1 1.8475614786148071 3.265944242477417 0
but 0 678 3 4.356191158294678 5.958056926727295 0
other 0 679 5 7.389147758483887 6.580387592315674 0
compounds 0 680 9 7.610979080200195 8.774495124816895 0
like 0 681 4 7.030235290527344 5.640116214752197 3.1343789100646973
<unk> 0 682 5 1.6679222583770752 5.843438148498535 0
cannot 0 683 6 9.926566123962402 5.123380184173584 0.7200579643249512
be 0 684 2 0.7552322149276733 4.059225082397461 1.064155101776123
ruled 0 685 5 11.791175842285156 6.124354362487793 0
out 0 686 3 3.817253828048706 5.166421413421631 0.9579329490661621
yet 0 687 3 12.452193260192871 4.409299850463867 0.7571215629577637
. 0 688 1 1.389424443244934 4.94692325592041 0
<eos> 0 689 5 0.0004869726544711739 0.004408739507198334 4.942514516413212
<unk> 0 690 5 2.9806149005889893 5.9749345779418945 0
planet 0 691 6 12.515846252441406 5.683496952056885 0.29143762588500977
is 0 692 2 3.3759024143218994 5.606215476989746 0.07728147506713867
unlikely 0 693 8 12.280224800109863 6.5422539710998535 0
to 0 694 2 0.15863125026226044 1.0561038255691528 5.486150145530701
have 0 695 4 2.4470791816711426 4.344449996948242 0
large 0 696 5 10.922994613647461 5.955634117126465 0
moons 0 697 5 6.5862202644348145 7.603154182434082 0
, 0 698 1 2.0135481357574463 5.063578128814697 2.5395760536193848
since 0 699 5 8.770883560180664 4.305436611175537 0.7581415176391602
tidal 0 700 5 12.37395191192627 4.841495990753174 0
forces 0 701 6 6.073241233825684 7.354550361633301 0
would 0 702 5 5.608162879943848 5.984616279602051 1.36993408203125
either 0 703 6 9.556638717651367 5.690100193023682 0.29451608657836914
eject 0 704 5 11.665494918823242 6.52232027053833 0
them 0 705 4 5.545584678649902 5.376636028289795 1.1456842422485352
from 0 706 4 1.2938790321350098 3.8606700897216797 1.5159659385681152
orbit 0 707 5 9.680768966674805 4.414389133453369 0
or 0 708 2 2.1281380653381348 3.881483316421509 0.5329058170318604
destroy 0 709 7 11.234733581542969 8.396103858947754 0
them 0 710 4 4.31005859375 4.970191478729248 3.425912380218506
on 0 711 2 7.150782585144043 3.1434435844421387 1.8267478942871094
short 0 712 5 11.261052131652832 4.424398899078369 0
<unk> 0 713 5 2.1020944118499756 6.1102190017700195 0
compared 0 714 8 16.311113357543945 4.205286026000977 1.904932975769043
to 0 715 2 2.3490352630615234 6.567338466644287 0
the 0 716 3 1.8257650136947632 5.179896831512451 1.387441635131836
age 0 717 3 12.258931159973145 7.278172969818115 0
of 0 718 2 0.23002468049526215 1.2567517757415771 6.021421194076538
the 0 719 3 3.056023120880127 4.015523433685303 0
system 0 720 6 10.41551399230957 5.099976062774658 0
. 0 721 1 0.42163264751434326 2.271009922027588 2.8289661407470703
<eos> 0 722 5 0.00027789719752036035 0.002672026166692376 2.2683378958608955
<unk> 0 723 5 3.726008176803589 6.145374298095703 0
planet 0 724 6 10.82213306427002 6.422326564788818 0
( 0 725 1 6.320423126220703 5.713586807250977 0.7087397575378418
with 0 726 4 8.504875183105469 4.361283779144287 1.3523030281066895
<unk> 0 727 5 2.7829461097717285 5.797374248504639 0
<unk> 0 728 5 1.3021355867385864 5.170709133148193 0.6266651153564453
b 0 729 1 8.95741081237793 4.11435604095459 1.0563530921936035
) 0 730 1 0.6593623161315918 3.2053823471069336 0.9089736938476562
was 0 731 3 3.757783889770508 6.674432277679443 0
deemed 0 732 6 14.30361557006836 7.2982683181762695 0
a 0 733 1 2.852278709411621 6.882394790649414 0.41587352752685547
candidate 0 734 9 9.021136283874512 8.450193405151367 0
for 0 735 3 1.2554513216018677 3.6459619998931885 4.804231405258179
direct 0 736 6 11.611566543579102 5.54410457611084 0
imaging 0 737 7 7.360259056091309 8.532275199890137 0
by 0 738 2 3.8348581790924072 5.019524097442627 3.5127511024475098
<unk> 0 739 5 1.5884565114974976 4.840947151184082 0.17857694625854492
. 0 740 1 4.0307464599609375 4.783056259155273 0.057890892028808594
<eos> 0 741 5 0.00028615075279958546 0.0027715880423784256 4.780284671112895
<unk> 0 742 5 2.87516188621521 5.719954967498779 0
results 0 743 7 12.598151206970215 5.74169921875 0
from 0 744 4 4.153848648071289 3.417154312133789 2.324544906616211
<unk> 0 745 5 2.6677329540252686 5.043094158172607 0
studies 0 746 7 8.607421875 5.706455230712891 0
indicate 0 747 8 7.826656818389893 6.344371318817139 0
that 0 748 4 0.28369981050491333 1.5497382879257202 4.7946330308914185
the 0 749 3 1.4860689640045166 4.999905109405518 0
planet 0 750 6 4.143465042114258 8.301117897033691 0
has 0 751 3 4.322667121887207 5.07141637802124 3.229701519012451
predominately 0 752 13 16.139602661132812 5.5934014320373535 0
blue 0 753 4 10.109380722045898 8.325203895568848 0
color 0 754 5 9.103732109069824 6.665546894073486 1.6596570014953613
, 0 755 1 2.3400468826293945 6.421554088592529 0.24399280548095703
is 0 756 2 10.65281867980957 6.103069305419922 0.3184847831726074
<unk> 0 757 5 4.409322738647461 7.362960338592529 0
<unk> 0 758 5 1.7387804985046387 5.218196868896484 2.144763469696045
<eos> 0 759 5 2.2821741104125977 4.268859386444092 0.9493374824523926
@ 0 760 1 0.0006961897597648203 0.007721956353634596 4.261137430090457
<unk> 0 761 5 0.0023197277914732695 0.028078554198145866 0
times 0 762 5 2.469571828842163 4.085690975189209 0
as 0 763 2 7.5431013107299805 6.154865741729736 0
large 0 764 5 6.231682777404785 5.357767581939697 0.7970981597900391
and 0 765 3 6.401810646057129 1.4200598001480103 3.937707781791687
<unk> 0 766 5 3.951404571533203 8.262872695922852 0
<unk> 0 767 5 1.5931894779205322 5.303493499755859 2.959379196166992
<eos> 0 768 5 2.2870211601257324 4.8384809494018555 0.4650125503540039
@ 0 769 1 0.0012107655638828874 0.013751680962741375 4.824729268439114
<unk> 0 770 5 0.006298681255429983 0.06444346159696579 0
times 0 771 5 1.6722795963287354 4.431563854217529 0
as 0 772 2 4.452645778656006 6.168266296386719 0
massive 0 773 7 3.097045660018921 6.156981468200684 0.011284828186035156
as 0 774 2 0.3549419343471527 1.851012110710144 4.3059693574905396
<unk> 0 775 5 1.601423978805542 3.8917901515960693 0
, 0 776 1 3.630000591278076 3.6218485832214355 0.2699415683746338
meaning 0 777 7 6.810153961181641 5.401506423950195 0
that 0 778 4 0.481009304523468 2.376384973526001 3.0251214504241943
the 0 779 3 1.9845917224884033 4.639604091644287 0
mean 0 780 4 8.989198684692383 7.967382431030273 0
density 0 781 7 4.947937965393066 6.813790321350098 1.1535921096801758
is 0 782 2 3.170548439025879 2.605686902999878 4.20810341835022
<unk> 0 783 5 1.5898654460906982 5.574317455291748 0
/ 0 784 1 10.81042194366455 1.6959209442138672 3.878396511077881
<unk> 0 785 5 0.0703669860959053 0.5711429715156555 1.1247779726982117
. 0 786 1 1.0583014488220215 3.4833991527557373 0
<eos> 0 787 5 0.000173348089447245 0.0018084674375131726 3.481590685318224
<unk> 0 788 5 3.0283820629119873 5.395598888397217 0
has 0 789 3 4.1242265701293945 5.160626411437988 0.23497247695922852
a 0 790 1 1.5833603143692017 5.104103088378906 0.05652332305908203
geometric 0 791 9 12.438583374023438 8.064340591430664 0
albedo 0 792 6 4.659904479980469 8.63629150390625 0
of 0 793 2 0.8788533806800842 3.5739407539367676 5.062350749969482
<unk> 0 794 5 0.5383222699165344 2.558424949645996 1.0155158042907715
<unk> 0 795 5 0.37280064821243286 1.9981213808059692 0.5603035688400269
<eos> 0 796 5 0.11407813429832458 0.58986496925354 1.4082564115524292
@ 0 797 1 5.503434294951148e-06 7.481051579816267e-05 0.5897901587377419
<unk> 0 798 5 0.0006961897597648203 0.009066068567335606 0
in 0 799 2 6.672035217285156 4.40364408493042 0
visible 0 800 7 10.08997631072998 6.348741054534912 0
light 0 801 5 4.366497993469238 7.448028564453125 0
. 0 802 1 2.2038655281066895 4.930917263031006 2.517111301422119
<eos> 0 803 5 3.852359805023298e-05 0.00045980833237990737 4.930457454698626
= 0 804 1 4.1072306632995605 5.224525451660156 0
= 0 805 1 0.08257365971803665 0.5423226356506348 4.6822028160095215
<unk> 0 806 5 5.651150226593018 3.537627696990967 0
on 0 807 2 10.182136535644531 4.358193874359131 0
its 0 808 3 7.359670162200928 4.75230598449707 0
sun 0 809 3 10.924568176269531 7.912985801696777 0
= 0 810 1 0.23415507376194 1.3971669673919678 6.51581883430481
= 0 811 1 0.0023197277914732695 0.026676412671804428 1.3704905547201633
<eos> 0 812 5 23.908836364746094 5.11784553527832 0
<unk> 0 813 5 1.240659475326538 5.52505350112915 0
<unk> 0 814 5 2.0744576454162598 4.337198257446289 1.1878552436828613
b 0 815 1 9.193730354309082 4.474201202392578 0
appears 0 816 7 9.67924690246582 3.3562369346618652 1.117964267730713
to 0 817 2 1.4492027759552002 4.353962421417236 0
be 0 818 2 1.5017964839935303 3.179048538208008 1.1749138832092285
responsible 0 819 11 9.263808250427246 5.155880451202393 0
for 0 820 3 0.05467121675610542 0.3898094594478607 4.766070991754532
increased 0 821 9 11.573761940002441 5.55394172668457 0
<unk> 0 822 5 3.0894248485565186 8.213011741638184 0
activity 0 823 8 5.544682025909424 6.80649471282959 1.4065170288085938
on 0 824 2 5.161162376403809 4.694203853607178 2.112290859222412
its 0 825 3 4.993782043457031 3.794903516769409 0.8993003368377686
parent 0 826 6 6.942254543304443 7.703317642211914 0
star 0 827 4 2.2598135471343994 5.678412914276123 2.024904727935791
. 0 828 1 1.884588599205017 3.486638307571411 2.191774606704712
<eos> 0 829 5 5.228177906246856e-05 0.0006145350635051727 3.486023772507906
<unk> 0 830 5 3.4401497840881348 5.332772254943848 0
suggest 0 831 7 14.961660385131836 4.993686676025391 0.33908557891845703
that 0 832 4 0.69319748878479 2.882415771484375 2.1112709045410156
there 0 833 5 6.223790645599365 4.8735671043396 0
is 0 834 2 0.9515373706817627 2.082738161087036 2.7908289432525635
a 0 835 1 1.574097990989685 3.833198070526123 0
" 0 836 1 8.220637321472168 8.910384178161621 0
hot 0 837 3 7.210382461547852 8.900320053100586 0.010064125061035156
spot 0 838 4 5.562252044677734 8.06113338470459 0.8391866683959961
" 0 839 1 0.2898251414299011 1.8960213661193848 6.165112018585205
on 0 840 2 4.080842971801758 6.010787487030029 0
the 0 841 3 0.7510660886764526 2.920290231704712 3.0904972553253174
star 0 842 4 7.028621196746826 7.069430828094482 0
around 0 843 6 9.652462005615234 4.482814311981201 2.5866165161132812
<unk> 0 844 5 2.845874071121216 3.1101386547088623 1.3726756572723389
<unk> 0 845 5 1.5494771003723145 4.952460289001465 0
away 0 846 4 12.45161247253418 3.9553890228271484 0.9970712661743164
from 0 847 4 0.6191842555999756 2.355792999267578 1.5995960235595703
the 0 848 3 0.8522002100944519 3.301644802093506 0
sub 0 849 3 14.276409149169922 6.502414703369141 0
<unk> 0 850 5 0.08091167360544205 0.6803247928619385 5.822089910507202
planetary 0 851 9 6.907817840576172 7.368135929107666 0
point 0 852 5 10.367396354675293 6.251016139984131 1.1171197891235352
. 0 853 1 1.74625825881958 4.0546183586120605 2.1963977813720703
<eos> 0 854 5 0.0004981477395631373 0.004520011134445667 4.050098347477615
<unk> 0 855 5 3.1298463344573975 5.656242370605469 0
may 0 856 3 7.130324840545654 5.675045013427734 0
be 0 857 2 2.373784303665161 4.397284030914307 1.2777609825134277
the 0 858 3 3.065396785736084 7.395673751831055 0
result 0 859 6 6.912036418914795 6.659390926361084 0.7362828254699707
of 0 860 2 0.03951198235154152 0.3147602379322052 6.344630688428879
interactions 0 861 12 11.779492378234863 5.53582763671875 0
between 0 862 7 1.1683400869369507 2.0820388793945312 3.4537887573242188
the 0 863 3 1.2993357181549072 4.619444370269775 0
magnetic 0 864 8 11.021333694458008 6.125802516937256 0
fields 0 865 6 3.9377946853637695 2.6264710426330566 3.499331474304199
of 0 866 2 2.4820783138275146 3.5914053916931152 0
the 0 867 3 0.7089729309082031 3.0171074867248535 0.5742979049682617
planet 0 868 6 3.626756191253662 5.676987171173096 0
and 0 869 3 1.6943717002868652 3.8571033477783203 1.8198838233947754
the 0 870 3 1.217671513557434 5.155652046203613 0
star 0 871 4 5.03596305847168 8.234466552734375 0
. 0 872 1 3.5436723232269287 5.5237860679626465 2.7106804847717285
<eos> 0 873 5 0.00017609947826713324 0.0018120745662599802 5.5219739933963865
<unk> 0 874 5 3.231412410736084 5.803868293762207 0
mechanism 0 875 9 17.829917907714844 5.780671119689941 0.023197174072265625
may 0 876 3 6.117094039916992 5.490453720092773 0.29021739959716797
be 0 877 2 1.3996772766113281 4.5946526527404785 0.8958010673522949
similar 0 878 7 7.019928455352783 8.178627014160156 0
to 0 879 2 0.37864241003990173 1.7414048910140991 6.437222123146057
that 0 880 4 2.465254306793213 4.247430801391602 0
responsible 0 881 11 13.01482105255127 1.2161123752593994 3.031318426132202
for 0 882 3 0.18976981937885284 1.280084252357483 0
the 0 883 3 1.3028016090393066 5.777719974517822 0
activity 0 884 8 10.908134460449219 9.04714584350586 0
of 0 885 2 0.5282317399978638 2.791271686553955 6.255874156951904
<unk> 0 886 5 2.9667294025421143 5.458544731140137 0
<unk> 0 887 5 2.288449287414551 5.122442245483398 0.3361024856567383
<unk> 0 888 5 2.325951099395752 4.635495185852051 0.48694705963134766
variable 0 889 8 12.334675788879395 5.132784843444824 0
stars 0 890 5 0.7863763570785522 3.7587668895721436 1.3740179538726807
, 0 891 1 2.0774099826812744 3.6644632816314697 0.09430360794067383
or 0 892 2 6.347040176391602 5.583498477935791 0
the 0 893 3 4.754311561584473 7.488361358642578 0
interaction 0 894 11 7.918797969818115 8.722930908203125 0
between 0 895 7 1.3858966827392578 2.987206220626831 5.735724687576294
<unk> 0 896 5 2.7936270236968994 5.690818786621094 0
and 0 897 3 0.6288180351257324 2.530811071395874 3.1600077152252197
its 0 898 3 7.555445671081543 2.919708251953125 0
moon 0 899 4 9.711136817932129 8.261425971984863 0
<unk> 0 900 5 3.0624234676361084 6.231861591339111 2.029564380645752
. 0 901 1 1.8324077129364014 5.966229438781738 0.26563215255737305
<eos> 0 902 5 0.0005064000142738223 0.0046057309955358505 5.961623707786202
=========================================================================================
| End of testing | test loss  3.42 | test ppl    30.61
=========================================================================================
