word sentid sentpos wlen surp entropy entred
= 0 0 1 6.364978790283203 6.618824005126953 0
... 0 1 3 15.938664436340332 1.6314259767532349 4.987398028373718
<unk> 0 2 5 1.894511342048645 7.199872016906738 0
<unk> 0 3 5 2.1758406162261963 5.125351428985596 2.0745205879211426
<unk> 0 4 5 2.801640033721924 3.6138291358947754 1.5115222930908203
= 0 5 1 1.195320725440979 4.114742755889893 0
<eos> 0 6 5 18.883106231689453 2.5728397369384766 1.541903018951416
" 0 7 1 8.880799293518066 1.3890460729599 1.1837936639785767
... 0 8 3 10.364909172058105 6.423506736755371 0
<unk> 0 9 5 2.028353691101074 6.2299299240112305 0.19357681274414062
<unk> 0 10 5 1.3545269966125488 4.96465539932251 1.2652745246887207
<unk> 0 11 5 1.2440907955169678 3.7158572673797607 1.248798131942749
" 0 12 1 1.5119049549102783 3.5523629188537598 0.16349434852600098
is 0 13 2 1.5862771272659302 3.2610459327697754 0.2913169860839844
the 0 14 3 1.7996264696121216 1.658493995666504 1.6025519371032715
fifth 0 15 5 4.671749114990234 5.51696252822876 0
episode 0 16 7 0.41416725516319275 2.0961520671844482 3.4208104610443115
of 0 17 2 0.03056897595524788 0.20412945747375488 1.8920226097106934
the 0 18 3 0.06290995329618454 0.4991797208786011 0
third 0 19 5 2.8865346908569336 4.029530048370361 0
season 0 20 6 0.06263760477304459 0.34272345900535583 3.6868065893650055
of 0 21 2 0.022726424038410187 0.18416784703731537 0.15855561196804047
the 0 22 3 0.07964037358760834 0.5305631160736084 0
<unk> 0 23 5 0.28762108087539673 1.6725770235061646 0
crime 0 24 5 5.075722694396973 3.0250027179718018 0
<unk> 0 25 5 2.775439500808716 2.64913010597229 0.3758726119995117
thriller 0 26 8 0.5553691983222961 1.2667723894119263 1.3823577165603638
television 0 27 10 0.5061408281326294 1.7034862041473389 0
series 0 28 6 0.02728610299527645 0.21579809486865997 1.487688109278679
<unk> 0 29 5 2.9918899536132812 4.185277462005615 0
. 0 30 1 2.5421485900878906 4.146886348724365 0.03839111328125
<eos> 0 31 5 0.003508476074784994 0.025030037388205528 4.12185631133616
<unk> 0 32 5 6.284789562225342 2.109276056289673 0
premiered 0 33 9 5.412895202636719 4.232661724090576 0
on 0 34 2 0.6455044150352478 2.298408269882202 1.934253454208374
the 0 35 3 1.0482438802719116 2.2788355350494385 0.019572734832763672
<unk> 0 36 5 2.698333501815796 1.716294765472412 0.5625407695770264
network 0 37 7 1.6918718814849854 4.117214679718018 0
on 0 38 2 0.7763736844062805 1.3458107709884644 2.7714039087295532
<unk> 0 39 5 0.41791507601737976 1.3274651765823364 0.01834559440612793
<unk> 0 40 5 0.06269244104623795 0.3528825044631958 0.9745826721191406
, 0 41 1 0.03646039217710495 0.1977795660495758 0.15510293841362
<unk> 0 42 5 0.0020940881222486496 0.023372476920485497 0.1744070891290903
. 0 43 1 1.657387137413025 1.9875465631484985 0
<eos> 0 44 5 0.015371151268482208 0.08795467019081116 1.8995918929576874
<unk> 0 45 5 6.1108574867248535 2.979158401489258 0
episode 0 46 7 7.873936653137207 5.805782794952393 0
was 0 47 3 3.5587916374206543 5.269298553466797 0.5364842414855957
written 0 48 7 1.0019075870513916 3.392129898071289 1.8771686553955078
by 0 49 2 0.1341271847486496 0.7315388321876526 2.6605910658836365
<unk> 0 50 5 0.5005245208740234 2.289760112762451 0
<unk> 0 51 5 0.2989003658294678 1.8289817571640015 0.4607783555984497
<unk> 0 52 5 4.931392192840576 1.9388834238052368 0
, 0 53 1 3.065027952194214 2.856147050857544 0
and 0 54 3 1.2922914028167725 3.5496973991394043 0
directed 0 55 8 0.4708801507949829 2.3153774738311768 1.2343199253082275
by 0 56 2 0.005079669412225485 0.050469785928726196 2.2649076879024506
<unk> 0 57 5 0.436698317527771 2.23211407661438 0
<unk> 0 58 5 0.25231361389160156 1.596808671951294 0.6353054046630859
<unk> 0 59 5 5.349860191345215 1.3452012538909912 0.25160741806030273
. 0 60 1 0.7602733373641968 2.3482799530029297 0
" 0 61 1 4.362338542938232 0.2832433879375458 2.065036565065384
<eos> 0 62 5 1.651023922022432e-05 0.0002622496976982802 0.2829811382398475
... 0 63 3 11.284453392028809 7.496344089508057 0
<unk> 0 64 5 3.285315752029419 5.240811347961426 2.255532741546631
<unk> 0 65 5 1.9974781274795532 5.45993709564209 0
<unk> 0 66 5 2.1853532791137695 4.346551418304443 1.1133856773376465
" 0 67 1 0.6334052085876465 2.7420687675476074 1.604482650756836
featured 0 68 8 7.024994373321533 3.7202489376068115 0
guest 0 69 5 0.3019079566001892 1.7401981353759766 1.980050802230835
appearances 0 70 11 0.1972765475511551 1.0618681907653809 0.6783299446105957
by 0 71 2 0.3778884708881378 1.2666648626327515 0
the 0 72 3 5.848010063171387 2.694977045059204 0
members 0 73 7 10.514493942260742 5.849648475646973 0
of 0 74 2 0.17667703330516815 1.0682899951934814 4.781358480453491
the 0 75 3 0.40104979276657104 2.1159861087799072 0
band 0 76 4 7.845166206359863 5.9640960693359375 0
<unk> 0 77 5 2.728010892868042 5.02096700668335 0.9431290626525879
, 0 78 1 2.7477214336395264 3.891876697540283 1.1290903091430664
performing 0 79 10 10.36078929901123 4.540602207183838 0
both 0 80 4 7.862821102142334 5.3811540603637695 0
as 0 81 2 6.565975666046143 6.307473182678223 0
themselves 0 82 10 10.928293228149414 4.814754962921143 1.49271821975708
and 0 83 3 3.351468563079834 3.8073718547821045 1.007383108139038
as 0 84 2 5.521508693695068 7.573986053466797 0
minor 0 85 5 12.320402145385742 4.702024459838867 2.8719615936279297
characters 0 86 10 3.5774619579315186 6.97621488571167 0
. 0 87 1 1.7300795316696167 4.50552225112915 2.4706926345825195
<eos> 0 88 5 0.03879928961396217 0.17758043110370636 4.327941820025444
<unk> 0 89 5 2.4749884605407715 4.159192085266113 0
this 0 90 4 17.995248794555664 5.145293712615967 0
episode 0 91 7 2.0566799640655518 5.51374626159668 0
, 0 92 1 3.033977508544922 4.6999101638793945 0.8138360977172852
<unk> 0 93 5 3.0566697120666504 5.84210205078125 0
<unk> 0 94 5 1.296454668045044 4.405727386474609 1.4363746643066406
of 0 95 2 8.49373722076416 3.5274081230163574 0.878319263458252
<unk> 0 96 5 1.2074517011642456 3.4964237213134766 0.03098440170288086
agents 0 97 6 14.907096862792969 5.091067790985107 0
<unk> 0 98 5 2.7475550174713135 5.306591987609863 0
<unk> 0 99 5 0.3639207184314728 2.321676015853882 2.9849159717559814
( 0 100 1 5.033644676208496 1.7477469444274902 0.5739290714263916
<unk> 0 101 5 0.43055373430252075 2.7929253578186035 0
<unk> 0 102 5 0.4257217347621918 2.19197940826416 0.6009459495544434
) 0 103 1 0.173526331782341 0.810642421245575 1.3813369870185852
and 0 104 3 0.8006302118301392 1.5533274412155151 0
<unk> 0 105 5 0.29308879375457764 1.9888911247253418 0
<unk> 0 106 5 0.2146453559398651 1.7167389392852783 0.2721521854400635
( 0 107 1 0.24476565420627594 1.4120179414749146 0.30472099781036377
<unk> 0 108 5 0.24834845960140228 1.800381064414978 0
<unk> 0 109 5 0.19598864018917084 1.473842978477478 0.3265380859375
) 0 110 1 0.03267383575439453 0.21555861830711365 1.2582843601703644
investigate 0 111 11 8.010865211486816 5.190613269805908 0
a 0 112 1 4.3838419914245605 4.585990905761719 0.6046223640441895
series 0 113 6 5.665901184082031 9.449357986450195 0
of 0 114 2 0.02279515564441681 0.23144708573818207 9.217910900712013
murders 0 115 7 3.862391948699951 8.654468536376953 0
on 0 116 2 5.518280982971191 5.807595252990723 2.8468732833862305
the 0 117 3 1.3128920793533325 3.969594955444336 1.8380002975463867
set 0 118 3 7.945587635040283 7.5047173500061035 0
of 0 119 2 1.1921753883361816 3.7436580657958984 3.761059284210205
a 0 120 1 5.472368240356445 6.911980152130127 0
horror 0 121 6 11.766925811767578 9.033534049987793 0
film 0 122 4 2.393406867980957 5.577566146850586 3.455967903137207
— 0 123 1 8.930042266845703 5.9598164558410645 0
and 0 124 3 5.987732887268066 6.497037887573242 0
realize 0 125 7 14.131343841552734 7.516671180725098 0
that 0 126 4 0.7491453886032104 2.8835248947143555 4.633146286010742
the 0 127 3 1.8219430446624756 4.558574199676514 0
production 0 128 10 9.285436630249023 8.279211044311523 0
is 0 129 2 4.183328151702881 5.3588385581970215 2.920372486114502
based 0 130 5 6.395260334014893 6.745506286621094 0
on 0 131 2 0.1455606073141098 0.8651348948478699 5.880371391773224
a 0 132 1 2.9027836322784424 4.629291534423828 0
case 0 133 4 10.657942771911621 9.10370922088623 0
<unk> 0 134 5 6.058233261108398 5.330630302429199 3.7730789184570312
solved 0 135 6 15.53128719329834 8.413516998291016 0
several 0 136 7 11.146036148071289 7.370631694793701 1.0428853034973145
years 0 137 5 2.2768590450286865 6.25252628326416 1.118105411529541
earlier 0 138 7 1.0104819536209106 2.500995397567749 3.751530885696411
. 0 139 1 0.6755863428115845 2.261701822280884 0.23929357528686523
<eos> 0 140 5 0.04576399177312851 0.20108503103256226 2.0606167912483215
" 0 141 1 11.283458709716797 4.835153102874756 0
... 0 142 3 10.702043533325195 7.3804192543029785 0
<unk> 0 143 5 3.2485761642456055 5.5879950523376465 1.792424201965332
<unk> 0 144 5 1.9703280925750732 5.816514492034912 0
<unk> 0 145 5 1.9582961797714233 4.44176721572876 1.3747472763061523
" 0 146 1 0.8119342923164368 3.0609283447265625 1.3808388710021973
proved 0 147 6 10.75585651397705 4.88137149810791 0
a 0 148 1 3.3515703678131104 5.533967018127441 0
difficult 0 149 9 6.7757463455200195 7.9114179611206055 0
episode 0 150 7 4.3122148513793945 8.31382942199707 0
to 0 151 2 3.4960083961486816 3.972698450088501 4.341130971908569
produce 0 152 7 8.19519329071045 7.466020107269287 0
, 0 153 1 2.280254602432251 5.213545322418213 2.252474784851074
with 0 154 4 4.995275974273682 5.1540021896362305 0.05954313278198242
filming 0 155 7 10.862102508544922 5.259693622589111 0
requiring 0 156 9 13.055322647094727 7.550583362579346 0
a 0 157 1 2.4947073459625244 6.390411853790283 1.1601715087890625
large 0 158 5 7.098973274230957 8.994969367980957 0
number 0 159 6 3.1397345066070557 6.24658203125 2.748387336730957
of 0 160 2 0.0240444578230381 0.197666198015213 6.048915833234787
shots 0 161 5 7.916320323944092 8.045543670654297 0
to 0 162 2 3.186054229736328 5.147970676422119 2.8975729942321777
be 0 163 2 1.5977435111999512 6.463866233825684 0
completed 0 164 9 5.918008327484131 6.435938835144043 0.027927398681640625
and 0 165 3 4.142515659332275 3.737025499343872 2.698913335800171
the 0 166 3 3.0587966442108154 8.502340316772461 0
script 0 167 6 6.731018543243408 7.63100528717041 0.8713350296020508
to 0 168 2 8.212031364440918 5.012693881988525 2.6183114051818848
be 0 169 2 1.98353910446167 6.845613479614258 0
adjusted 0 170 8 11.003599166870117 8.001949310302734 0
on 0 171 2 6.717513084411621 3.848984479904175 4.15296483039856
short 0 172 5 11.376294136047363 5.365419387817383 0
notice 0 173 6 4.93330717086792 7.074125289916992 0
. 0 174 1 0.6366137862205505 2.9631776809692383 4.110947608947754
<eos> 0 175 5 0.01782294362783432 0.09587649255990982 2.8673011884093285
<unk> 0 176 5 2.779707431793213 5.313168048858643 0
has 0 177 3 7.773685932159424 6.501528263092041 0
evoked 0 178 6 17.08320426940918 6.355169296264648 0.14635896682739258
mixed 0 179 5 8.55672836303711 5.887583255767822 0.46758604049682617
responses 0 180 9 4.436526298522949 5.540065288543701 0.3475179672241211
from 0 181 4 1.4576644897460938 3.381852388381958 2.158212900161743
critics 0 182 7 2.611793279647827 5.486758232116699 0
, 0 183 1 1.5114495754241943 3.4398460388183594 2.04691219329834
although 0 184 8 5.428061485290527 4.8393425941467285 0
the 0 185 3 3.1289010047912598 4.908044815063477 0
guest 0 186 5 10.717894554138184 7.263408660888672 0
appearances 0 187 11 8.37985897064209 6.472484588623047 0.790924072265625
by 0 188 2 3.8031444549560547 4.860188961029053 1.6122956275939941
the 0 189 3 3.277235269546509 4.042975902557373 0.8172130584716797
members 0 190 7 10.112737655639648 6.206884384155273 0
of 0 191 2 0.614500880241394 3.0601203441619873 3.146764039993286
<unk> 0 192 5 3.4580812454223633 2.2075159549713135 0.8526043891906738
have 0 193 4 4.489368915557861 4.865412712097168 0
been 0 194 4 1.2937058210372925 5.682056903839111 0
more 0 195 4 7.7132487297058105 7.5066986083984375 0
universally 0 196 11 9.914366722106934 8.413239479064941 0
criticized 0 197 10 5.288918972015381 5.227488040924072 3.185751438140869
. 0 198 1 0.4507927894592285 1.637579321861267 3.589908719062805
<eos> 0 199 5 0.004724701400846243 0.032152533531188965 1.6054267883300781
= 0 200 1 3.6152377128601074 4.061329364776611 0
= 0 201 1 0.4492049515247345 1.818687915802002 2.2426414489746094
<unk> 0 202 5 10.734703063964844 1.579759120941162 0.23892879486083984
= 0 203 1 1.196824550628662 4.522303581237793 0
= 0 204 1 0.017410097643733025 0.15811963379383087 4.364183947443962
<eos> 0 205 5 19.929481506347656 3.995826005935669 0
<unk> 0 206 5 1.8290575742721558 6.799590110778809 0
<unk> 0 207 5 1.701279878616333 5.482649803161621 1.3169403076171875
of 0 208 2 7.1095356941223145 5.508143424987793 0
<unk> 0 209 5 0.9706700444221497 2.8901596069335938 2.617983818054199
agents 0 210 6 13.103053092956543 7.119922161102295 0
<unk> 0 211 5 1.5520787239074707 6.603783130645752 0.516139030456543
<unk> 0 212 5 0.30467620491981506 2.1537365913391113 4.450046539306641
( 0 213 1 3.463258743286133 3.106083393096924 0
<unk> 0 214 5 0.3435484766960144 2.469845771789551 0.636237621307373
<unk> 0 215 5 0.5522983074188232 2.3264615535736084 0.14338421821594238
) 0 216 1 0.4924675226211548 1.6535391807556152 0.6729223728179932
and 0 217 3 1.3875024318695068 3.6735095977783203 0
<unk> 0 218 5 0.26603659987449646 1.8959628343582153 1.777546763420105
<unk> 0 219 5 0.2076972872018814 1.6534615755081177 0.24250125885009766
( 0 220 1 0.31174540519714355 1.6744742393493652 0
<unk> 0 221 5 0.22268584370613098 1.7510751485824585 0
<unk> 0 222 5 0.2000613510608673 1.472590684890747 0.2784844636917114
) 0 223 1 0.1128234937787056 0.5973780155181885 0.8752126693725586
travel 0 224 6 9.363158226013184 5.938146114349365 0
to 0 225 2 1.7599272727966309 5.5327229499816895 0.4054231643676758
<unk> 0 226 5 0.7972580194473267 3.328970193862915 2.2037527561187744
<unk> 0 227 5 3.388967752456665 4.864657878875732 0
, 0 228 1 2.2074317932128906 4.7120513916015625 0.15260648727416992
<unk> 0 229 5 0.6015265583992004 3.1732161045074463 1.5388352870941162
<unk> 0 230 5 3.4657669067382812 3.5351102352142334 0
to 0 231 2 6.730389595031738 4.277612209320068 0
investigate 0 232 11 4.535580158233643 7.043123722076416 0
the 0 233 3 1.4687483310699463 5.160155773162842 1.8829679489135742
deaths 0 234 6 6.705530643463135 9.890759468078613 0
of 0 235 2 0.258672833442688 1.4961583614349365 8.394601106643677
film 0 236 4 14.7158842086792 4.534001350402832 0
director 0 237 8 4.629781246185303 7.458183288574219 0
<unk> 0 238 5 0.24330997467041016 1.5970423221588135 5.861140966415405
<unk> 0 239 5 0.28740084171295166 2.0351545810699463 0
( 0 240 1 0.6311900615692139 2.3178422451019287 0
<unk> 0 241 5 0.12715429067611694 1.0298513174057007 1.287990927696228
<unk> 0 242 5 0.17675143480300903 1.246341347694397 0
) 0 243 1 0.03367840498685837 0.21939854323863983 1.0269428044557571
and 0 244 3 2.6358280181884766 3.4691336154937744 0
<unk> 0 245 5 1.9133565425872803 6.7544708251953125 0
<unk> 0 246 5 1.6522634029388428 4.469221115112305 2.285249710083008
, 0 247 1 5.64066219329834 1.5686237812042236 2.900597333908081
the 0 248 3 4.15383768081665 4.847237586975098 0
leading 0 249 7 8.413753509521484 8.451580047607422 0
actress 0 250 7 4.209705829620361 8.01560115814209 0.43597888946533203
in 0 251 2 3.8126957416534424 4.2858076095581055 3.7297935485839844
his 0 252 3 6.290870666503906 4.13780403137207 0.14800357818603516
newest 0 253 6 13.68064022064209 8.496726989746094 0
film 0 254 4 2.366903781890869 7.396108150482178 1.100618839263916
. 0 255 1 1.3689090013504028 4.2331719398498535 3.162936210632324
<eos> 0 256 5 0.00859908014535904 0.0534944050014019 4.179677534848452
<unk> 0 257 5 1.10371732711792 4.5763840675354 0
the 0 258 3 11.613961219787598 3.7765488624572754 0.799835205078125
local 0 259 5 11.708558082580566 8.412647247314453 0
sheriff 0 260 7 9.157743453979492 8.821725845336914 0
guides 0 261 6 18.105615615844727 5.22663688659668 3.5950889587402344
<unk> 0 262 5 2.071148633956909 5.427888870239258 0
and 0 263 3 3.684605836868286 4.776438236236572 0.6514506340026855
<unk> 0 264 5 0.6209317445755005 3.765899419784546 1.0105388164520264
through 0 265 7 10.038856506347656 5.889456272125244 0
the 0 266 3 1.536607265472412 4.8145751953125 1.0748810768127441
murder 0 267 6 8.572721481323242 10.202691078186035 0
scene 0 268 5 5.047598361968994 4.427271842956543 5.775419235229492
, 0 269 1 2.349858045578003 4.074174880981445 0.35309696197509766
<unk> 0 270 5 4.903264999389648 6.727023124694824 0
realizes 0 271 8 10.228265762329102 6.269876480102539 0.45714664459228516
that 0 272 4 0.6129435300827026 2.647584915161133 3.6222915649414062
the 0 273 3 2.4980313777923584 4.31775426864624 0
film 0 274 4 5.3842363357543945 9.654072761535645 0
is 0 275 2 1.960999846458435 4.537143707275391 5.116929054260254
based 0 276 5 6.979386329650879 7.5979156494140625 0
on 0 277 2 0.24906395375728607 1.396066665649414 6.201848983764648
a 0 278 1 3.014444589614868 4.993142604827881 0
real 0 279 4 6.975638389587402 9.61682415008545 0
murder 0 280 6 8.637575149536133 6.796870708465576 2.819953441619873
case 0 281 4 5.237757682800293 6.145997047424316 0.6508736610412598
he 0 282 2 8.480425834655762 4.450511932373047 1.6954851150512695
investigated 0 283 12 12.470759391784668 7.353405952453613 0
thirteen 0 284 8 18.091127395629883 4.949501991271973 2.4039039611816406
years 0 285 5 0.5382672548294067 2.3948802947998047 2.554621696472168
previously 0 286 10 6.824635028839111 2.6205477714538574 0
; 0 287 1 6.176008224487305 2.33701229095459 0.2835354804992676
he 0 288 2 3.234938621520996 5.303565502166748 0
is 0 289 2 3.522144079208374 7.360457897186279 0
shocked 0 290 7 8.001087188720703 8.333025932312012 0
to 0 291 2 1.7845606803894043 3.644791841506958 4.688234090805054
learn 0 292 5 2.747490167617798 3.820564031600952 0
that 0 293 4 1.0351346731185913 3.784604072570801 0.03595995903015137
the 0 294 3 2.4479665756225586 4.312582969665527 0
true 0 295 4 10.470126152038574 8.932721138000488 0
story 0 296 5 6.0923614501953125 9.407186508178711 0
is 0 297 2 2.508617401123047 5.183770179748535 4.223416328430176
being 0 298 5 6.99529504776001 7.301385879516602 0
<unk> 0 299 5 4.6211323738098145 8.753628730773926 0
for 0 300 3 6.908847332000732 5.617414474487305 3.136214256286621
the 0 301 3 2.0587589740753174 6.198843002319336 0
screen 0 302 6 12.449923515319824 8.403987884521484 0
. 0 303 1 1.7369146347045898 5.348710536956787 3.0552773475646973
<eos> 0 304 5 0.01682409644126892 0.09190908074378967 5.256801456212997
<unk> 0 305 5 1.5697200298309326 5.026401519775391 0
pair 0 306 4 21.632387161254883 6.370340347290039 0
interview 0 307 9 11.804210662841797 7.433846950531006 0
the 0 308 3 5.425177574157715 6.79127836227417 0.6425685882568359
cast 0 309 4 7.586336135864258 8.601919174194336 0
and 0 310 3 2.998143196105957 6.078159332275391 2.5237598419189453
crew 0 311 4 0.4331568777561188 3.1493353843688965 2.928823947906494
as 0 312 2 7.266714096069336 7.228705883026123 0
suspects 0 313 8 10.856085777282715 5.71858549118042 1.5101203918457031
, 0 314 1 3.299861192703247 6.416772365570068 0
discovering 0 315 11 11.483640670776367 7.1778364181518555 0
that 0 316 4 1.6808415651321411 4.511387825012207 2.6664485931396484
many 0 317 4 9.014037132263184 4.5201287269592285 0
would 0 318 5 9.803899765014648 5.886489391326904 0
benefit 0 319 7 13.199915885925293 6.098690986633301 0
from 0 320 4 1.5239300727844238 4.724606513977051 1.37408447265625
either 0 321 6 10.632445335388184 5.860673427581787 0
of 0 322 2 4.161431312561035 7.982362270355225 0
the 0 323 3 1.5108222961425781 4.0216546058654785 3.960707664489746
deaths 0 324 6 9.945613861083984 8.844564437866211 0
— 0 325 1 8.062646865844727 4.448540687561035 4.396023750305176
producer 0 326 8 13.895246505737305 7.662777900695801 0
<unk> 0 327 5 0.49218130111694336 2.7945189476013184 4.868258953094482
<unk> 0 328 5 0.4912664294242859 3.4248154163360596 0
had 0 329 3 4.731311321258545 5.842329025268555 0
been 0 330 4 2.882660388946533 7.395822048187256 0
having 0 331 6 8.17592716217041 8.823258399963379 0
an 0 332 2 5.684630393981934 8.278775215148926 0.5444831848144531
affair 0 333 6 1.351302146911621 6.009991645812988 2.2687835693359375
with 0 334 4 1.4034335613250732 4.11472749710083 1.8952641487121582
<unk> 0 335 5 1.069496750831604 4.223584175109863 0
; 0 336 1 5.58091926574707 4.266331195831299 0
<unk> 0 337 5 2.3139729499816895 5.868921756744385 0
<unk> 0 338 5 2.6275386810302734 6.454788684844971 0
replaced 0 339 8 10.35521125793457 5.646666526794434 0.8081221580505371
<unk> 0 340 5 1.0130329132080078 3.295750379562378 2.3509161472320557
as 0 341 2 3.4089272022247314 4.287209510803223 0
director 0 342 8 5.552188873291016 4.837841510772705 0
; 0 343 1 5.276910781860352 3.444498062133789 1.393343448638916
<unk> 0 344 5 1.4223790168762207 5.290395736694336 0
<unk> 0 345 5 1.5559463500976562 5.502053737640381 0
and 0 346 3 4.28692626953125 4.964920997619629 0.537132740020752
<unk> 0 347 5 0.4539915919303894 3.0679078102111816 1.8970131874084473
<unk> 0 348 5 0.4096214175224304 2.8825459480285645 0.1853618621826172
, 0 349 1 2.5239293575286865 4.179889678955078 0
whose 0 350 5 7.755406379699707 4.38599157333374 0
roles 0 351 5 6.758533000946045 9.428677558898926 0
in 0 352 2 4.460065841674805 4.1038594245910645 5.324818134307861
the 0 353 3 1.073013424873352 4.538679599761963 0
film 0 354 4 1.0353355407714844 4.824622631072998 0
will 0 355 4 8.810036659240723 5.058426380157471 0
expand 0 356 6 11.810409545898438 5.0481061935424805 0.010320186614990234
without 0 357 7 10.505465507507324 5.665160179138184 0
<unk> 0 358 5 3.161043882369995 8.297158241271973 0
; 0 359 1 5.087386131286621 5.305414199829102 2.991744041442871
and 0 360 3 2.911498546600342 5.252167701721191 0.053246498107910156
<unk> 0 361 5 1.4294620752334595 5.499469757080078 0
<unk> 0 362 5 1.638288974761963 4.752652645111084 0.7468171119689941
, 0 363 1 2.2145819664001465 5.124551296234131 0
a 0 364 1 3.8359272480010986 5.433339595794678 0
method 0 365 6 14.446107864379883 8.212310791015625 0
actor 0 366 5 12.479728698730469 5.1851911544799805 3.0271196365356445
<unk> 0 367 5 3.9455132484436035 5.246685028076172 0
the 0 368 3 10.40877628326416 5.319005489349365 0
opportunity 0 369 11 8.414559364318848 8.276726722717285 0
to 0 370 2 0.4488939046859741 1.8416666984558105 6.435060024261475
meet 0 371 4 8.890395164489746 8.011425018310547 0
<unk> 0 372 5 2.3333916664123535 5.36767053604126 2.643754482269287
, 0 373 1 3.3551077842712402 4.841074466705322 0.5265960693359375
whose 0 374 5 8.24182415008545 6.362834930419922 0
role 0 375 4 5.361050128936768 9.610129356384277 0
he 0 376 2 6.2445878982543945 4.343285083770752 5.266844272613525
plays 0 377 5 8.64366626739502 7.31780481338501 0
. 0 378 1 5.705227375030518 4.859403610229492 2.4584012031555176
<eos> 0 379 5 0.05064813420176506 0.21911340951919556 4.640290200710297
<unk> 0 380 5 1.5020511150360107 5.176639080047607 0
questioned 0 381 10 13.798818588256836 5.97083044052124 0
is 0 382 2 14.624495506286621 4.214505672454834 1.7563247680664062
<unk> 0 383 5 5.40282678604126 7.150661468505859 0
<unk> 0 384 5 3.7254552841186523 3.3625895977020264 3.788071870803833
, 0 385 1 3.6584534645080566 3.642487049102783 0
the 0 386 3 4.753523349761963 4.322587966918945 0
man 0 387 3 7.965048789978027 8.058365821838379 0
whose 0 388 5 6.2002854347229 2.653172016143799 5.40519380569458
partner 0 389 7 10.430566787719727 9.405463218688965 0
was 0 390 3 2.5591418743133545 5.27210807800293 4.133355140686035
murdered 0 391 8 8.356566429138184 6.619950771331787 0
in 0 392 2 2.163867950439453 3.959092855453491 2.660857915878296
the 0 393 3 1.7519198656082153 3.986579418182373 0
earlier 0 394 7 9.58439826965332 6.6797943115234375 0
case 0 395 4 9.121978759765625 5.411684036254883 1.2681102752685547
and 0 396 3 5.244256019592285 3.6951794624328613 1.7165045738220215
who 0 397 3 10.052363395690918 7.802464008331299 0
is 0 398 2 4.357830047607422 6.412909030914307 1.3895549774169922
campaigning 0 399 11 16.708707809448242 8.047774314880371 0
against 0 400 7 4.345044136047363 4.106711387634277 3.9410629272460938
what 0 401 4 9.806607246398926 4.604610443115234 0
he 0 402 2 1.2859666347503662 4.093564033508301 0.5110464096069336
sees 0 403 4 6.261065483093262 6.2075700759887695 0
as 0 404 2 1.9381481409072876 4.391375541687012 1.8161945343017578
a 0 405 1 2.0887322425842285 5.1163506507873535 0
disrespectful 0 406 13 14.466165542602539 8.976881980895996 0
production 0 407 10 11.91909122467041 8.901501655578613 0.07538032531738281
. 0 408 1 1.5425164699554443 4.276197910308838 4.625303745269775
<eos> 0 409 5 0.048675112426280975 0.21156707406044006 4.064630836248398
<unk> 0 410 5 1.515350103378296 4.82476282119751 0
production 0 411 10 14.725460052490234 5.98133659362793 0
continues 0 412 9 9.540307998657227 7.089221477508545 0
, 0 413 1 5.485678195953369 3.920912742614746 3.168308734893799
and 0 414 3 2.7957472801208496 6.2925004959106445 0
after 0 415 5 6.631750106811523 6.5525126457214355 0
the 0 416 3 2.254488945007324 5.947200775146484 0.6053118705749512
filming 0 417 7 7.344542503356934 7.5652899742126465 0
of 0 418 2 0.571584939956665 3.0271544456481934 4.538135528564453
a 0 419 1 4.233724594116211 4.117913246154785 0
pool 0 420 4 14.32137680053711 8.246321678161621 0
scene 0 421 5 6.424348831176758 6.035933494567871 2.21038818359375
the 0 422 3 9.222994804382324 4.699606418609619 1.336327075958252
crew 0 423 4 8.704619407653809 7.730785846710205 0
gather 0 424 6 14.546575546264648 8.14926815032959 0
in 0 425 2 3.7729814052581787 6.564183712005615 1.5850844383239746
catering 0 426 8 18.47978401184082 5.5050530433654785 1.0591306686401367
; 0 427 1 7.50858211517334 5.194616794586182 0.3104362487792969
<unk> 0 428 5 2.211266279220581 5.882896423339844 0
discovers 0 429 9 9.59317684173584 6.753468990325928 0
a 0 430 1 4.573473930358887 3.71368408203125 3.0397849082946777
severed 0 431 7 14.807295799255371 10.020721435546875 0
finger 0 432 6 9.263310432434082 9.09883975982666 0.9218816757202148
in 0 433 2 3.418262481689453 6.317010879516602 2.7818288803100586
his 0 434 3 3.539151191711426 4.26657247543335 2.050438404083252
sandwich 0 435 8 18.588245391845703 7.797050952911377 0
, 0 436 1 2.2961294651031494 5.71726131439209 2.079789638519287
recognizing 0 437 11 16.167144775390625 6.09994649887085 0
from 0 438 4 12.669877052307129 4.727584362030029 1.3723621368408203
its 0 439 3 8.496109008789062 4.292459487915039 0.43512487411499023
ring 0 440 4 15.866015434265137 10.502359390258789 0
that 0 441 4 4.716722011566162 7.446962833404541 3.055396556854248
it 0 442 2 4.267276287078857 5.286085605621338 2.160877227783203
belonged 0 443 8 10.735113143920898 5.164647102355957 0.12143850326538086
to 0 444 2 0.12521164119243622 0.895856499671936 4.268790602684021
<unk> 0 445 5 2.5840117931365967 4.7577080726623535 0
. 0 446 1 1.4982056617736816 4.226853847503662 0.5308542251586914
<eos> 0 447 5 0.014160295948386192 0.08032325655221939 4.146530590951443
<unk> 0 448 5 1.8848679065704346 5.1856770515441895 0
the 0 449 3 10.494593620300293 6.915736198425293 0
sheriff 0 450 7 11.883135795593262 8.61591625213623 0
shuts 0 451 5 16.146854400634766 5.34254264831543 3.273373603820801
down 0 452 4 1.4759330749511719 3.962207794189453 1.3803348541259766
production 0 453 10 12.182549476623535 4.409971714019775 0
, 0 454 1 3.044863224029541 5.500464916229248 0
<unk> 0 455 5 5.620545864105225 6.347628593444824 0
<unk> 0 456 5 2.7975757122039795 6.034029960632324 0.3135986328125
that 0 457 4 7.990008354187012 6.650024890899658 0
the 0 458 3 2.544078826904297 5.3444671630859375 1.3055577278137207
killer 0 459 6 10.19462776184082 9.206904411315918 0
may 0 460 3 7.657495975494385 6.521399021148682 2.6855053901672363
target 0 461 6 13.823190689086914 6.172207832336426 0.34919118881225586
the 0 462 3 2.3530969619750977 4.954191207885742 1.2180166244506836
crew 0 463 4 7.138905048370361 9.945228576660156 0
's 0 464 2 4.589123249053955 5.431268692016602 4.513959884643555
hotel 0 465 5 10.89834976196289 10.153573989868164 0
; 0 466 1 6.3556365966796875 5.934056282043457 4.219517707824707
he 0 467 2 3.171186685562134 5.605579853057861 0.3284764289855957
and 0 468 3 5.848855018615723 7.47274923324585 0
<unk> 0 469 5 0.6915518641471863 3.3977530002593994 4.07499623298645
arrive 0 470 6 7.517199516296387 7.713626384735107 0
to 0 471 2 3.9226765632629395 4.364903450012207 3.3487229347229004
find 0 472 4 3.979412794113159 7.765395164489746 0
the 0 473 3 2.625565528869629 5.7852888107299805 1.9801063537597656
body 0 474 4 9.24446964263916 10.288289070129395 0
of 0 475 2 1.9236781597137451 6.1496477127075195 4.138641357421875
the 0 476 3 1.248961329460144 4.3559346199035645 1.793713092803955
film 0 477 4 5.312781810760498 9.359545707702637 0
's 0 478 2 3.0466601848602295 5.942754745483398 3.4167909622192383
publicist 0 479 9 15.750064849853516 10.113143920898438 0
hanging 0 480 7 16.380970001220703 3.5071263313293457 6.606017589569092
from 0 481 4 4.304025173187256 5.823633670806885 0
a 0 482 1 2.5211942195892334 4.470414161682129 1.3532195091247559
rope 0 483 4 9.258113861083984 9.945035934448242 0
. 0 484 1 1.888941764831543 5.695425033569336 4.249610900878906
<eos> 0 485 5 0.006196964997798204 0.0405387282371521 5.654886305332184
<unk> 0 486 5 2.2873265743255615 5.509232997894287 0
next 0 487 4 11.841694831848145 7.215452194213867 0
day 0 488 3 7.531455993652344 7.833890438079834 0
, 0 489 1 1.32613205909729 5.179961204528809 2.6539292335510254
a 0 490 1 4.8883137702941895 5.195131301879883 0
film 0 491 4 6.449653625488281 9.249777793884277 0
extra 0 492 5 13.93120002746582 8.301517486572266 0.9482603073120117
( 0 493 1 7.764511585235596 8.311214447021484 0
<unk> 0 494 5 0.6034265756607056 3.6702611446380615 4.640953302383423
<unk> 0 495 5 1.4741733074188232 2.3944010734558105 1.275860071182251
) 0 496 1 0.29558172821998596 1.463033676147461 0.9313673973083496
confesses 0 497 9 13.549027442932129 5.882636070251465 0
to 0 498 2 1.670715093612671 3.63625431060791 2.2463817596435547
the 0 499 3 2.053009271621704 4.8452935218811035 0
killings 0 500 8 15.562312126159668 8.656574249267578 0
; 0 501 1 6.640783786773682 4.685753345489502 3.970820903778076
<unk> 0 502 5 2.2154791355133057 5.429844379425049 0
<unk> 0 503 5 2.6166954040527344 7.012824058532715 0
holes 0 504 5 21.319839477539062 5.57632303237915 1.4365010261535645
in 0 505 2 2.4748620986938477 6.621816158294678 0
his 0 506 3 4.206490516662598 5.5031280517578125 1.1186881065368652
story 0 507 5 10.725582122802734 9.219396591186523 0
and 0 508 3 2.720268964767456 5.2361369132995605 3.983259677886963
discovers 0 509 9 10.643381118774414 8.619935989379883 0
he 0 510 2 4.7632246017456055 3.827680826187134 4.792255163192749
is 0 511 2 1.8411993980407715 5.5047101974487305 0
not 0 512 3 4.499668598175049 8.700758934020996 0
a 0 513 1 3.8909409046173096 8.68339729309082 0.01736164093017578
credible 0 514 8 10.988255500793457 9.23865795135498 0
perpetrator 0 515 11 11.244171142578125 8.532151222229004 0.7065067291259766
. 0 516 1 0.9339979290962219 2.957839250564575 5.574311971664429
<eos> 0 517 5 0.005054990760982037 0.03407033160328865 2.9237689189612865
<unk> 0 518 5 1.7671794891357422 5.234242916107178 0
, 0 519 1 4.23988676071167 7.108604907989502 0
production 0 520 10 16.950546264648438 5.785702705383301 1.3229022026062012
is 0 521 2 8.329573631286621 5.149290084838867 0.6364126205444336
resumed 0 522 7 15.312217712402344 8.48703384399414 0
— 0 523 1 10.644922256469727 4.607765197753906 3.8792686462402344
and 0 524 3 2.8180527687072754 6.969400405883789 0
shortly 0 525 7 10.746674537658691 7.079329967498779 0
afterwards 0 526 10 2.4242234230041504 1.9187047481536865 5.160625219345093
, 0 527 1 1.6531673669815063 4.853071689605713 0
several 0 528 7 9.588933944702148 4.780426502227783 0.07264518737792969
crew 0 529 4 9.983421325683594 8.266955375671387 0
members 0 530 7 0.2524045705795288 2.0631930828094482 6.2037622928619385
are 0 531 3 3.496657609939575 7.278210639953613 0
found 0 532 5 5.61250114440918 8.101831436157227 0
with 0 533 4 6.550739288330078 5.733823299407959 2.3680081367492676
their 0 534 5 4.763011455535889 6.049832344055176 0
throats 0 535 7 11.448944091796875 9.987994194030762 0
cut 0 536 3 11.819328308105469 4.224349498748779 5.763644695281982
, 0 537 1 4.769391059875488 4.815004348754883 0
while 0 538 5 4.45533561706543 6.17702579498291 0
<unk> 0 539 5 1.675669550895691 5.018726825714111 1.1582989692687988
's 0 540 2 3.8002126216888428 6.709475994110107 0
body 0 541 4 5.051299571990967 10.01746654510498 0
hangs 0 542 5 9.110163688659668 6.455629348754883 3.5618371963500977
nearby 0 543 6 10.099363327026367 5.746908187866211 0.7087211608886719
in 0 544 2 4.728430271148682 3.0548834800720215 2.6920247077941895
an 0 545 2 4.855605602264404 4.083568572998047 0
apparent 0 546 8 10.458257675170898 7.101313591003418 0
murder 0 547 6 8.529891967773438 9.028039932250977 0
<unk> 0 548 5 6.665839672088623 3.646446943283081 5.3815929889678955
suicide 0 549 7 11.085265159606934 8.099227905273438 0
. 0 550 1 2.700730323791504 7.498040676116943 0.6011872291564941
<eos> 0 551 5 0.008285503834486008 0.051895126700401306 7.446145549416542
<unk> 0 552 5 2.0793774127960205 5.4941511154174805 0
doubts 0 553 6 14.764942169189453 6.839280128479004 0
that 0 554 4 2.9543111324310303 4.703597068786621 2.135683059692383
<unk> 0 555 5 1.6005420684814453 4.011806488037109 0.6917905807495117
is 0 556 2 2.0857410430908203 5.235398292541504 0
the 0 557 3 4.526429176330566 8.301959991455078 0
killer 0 558 6 4.803946018218994 8.182300567626953 0.119659423828125
, 0 559 1 1.626410961151123 4.7820963859558105 3.4002041816711426
and 0 560 3 1.791859745979309 4.514462947845459 0.26763343811035156
while 0 561 5 9.296308517456055 6.872426509857178 0
<unk> 0 562 5 2.050520181655884 5.85532808303833 1.0170984268188477
stays 0 563 5 9.810717582702637 6.849156856536865 0
in 0 564 2 2.305717706680298 5.793675899505615 1.05548095703125
the 0 565 3 1.4096812009811401 4.745290756225586 1.0483851432800293
hotel 0 566 5 5.786352157592773 8.611825942993164 0
, 0 567 1 1.0284905433654785 4.267405986785889 4.344419956207275
he 0 568 2 2.025876998901367 4.512422561645508 0
visits 0 569 6 9.165345191955566 7.589623928070068 0
the 0 570 3 2.2078003883361816 4.14808988571167 3.4415340423583984
production 0 571 10 12.394594192504883 9.356318473815918 0
's 0 572 2 6.8595404624938965 6.372405529022217 2.983912944793701
climactic 0 573 9 12.579753875732422 10.416367530822754 0
shoot 0 574 5 6.302408695220947 9.376250267028809 1.0401172637939453
, 0 575 1 3.0028514862060547 4.619483947753906 4.756766319274902
set 0 576 3 11.215241432189941 7.058753967285156 0
during 0 577 6 8.187480926513672 4.781675338745117 2.277078628540039
a 0 578 1 2.4239206314086914 2.7978224754333496 1.9838528633117676
performance 0 579 11 8.390874862670898 9.467684745788574 0
by 0 580 2 3.3211004734039307 4.401564598083496 5.066120147705078
the 0 581 3 2.847245693206787 4.0457587242126465 0.3558058738708496
band 0 582 4 8.012410163879395 7.940904140472412 0
<unk> 0 583 5 3.864058017730713 5.6280741691589355 2.3128299713134766
. 0 584 1 2.0952796936035156 5.009842395782471 0.6182317733764648
<eos> 0 585 5 0.009677950292825699 0.05895537883043289 4.950887016952038
<unk> 0 586 5 1.9247527122497559 5.168617248535156 0
he 0 587 2 14.951577186584473 6.830057144165039 0
looks 0 588 5 8.053301811218262 7.328034400939941 0
around 0 589 6 6.358067989349365 6.295971393585205 1.0320630073547363
him 0 590 3 4.305800437927246 5.115440845489502 1.1805305480957031
, 0 591 1 1.9677414894104004 4.781343460083008 0.33409738540649414
the 0 592 3 7.351321220397949 6.079054832458496 0
sheriff 0 593 7 10.20234489440918 10.016741752624512 0
's 0 594 2 3.413755178451538 6.9764323234558105 3.040309429168701
body 0 595 4 4.207796573638916 9.589781761169434 0
is 0 596 2 3.38316011428833 5.984165191650391 3.605616569519043
thrown 0 597 6 5.623974323272705 9.111542701721191 0
down 0 598 4 4.660773754119873 4.463193893432617 4.648348808288574
from 0 599 4 5.241999626159668 4.384382724761963 0.0788111686706543
the 0 600 3 1.0215755701065063 3.760300874710083 0.6240818500518799
rafters 0 601 7 10.73927116394043 9.366143226623535 0
; 0 602 1 5.968317985534668 3.658801555633545 5.70734167098999
as 0 603 2 6.820679187774658 5.507418155670166 0
the 0 604 3 2.6248157024383545 4.652186393737793 0.855231761932373
<unk> 0 605 5 3.45434308052063 9.124484062194824 0
settles 0 606 7 13.83077621459961 9.552444458007812 0
, 0 607 1 2.590296745300293 5.180189609527588 4.372254848480225
<unk> 0 608 5 1.8638942241668701 4.592335224151611 0.5878543853759766
realizes 0 609 8 7.5037431716918945 7.883213996887207 0
that 0 610 4 0.7462232112884521 2.8491973876953125 5.0340166091918945
horror 0 611 6 15.952581405639648 4.163787841796875 0
films 0 612 5 6.56227445602417 6.649919509887695 0
end 0 613 3 12.56663703918457 5.454205513000488 1.195713996887207
with 0 614 4 3.2048678398132324 4.473793983459473 0.9804115295410156
the 0 615 3 2.0002503395080566 5.087385654449463 0
leading 0 616 7 11.473284721374512 10.177515983581543 0
lady 0 617 4 6.516179084777832 8.916594505310059 1.2609214782714844
being 0 618 5 6.66835880279541 5.694211006164551 3.222383499145508
targeted 0 619 8 12.2611083984375 8.837686538696289 0
— 0 620 1 10.338664054870605 3.3708555698394775 5.4668309688568115
the 0 621 3 3.2645773887634277 6.913858890533447 0
killer 0 622 6 8.409797668457031 9.673130989074707 0
is 0 623 2 2.241462230682373 6.939555644989014 2.7335753440856934
after 0 624 5 13.549568176269531 8.814910888671875 0
<unk> 0 625 5 3.0027332305908203 6.891615867614746 1.923295021057129
. 0 626 1 3.3517508506774902 6.838704586029053 0.05291128158569336
<eos> 0 627 5 0.01231115497648716 0.07235703617334366 6.766347549855709
<unk> 0 628 5 2.0460405349731445 5.392269611358643 0
back 0 629 4 12.6792573928833 7.370652198791504 0
to 0 630 2 1.5867888927459717 4.499969482421875 2.870682716369629
her 0 631 3 5.575603485107422 4.060468673706055 0.4395008087158203
hotel 0 632 5 7.027152061462402 8.587875366210938 0
, 0 633 1 2.0098140239715576 4.882747650146484 3.705127716064453
<unk> 0 634 5 2.7619175910949707 5.715155601501465 0
discover 0 635 8 14.39687442779541 6.178965091705322 0
<unk> 0 636 5 4.49741792678833 4.863064765930176 1.3159003257751465
<unk> 0 637 5 3.522470235824585 5.771663665771484 0
off 0 638 3 10.640101432800293 5.129404067993164 0.6422595977783203
a 0 639 1 4.326516628265381 5.175797462463379 0
chainsaw 0 640 8 12.279691696166992 9.630223274230957 0
<unk> 0 641 5 6.557939052581787 4.656659126281738 4.973564147949219
wielding 0 642 8 10.047989845275879 7.851464748382568 0
<unk> 0 643 5 2.6335153579711914 9.439334869384766 0
. 0 644 1 2.589329481124878 6.398758411407471 3.040576457977295
<eos> 0 645 5 0.005742921959608793 0.03826093673706055 6.36049747467041
<unk> 0 646 5 1.8767062425613403 5.37250280380249 0
is 0 647 2 3.7070047855377197 7.33734130859375 0
able 0 648 4 5.970720291137695 8.490433692932129 0
to 0 649 2 0.007250938564538956 0.07614818215370178 8.414285510778427
subdue 0 650 6 12.969010353088379 8.27497386932373 0
<unk> 0 651 5 1.6264824867248535 4.080817222595215 4.194156646728516
after 0 652 5 6.0865678787231445 4.342700004577637 0
<unk> 0 653 5 2.9499289989471436 6.391744136810303 0
<unk> 0 654 5 3.668684482574463 6.995970249176025 0
the 0 655 3 5.639667510986328 6.654016971588135 0.3419532775878906
chainsaw 0 656 8 15.530302047729492 9.951462745666504 0
; 0 657 1 6.640387535095215 5.760019302368164 4.19144344329834
the 0 658 3 3.591515064239502 4.735336780548096 1.0246825218200684
actor 0 659 5 8.988306999206543 9.021020889282227 0
then 0 660 4 4.2160210609436035 8.1777925491333 0.8432283401489258
explains 0 661 8 8.47148323059082 8.301953315734863 0
that 0 662 4 1.25893235206604 3.878138303756714 4.423815011978149
he 0 663 2 2.353947401046753 4.348792552947998 0
lacked 0 664 6 13.480990409851074 5.630818843841553 0
<unk> 0 665 5 3.447072982788086 6.370656967163086 0
's 0 666 2 1.7375653982162476 5.184528350830078 1.1861286163330078
insight 0 667 7 13.582229614257812 10.098542213439941 0
and 0 668 3 3.830315113067627 3.779388189315796 6.3191540241241455
had 0 669 3 5.460861682891846 8.892142295837402 0
to 0 670 2 3.0877461433410645 7.5866594314575195 1.3054828643798828
commit 0 671 6 8.19655704498291 8.295622825622559 0
the 0 672 3 5.031294822692871 4.398789882659912 3.8968329429626465
crimes 0 673 6 9.501501083374023 9.09811019897461 0
in 0 674 2 5.249216079711914 5.0927557945251465 4.005354404449463
order 0 675 5 5.803441524505615 5.09161376953125 0.0011420249938964844
to 0 676 2 0.04789372906088829 0.3526776432991028 4.738936126232147
see 0 677 3 7.872427463531494 8.379778861999512 0
through 0 678 7 13.287616729736328 5.0406928062438965 3.3390860557556152
the 0 679 3 1.6081010103225708 5.536075592041016 0
eyes 0 680 4 10.042718887329102 9.696978569030762 0
of 0 681 2 1.2911810874938965 3.6064136028289795 6.090564966201782
a 0 682 1 3.929824113845825 4.635855674743652 0
killer 0 683 6 8.070037841796875 8.184203147888184 0
. 0 684 1 0.998425304889679 4.181848526000977 4.002354621887207
<eos> 0 685 5 0.011400453746318817 0.06674829870462418 4.115100227296352
= 0 686 1 4.31008768081665 5.2230401039123535 0
= 0 687 1 0.019366586580872536 0.15780363976955414 5.065236464142799
<unk> 0 688 5 7.59309720993042 4.069284439086914 0
= 0 689 1 1.0578060150146484 4.308180332183838 0
= 0 690 1 0.016240578144788742 0.1519571840763092 4.156223148107529
<eos> 0 691 5 20.420976638793945 3.8185927867889404 0
" 0 692 1 8.035271644592285 6.755694389343262 0
... 0 693 3 10.088690757751465 7.5391058921813965 0
<unk> 0 694 5 2.2294716835021973 6.631941318511963 0.9071645736694336
<unk> 0 695 5 1.7954260110855103 4.992506980895996 1.6394343376159668
<unk> 0 696 5 1.91578209400177 3.795701503753662 1.196805477142334
" 0 697 1 0.9853808283805847 3.3271520137786865 0.4685494899749756
is 0 698 2 2.2147321701049805 4.810497760772705 0
the 0 699 3 1.8336927890777588 4.470412254333496 0.340085506439209
second 0 700 6 3.425154209136963 5.40117073059082 0
episode 0 701 7 2.252873659133911 6.052900314331055 0
of 0 702 2 0.7586828470230103 2.8419175148010254 3.2109827995300293
<unk> 0 703 5 2.564804792404175 2.1786019802093506 0.6633155345916748
to 0 704 2 5.192544460296631 4.931816577911377 0
have 0 705 4 4.573280334472656 6.567241668701172 0
been 0 706 4 2.8446810245513916 4.858606338500977 1.7086353302001953
written 0 707 7 4.248696804046631 7.291092395782471 0
by 0 708 2 1.1843329668045044 3.6250314712524414 3.6660609245300293
<unk> 0 709 5 0.3804338574409485 2.345864772796631 1.2791666984558105
<unk> 0 710 5 0.7679176330566406 3.1189119815826416 0
<unk> 0 711 5 4.070115089416504 2.947230815887451 0.17168116569519043
, 0 712 1 2.0594139099121094 3.5225701332092285 0
who 0 713 3 3.6806323528289795 5.111636638641357 0
had 0 714 3 3.095888614654541 6.354919910430908 0
previously 0 715 10 1.3979740142822266 4.714640140533447 1.640279769897461
penned 0 716 6 6.612544536590576 4.174312591552734 0.5403275489807129
the 0 717 3 1.5019367933273315 4.15915060043335 0.015161991119384766
second 0 718 6 6.10825252532959 6.356407165527344 0
season 0 719 6 2.4820151329040527 4.987734794616699 1.3686723709106445
episode 0 720 7 1.2792894840240479 3.6401734352111816 1.3475613594055176
" 0 721 1 0.148257315158844 0.8123258948326111 2.8278475403785706
<unk> 0 722 5 1.625329613685608 6.653185844421387 0
<unk> 0 723 5 2.3179244995117188 4.422916889190674 2.230268955230713
" 0 724 1 0.7062350511550903 2.831571578979492 1.5913453102111816
, 0 725 1 1.9728940725326538 2.7230966091156006 0.1084749698638916
and 0 726 3 2.468132734298706 5.717181205749512 0
would 0 727 5 8.114990234375 6.697054862976074 0
provide 0 728 7 8.74455451965332 5.948219299316406 0.748835563659668
a 0 729 1 2.2345705032348633 5.395459175109863 0.552760124206543
further 0 730 7 9.7800874710083 7.814281940460205 0
three 0 731 5 6.2107696533203125 7.058475971221924 0.7558059692382812
scripts 0 732 7 7.089798927307129 5.875939846038818 1.1825361251831055
in 0 733 2 4.14496374130249 4.380895614624023 1.495044231414795
the 0 734 3 1.3545435667037964 4.481347560882568 0
third 0 735 5 6.075684547424316 4.841343402862549 0
season 0 736 6 0.18730978667736053 0.8524382710456848 3.988905131816864
. 0 737 1 0.9386675953865051 3.03454852104187 0
<eos> 0 738 5 0.039121199399232864 0.17862701416015625 2.855921506881714
<unk> 0 739 5 2.1110126972198486 4.797698974609375 0
episode 0 740 7 11.595151901245117 5.89459753036499 0
was 0 741 3 3.6129000186920166 5.877936363220215 0.01666116714477539
directed 0 742 8 2.975555896759033 5.773128509521484 0.10480785369873047
by 0 743 2 0.03348030149936676 0.2620224058628082 5.511106103658676
<unk> 0 744 5 0.2612622380256653 1.581130027770996 0
<unk> 0 745 5 0.22835442423820496 1.6180496215820312 0
<unk> 0 746 5 4.708568572998047 2.549640417098999 0
, 0 747 1 1.8136464357376099 3.3234825134277344 0
who 0 748 3 2.9086902141571045 5.004689693450928 0
<unk> 0 749 5 5.858518600463867 6.271711826324463 0
a 0 750 1 7.694948196411133 5.259793758392334 1.011918067932129
total 0 751 5 8.805696487426758 8.320455551147461 0
of 0 752 2 0.10193753242492676 0.9008882641792297 7.419567286968231
twenty 0 753 6 6.340177536010742 3.379758596420288 0
<unk> 0 754 5 0.9663416743278503 3.6154048442840576 0
six 0 755 3 2.604128360748291 3.3150389194488525 0.3003659248352051
episodes 0 756 8 0.49673542380332947 2.885507106781006 0.4295318126678467
across 0 757 6 11.717145919799805 4.288220405578613 0
all 0 758 3 7.038963794708252 2.4443178176879883 1.843902587890625
three 0 759 5 3.0436031818389893 5.517215728759766 0
seasons 0 760 7 2.4828145503997803 3.0066299438476562 2.5105857849121094
. 0 761 1 0.9848386645317078 3.169130325317383 0
<eos> 0 762 5 0.04685356095433235 0.2054576873779297 2.963672637939453
<unk> 0 763 5 2.4392752647399902 4.7755584716796875 0
would 0 764 5 8.566641807556152 5.217075824737549 0
also 0 765 4 3.532904863357544 5.963494300842285 0
go 0 766 2 6.210183620452881 5.2532219886779785 0.7102723121643066
on 0 767 2 0.40926092863082886 2.077529191970825 3.1756927967071533
to 0 768 2 0.13025270402431488 0.9462070465087891 1.1313221454620361
direct 0 769 6 3.428863525390625 5.802042007446289 0
" 0 770 1 5.943278789520264 3.844581127166748 1.957460880279541
<unk> 0 771 5 2.014320135116577 7.58346700668335 0
" 0 772 1 1.0057655572891235 3.987391710281372 3.5960752964019775
, 0 773 1 1.8153029680252075 4.380328178405762 0
the 0 774 3 4.016844749450684 5.577681541442871 0
series 0 775 6 5.377912521362305 6.596498966217041 0
' 0 776 1 0.47468307614326477 2.229123115539551 4.36737585067749
crossover 0 777 9 8.946206092834473 6.557694911956787 0
episode 0 778 7 1.823686122894287 5.79115104675293 0.7665438652038574
with 0 779 4 7.000731468200684 3.1875803470611572 2.6035706996917725
its 0 780 3 7.60389518737793 4.555411338806152 0
sister 0 781 6 8.047687530517578 8.277521133422852 0
show 0 782 4 7.92703104019165 4.746927738189697 3.5305933952331543
<unk> 0 783 5 3.6882476806640625 4.920221328735352 0
<unk> 0 784 5 1.656213641166687 4.58449125289917 0.33573007583618164
<unk> 0 785 5 3.8585972785949707 3.839632272720337 0.744858980178833
<unk> 0 786 5 3.308152437210083 3.991776466369629 0
. 0 787 1 1.4773790836334229 3.9873359203338623 0.0044405460357666016
<eos> 0 788 5 0.043892718851566315 0.19655799865722656 3.7907779216766357
<unk> 0 789 5 2.2648630142211914 5.006521701812744 0
episode 0 790 7 10.175042152404785 6.125170707702637 0
features 0 791 8 8.120898246765137 6.060918807983398 0.06425189971923828
guest 0 792 5 3.631809949874878 5.449456214904785 0.6114625930786133
appearances 0 793 11 0.22953762114048004 1.2535597085952759 4.195896506309509
by 0 794 2 0.45424607396125793 1.7022649049758911 0
the 0 795 3 5.662158489227295 2.7196483612060547 0
members 0 796 7 10.098759651184082 6.500550746917725 0
of 0 797 2 0.28388968110084534 1.6578218936920166 4.842728853225708
the 0 798 3 0.5228877067565918 2.532636880874634 0
band 0 799 4 8.479622840881348 5.447094917297363 0
<unk> 0 800 5 3.210524082183838 4.934855937957764 0.5122389793395996
— 0 801 1 9.369061470031738 4.390418529510498 0.5444374084472656
<unk> 0 802 5 2.861240863800049 6.2950053215026855 0
<unk> 0 803 5 0.7244142293930054 3.9073731899261475 2.387632131576538
, 0 804 1 1.2492696046829224 3.299346923828125 0.6080262660980225
<unk> 0 805 5 0.4117787480354309 2.347327470779419 0.952019453048706
<unk> 0 806 5 0.3046238422393799 2.201639175415039 0.14568829536437988
, 0 807 1 0.4560099244117737 1.3339722156524658 0.8676669597625732
<unk> 0 808 5 0.41514691710472107 1.7024109363555908 0
<unk> 0 809 5 0.22264456748962402 1.7605345249176025 0
and 0 810 3 2.4785232543945312 1.1686036586761475 0.5919308662414551
<unk> 0 811 5 0.2040235996246338 1.512328863143921 0
<unk> 0 812 5 0.24138925969600677 1.900281310081482 0
— 0 813 1 2.7465410232543945 2.4432015419006348 0
who 0 814 3 3.3193559646606445 6.544885158538818 0
each 0 815 4 11.11485481262207 6.717905044555664 0
portray 0 816 7 7.95426082611084 7.227981090545654 0
both 0 817 4 7.481898784637451 4.114625453948975 3.1133556365966797
themselves 0 818 10 9.145905494689941 5.329075336456299 0
and 0 819 3 3.3088114261627197 3.6172423362731934 1.7118330001831055
a 0 820 1 5.8100996017456055 6.381815433502197 0
small 0 821 5 8.436507225036621 7.9096527099609375 0
cameo 0 822 5 7.383444786071777 6.499436378479004 1.4102163314819336
role 0 823 4 6.887516021728516 4.4508137702941895 2.0486226081848145
. 0 824 1 1.7375805377960205 3.352231740951538 1.0985820293426514
<eos> 0 825 5 0.04720863327383995 0.20747090876102448 3.1447608321905136
<unk> 0 826 5 2.0184831619262695 4.65545654296875 0
, 0 827 1 5.195225715637207 5.148463726043701 0
the 0 828 3 3.6320369243621826 4.815611362457275 0.3328523635864258
band 0 829 4 8.593863487243652 7.447730541229248 0
members 0 830 7 5.261311054229736 2.726215362548828 4.72151517868042
insisted 0 831 8 15.038204193115234 5.992063999176025 0
during 0 832 6 10.98137378692627 2.798363208770752 3.1937007904052734
filming 0 833 7 5.543226718902588 3.503358840942383 0
that 0 834 4 4.272746562957764 5.617374420166016 0
their 0 835 5 6.221613883972168 5.15336275100708 0.46401166915893555
roles 0 836 5 9.149269104003906 9.262859344482422 0
be 0 837 2 9.123259544372559 4.23779296875 5.025066375732422
given 0 838 5 6.154519081115723 8.241419792175293 0
an 0 839 2 6.846796035766602 5.3855366706848145 2.8558831214904785
equal 0 840 5 8.469625473022461 7.9023756980896 0
amount 0 841 6 2.218363046646118 7.215519905090332 0.6868557929992676
of 0 842 2 0.14806735515594482 0.8986725807189941 6.316847324371338
dialogue 0 843 8 4.808713436126709 7.658907413482666 0
, 0 844 1 2.689354658126831 4.496601104736328 3.162306308746338
which 0 845 5 4.298279762268066 5.9175286293029785 0
led 0 846 3 7.183887481689453 6.712890625 0
to 0 847 2 0.12581151723861694 0.8277806043624878 5.885110020637512
<unk> 0 848 5 3.318443775177002 5.216135501861572 0
being 0 849 5 3.3160359859466553 6.928806781768799 0
asked 0 850 5 6.130815505981445 8.438966751098633 0
to 0 851 2 0.6232156157493591 2.554896831512451 5.884069919586182
amend 0 852 5 16.147607803344727 7.328067302703857 0
scenes 0 853 6 11.81175708770752 3.3273606300354004 4.000706672668457
on 0 854 2 4.730928897857666 4.918439865112305 0
short 0 855 5 12.904274940490723 4.155113220214844 0.7633266448974609
notice 0 856 6 5.487882614135742 7.417355060577393 0
and 0 857 3 4.343639373779297 3.6558380126953125 3.76151704788208
fax 0 858 3 15.182900428771973 9.530784606933594 0
updated 0 859 7 19.589242935180664 6.522851943969727 3.007932662963867
scripts 0 860 7 8.926178932189941 5.645440578460693 0.8774113655090332
to 0 861 2 5.034124851226807 3.5772509574890137 2.0681896209716797
the 0 862 3 2.1650936603546143 7.210236549377441 0
shooting 0 863 8 12.600951194763184 7.419580459594727 0
locations 0 864 9 9.776309967041016 5.079336643218994 2.3402438163757324
; 0 865 1 6.6412739753723145 2.706085443496704 2.37325119972229
ultimately 0 866 10 10.109768867492676 6.36798095703125 0
much 0 867 4 13.879349708557129 2.0291147232055664 4.338866233825684
of 0 868 2 0.9264141917228699 4.977195739746094 0
this 0 869 4 5.798796653747559 2.5604310035705566 2.416764736175537
additional 0 870 10 13.838508605957031 7.03607702255249 0
material 0 871 8 6.597858428955078 8.365118026733398 0
was 0 872 3 1.3274927139282227 5.167596817016602 3.197521209716797
filmed 0 873 6 4.576211929321289 7.6640520095825195 0
but 0 874 3 9.723236083984375 4.480624675750732 3.183427333831787
not 0 875 3 4.944040298461914 7.707612991333008 0
used 0 876 4 7.456555366516113 8.628776550292969 0
in 0 877 2 2.576737642288208 4.238101482391357 4.390675067901611
the 0 878 3 0.9781355261802673 4.564151763916016 0
episode 0 879 7 1.6862788200378418 5.592772006988525 0
. 0 880 1 0.47122693061828613 2.217437982559204 3.3753340244293213
<eos> 0 881 5 0.046140819787979126 0.20279133319854736 2.0146466493606567
<unk> 0 882 5 2.4078328609466553 5.320992946624756 0
<unk> 0 883 5 1.8915737867355347 6.38245153427124 0
was 0 884 3 3.1788501739501953 5.971516132354736 0.4109354019165039
also 0 885 4 4.024868488311768 7.115407943725586 0
<unk> 0 886 5 6.056005954742432 7.3244781494140625 0
towards 0 887 7 12.041966438293457 4.781470775604248 2.5430073738098145
his 0 888 3 5.262669086456299 3.2186810970306396 1.5627896785736084
role 0 889 4 3.79646897315979 8.406050682067871 0
, 0 890 1 3.678802490234375 2.7198195457458496 5.6862311363220215
and 0 891 3 2.2807183265686035 5.489874839782715 0
requested 0 892 9 11.773392677307129 6.781977653503418 0
to 0 893 2 3.72953462600708 4.876354694366455 1.905622959136963
play 0 894 4 5.077733993530273 7.40269136428833 0
a 0 895 1 2.592353582382202 4.738836765289307 2.6638545989990234
" 0 896 1 5.158744812011719 7.915811061859131 0
<unk> 0 897 5 2.1879591941833496 8.867660522460938 0
<unk> 0 898 5 2.411855697631836 4.623977184295654 4.243683338165283
pound 0 899 5 14.607799530029297 4.3254828453063965 0.2984943389892578
black 0 900 5 10.124527931213379 5.014708518981934 0
man 0 901 3 6.009859561920166 6.620759010314941 0
" 0 902 1 0.1655711680650711 1.1796432733535767 5.441115736961365
instead 0 903 7 7.303429126739502 5.674190044403076 0
, 0 904 1 5.590902805328369 1.279116153717041 4.395073890686035
wishing 0 905 7 14.655098915100098 6.846432685852051 0
to 0 906 2 0.30910658836364746 1.8423458337783813 5.004086852073669
wear 0 907 4 7.15888786315918 7.772335052490234 0
a 0 908 1 1.562975525856018 5.0994367599487305 2.672898292541504
fat 0 909 3 11.945197105407715 8.329948425292969 0
suit 0 910 4 4.223684787750244 6.605180740356445 1.7247676849365234
like 0 911 4 8.540101051330566 4.974852561950684 1.6303281784057617
those 0 912 5 8.59158992767334 5.127071380615234 0
used 0 913 4 4.708346843719482 5.932278633117676 0
in 0 914 2 1.7667709589004517 3.4311323165893555 2.5011463165283203
the 0 915 3 1.108073115348816 4.906478404998779 0
<unk> 0 916 5 4.757663249969482 4.415219783782959 0.4912586212158203
<unk> 0 917 5 2.274500846862793 6.19063663482666 0
<unk> 0 918 5 3.2691080570220947 5.892448902130127 0.2981877326965332
film 0 919 4 2.5668039321899414 5.839690208435059 0.05275869369506836
<unk> 0 920 5 2.6142547130584717 6.397824764251709 0
<unk> 0 921 5 2.279050588607788 5.555380821228027 0.8424439430236816
<unk> 0 922 5 2.4092154502868652 4.7359771728515625 0.8194036483764648
; 0 923 1 7.151264190673828 4.690011501312256 0.04596567153930664
he 0 924 2 2.992877960205078 5.871432781219482 0
was 0 925 3 2.8008270263671875 6.414615154266357 0
eventually 0 926 10 7.205784320831299 7.170042037963867 0
convinced 0 927 9 8.267797470092773 7.189438819885254 0
that 0 928 4 1.0354732275009155 3.0715508460998535 4.1178879737854
such 0 929 4 10.015035629272461 4.464568614959717 0
a 0 930 1 1.9722611904144287 6.850438594818115 0
suit 0 931 4 8.949410438537598 9.09857177734375 0
would 0 932 5 1.0766663551330566 3.333444833755493 5.765126943588257
take 0 933 4 6.1639628410339355 4.436481475830078 0
too 0 934 3 8.219139099121094 3.3338241577148438 1.1026573181152344
long 0 935 4 1.3782799243927002 2.7613420486450195 0.5724821090698242
to 0 936 2 1.9766048192977905 4.449451923370361 0
fabricate 0 937 9 13.77644157409668 7.8721466064453125 0
. 0 938 1 3.1368892192840576 4.824399471282959 3.0477471351623535
<eos> 0 939 5 0.01675252988934517 0.09221822768449783 4.732181243598461
<unk> 0 940 5 1.916532039642334 5.285339832305908 0
has 0 941 3 7.183549880981445 6.65110969543457 0
described 0 942 9 5.785677909851074 5.894810676574707 0.7562990188598633
the 0 943 3 1.263014554977417 3.7572288513183594 2.1375818252563477
production 0 944 10 7.408883094787598 6.996272087097168 0
" 0 945 1 8.235620498657227 4.536839008331299 2.459433078765869
... 0 946 3 8.936437606811523 7.6877546310424805 0
<unk> 0 947 5 2.78110933303833 6.989861488342285 0.6978931427001953
<unk> 0 948 5 1.8252739906311035 6.254232883453369 0.735628604888916
<unk> 0 949 5 2.903207540512085 7.471339225769043 0
" 0 950 1 1.7966434955596924 6.120972633361816 1.3503665924072266
as 0 951 2 1.6722204685211182 4.64858865737915 1.472383975982666
being 0 952 5 5.151421070098877 3.7740118503570557 0.8745768070220947
" 0 953 1 1.4975135326385498 5.507641792297363 0
one 0 954 3 5.692294120788574 7.877387523651123 0
of 0 955 2 0.13063795864582062 1.1131062507629395 6.764281272888184
the 0 956 3 0.28459128737449646 1.6707289218902588 0
most 0 957 4 1.3816893100738525 4.212563991546631 0
<unk> 0 958 5 4.573863506317139 7.9426398277282715 0
" 0 959 1 3.992192029953003 8.429163932800293 0
of 0 960 2 4.392630577087402 5.188272953033447 3.2408909797668457
the 0 961 3 0.5570394396781921 2.5891685485839844 2.599104404449463
series 0 962 6 1.701351523399353 5.224620819091797 0
' 0 963 1 6.1285881996154785 2.330857753753662 2.8937630653381348
run 0 964 3 7.913455486297607 8.007763862609863 0
, 0 965 1 2.8110179901123047 4.448609828948975 3.5591540336608887
citing 0 966 6 8.300201416015625 6.091794013977051 0
its 0 967 3 4.875922679901123 4.757506370544434 1.3342876434326172
abundance 0 968 9 12.042281150817871 9.49087905883789 0
of 0 969 2 2.0625715255737305 4.029541015625 5.461338043212891
stunt 0 970 5 13.107017517089844 9.484685897827148 0
work 0 971 4 3.5650298595428467 8.477814674377441 1.006871223449707
and 0 972 3 3.159574270248413 4.143258571624756 4.3345561027526855
physical 0 973 8 10.805992126464844 9.283327102661133 0
effects 0 974 7 4.548987865447998 9.156432151794434 0.12689495086669922
as 0 975 2 6.1362128257751465 2.5158450603485107 6.640587091445923
the 0 976 3 3.8370211124420166 4.452917575836182 0
cause 0 977 5 10.93630313873291 8.762602806091309 0
of 0 978 2 0.3456905782222748 1.8766059875488281 6.8859968185424805
this 0 979 4 6.927418231964111 5.005788803100586 0
. 0 980 1 5.445348739624023 8.784268379211426 0
<eos> 0 981 5 0.05799800157546997 0.24204932153224945 8.542219057679176
<unk> 0 982 5 1.9814850091934204 5.140473365783691 0
praised 0 983 7 7.078420639038086 6.155367851257324 0
<unk> 0 984 5 1.8969603776931763 2.4502668380737305 3.7051010131835938
for 0 985 3 2.7984962463378906 2.858995199203491 0
his 0 986 3 2.9595186710357666 6.003275394439697 0
ability 0 987 7 4.46557092666626 7.6672210693359375 0
to 0 988 2 0.03770412132143974 0.28797948360443115 7.379241585731506
direct 0 989 6 8.909833908081055 8.514350891113281 0
the 0 990 3 1.7891424894332886 6.184845924377441 2.32950496673584
episode 0 991 7 4.492255687713623 7.531085968017578 0
within 0 992 6 10.967695236206055 4.7269392013549805 2.8041467666625977
the 0 993 3 1.1942929029464722 4.191129684448242 0.5358095169067383
usual 0 994 5 12.839887619018555 7.167665958404541 0
time 0 995 4 7.09418249130249 8.442514419555664 0
constraints 0 996 11 11.715719223022461 5.059838771820068 3.3826756477355957
, 0 997 1 1.5199882984161377 3.6006548404693604 1.459183931350708
as 0 998 2 4.454482555389404 5.387307643890381 0
he 0 999 2 2.86875581741333 4.552672863006592 0.8346347808837891
felt 0 1000 4 2.3256566524505615 6.251646518707275 0
the 0 1001 3 2.8996081352233887 3.630932092666626 2.6207144260406494
number 0 1002 6 10.56884479522705 7.576758861541748 0
of 0 1003 2 0.808805525302887 3.56335711479187 4.013401746749878
shots 0 1004 5 7.557213306427002 7.996828556060791 0
involved 0 1005 8 7.445736885070801 6.8912153244018555 1.1056132316589355
was 0 1006 3 3.4503889083862305 5.096529006958008 1.7946863174438477
more 0 1007 4 4.502130031585693 7.555078029632568 0
akin 0 1008 4 8.018112182617188 8.278382301330566 0
to 0 1009 2 0.02802356705069542 0.23066240549087524 8.047719895839691
a 0 1010 1 2.3743045330047607 4.305105209350586 0
feature 0 1011 7 9.930360794067383 8.466802597045898 0
film 0 1012 4 1.8096895217895508 5.67868709564209 2.7881155014038086
than 0 1013 4 2.9064600467681885 4.415329933166504 1.263357162475586
a 0 1014 1 4.909987926483154 5.7723469734191895 0
television 0 1015 10 7.326119899749756 8.66824722290039 0
episode 0 1016 7 5.513235569000244 5.472020626068115 3.1962265968322754
. 0 1017 1 0.5944215059280396 2.6790847778320312 2.792935848236084
<eos> 0 1018 5 0.04398079961538315 0.19600200653076172 2.4830827713012695
<unk> 0 1019 5 1.7167418003082275 4.817703723907471 0
star 0 1020 4 11.119623184204102 5.2183709144592285 0
<unk> 0 1021 5 1.4218838214874268 5.500987529754639 0
<unk> 0 1022 5 0.30214452743530273 2.261523962020874 3.2394635677337646
, 0 1023 1 4.254251003265381 6.382973670959473 0
who 0 1024 3 1.331541895866394 4.454070091247559 1.928903579711914
played 0 1025 6 5.423102855682373 6.465189456939697 0
killer 0 1026 6 15.160022735595703 4.569417476654053 1.8957719802856445
<unk> 0 1027 5 0.7541741132736206 4.238234043121338 0.33118343353271484
<unk> 0 1028 5 0.7604482173919678 3.71622633934021 0.5220077037811279
, 0 1029 1 1.031604290008545 3.4761946201324463 0.24003171920776367
is 0 1030 2 6.42948055267334 6.527975559234619 0
the 0 1031 3 2.768890380859375 6.361161708831787 0.16681385040283203
husband 0 1032 7 13.071701049804688 7.141794204711914 0
of 0 1033 2 0.1916738897562027 1.1502398252487183 5.991554379463196
actress 0 1034 7 8.053217887878418 3.57336688041687 0
<unk> 0 1035 5 0.1767321228981018 1.2660096883773804 2.3073571920394897
<unk> 0 1036 5 0.18627235293388367 1.5452470779418945 0
, 0 1037 1 1.5562641620635986 3.4519336223602295 0
who 0 1038 3 0.8929862380027771 3.809173583984375 0
starred 0 1039 7 7.370730400085449 6.461784362792969 0
in 0 1040 2 0.6920828819274902 2.2593138217926025 4.202470541000366
the 0 1041 3 0.9602602124214172 3.708911418914795 0
first 0 1042 5 4.827404499053955 5.678531646728516 0
two 0 1043 3 4.210264682769775 4.453291416168213 1.2252402305603027
seasons 0 1044 7 2.781126022338867 3.1027274131774902 1.3505640029907227
of 0 1045 2 1.6948299407958984 3.6479604244232178 0
<unk> 0 1046 5 2.7031517028808594 2.991375207901001 0.6565852165222168
as 0 1047 2 7.847707271575928 5.26003885269165 0
<unk> 0 1048 5 2.3498167991638184 5.1586127281188965 0.1014261245727539
's 0 1049 2 4.355053424835205 4.022337913513184 1.136274814605713
wife 0 1050 4 5.372704982757568 8.095703125 0
<unk> 0 1051 5 3.316488742828369 2.865601062774658 5.230102062225342
. 0 1052 1 1.5247321128845215 3.489572286605835 0
<eos> 0 1053 5 0.009166045114398003 0.05584028363227844 3.4337320029735565
= 0 1054 1 3.481041669845581 4.850124359130859 0
= 0 1055 1 0.13187077641487122 0.7755476236343384 4.074576735496521
<unk> 0 1056 5 7.1178998947143555 4.519830226898193 0
and 0 1057 3 4.020201683044434 4.373117923736572 0.1467123031616211
reception 0 1058 9 11.535431861877441 3.251173496246338 1.1219444274902344
= 0 1059 1 0.09908401966094971 0.8059138655662537 2.4452596306800842
= 0 1060 1 0.00017885086708702147 0.0022924263030290604 0.8036214392632246
<eos> 0 1061 5 21.26561164855957 4.565114498138428 0
" 0 1062 1 9.30015754699707 7.159635543823242 0
... 0 1063 3 9.814573287963867 7.839437007904053 0
<unk> 0 1064 5 2.787405490875244 6.605904579162598 1.233532428741455
<unk> 0 1065 5 2.029076099395752 5.303515911102295 1.3023886680603027
<unk> 0 1066 5 2.1282522678375244 3.987806558609009 1.3157093524932861
" 0 1067 1 0.7952229976654053 3.125462055206299 0.86234450340271
was 0 1068 3 1.1755330562591553 4.106774806976318 0
first 0 1069 5 4.323338508605957 5.907216548919678 0
broadcast 0 1070 9 0.7728790640830994 3.0975677967071533 2.8096487522125244
on 0 1071 2 0.8702982664108276 1.7789504528045654 1.318617343902588
the 0 1072 3 2.865811586380005 1.853228211402893 0
<unk> 0 1073 5 1.262817621231079 2.6361982822418213 0
network 0 1074 7 1.0241855382919312 3.281562328338623 0
on 0 1075 2 0.8834405541419983 1.661515712738037 1.620046615600586
<unk> 0 1076 5 0.37871119379997253 1.203847885131836 0.45766782760620117
<unk> 0 1077 5 0.05210382118821144 0.33159270882606506 0.8722551763057709
, 0 1078 1 0.05208739638328552 0.2851193845272064 0.04647332429885864
<unk> 0 1079 5 0.003225022926926613 0.033993061631917953 0.25112632289528847
. 0 1080 1 1.166204810142517 2.054567575454712 0
<eos> 0 1081 5 0.01145266555249691 0.06761176884174347 1.9869558066129684
<unk> 0 1082 5 4.095384120941162 4.214844226837158 0
episode 0 1083 7 9.856988906860352 5.574121952056885 0
earned 0 1084 6 7.415182113647461 5.591368675231934 0
a 0 1085 1 1.2655638456344604 3.851750373840332 1.7396183013916016
<unk> 0 1086 5 0.4840250611305237 2.614020586013794 1.237729787826538
rating 0 1087 6 0.34806543588638306 1.3731333017349243 1.2408872842788696
of 0 1088 2 0.030929425731301308 0.23438066244125366 1.1387526392936707
<unk> 0 1089 5 0.0030132546089589596 0.031502995640039444 0.20287766680121422
<unk> 0 1090 5 0.05368878319859505 0.39550459384918213 0
<eos> 0 1091 5 0.00020636442059185356 0.0022903657518327236 0.3932142280973494
@ 0 1092 1 7.704617019044235e-05 0.0008754699374549091 0.0014148958143778145
<unk> 0 1093 5 0.0001678452972555533 0.002282295376062393 0
during 0 1094 6 9.241934776306152 1.7233920097351074 0
its 0 1095 3 0.661368191242218 1.6229207515716553 0.10047125816345215
original 0 1096 8 0.2989526391029358 1.34018075466156 0.2827399969100952
broadcast 0 1097 9 0.32015737891197205 1.0361653566360474 0.3040153980255127
, 0 1098 1 1.1218112707138062 2.3206396102905273 0
meaning 0 1099 7 3.1514856815338135 4.864109516143799 0
that 0 1100 4 0.134471133351326 0.752686083316803 4.111423432826996
<unk> 0 1101 5 1.9272843599319458 3.332245349884033 0
<unk> 0 1102 5 0.21808218955993652 1.2569389343261719 2.0753064155578613
<eos> 0 1103 5 0.10999734699726105 0.4834316670894623 0.7735072672367096
@ 0 1104 1 1.1006847671524156e-05 0.00015236857871059328 0.4832792985107517
<unk> 0 1105 5 0.0007429457036778331 0.01025337167084217 0
percent 0 1106 7 0.6696674227714539 1.4243638515472412 0
of 0 1107 2 0.020225128158926964 0.18868964910507202 1.2356742024421692
households 0 1108 10 5.686673641204834 1.1250027418136597 0
in 0 1109 2 2.8084354400634766 3.640073299407959 0
the 0 1110 3 0.33626601099967957 1.7215253114700317 1.9185479879379272
<unk> 0 1111 5 1.0341358184814453 3.458918809890747 0
<unk> 0 1112 5 2.4422857761383057 4.409204959869385 0
viewed 0 1113 6 7.3855719566345215 3.564275026321411 0.8449299335479736
the 0 1114 3 1.2842812538146973 4.823558807373047 0
episode 0 1115 7 0.3786700367927551 2.1728622913360596 2.6506965160369873
. 0 1116 1 1.1687226295471191 3.300117254257202 0
<eos> 0 1117 5 0.05733487755060196 0.24069176614284515 3.059425488114357
<unk> 0 1118 5 4.26870584487915 4.216100692749023 0
represented 0 1119 11 12.37617015838623 5.053292751312256 0
approximately 0 1120 13 10.740924835205078 2.94085955619812 2.1124331951141357
<unk> 0 1121 5 0.8334885239601135 3.2660505771636963 0
<unk> 0 1122 5 1.8651063442230225 2.3505611419677734 0.9154894351959229
<eos> 0 1123 5 0.6942514181137085 1.225325345993042 1.1252357959747314
@ 0 1124 1 0.0 6.7073078753310256e-06 1.2253186386851667
<unk> 0 1125 5 0.0003851897199638188 0.005513704847544432 0
million 0 1126 7 0.2656209170818329 0.9032808542251587 0
households 0 1127 10 1.0553653240203857 1.9105161428451538 0
. 0 1128 1 3.9644200801849365 3.7337357997894287 0
<eos> 0 1129 5 0.05898873135447502 0.24466927349567413 3.4890665262937546
" 0 1130 1 10.37278938293457 4.027491569519043 0
... 0 1131 3 10.689403533935547 7.84321928024292 0
<unk> 0 1132 5 3.3127641677856445 6.22752046585083 1.6156988143920898
<unk> 0 1133 5 1.4238016605377197 5.629490852355957 0.598029613494873
<unk> 0 1134 5 1.688661813735962 4.502203464508057 1.1272873878479004
" 0 1135 1 0.7087748050689697 2.7151763439178467 1.78702712059021
received 0 1136 8 1.7315542697906494 3.5227088928222656 0
mixed 0 1137 5 2.5752241611480713 3.403918743133545 0.1187901496887207
reviews 0 1138 7 0.9965196847915649 1.2533255815505981 2.1505931615829468
from 0 1139 4 0.1458028107881546 0.7844620943069458 0.46886348724365234
critics 0 1140 7 0.9182525277137756 1.6407618522644043 0
. 0 1141 1 0.9142239689826965 2.016105890274048 0
<eos> 0 1142 5 0.0050109452567994595 0.03447440639138222 1.9816314838826656
<unk> 0 1143 5 0.8905399441719055 3.4830615520477295 0
<unk> 0 1144 5 0.40467098355293274 2.5981316566467285 0.884929895401001
<eos> 0 1145 5 12.030908584594727 1.9400421380996704 0.6580895185470581
<unk> 0 1146 5 0.7522768974304199 2.3551769256591797 0
's 0 1147 2 5.226438522338867 4.078773498535156 0
<unk> 0 1148 5 0.9193710088729858 4.300220489501953 0
<unk> 0 1149 5 0.3640969693660736 2.4636447429656982 1.8365757465362549
rated 0 1150 5 4.967392921447754 5.1404619216918945 0
the 0 1151 3 0.963768720626831 2.409651756286621 2.7308101654052734
episode 0 1152 7 0.06167426332831383 0.4896880090236664 1.9199637472629547
a 0 1153 1 1.7500817775726318 3.952685594558716 0
" 0 1154 1 2.2897439002990723 3.7980971336364746 0.1545884609222412
<unk> 0 1155 5 3.182760238647461 3.327261209487915 0.47083592414855957
" 0 1156 1 0.5606992244720459 2.394428253173828 0.9328329563140869
. 0 1157 1 3.2205278873443604 3.1317200660705566 0
<eos> 0 1158 5 0.005778722930699587 0.03806748241186142 3.093652583658695
<unk> 0 1159 5 1.580000400543213 3.255612373352051 0
felt 0 1160 4 5.32575798034668 4.330575942993164 0
that 0 1161 4 0.4877317249774933 1.7811551094055176 2.5494208335876465
the 0 1162 3 0.9392398595809937 3.1476924419403076 0
episode 0 1163 7 0.8113839030265808 4.2613525390625 0
's 0 1164 2 3.8871684074401855 3.85697340965271 0.40437912940979004
comedic 0 1165 7 9.997270584106445 7.804717063903809 0
slant 0 1166 5 17.26386833190918 7.826327800750732 0
was 0 1167 3 1.1604342460632324 4.33419942855835 3.492128372192383
necessary 0 1168 9 13.580707550048828 5.197864055633545 0
within 0 1169 6 12.518136024475098 3.3062403202056885 1.8916237354278564
the 0 1170 3 0.8208112716674805 3.187805414199829 0.11843490600585938
wider 0 1171 5 11.188450813293457 5.948600769042969 0
series 0 1172 6 3.1856002807617188 7.074580669403076 0
, 0 1173 1 1.5979005098342896 3.885166883468628 3.1894137859344482
as 0 1174 2 3.81949520111084 5.155712604522705 0
he 0 1175 2 4.282215118408203 4.680423736572266 0.47528886795043945
considered 0 1176 10 6.716756343841553 5.6599602699279785 0
<unk> 0 1177 5 4.07706356048584 3.7981536388397217 1.8618066310882568
's 0 1178 2 1.4141912460327148 3.983051061630249 0
dark 0 1179 4 12.72054672241211 8.35024356842041 0
tone 0 1180 4 8.175918579101562 7.6706695556640625 0.6795740127563477
to 0 1181 2 1.3039710521697998 4.609872817993164 3.0607967376708984
be 0 1182 2 0.08144280314445496 0.6804287433624268 3.9294440746307373
prone 0 1183 5 16.3819522857666 4.642092227935791 0
to 0 1184 2 0.03654557466506958 0.27265411615371704 4.369438111782074
unintentional 0 1185 13 14.773300170898438 8.145180702209473 0
comedy 0 1186 6 9.527512550354004 9.809144973754883 0
and 0 1187 3 3.0048506259918213 3.9434924125671387 5.865652561187744
that 0 1188 4 5.458847522735596 9.00503158569336 0
a 0 1189 1 6.139402389526367 4.881490707397461 4.123540878295898
comic 0 1190 5 11.061068534851074 8.314762115478516 0
episode 0 1191 7 10.291451454162598 5.916252613067627 2.3985095024108887
provided 0 1192 8 11.843863487243652 5.099703311920166 0.8165493011474609
an 0 1193 2 5.392951011657715 6.023428916931152 0
outlet 0 1194 6 10.718842506408691 6.518810749053955 0
for 0 1195 3 0.5531347393989563 2.4673545360565186 4.0514562129974365
this 0 1196 4 8.64652156829834 4.896599769592285 0
. 0 1197 1 4.956046104431152 4.0374932289123535 0.8591065406799316
<eos> 0 1198 5 0.0907876193523407 0.333085298538208 3.7044079303741455
<unk> 0 1199 5 1.4063034057617188 4.3330302238464355 0
found 0 1200 5 8.280064582824707 4.77441930770874 0
the 0 1201 3 1.1015089750289917 3.4676899909973145 1.3067293167114258
script 0 1202 6 7.329350471496582 5.625908851623535 0
to 0 1203 2 2.305382251739502 5.438551425933838 0.18735742568969727
be 0 1204 2 0.09413633495569229 0.6731136441230774 4.7654377818107605
at 0 1205 2 10.721298217773438 4.42510461807251 0
its 0 1206 3 4.255998134613037 4.504705905914307 0
strongest 0 1207 9 5.15311336517334 6.4589433670043945 0
when 0 1208 4 8.588799476623535 7.280842304229736 0
<unk> 0 1209 5 2.261946201324463 5.204462051391602 2.0763802528381348
the 0 1210 3 10.073529243469238 6.295653343200684 0
character 0 1211 9 5.055474281311035 7.9498090744018555 0
of 0 1212 2 2.7086758613586426 5.72222900390625 2.2275800704956055
<unk> 0 1213 5 0.6555222272872925 2.7371301651000977 2.9850988388061523
<unk> 0 1214 5 1.64192795753479 5.075003147125244 0
, 0 1215 1 1.9672778844833374 5.487699031829834 0
but 0 1216 3 4.713125228881836 6.189191818237305 0
admitted 0 1217 8 7.266538143157959 6.946672439575195 0
that 0 1218 4 0.7024403810501099 2.8655078411102295 4.081164598464966
it 0 1219 2 3.4005703926086426 4.212873458862305 0
" 0 1220 1 2.864734172821045 3.444477081298828 0.7683963775634766
falls 0 1221 5 8.975001335144043 7.457493305206299 0
apart 0 1222 5 6.688485145568848 6.430727005004883 1.026766300201416
" 0 1223 1 1.1926321983337402 3.9843902587890625 2.4463367462158203
when 0 1224 4 6.4629950523376465 4.725367069244385 0
attempting 0 1225 10 11.6774263381958 4.682861804962158 0.04250526428222656
to 0 1226 2 0.039198361337184906 0.3564958870410919 4.326365917921066
send 0 1227 4 10.03880786895752 8.648172378540039 0
up 0 1228 2 7.885766506195068 5.092582702636719 3.5555896759033203
other 0 1229 5 7.513162612915039 5.3695783615112305 0
subjects 0 1230 8 10.626811027526855 7.37593412399292 0
; 0 1231 1 6.854086399078369 4.536619186401367 2.8393149375915527
he 0 1232 2 2.7347662448883057 5.70657205581665 0
also 0 1233 4 3.6072027683258057 7.406289577484131 0
felt 0 1234 4 4.752079010009766 7.739114761352539 0
that 0 1235 4 0.7930877208709717 3.029892683029175 4.709222078323364
the 0 1236 3 1.5398693084716797 4.457634925842285 0
guest 0 1237 5 10.236953735351562 6.847320079803467 0
appearance 0 1238 10 4.618802070617676 7.4241414070129395 0
by 0 1239 2 5.81736421585083 4.433426856994629 2.9907145500183105
<unk> 0 1240 5 0.8593243360519409 3.8926868438720703 0.5407400131225586
felt 0 1241 4 10.519792556762695 4.879031658172607 0
unnecessary 0 1242 11 12.72969913482666 5.085455894470215 0
and 0 1243 3 2.7125446796417236 4.284718036651611 0.8007378578186035
contrived 0 1244 9 10.646074295043945 8.79316234588623 0
. 0 1245 1 1.457228183746338 4.147846698760986 4.645315647125244
<eos> 0 1246 5 0.053309116512537 0.22667427361011505 3.9211724251508713
<unk> 0 1247 5 1.3049135208129883 4.2728986740112305 0
<unk> 0 1248 5 1.2924621105194092 5.122208118438721 0
and 0 1249 3 5.606437683105469 2.9949450492858887 2.127263069152832
<unk> 0 1250 5 0.20865216851234436 1.595231056213379 1.3997139930725098
<unk> 0 1251 5 0.2024882584810257 1.4231019020080566 0.17212915420532227
, 0 1252 1 1.2576637268066406 4.513786315917969 0
in 0 1253 2 1.7675468921661377 5.021889686584473 0
their 0 1254 5 0.8902427554130554 2.3166041374206543 2.7052855491638184
book 0 1255 4 0.17311637103557587 1.0537694692611694 1.2628346681594849
<unk> 0 1256 5 8.563484191894531 0.3843165934085846 0.6694528758525848
to 0 1257 2 8.239665031433105 5.925564765930176 0
<unk> 0 1258 5 0.7768690586090088 3.962766647338867 1.9627981185913086
: 0 1259 1 3.450613021850586 6.303816318511963 0
<unk> 0 1260 5 5.387580871582031 3.735959529876709 2.567856788635254
<unk> 0 1261 5 3.772404909133911 5.667365550994873 0
<unk> 0 1262 5 3.3882839679718018 5.191708564758301 0.47565698623657227
to 0 1263 2 12.852622985839844 5.978675365447998 0
<unk> 0 1264 5 1.4828095436096191 2.6243984699249268 3.3542768955230713
<unk> 0 1265 5 0.19559253752231598 1.3626114130020142 1.2617870569229126
<unk> 0 1266 5 2.3983750343322754 4.18015718460083 0
<unk> 0 1267 5 3.445321559906006 2.8803532123565674 1.2998039722442627
, 0 1268 1 0.7326873540878296 2.7030985355377197 0.17725467681884766
<unk> 0 1269 5 3.4683480262756348 6.2733283042907715 0
& 0 1270 1 12.885400772094727 3.3704872131347656 2.902841091156006
<unk> 0 1271 5 0.39880162477493286 2.0351059436798096 1.335381269454956
<unk> 0 1272 5 1.2228296995162964 4.538159370422363 0
<unk> 0 1273 5 4.78486967086792 4.5482683181762695 0
, 0 1274 1 1.7845772504806519 5.271778106689453 0
rated 0 1275 5 5.951171875 6.56710958480835 0
" 0 1276 1 4.469979286193848 2.3506598472595215 4.216449737548828
... 0 1277 3 12.20478630065918 5.594865322113037 0
<unk> 0 1278 5 2.565133571624756 6.406711578369141 0
<unk> 0 1279 5 1.7305212020874023 4.553615093231201 1.8530964851379395
<unk> 0 1280 5 2.310540199279785 3.714130163192749 0.8394849300384521
" 0 1281 1 0.6499966382980347 2.8147547245025635 0.8993754386901855
one 0 1282 3 7.813592910766602 5.192911624908447 0
star 0 1283 4 7.101510524749756 2.948105573654175 2.2448060512542725
out 0 1284 3 2.898200750350952 4.952214241027832 0
of 0 1285 2 0.0522441491484642 0.3826236426830292 4.569590598344803
five 0 1286 4 1.5107038021087646 2.9148404598236084 0
. 0 1287 1 1.6943483352661133 2.3723087310791016 0.5425317287445068
<eos> 0 1288 5 0.005707120057195425 0.037602417171001434 2.3347063139081
<unk> 0 1289 5 1.0526410341262817 3.731966018676758 0
felt 0 1290 4 5.575639247894287 4.777564525604248 0
that 0 1291 4 0.48643574118614197 1.8131364583969116 2.9644280672073364
the 0 1292 3 0.9913464784622192 3.298907518386841 0
episode 0 1293 7 1.308391809463501 5.531539440155029 0
had 0 1294 3 4.732421875 4.0742082595825195 1.4573311805725098
the 0 1295 3 4.815647602081299 4.829094409942627 0
potential 0 1296 9 6.168647766113281 7.078329086303711 0
to 0 1297 2 0.5541117191314697 2.31404185295105 4.764287233352661
be 0 1298 2 2.8372364044189453 7.842498302459717 0
much 0 1299 4 8.731253623962402 6.660553932189941 1.1819443702697754
better 0 1300 6 3.74648380279541 5.8806328773498535 0.7799210548400879
, 0 1301 1 3.7469310760498047 4.778893947601318 1.1017389297485352
but 0 1302 3 2.482246160507202 5.222321033477783 0
that 0 1303 4 3.5934412479400635 6.465165138244629 0
" 0 1304 1 3.3362667560577393 4.267833232879639 2.1973319053649902
the 0 1305 3 2.2213058471679688 5.926199913024902 0
whole 0 1306 5 6.334179878234863 8.674853324890137 0
concept 0 1307 7 7.587853908538818 7.112135410308838 1.5627179145812988
drowns 0 1308 6 20.363805770874023 4.716684818267822 2.3954505920410156
in 0 1309 2 3.4645931720733643 6.691588401794434 0
<unk> 0 1310 5 4.517421722412109 5.271425724029541 1.4201626777648926
" 0 1311 1 4.988439083099365 6.190566539764404 0
. 0 1312 1 0.8524561524391174 2.6708810329437256 3.5196855068206787
<eos> 0 1313 5 0.014308962039649487 0.0803871899843216 2.590493842959404
<unk> 0 1314 5 1.2439519166946411 4.0291852951049805 0
considered 0 1315 10 8.488505363464355 4.382669925689697 0
the 0 1316 3 0.8991996049880981 3.105123281478882 1.2775466442108154
episode 0 1317 7 1.3135429620742798 5.763319969177246 0
's 0 1318 2 3.9869086742401123 3.853078603744507 1.9102413654327393
characters 0 1319 10 9.036953926086426 8.0525484085083 0
to 0 1320 2 1.8141611814498901 4.557814598083496 3.4947338104248047
too 0 1321 3 16.858909606933594 0.9663514494895935 3.5914631485939026
shallow 0 1322 7 10.335888862609863 8.255875587463379 0
and 0 1323 3 2.406853199005127 5.434662342071533 2.8212132453918457
its 0 1324 3 8.534198760986328 9.201781272888184 0
commentary 0 1325 10 12.75631332397461 9.589839935302734 0
to 0 1326 2 5.541342735290527 5.59925651550293 3.9905834197998047
be 0 1327 2 3.6463623046875 7.1276116371154785 0
too 0 1328 3 6.913493633270264 7.869223117828369 0
heavy 0 1329 5 7.6458892822265625 8.49815559387207 0
<unk> 0 1330 5 7.194621562957764 3.9129865169525146 4.585169076919556
handed 0 1331 6 6.998505115509033 7.253779888153076 0
to 0 1332 2 3.522047758102417 4.165485382080078 3.088294506072998
fully 0 1333 5 13.167133331298828 4.818140029907227 0
execute 0 1334 7 16.666337966918945 8.529033660888672 0
anything 0 1335 8 9.650114059448242 6.411960601806641 2.1170730590820312
meaningful 0 1336 10 11.611459732055664 6.306375980377197 0.10558462142944336
; 0 1337 1 6.612881660461426 3.7987735271453857 2.5076024532318115
criticism 0 1338 9 14.689818382263184 5.661613464355469 0
was 0 1339 3 2.497521162033081 5.682427406311035 0
also 0 1340 4 4.901172637939453 8.124340057373047 0
levelled 0 1341 8 9.401753425598145 8.503914833068848 0
at 0 1342 2 2.575840473175049 4.574458599090576 3.9294562339782715
the 0 1343 3 0.8561007380485535 4.084562301635742 0.489896297454834
guest 0 1344 5 11.493502616882324 9.094488143920898 0
roles 0 1345 5 8.727934837341309 6.969997406005859 2.124490737915039
by 0 1346 2 6.001803874969482 3.628497838973999 3.3414995670318604
the 0 1347 3 2.595086097717285 4.491507530212402 0
members 0 1348 7 9.672666549682617 7.259057521820068 0
of 0 1349 2 0.5156205892562866 2.0055525302886963 5.253504991531372
<unk> 0 1350 5 3.2284088134765625 2.366173028945923 0
. 0 1351 1 2.3162319660186768 4.555207252502441 0
<eos> 0 1352 5 0.025797374546527863 0.13082802295684814 4.424379229545593
=========================================================================================
| End of testing | test loss  3.34 | test ppl    28.13
=========================================================================================
