word sentid sentpos wlen surp entropy entred
= 0 0 1 6.364978790283203 6.618824005126953 0
<unk> 0 1 5 2.771157741546631 1.6314259767532349 4.987398028373718
<unk> 0 2 5 1.1408406496047974 5.430200576782227 0
<unk> 0 3 5 2.8877346515655518 3.0800726413726807 2.350127935409546
<unk> 0 4 5 2.374053955078125 3.3845560550689697 0
= 0 5 1 0.6803358197212219 2.458353042602539 0.9262030124664307
<eos> 0 6 5 20.09430694580078 1.3768327236175537 1.0815203189849854
<unk> 0 7 5 0.029473774135112762 0.2959747314453125 1.0808579921722412
<unk> 0 8 5 0.14676861464977264 1.10373854637146 0
is 0 9 2 4.426116466522217 3.0899181365966797 0
a 0 10 1 0.5131770372390747 1.458804965019226 1.6311131715774536
state 0 11 5 8.893152236938477 6.258445739746094 0
highway 0 12 7 6.860888957977295 3.6549458503723145 2.6034998893737793
in 0 13 2 1.4047048091888428 3.493861675262451 0.16108417510986328
the 0 14 3 0.766252875328064 2.2668683528900146 1.2269933223724365
southern 0 15 8 5.303109645843506 4.265026569366455 0
part 0 16 4 2.8597495555877686 3.7385387420654297 0.5264878273010254
of 0 17 2 0.0006136755109764636 0.007536168210208416 3.7310025738552213
the 0 18 3 0.5850300192832947 1.501523494720459 0
<unk> 0 19 5 2.612138509750366 3.9520113468170166 0
state 0 20 5 0.734979510307312 3.1578404903411865 0.7941708564758301
of 0 21 2 0.033810459077358246 0.2612250745296478 2.8966154158115387
<unk> 0 22 5 0.20260946452617645 0.9969877600669861 0
<unk> 0 23 5 5.166237831115723 2.5591585636138916 0
. 0 24 1 1.503166913986206 3.464029550552368 0
<eos> 0 25 5 1.651023922022432e-05 0.00022768706548959017 3.4638018634868786
<unk> 0 26 5 5.356937408447266 2.6252849102020264 0
runs 0 27 4 7.71947717666626 2.5752196311950684 0.05006527900695801
<unk> 0 28 5 3.219072103500366 5.073990345001221 0
<unk> 0 29 5 0.6442193984985352 3.0595896244049072 2.0144007205963135
<eos> 0 30 5 0.0591125451028347 0.3272378146648407 2.7323518097400665
@ 0 31 1 0.0 1.7026181012624875e-05 0.3272207884838281
<unk> 0 32 5 0.0005199817824177444 0.006520411465317011 0
mi 0 33 2 1.1862373352050781 1.422383427619934 0
( 0 34 1 0.00506047485396266 0.048052769154310226 1.3743306584656239
<unk> 0 35 5 0.0006549332174472511 0.008700797334313393 0.039351971819996834
<unk> 0 36 5 0.013183618895709515 0.0981345921754837 0
<eos> 0 37 5 0.0007291940855793655 0.006481718271970749 0.09165287390351295
@ 0 38 1 0.0 7.739198736089747e-06 0.006473979073234659
<unk> 0 39 5 0.0001073131788871251 0.0014152387157082558 0
km 0 40 2 0.0018684129463508725 0.017433887347579002 0
) 0 41 1 0.001444618683308363 0.012437505647540092 0.00499638170003891
from 0 42 4 1.1511280536651611 3.6956946849823 0
an 0 43 2 7.299660682678223 2.4073495864868164 1.2883450984954834
intersection 0 44 12 0.6447010636329651 2.1881673336029053 0.21918225288391113
with 0 45 4 0.10436183959245682 0.6504138112068176 1.5377535223960876
<unk> 0 46 5 0.7778953909873962 3.0020155906677246 0
<unk> 0 47 5 0.28908777236938477 1.5132806301116943 1.4887349605560303
<unk> 0 48 5 3.558640480041504 4.044600009918213 0
( 0 49 1 3.969766855239868 4.500510215759277 0
<unk> 0 50 5 0.6174865365028381 3.243454933166504 1.2570552825927734
<unk> 0 51 5 0.14684008061885834 1.045198678970337 2.198256254196167
) 0 52 1 0.9498422741889954 1.9649509191513062 0
and 0 53 3 3.363466262817383 4.256834983825684 0
the 0 54 3 3.71437406539917 4.896096229553223 0
<unk> 0 55 5 2.7030251026153564 6.219610214233398 0
<unk> 0 56 5 1.8954523801803589 5.369527339935303 0.8500828742980957
<unk> 0 57 5 1.2934333086013794 5.109257221221924 0.2602701187133789
in 0 58 2 5.777384281158447 6.027482986450195 0
<unk> 0 59 5 0.9730585813522339 3.3501622676849365 2.677320718765259
<unk> 0 60 5 4.631434917449951 4.363731384277344 0
, 0 61 1 3.298967123031616 4.331072807312012 0.03265857696533203
<unk> 0 62 5 2.4923834800720215 5.8601555824279785 0
<unk> 0 63 5 3.4200332164764404 3.2580034732818604 2.602152109146118
<unk> 0 64 5 1.978105902671814 4.068699359893799 0
to 0 65 2 5.462944984436035 5.08546781539917 0
an 0 66 2 6.4712324142456055 2.861358165740967 2.224109649658203
intersection 0 67 12 1.1696196794509888 2.815412998199463 0.045945167541503906
with 0 68 4 0.05888405814766884 0.41135698556900024 2.4040560126304626
<unk> 0 69 5 0.8070774674415588 2.936053514480591 0
<unk> 0 70 5 0.21415841579437256 1.198460340499878 1.737593173980713
and 0 71 3 3.477684497833252 3.7053682804107666 0
<unk> 0 72 5 0.7725818157196045 3.0946874618530273 0.6106808185577393
<unk> 0 73 5 0.07460469752550125 0.5710769891738892 2.523610472679138
<unk> 0 74 5 4.18445348739624 3.623399257659912 0
( 0 75 1 6.219478607177734 4.278742790222168 0
<unk> 0 76 5 0.8334829211235046 4.0276947021484375 0.25104808807373047
<unk> 0 77 5 0.319345623254776 1.9314701557159424 2.096224546432495
) 0 78 1 0.5650248527526855 1.935380220413208 0
in 0 79 2 2.7555363178253174 3.1600236892700195 0
<unk> 0 80 5 1.3211019039154053 3.2085485458374023 0
<unk> 0 81 5 5.377971649169922 2.801567792892456 0.4069807529449463
<unk> 0 82 5 3.2754368782043457 2.9825940132141113 0
, 0 83 1 3.801966905593872 3.4845080375671387 0
<unk> 0 84 5 1.8527538776397705 5.341647624969482 0
<unk> 0 85 5 2.690246105194092 2.8542230129241943 2.487424612045288
. 0 86 1 1.62009859085083 3.7463860511779785 0
<eos> 0 87 5 1.651023922022432e-05 0.00027583379414863884 3.74611021738383
<unk> 0 88 5 3.0112924575805664 3.6504440307617188 0
route 0 89 5 8.024518013000488 1.0220328569412231 2.6284111738204956
, 0 90 1 11.997637748718262 0.1517096608877182 0.8703231960535049
which 0 91 5 3.0402376651763916 5.10886812210083 0
is 0 92 2 2.170151472091675 4.402824878692627 0.7060432434082031
mostly 0 93 6 7.737170696258545 5.500076770782471 0
a 0 94 1 5.284281253814697 6.138515472412109 0
two 0 95 3 5.118016719818115 6.525144100189209 0
<unk> 0 96 5 0.03869464993476868 0.3519648611545563 6.173179239034653
lane 0 97 4 0.07626678049564362 0.5860555171966553 0
undivided 0 98 9 2.647886037826538 4.107168197631836 0
road 0 99 4 0.9780887961387634 2.7338430881500244 1.3733251094818115
, 0 100 1 0.9647015929222107 3.6399037837982178 0
passes 0 101 6 5.557199954986572 4.118983268737793 0
through 0 102 7 1.2129180431365967 4.077251434326172 0.041731834411621094
mostly 0 103 6 7.40625 4.755367279052734 0
rural 0 104 5 1.3821407556533813 3.5436348915100098 1.2117323875427246
areas 0 105 5 0.3283741772174835 1.8260109424591064 1.7176239490509033
of 0 106 2 2.035231590270996 3.9528968334198 0
<unk> 0 107 5 1.7145817279815674 4.549678325653076 0
and 0 108 3 2.8455092906951904 3.8986997604370117 0.6509785652160645
<unk> 0 109 5 1.226365566253662 5.161001682281494 0
<unk> 0 110 5 5.298562526702881 3.6902825832366943 1.4707190990447998
counties 0 111 8 6.316939353942871 4.150496482849121 0
as 0 112 2 5.506097316741943 3.127206325531006 1.0232901573181152
well 0 113 4 3.9672915935516357 3.3237271308898926 0
as 0 114 2 0.10736124217510223 0.5437226295471191 2.7800045013427734
the 0 115 3 2.0846898555755615 5.72903299331665 0
communities 0 116 11 6.343948841094971 6.352276802062988 0
of 0 117 2 0.15181244909763336 1.1192930936813354 5.232983708381653
<unk> 0 118 5 0.3435250222682953 2.097768783569336 0
, 0 119 1 2.2590677738189697 2.3529226779937744 0
<unk> 0 120 5 0.20117837190628052 1.3968309164047241 0.9560917615890503
<unk> 0 121 5 4.773622035980225 1.8224081993103027 0
, 0 122 1 0.9261196851730347 1.9818949699401855 0
<unk> 0 123 5 0.711108386516571 1.737717866897583 0.24417710304260254
<unk> 0 124 5 2.6604697704315186 2.9279165267944336 0
, 0 125 1 0.8418784141540527 2.0346133708953857 0.8933031558990479
and 0 126 3 1.630491852760315 1.7730295658111572 0.2615838050842285
<unk> 0 127 5 0.17940951883792877 1.3854678869247437 0.3875616788864136
<unk> 0 128 5 2.0237555503845215 4.093733787536621 0
. 0 129 1 0.8034231662750244 3.014756202697754 1.0789775848388672
<eos> 0 130 5 1.926192817336414e-05 0.00029939072555862367 3.0144568119721953
<unk> 0 131 5 2.5382492542266846 4.339773178100586 0
<unk> 0 132 5 0.11621623486280441 0.9212925434112549 3.418480634689331
intersects 0 133 10 4.9395976066589355 5.1271209716796875 0
several 0 134 7 8.027131080627441 3.713130474090576 1.4139904975891113
roads 0 135 5 4.293329238891602 6.491971969604492 0
, 0 136 1 2.2464044094085693 4.5077972412109375 1.9841747283935547
including 0 137 9 1.104822039604187 4.687285900115967 0
<unk> 0 138 5 1.9431357383728027 4.391055583953857 0.2962303161621094
<unk> 0 139 5 1.8813085556030273 4.7683424949646 0
in 0 140 2 5.0548906326293945 3.815413475036621 0.9529290199279785
<unk> 0 141 5 0.8161332607269287 2.9543039798736572 0.8611094951629639
, 0 142 1 1.352548599243164 3.4376792907714844 0
<unk> 0 143 5 0.9238137602806091 3.0783329010009766 0.3593463897705078
<unk> 0 144 5 0.46016502380371094 2.233342170715332 0.8449907302856445
in 0 145 2 2.7926626205444336 3.939882516860962 0
<unk> 0 146 5 0.7442777156829834 2.6819849014282227 1.2578976154327393
<unk> 0 147 5 4.773843288421631 3.186995267868042 0
, 0 148 1 1.055657148361206 3.1400811672210693 0.046914100646972656
and 0 149 3 0.7310060262680054 2.3089253902435303 0.8311557769775391
<unk> 0 150 5 0.79027259349823 3.147862672805786 0
<unk> 0 151 5 0.0933329313993454 0.7550995945930481 2.392763078212738
and 0 152 3 5.070794105529785 3.358367443084717 0
the 0 153 3 3.740068197250366 3.4450783729553223 0
<unk> 0 154 5 1.6884430646896362 5.785133361816406 0
<unk> 0 155 5 1.8329815864562988 5.92602014541626 0
<unk> 0 156 5 1.7911608219146729 6.150745391845703 0
in 0 157 2 5.12345552444458 6.503149509429932 0
<unk> 0 158 5 0.8430644869804382 3.2032346725463867 3.299914836883545
<unk> 0 159 5 4.476050853729248 3.447632074356079 0
. 0 160 1 0.7431247234344482 3.285569667816162 0.162062406539917
<eos> 0 161 5 3.302028926555067e-05 0.0005094946245662868 3.285060173191596
<unk> 0 162 5 2.608024835586548 4.359445571899414 0
portion 0 163 7 15.466547966003418 0.8627336025238037 3.4967119693756104
of 0 164 2 0.578406572341919 2.8170177936553955 0
current 0 165 7 12.462509155273438 2.684720993041992 0.13229680061340332
<unk> 0 166 5 1.1971092224121094 3.9467055797576904 0
<unk> 0 167 5 0.3458145260810852 2.2098517417907715 1.736853837966919
between 0 168 7 4.559079647064209 5.854563236236572 0
<unk> 0 169 5 0.53537517786026 2.162842273712158 3.691720962524414
and 0 170 3 0.6074784994125366 2.0833821296691895 0.07946014404296875
<unk> 0 171 5 0.3041258156299591 1.6615898609161377 0.42179226875305176
received 0 172 8 12.259627342224121 5.459471225738525 0
funding 0 173 7 13.54546070098877 4.869878768920898 0.589592456817627
in 0 174 2 4.651883125305176 2.9884958267211914 1.881382942199707
<unk> 0 175 5 0.8410611748695374 2.885122299194336 0.10337352752685547
to 0 176 2 4.055249214172363 4.04982328414917 0
become 0 177 6 6.375870227813721 6.2571868896484375 0
a 0 178 1 2.119863748550415 3.5283446311950684 2.728842258453369
spur 0 179 4 6.8559136390686035 7.152100086212158 0
of 0 180 2 1.5365535020828247 3.5106797218322754 3.641420364379883
the 0 181 3 1.832608699798584 3.4979257583618164 0.012753963470458984
<unk> 0 182 5 1.1654561758041382 4.9203267097473145 0
<unk> 0 183 5 2.170572519302368 5.677349090576172 0
. 0 184 1 4.51310396194458 5.443863868713379 0.23348522186279297
<eos> 0 185 5 8.255143256974407e-06 0.00013843938359059393 5.443725429329788
<unk> 0 186 5 3.2310917377471924 4.568866729736328 0
<unk> 0 187 5 0.19222432374954224 1.373571753501892 3.195294976234436
, 0 188 1 5.351597785949707 3.2004237174987793 0
what 0 189 4 12.890572547912598 4.9851508140563965 0
is 0 190 2 1.540656328201294 3.3229422569274902 1.6622085571289062
now 0 191 3 0.08592250943183899 0.6244516372680664 2.698490619659424
<unk> 0 192 5 0.9846900701522827 3.239487648010254 0
<unk> 0 193 5 0.2621428966522217 1.4696592092514038 1.76982843875885
was 0 194 3 5.949193477630615 3.4243698120117188 0
designated 0 195 10 2.2928645610809326 5.940739631652832 0
a 0 196 1 5.595297336578369 3.4851303100585938 2.4556093215942383
part 0 197 4 7.032070636749268 6.937333106994629 0
of 0 198 2 0.02718973718583584 0.240629181265831 6.696703925728798
pre 0 199 3 9.982972145080566 3.185086965560913 0
<unk> 0 200 5 0.0003164133813697845 0.0042633358389139175 3.180823629721999
<unk> 0 201 5 0.07960457354784012 0.6613792181015015 0
<unk> 0 202 5 1.7482613325119019 4.852951526641846 0
<unk> 0 203 5 3.289351224899292 3.7296488285064697 1.123302698135376
, 0 204 1 1.3400859832763672 3.3880486488342285 0.3416001796722412
a 0 205 1 8.788858413696289 3.2286930084228516 0.15935564041137695
route 0 206 5 6.4160590171813965 7.394412040710449 0
that 0 207 4 1.5376183986663818 4.589211940765381 2.8052000999450684
was 0 208 3 2.800901174545288 5.933730125427246 0
to 0 209 2 5.410211086273193 6.870006561279297 0
run 0 210 3 3.1599652767181396 4.78016471862793 2.089841842651367
from 0 211 4 1.6130130290985107 4.494316101074219 0.28584861755371094
<unk> 0 212 5 0.7927988171577454 2.7654531002044678 1.728863000869751
<unk> 0 213 5 2.9635472297668457 3.5564422607421875 0
to 0 214 2 1.278989553451538 4.1185808181762695 0
<unk> 0 215 5 0.6957867741584778 2.6309902667999268 1.4875905513763428
<unk> 0 216 5 1.0853261947631836 3.5922863483428955 0
<unk> 0 217 5 4.4628987312316895 4.218092918395996 0
. 0 218 1 1.9510592222213745 4.328129291534424 0
<eos> 0 219 5 2.751719648586004e-06 5.726908420911059e-05 4.328072022450215
<unk> 0 220 5 3.423891067504883 4.482515811920166 0
<unk> 0 221 5 0.1884077489376068 1.3820666074752808 3.1004492044448853
was 0 222 3 0.6890175342559814 3.283931016921997 0
designated 0 223 10 3.3077518939971924 5.516395568847656 0
onto 0 224 4 7.298755168914795 3.6800315380096436 1.8363640308380127
its 0 225 3 5.948453426361084 2.780242919921875 0.8997886180877686
current 0 226 7 1.0457261800765991 3.9073405265808105 0
alignment 0 227 9 0.25089097023010254 1.215467929840088 2.6918725967407227
in 0 228 2 2.8471906185150146 4.610159873962402 0
<unk> 0 229 5 0.4558529555797577 1.708355188369751 2.9018046855926514
, 0 230 1 1.8927336931228638 3.3434245586395264 0
replacing 0 231 9 4.354823589324951 4.7350382804870605 0
this 0 232 4 7.2469940185546875 3.827012538909912 0.9080257415771484
portion 0 233 7 4.730706214904785 5.672374248504639 0
of 0 234 2 0.04539239779114723 0.31981322169303894 5.3525610268116
pre 0 235 3 10.041291236877441 3.6220993995666504 0
<unk> 0 236 5 0.0005724166403524578 0.0070830597542226315 3.6150163398124278
<unk> 0 237 5 0.09360260516405106 0.7205833196640015 0
<unk> 0 238 5 2.3153018951416016 3.7882418632507324 0
<unk> 0 239 5 2.2676339149475098 4.321315288543701 0
. 0 240 1 1.4385013580322266 3.7811384201049805 0.5401768684387207
<eos> 0 241 5 2.751719648586004e-06 2.8548836780828424e-05 3.7811098712681996
<unk> 0 242 5 3.5193333625793457 4.4847493171691895 0
<unk> 0 243 5 0.11528071761131287 0.9190275073051453 3.565721809864044
, 0 244 1 5.759756565093994 2.6832048892974854 0
a 0 245 1 3.3879425525665283 5.184873580932617 0
freeway 0 246 7 6.966014385223389 6.731388092041016 0
was 0 247 3 7.242527961730957 5.956590175628662 0.7747979164123535
proposed 0 248 8 5.308080673217773 5.903964042663574 0.05262613296508789
for 0 249 3 4.456417083740234 3.6174943447113037 2.2864696979522705
<unk> 0 250 5 2.9464383125305176 4.121949195861816 0
<unk> 0 251 5 0.8032221794128418 3.442310094833374 0.6796391010284424
, 0 252 1 1.97910475730896 4.52178430557251 0
running 0 253 7 9.218914031982422 5.492491722106934 0
from 0 254 4 2.161890745162964 4.8399338722229 0.6525578498840332
the 0 255 3 2.575488328933716 2.5759053230285645 2.264028549194336
<unk> 0 256 5 1.6987345218658447 5.6420183181762695 0
<unk> 0 257 5 2.694261074066162 5.431089878082275 0.21092844009399414
<unk> 0 258 5 1.8761820793151855 5.560043811798096 0
in 0 259 2 4.8442463874816895 6.568538665771484 0
<unk> 0 260 5 0.579526424407959 2.718182325363159 3.850356340408325
<unk> 0 261 5 5.405388355255127 2.713901996612549 0.0042803287506103516
to 0 262 2 0.7222748398780823 2.93391489982605 0
<unk> 0 263 5 1.063048243522644 3.185239315032959 0
<unk> 0 264 5 0.4984003007411957 2.532540798187256 0.6526985168457031
in 0 265 2 1.501207709312439 3.7922067642211914 0
<unk> 0 266 5 0.4921923279762268 2.1104393005371094 1.681767463684082
<unk> 0 267 5 4.6284027099609375 3.368959903717041 0
. 0 268 1 1.24626886844635 3.741346597671509 0
<eos> 0 269 5 2.751719648586004e-06 4.2823045077966526e-05 3.741303774626431
<unk> 0 270 5 3.421278238296509 4.494908332824707 0
proposal 0 271 8 18.245738983154297 1.0598493814468384 3.4350589513778687
was 0 272 3 0.9503129124641418 4.250597953796387 0
canceled 0 273 8 9.99217414855957 7.057990550994873 0
by 0 274 2 3.469536781311035 4.208630084991455 2.849360466003418
the 0 275 3 0.9176361560821533 2.205286741256714 2.003343343734741
mid 0 276 3 6.293546676635742 5.539211273193359 0
<unk> 0 277 5 0.015690166503190994 0.15994460880756378 5.379266664385796
1970s 0 278 5 3.1268208026885986 3.7083308696746826 0
due 0 279 3 4.874147891998291 4.0154924392700195 0
to 0 280 2 0.005905304569751024 0.06290517747402191 3.9525872617959976
financial 0 281 9 8.577790260314941 4.680649757385254 0
and 0 282 3 8.714006423950195 4.49052619934082 0.1901235580444336
environmental 0 283 13 4.044348239898682 6.299956321716309 0
concerns 0 284 8 1.6200792789459229 3.7916767597198486 2.50827956199646
as 0 285 2 7.965658664703369 4.541084289550781 0
well 0 286 4 2.6308627128601074 5.92393684387207 0
as 0 287 2 0.6514070630073547 1.5715467929840088 4.3523900508880615
lack 0 288 4 7.882290840148926 7.24185037612915 0
of 0 289 2 0.015753621235489845 0.15115593373775482 7.090694442391396
traffic 0 290 7 6.348478317260742 7.586705207824707 0
. 0 291 1 2.050041437149048 5.3958330154418945 2.1908721923828125
<eos> 0 292 5 2.751719648586004e-06 5.8816865930566564e-05 5.395774198575964
<unk> 0 293 5 3.721945285797119 4.866654872894287 0
interchange 0 294 11 15.286710739135742 1.7289326190948486 3.1377222537994385
between 0 295 7 3.038358449935913 5.0445170402526855 0
<unk> 0 296 5 0.7248780131340027 2.445693016052246 2.5988240242004395
<unk> 0 297 5 2.012956380844116 2.238255262374878 0.20743775367736816
and 0 298 3 0.4558255970478058 2.2533023357391357 0
the 0 299 3 2.9754180908203125 2.2549526691436768 0
<unk> 0 300 5 0.9704554080963135 4.47606897354126 0
<unk> 0 301 5 2.4972760677337646 6.170247554779053 0
<unk> 0 302 5 2.3185930252075195 6.0496320724487305 0.12061548233032227
was 0 303 3 3.638615131378174 6.617326736450195 0
reconstructed 0 304 13 6.3741326332092285 6.83363151550293 0
into 0 305 4 6.071887493133545 4.2164106369018555 2.617220878601074
a 0 306 1 2.456864356994629 3.6110384464263916 0.6053721904754639
full 0 307 4 6.993523120880127 7.091081142425537 0
interchange 0 308 11 6.1276140213012695 4.088733196258545 3.002347946166992
, 0 309 1 3.5437755584716797 3.811246871948242 0.27748632431030273
with 0 310 4 2.9758968353271484 5.957443714141846 0
completion 0 311 10 9.639424324035645 5.264451503753662 0.6929922103881836
in 0 312 2 4.1776509284973145 3.178312301635742 2.08613920211792
<unk> 0 313 5 0.3302452266216278 1.7789926528930664 1.3993196487426758
<unk> 0 314 5 3.117299795150757 3.4967308044433594 0
. 0 315 1 0.7430722713470459 2.76721453666687 0.7295162677764893
<eos> 0 316 5 8.255143256974407e-06 0.00011831920710392296 2.767096217459766
= 0 317 1 2.8008570671081543 4.869359970092773 0
= 0 318 1 0.025266315788030624 0.18928557634353638 4.680074393749237
<unk> 0 319 5 7.303880214691162 3.3983469009399414 0
description 0 320 11 5.671850204467773 5.5967302322387695 0
= 0 321 1 0.2225097119808197 1.1561886072158813 4.440541625022888
= 0 322 1 9.355552901979536e-05 0.0012875753454864025 1.154901031870395
<eos> 0 323 5 22.667545318603516 3.7219979763031006 0
<unk> 0 324 5 0.7836849689483643 2.7676727771759033 0.9543251991271973
<unk> 0 325 5 0.7045730352401733 3.0218069553375244 0
begins 0 326 6 1.6313090324401855 4.092080116271973 0
at 0 327 2 0.16586831212043762 0.9803380966186523 3.1117420196533203
an 0 328 2 1.6330950260162354 2.7308919429779053 0
intersection 0 329 12 0.44374552369117737 1.0543655157089233 1.676526427268982
with 0 330 4 0.05693037435412407 0.3870203495025635 0.6673451662063599
<unk> 0 331 5 1.0238856077194214 3.25288462638855 0
<unk> 0 332 5 0.3209224045276642 1.580368995666504 1.672515630722046
in 0 333 2 1.7870372533798218 3.61083984375 0
the 0 334 3 1.5663546323776245 2.8293962478637695 0.7814435958862305
<unk> 0 335 5 2.6232800483703613 5.052186012268066 0
section 0 336 7 9.212224960327148 5.224065780639648 0
of 0 337 2 0.15555202960968018 0.9241443872451782 4.29992139339447
<unk> 0 338 5 1.0508910417556763 3.282914876937866 0
<unk> 0 339 5 1.9324300289154053 3.715151309967041 0
, 0 340 1 1.9540117979049683 3.5774362087249756 0.13771510124206543
<unk> 0 341 5 2.6383912563323975 5.736636161804199 0
<unk> 0 342 5 2.5555410385131836 2.6833109855651855 3.0533251762390137
<unk> 0 343 5 3.6201138496398926 4.202183723449707 0
, 0 344 1 3.776750087738037 4.25572395324707 0
heading 0 345 7 8.45815372467041 5.54166841506958 0
to 0 346 2 3.7724077701568604 4.197201728820801 1.3444666862487793
the 0 347 3 0.6137827634811401 2.4080820083618164 1.7891197204589844
north 0 348 5 2.6042137145996094 3.1474480628967285 0
on 0 349 2 4.237517833709717 4.260922431945801 0
a 0 350 1 3.2774486541748047 3.6313695907592773 0.6295528411865234
two 0 351 3 3.8638696670532227 7.2935590744018555 0
<unk> 0 352 5 0.047101106494665146 0.3436659872531891 6.949893087148666
lane 0 353 4 0.057166941463947296 0.42992424964904785 0
undivided 0 354 9 1.8870513439178467 4.332350254058838 0
road 0 355 4 0.722442626953125 2.52465558052063 1.807694673538208
. 0 356 1 1.5111634731292725 4.188854217529297 0
<eos> 0 357 5 5.503434294951148e-06 0.00010421771730761975 4.188749999811989
<unk> 0 358 5 2.9599740505218506 4.4850873947143555 0
the 0 359 3 11.96645736694336 0.8286383152008057 3.65644907951355
southern 0 360 8 6.198477745056152 6.2402448654174805 0
terminus 0 361 8 1.3014545440673828 4.196367263793945 2.043877601623535
, 0 362 1 4.9854607582092285 2.627450466156006 1.5689167976379395
a 0 363 1 4.294482707977295 3.7023611068725586 0
ramp 0 364 4 8.37185287475586 7.556538105010986 0
provides 0 365 8 10.50436782836914 5.064604759216309 2.4919333457946777
access 0 366 6 0.7718690633773804 3.309171199798584 1.7554335594177246
to 0 367 2 0.14293546974658966 0.8517259955406189 2.457445204257965
and 0 368 3 8.862326622009277 3.731929063796997 0
from 0 369 4 1.2907779216766357 4.942161560058594 0
the 0 370 3 1.475968837738037 4.381403923034668 0.5607576370239258
southbound 0 371 10 4.485418796539307 6.51515007019043 0
<unk> 0 372 5 5.0320048332214355 2.620650053024292 3.8945000171661377
<unk> 0 373 5 1.6542116403579712 5.585508823394775 0
<unk> 0 374 5 2.4380550384521484 6.156161785125732 0
. 0 375 1 5.332235336303711 6.507687091827393 0
<eos> 0 376 5 3.026862941624131e-05 0.0004379733290988952 6.507249118498294
<unk> 0 377 5 3.377110481262207 4.4466328620910645 0
road 0 378 4 5.261100769042969 1.703730583190918 2.7429022789001465
heads 0 379 5 4.275294780731201 5.147258281707764 0
north 0 380 5 2.652247667312622 4.263685703277588 0.8835725784301758
through 0 381 7 2.5415101051330566 4.225029468536377 0.03865623474121094
mostly 0 382 6 9.594412803649902 4.755152225494385 0
rural 0 383 5 1.8091034889221191 2.697230815887451 2.0579214096069336
wooded 0 384 6 9.003416061401367 2.2936179637908936 0.4036128520965576
areas 0 385 5 0.45262810587882996 2.2403104305267334 0.053307533264160156
with 0 386 4 4.2238922119140625 4.506518363952637 0
some 0 387 4 4.686201095581055 5.803562641143799 0
buildings 0 388 9 9.201550483703613 4.746668815612793 1.0568938255310059
. 0 389 1 2.6584789752960205 4.409296035766602 0.3373727798461914
<eos> 0 390 5 5.503434294951148e-06 9.372749627800658e-05 4.409202308270324
<unk> 0 391 5 3.039156436920166 4.941651344299316 0
intersects 0 392 10 13.197640419006348 1.330644130706787 3.6110072135925293
<unk> 0 393 5 1.4755890369415283 3.875807285308838 0
<unk> 0 394 5 0.6268560886383057 2.459547996520996 1.4162592887878418
in 0 395 2 3.7716867923736572 4.598750114440918 0
<unk> 0 396 5 1.1898584365844727 3.3596348762512207 1.2391152381896973
before 0 397 6 6.33467960357666 4.345392227172852 0
coming 0 398 6 4.6704325675964355 4.929591178894043 0
to 0 399 2 0.45235300064086914 1.8845711946487427 3.0450199842453003
a 0 400 1 1.8122320175170898 2.18734073638916 0
junction 0 401 8 1.0231564044952393 4.362102508544922 0
with 0 402 4 0.02675778605043888 0.22101517021656036 4.1410873383283615
<unk> 0 403 5 1.338732123374939 3.612278938293457 0
<unk> 0 404 5 0.2964596152305603 1.4453353881835938 2.1669435501098633
. 0 405 1 2.794825315475464 3.9607315063476562 0
<eos> 0 406 5 2.751719648586004e-06 5.039003735873848e-05 3.9606811163102975
<unk> 0 407 5 3.153817892074585 5.0447821617126465 0
, 0 408 1 8.766159057617188 0.9606529474258423 4.084129214286804
<unk> 0 409 5 2.237659454345703 5.7235589027404785 0
<unk> 0 410 5 0.953807532787323 3.150606155395508 2.5729527473449707
<unk> 0 411 5 4.5195417404174805 5.703394412994385 0
<unk> 0 412 5 3.4890217781066895 6.345710754394531 0
<unk> 0 413 5 2.992685317993164 5.705883979797363 0.639826774597168
in 0 414 2 6.70713472366333 5.725545883178711 0
an 0 415 2 6.894086837768555 3.67628812789917 2.049257755279541
area 0 416 4 3.8399295806884766 4.922415256500244 0
of 0 417 2 0.5292718410491943 2.7210958003997803 2.201319456100464
marshland 0 418 9 9.311785697937012 6.869072437286377 0
. 0 419 1 5.398216247558594 4.1644439697265625 2.7046284675598145
<eos> 0 420 5 5.228177906246856e-05 0.0007513684686273336 4.163692601257935
<unk> 0 421 5 3.209275960922241 5.117055416107178 0
this 0 422 4 16.14934730529785 1.2299079895019531 3.8871474266052246
crossing 0 423 8 9.289921760559082 6.797967910766602 0
, 0 424 1 4.334205150604248 5.461191654205322 1.3367762565612793
the 0 425 3 1.5783370733261108 4.494786739349365 0.966404914855957
road 0 426 4 3.0263307094573975 5.896031379699707 0
runs 0 427 4 5.187082290649414 5.681670665740967 0.21436071395874023
closely 0 428 7 14.647634506225586 4.763099193572998 0.9185714721679688
parallel 0 429 8 4.498375415802002 5.3079915046691895 0
to 0 430 2 0.18653926253318787 1.137287974357605 4.1707035303115845
a 0 431 1 3.353463649749756 3.821014642715454 0
<unk> 0 432 5 4.085949897766113 7.928753852844238 0
<unk> 0 433 5 1.187921404838562 5.540606498718262 2.3881473541259766
<unk> 0 434 5 3.3594720363616943 4.283901214599609 1.2567052841186523
<unk> 0 435 5 1.068938136100769 5.032314300537109 0
railroad 0 436 8 11.404403686523438 3.827667474746704 1.2046468257904053
line 0 437 4 3.480769157409668 6.268317222595215 0
before 0 438 6 5.189990520477295 4.96169376373291 1.3066234588623047
entering 0 439 8 3.3614449501037598 5.0188446044921875 0
<unk> 0 440 5 1.8244938850402832 3.0242412090301514 1.9946033954620361
, 0 441 1 3.411527633666992 4.771576881408691 0
where 0 442 5 1.2130831480026245 4.407057285308838 0.3645195960998535
it 0 443 2 0.8779342174530029 2.610156536102295 1.796900749206543
splits 0 444 6 6.539519309997559 5.134043216705322 0
from 0 445 4 2.3664400577545166 4.119452476501465 1.0145907402038574
the 0 446 3 2.394064426422119 4.1025800704956055 0.016872406005859375
railroad 0 447 8 8.97138786315918 6.094686985015869 0
tracks 0 448 6 5.856070041656494 5.477910041809082 0.6167769432067871
and 0 449 3 3.7725234031677246 4.315837860107422 1.1620721817016602
comes 0 450 5 7.1916680335998535 7.102682590484619 0
to 0 451 2 0.7703803777694702 2.8927760124206543 4.209906578063965
a 0 452 1 1.578787088394165 2.5185341835021973 0.37424182891845703
<unk> 0 453 5 6.482503414154053 5.290769577026367 0
with 0 454 4 10.788538932800293 5.70544958114624 0
<unk> 0 455 5 2.2844126224517822 4.4078450202941895 1.2976045608520508
<unk> 0 456 5 0.5167487859725952 2.5405197143554688 1.8673253059387207
. 0 457 1 1.0610475540161133 3.9111578464508057 0
<eos> 0 458 5 5.503434294951148e-06 8.392509334953502e-05 3.911073921357456
<unk> 0 459 5 3.1630070209503174 5.019755840301514 0
leaving 0 460 7 18.36703109741211 1.0094971656799316 4.010258674621582
<unk> 0 461 5 1.5640459060668945 3.2803194522857666 0
, 0 462 1 3.5606298446655273 4.909583568572998 0
<unk> 0 463 5 1.2172298431396484 4.730362415313721 0.17922115325927734
<unk> 0 464 5 1.072021484375 3.163102865219116 1.5672595500946045
turns 0 465 5 4.9169511795043945 5.818920135498047 0
to 0 466 2 3.3676598072052 4.472803115844727 1.3461170196533203
the 0 467 3 0.2992415726184845 1.613919973373413 2.8588831424713135
north 0 468 5 3.0429811477661133 2.831944704055786 0
again 0 469 5 7.740413665771484 3.833679676055908 0
and 0 470 3 3.9769654273986816 4.618987560272217 0
crosses 0 471 7 3.8521156311035156 5.453200817108154 0
over 0 472 4 3.922461986541748 3.9184534549713135 1.5347473621368408
the 0 473 3 1.3554158210754395 3.4882140159606934 0.4302394390106201
<unk> 0 474 5 0.7853553891181946 4.297270774841309 0
<unk> 0 475 5 3.45206880569458 4.376364707946777 0
<unk> 0 476 5 2.3013205528259277 5.918635845184326 0
<unk> 0 477 5 2.7021901607513428 6.42850923538208 0
railroad 0 478 8 5.155148506164551 6.298081874847412 0.13042736053466797
line 0 479 4 4.273843288421631 4.335626602172852 1.9624552726745605
, 0 480 1 2.5956199169158936 3.940434217453003 0.39519238471984863
intersecting 0 481 12 5.704624652862549 5.3394856452941895 0
<unk> 0 482 5 1.811835765838623 4.184669017791748 1.1548166275024414
<unk> 0 483 5 0.4127308428287506 1.940224289894104 2.244444727897644
. 0 484 1 2.418243885040283 4.615342617034912 0
<eos> 0 485 5 2.201361166953575e-05 0.00032552643097005785 4.615017090603942
<unk> 0 486 5 3.188387632369995 4.965058326721191 0
continues 0 487 9 9.618857383728027 1.27763831615448 3.6874200105667114
to 0 488 2 3.013939619064331 4.440834045410156 0
<unk> 0 489 5 4.087493896484375 3.8120033740997314 0.6288306713104248
and 0 490 3 3.0842819213867188 5.499215126037598 0
comes 0 491 5 6.7843523025512695 5.976703643798828 0
to 0 492 2 0.7293744087219238 2.8216142654418945 3.1550893783569336
<unk> 0 493 5 5.302266597747803 2.241459846496582 0.5801544189453125
<unk> 0 494 5 1.9378758668899536 4.686965465545654 0
. 0 495 1 2.8271002769470215 4.900883197784424 0
<eos> 0 496 5 1.3758546629105695e-05 0.00020636442059185356 4.900676833363832
<unk> 0 497 5 2.9987831115722656 4.855128765106201 0
this 0 498 4 14.475564002990723 0.9709399342536926 3.8841888308525085
intersection 0 499 12 6.009503364562988 6.623223304748535 0
, 0 500 1 3.468573570251465 4.466484546661377 2.156738758087158
the 0 501 3 1.8758600950241089 4.116055488586426 0.35042905807495117
route 0 502 5 2.076587438583374 5.308032989501953 0
meets 0 503 5 6.2121357917785645 5.492517948150635 0
<unk> 0 504 5 1.691972255706787 4.264252185821533 1.2282657623291016
<unk> 0 505 5 0.4951833486557007 2.301429510116577 1.962822675704956
and 0 506 3 2.8982722759246826 4.570188999176025 0
<unk> 0 507 5 1.81215238571167 5.346977233886719 0
<unk> 0 508 5 0.09206721186637878 0.7668069005012512 4.5801703333854675
. 0 509 1 2.6034650802612305 4.888150215148926 0
<eos> 0 510 5 3.852359805023298e-05 0.000586513604503125 4.887563701544423
<unk> 0 511 5 2.900601625442505 4.712759494781494 0
<unk> 0 512 5 0.12270478904247284 0.9642858505249023 3.748473644256592
forms 0 513 5 7.060864448547363 5.469204902648926 0
a 0 514 1 1.5158908367156982 3.289186716079712 2.180018186569214
concurrency 0 515 11 1.0771205425262451 4.727287292480469 0
with 0 516 4 0.08708661794662476 0.594444215297699 4.13284307718277
<unk> 0 517 5 1.3744852542877197 3.3409037590026855 0
<unk> 0 518 5 0.16152065992355347 1.046614170074463 2.2942895889282227
and 0 519 3 2.816431760787964 4.280545711517334 0
the 0 520 3 2.853937864303589 5.079329967498779 0
two 0 521 3 3.749629020690918 5.818360805511475 0
routes 0 522 6 2.635746955871582 4.528398036956787 1.2899627685546875
head 0 523 4 8.261824607849121 7.18218469619751 0
north 0 524 5 3.4318766593933105 4.829560279846191 2.3526244163513184
and 0 525 3 5.041166305541992 4.599451541900635 0.23010873794555664
encounter 0 526 9 14.488043785095215 6.434325218200684 0
the 0 527 3 1.677634358406067 4.758914470672607 1.6754107475280762
eastern 0 528 7 5.244078636169434 5.953395366668701 0
terminus 0 529 8 1.2561721801757812 4.034054756164551 1.9193406105041504
of 0 530 2 0.25709617137908936 1.1821651458740234 2.8518896102905273
<unk> 0 531 5 1.3589353561401367 3.255671501159668 0
<unk> 0 532 5 0.08419722318649292 0.6540881395339966 2.6015833616256714
before 0 533 6 6.808350086212158 3.774296760559082 0
leaving 0 534 7 3.7241053581237793 5.127033710479736 0
<unk> 0 535 5 1.1996958255767822 3.5270607471466064 1.5999729633331299
. 0 536 1 1.6390275955200195 3.891691207885742 0
<eos> 0 537 5 1.1006847671524156e-05 0.00017627145280130208 3.891514936432941
<unk> 0 538 5 2.671264886856079 4.679874420166016 0
far 0 539 3 22.747997283935547 0.7045221328735352 3.9753522872924805
after 0 540 5 10.896265029907227 3.8546061515808105 0
<unk> 0 541 5 2.272822380065918 4.526695728302002 0
<unk> 0 542 5 1.1160435676574707 3.0796620845794678 1.4470336437225342
, 0 543 1 1.40025794506073 4.783624172210693 0
the 0 544 3 1.3347408771514893 3.6284706592559814 1.155153512954712
road 0 545 4 2.5896873474121094 4.328732013702393 0
crosses 0 546 7 3.765814781188965 4.782600402832031 0
the 0 547 3 1.4909850358963013 4.127758502960205 0.6548418998718262
<unk> 0 548 5 0.6393681764602661 3.7526400089263916 0.3751184940338135
<unk> 0 549 5 3.8072776794433594 2.9100863933563232 0.8425536155700684
into 0 550 4 7.949645042419434 5.370119571685791 0
<unk> 0 551 5 1.164726972579956 3.784759521484375 1.585360050201416
<unk> 0 552 5 4.7429704666137695 4.1074652671813965 0
, 0 553 1 2.291895866394043 4.5361528396606445 0
<unk> 0 554 5 4.42225456237793 5.17884635925293 0
<unk> 0 555 5 3.1768605709075928 3.4069111347198486 1.771935224533081
. 0 556 1 2.59635066986084 4.455410957336426 0
<eos> 0 557 5 5.503339707502164e-05 0.0008268275996670127 4.454584129736759
<unk> 0 558 5 3.1582233905792236 4.876168727874756 0
<unk> 0 559 5 0.1416890025138855 1.0370391607284546 3.8391295671463013
<unk> 0 560 5 4.77992057800293 5.233761310577393 0
, 0 561 1 4.905808925628662 6.137392044067383 0
it 0 562 2 6.538865566253662 5.764669418334961 0.3727226257324219
heads 0 563 5 2.5557146072387695 5.215808868408203 0.5488605499267578
into 0 564 4 3.859527349472046 4.442438125610352 0.7733707427978516
residential 0 565 11 6.313231468200684 3.7548203468322754 0.6876177787780762
areas 0 566 5 0.8585730791091919 2.989990711212158 0.7648296356201172
, 0 567 1 1.4710239171981812 3.7847416400909424 0
with 0 568 4 5.2535223960876465 6.434823036193848 0
<unk> 0 569 5 2.731131076812744 4.663280963897705 1.7715420722961426
<unk> 0 570 5 0.31578487157821655 2.000284194946289 2.662996768951416
looping 0 571 7 13.661811828613281 5.923559188842773 0
to 0 572 2 2.7593514919281006 6.123266696929932 0
the 0 573 3 0.4553055167198181 2.137626886367798 3.985639810562134
west 0 574 4 2.7442679405212402 3.170606851577759 0
of 0 575 2 3.209259510040283 3.2997841835021973 0
the 0 576 3 1.5433282852172852 3.1310834884643555 0.1687006950378418
route 0 577 5 9.016607284545898 5.620907783508301 0
. 0 578 1 1.2137943506240845 3.912383556365967 1.708524227142334
<eos> 0 579 5 2.4765289708739147e-05 0.0003755612124223262 3.9120079951535445
<unk> 0 580 5 3.0984902381896973 4.957244873046875 0
<unk> 0 581 5 0.1291850507259369 0.959248960018158 3.997995913028717
and 0 582 3 6.564093589782715 5.231359004974365 0
<unk> 0 583 5 0.5135787129402161 2.360091209411621 2.871267795562744
<unk> 0 584 5 0.07512753456830978 0.6600990295410156 1.6999921798706055
continue 0 585 8 2.676234483718872 6.126060485839844 0
northwest 0 586 9 5.646729946136475 4.527597904205322 1.5984625816345215
and 0 587 3 4.213550090789795 4.396152973175049 0.13144493103027344
intersect 0 588 9 5.081022262573242 7.324038505554199 0
<unk> 0 589 5 1.8188444375991821 4.3579559326171875 2.9660825729370117
<unk> 0 590 5 0.5873634815216064 2.28202223777771 2.0759336948394775
, 0 591 1 3.0209012031555176 4.911660671234131 0
where 0 592 5 2.334524154663086 5.076313495635986 0
the 0 593 3 1.9270063638687134 3.0806236267089844 1.995689868927002
road 0 594 4 2.611335039138794 5.059178829193115 0
turns 0 595 5 4.131430625915527 4.678897380828857 0.3802814483642578
north 0 596 5 2.8180911540985107 4.6348347663879395 0.04406261444091797
into 0 597 4 4.7603888511657715 4.327086448669434 0.30774831771850586
more 0 598 4 8.893543243408203 4.091805458068848 0.23528099060058594
forested 0 599 8 5.803401947021484 5.75060510635376 0
areas 0 600 5 0.19625015556812286 1.0845181941986084 4.666086912155151
. 0 601 1 0.8199472427368164 3.0489237308502197 0
<eos> 0 602 5 5.503434294951148e-06 9.630707063479349e-05 3.048827423779585
<unk> 0 603 5 2.8518824577331543 4.808526039123535 0
the 0 604 3 13.935765266418457 0.5966486930847168 4.211877346038818
junction 0 605 8 10.310282707214355 6.533608436584473 0
with 0 606 4 1.6377592086791992 3.489001750946045 3.0446066856384277
<unk> 0 607 5 1.2264536619186401 3.6329829692840576 0
<unk> 0 608 5 0.20357801020145416 1.3188368082046509 2.3141461610794067
, 0 609 1 3.290897846221924 5.918619155883789 0
the 0 610 3 1.673455834388733 4.27916145324707 1.6394577026367188
route 0 611 5 2.1851770877838135 5.227171421051025 0
turns 0 612 5 3.436306953430176 5.173898220062256 0.05327320098876953
to 0 613 2 3.0860016345977783 4.714407920837402 0.4594902992248535
the 0 614 3 0.3020152151584625 1.624129056930542 3.0902788639068604
northeast 0 615 9 2.013193130493164 2.847886562347412 0
and 0 616 3 1.816827416419983 3.921658754348755 0
enters 0 617 6 3.572650671005249 5.4194464683532715 0
<unk> 0 618 5 1.3418141603469849 3.418139934539795 2.0013065338134766
<unk> 0 619 5 3.9454541206359863 4.735211372375488 0
, 0 620 1 2.809959888458252 4.649127006530762 0.08608436584472656
becoming 0 621 8 6.600278854370117 4.6630473136901855 0
<unk> 0 622 5 3.336120843887329 3.703397274017334 0.9596500396728516
<unk> 0 623 5 0.5945398807525635 2.376890182495117 1.3265070915222168
. 0 624 1 1.9894801378250122 5.0677056312561035 0
<eos> 0 625 5 3.026862941624131e-05 0.0004383171908557415 5.067267314065248
<unk> 0 626 5 3.038217782974243 4.8644819259643555 0
<unk> 0 627 5 0.10248788446187973 0.8119413256645203 4.052540600299835
splits 0 628 6 5.553654193878174 5.209949493408203 0
from 0 629 4 1.629151701927185 4.158510684967041 1.051438808441162
<unk> 0 630 5 1.836238145828247 3.7507545948028564 0.40775609016418457
<unk> 0 631 5 0.21808500587940216 1.3835694789886475 2.367185115814209
by 0 632 2 7.081808090209961 4.953920364379883 0
heading 0 633 7 2.8745620250701904 4.775331497192383 0.1785888671875
northwest 0 634 9 4.280430793762207 4.468801975250244 0.30652952194213867
on 0 635 2 4.271663665771484 4.2734880447387695 0.1953139305114746
<unk> 0 636 5 2.173889636993408 4.1927008628845215 0.08078718185424805
<unk> 0 637 5 1.9320365190505981 3.8280293941497803 0.3646714687347412
<unk> 0 638 5 4.107512474060059 4.4162421226501465 0
and 0 639 3 2.534611463546753 3.806525707244873 0.6097164154052734
<unk> 0 640 5 3.0702948570251465 6.5122785568237305 0
<unk> 0 641 5 0.18500106036663055 1.4212863445281982 5.090992212295532
heads 0 642 5 5.336211681365967 5.719508647918701 0
through 0 643 7 4.07166051864624 4.585794448852539 1.133714199066162
some 0 644 4 9.179611206054688 4.823365688323975 0
agricultural 0 645 12 7.01218843460083 4.8860321044921875 0
<unk> 0 646 5 11.371349334716797 2.1911354064941406 2.694896697998047
concurrent 0 647 10 15.574945449829102 5.646408557891846 0
with 0 648 4 2.430816650390625 5.775180339813232 0
<unk> 0 649 5 1.5865674018859863 3.8961870670318604 1.878993272781372
<unk> 0 650 5 0.43414485454559326 2.2085492610931396 1.6876378059387207
<unk> 0 651 5 5.247955799102783 4.093574523925781 0
, 0 652 1 3.4937381744384766 4.737708568572998 0
passing 0 653 7 5.820176124572754 5.694945335388184 0
to 0 654 2 4.597149848937988 5.07238245010376 0.6225628852844238
the 0 655 3 0.47552788257598877 2.4034337997436523 2.6689486503601074
west 0 656 4 2.644531726837158 3.284349203109741 0
of 0 657 2 1.2279808521270752 3.089627265930176 0.19472193717956543
the 0 658 3 1.5681707859039307 3.0990185737609863 0
<unk> 0 659 5 1.518956184387207 5.321849346160889 0
<unk> 0 660 5 1.9992709159851074 5.94945764541626 0
<unk> 0 661 5 1.9483762979507446 6.14788293838501 0
, 0 662 1 5.0532917976379395 6.616142272949219 0
which 0 663 5 4.020948886871338 5.230620861053467 1.385521411895752
is 0 664 2 2.0384511947631836 5.663460731506348 0
known 0 665 5 5.294323444366455 6.509347438812256 0
as 0 666 2 0.20847058296203613 1.0217210054397583 5.487626433372498
a 0 667 1 4.609463691711426 2.643082618713379 0
breeding 0 668 8 13.777288436889648 7.530477523803711 0
ground 0 669 6 5.477438449859619 6.600719451904297 0.9297580718994141
for 0 670 3 4.935200214385986 2.5516762733459473 4.04904317855835
several 0 671 7 4.766258239746094 5.665688514709473 0
species 0 672 7 8.325260162353516 4.578254222869873 1.0874342918395996
of 0 673 2 2.0846993923187256 2.5563294887542725 2.0219247341156006
birds 0 674 5 6.434026718139648 6.518496990203857 0
. 0 675 1 0.4464559853076935 2.152475118637085 4.3660218715667725
<eos> 0 676 5 2.201361166953575e-05 0.0003382502181921154 2.152136868418893
<unk> 0 677 5 2.743351697921753 4.555737018585205 0
route 0 678 5 10.045306205749512 0.8846560716629028 3.6710809469223022
intersects 0 679 10 13.317095756530762 0.17662833631038666 0.7080277353525162
<unk> 0 680 5 1.1207160949707031 3.55291748046875 0
<unk> 0 681 5 0.20806314051151276 1.4513468742370605 2.1015706062316895
, 0 682 1 3.010728359222412 4.7871479988098145 0
turning 0 683 7 8.715852737426758 4.861433029174805 0
to 0 684 2 4.404170036315918 4.183960914611816 0.6774721145629883
the 0 685 3 0.40722742676734924 1.9613300561904907 2.2226308584213257
northeast 0 686 9 2.0187156200408936 2.8624558448791504 0
. 0 687 1 5.104621410369873 4.040559768676758 0
<eos> 0 688 5 4.9530153773957863e-05 0.0007260999991558492 4.039833668677602
<unk> 0 689 5 3.1438565254211426 4.953444957733154 0
passing 0 690 7 15.440729141235352 0.9083204865455627 4.0451244711875916
some 0 691 4 10.465385437011719 5.7874274253845215 0
homes 0 692 5 4.599592208862305 6.823736190795898 0
and 0 693 3 1.918363332748413 4.527667045593262 2.2960691452026367
<unk> 0 694 5 4.725516319274902 5.856513977050781 0
<unk> 0 695 5 2.7632246017456055 6.87262487411499 0
, 0 696 1 2.536822557449341 6.816565036773682 0.056059837341308594
the 0 697 3 2.9748470783233643 5.93916654586792 0.8773984909057617
road 0 698 4 2.8343043327331543 5.777981281280518 0.16118526458740234
turns 0 699 5 3.387488603591919 4.940583229064941 0.8373980522155762
to 0 700 2 2.644014358520508 4.7963547706604 0.14422845840454102
the 0 701 3 0.3428371250629425 1.8157634735107422 2.980591297149658
north 0 702 5 3.2752017974853516 2.783269166946411 0
and 0 703 3 2.18888783454895 4.040016174316406 0
passes 0 704 6 4.7329816818237305 5.87894344329834 0
to 0 705 2 3.8664286136627197 4.6124982833862305 1.2664451599121094
the 0 706 3 0.483298659324646 2.363175630569458 2.2493226528167725
west 0 707 4 2.880417823791504 3.345715045928955 0
of 0 708 2 0.8217991590499878 2.6889116764068604 0.6568033695220947
<unk> 0 709 5 1.3391698598861694 3.2639594078063965 0
<unk> 0 710 5 3.3119702339172363 4.855917930603027 0
<unk> 0 711 5 4.451534271240234 4.149558067321777 0.70635986328125
<unk> 0 712 5 4.0698981285095215 5.036509990692139 0
. 0 713 1 1.8799244165420532 5.159848213195801 0
<eos> 0 714 5 1.651023922022432e-05 0.00024797767400741577 5.159600235521793
<unk> 0 715 5 3.013697624206543 4.835312843322754 0
route 0 716 5 8.324653625488281 0.8392713069915771 3.9960415363311768
crosses 0 717 7 13.134795188903809 0.17027686536312103 0.6689944416284561
the 0 718 3 1.6262431144714355 4.8757500648498535 0
<unk> 0 719 5 1.0717518329620361 4.748143196105957 0.12760686874389648
<unk> 0 720 5 4.208614826202393 3.96506929397583 0.783073902130127
into 0 721 4 6.910163879394531 6.167500972747803 0
<unk> 0 722 5 1.7740106582641602 3.4866600036621094 2.6808409690856934
<unk> 0 723 5 5.314395904541016 4.02393913269043 0
, 0 724 1 2.0195937156677246 4.513951301574707 0
passing 0 725 7 3.944783926010132 4.809751987457275 0
the 0 726 3 3.6631147861480713 4.823665618896484 0
residential 0 727 11 8.080239295959473 6.417243480682373 0
community 0 728 9 2.767530918121338 6.722682952880859 0
of 0 729 2 0.43193519115448 2.523099422454834 4.199583530426025
<unk> 0 730 5 0.2685846984386444 1.7752958536148071 0.7478035688400269
to 0 731 2 5.631138324737549 3.9787216186523438 0
the 0 732 3 0.6631457805633545 2.914783239364624 1.0639383792877197
east 0 733 4 2.0777623653411865 3.906128406524658 0
and 0 734 3 2.7290399074554443 3.0325677394866943 0.8735606670379639
meeting 0 735 7 8.85277271270752 6.732485294342041 0
<unk> 0 736 5 1.9927451610565186 4.357880115509033 2.374605178833008
<unk> 0 737 5 0.6339142322540283 2.7982537746429443 1.5596263408660889
. 0 738 1 2.3328442573547363 4.572176456451416 0
<eos> 0 739 5 1.3758546629105695e-05 0.00022527968394570053 4.57195117676747
<unk> 0 740 5 2.8912594318389893 4.874830722808838 0
soon 0 741 4 15.25129222869873 0.9030006527900696 3.9718300700187683
enters 0 742 6 3.0647199153900146 5.237331867218018 0
<unk> 0 743 5 1.418179988861084 3.187480926513672 2.0498509407043457
<unk> 0 744 5 4.012817859649658 4.493569374084473 0
, 0 745 1 2.066309690475464 4.867294788360596 0
where 0 746 5 1.822615623474121 5.238494396209717 0
the 0 747 3 2.071957588195801 2.8411865234375 2.397307872772217
name 0 748 4 10.281521797180176 4.71433687210083 0
of 0 749 2 2.6696577072143555 5.5643839836120605 0
the 0 750 3 1.0566943883895874 2.945437431335449 2.6189465522766113
road 0 751 4 2.6696083545684814 5.527858257293701 0
becomes 0 752 7 2.6213293075561523 5.461987495422363 0.06587076187133789
<unk> 0 753 5 2.124152183532715 5.501877307891846 0
<unk> 0 754 5 1.2710893154144287 3.8842899799346924 1.6175873279571533
and 0 755 3 4.766301155090332 3.5877504348754883 0.2965395450592041
it 0 756 2 6.4017252922058105 6.022094249725342 0
comes 0 757 5 4.1739501953125 5.247831344604492 0.7742629051208496
to 0 758 2 0.7836465239524841 2.7509336471557617 2.4968976974487305
a 0 759 1 1.738045573234558 2.4768359661102295 0.2740976810455322
junction 0 760 8 1.022399663925171 4.626832962036133 0
with 0 761 4 0.020084701478481293 0.17483213543891907 4.452000826597214
<unk> 0 762 5 1.468217372894287 3.8443195819854736 0
<unk> 0 763 5 0.3657259941101074 1.7019157409667969 2.1424038410186768
( 0 764 1 2.200387477874756 3.404789686203003 0
<unk> 0 765 5 0.8538759350776672 4.296684741973877 0
<unk> 0 766 5 3.826897382736206 3.06430983543396 1.232374906539917
) 0 767 1 0.9623433947563171 2.851789712905884 0.21252012252807617
. 0 768 1 0.7765966057777405 2.7244033813476562 0.12738633155822754
<eos> 0 769 5 8.255143256974407e-06 0.00014944518625270575 2.7242539361614035
<unk> 0 770 5 2.7696237564086914 4.768856048583984 0
<unk> 0 771 5 0.1002122089266777 0.7887656092643738 3.9800904393196106
<unk> 0 772 5 4.9250807762146 5.211723804473877 0
heads 0 773 5 3.6390511989593506 5.965152263641357 0
to 0 774 2 4.75153923034668 4.527212619781494 1.4379396438598633
the 0 775 3 0.31521522998809814 1.7764660120010376 2.7507466077804565
west 0 776 4 3.605422258377075 2.801100015640259 0
on 0 777 2 5.0466837882995605 4.035581111907959 0
<unk> 0 778 5 2.2294015884399414 4.102031230926514 0
<unk> 0 779 5 2.314126968383789 3.321014881134033 0.7810163497924805
at 0 780 2 6.06976318359375 4.4803900718688965 0
this 0 781 4 6.763733863830566 3.3432774543762207 1.1371126174926758
point 0 782 5 0.5596535205841064 1.9001994132995605 1.4430780410766602
while 0 783 5 6.550327777862549 3.0519111156463623 0
<unk> 0 784 5 2.418736457824707 5.3646240234375 0
<unk> 0 785 5 0.21813172101974487 1.590057611465454 3.774566411972046
heads 0 786 5 2.6449859142303467 5.114212512969971 0
east 0 787 4 2.831296682357788 4.350019454956055 0.764193058013916
on 0 788 2 4.462011337280273 4.259583950042725 0.09043550491333008
<unk> 0 789 5 1.9336230754852295 4.187694549560547 0.07188940048217773
<unk> 0 790 5 2.5882480144500732 3.5470149517059326 0.6406795978546143
, 0 791 1 2.302685260772705 4.230884552001953 0
and 0 792 3 4.691529750823975 5.788140773773193 0
<unk> 0 793 5 2.431457757949829 5.974064826965332 0
<unk> 0 794 5 0.23150788247585297 1.7116036415100098 4.262461185455322
continues 0 795 9 2.341897487640381 5.173277854919434 0
north 0 796 5 2.470749616622925 4.272969722747803 0.9003081321716309
. 0 797 1 3.578972816467285 4.406948089599609 0
<eos> 0 798 5 7.154300692491233e-05 0.0010963167296722531 4.405851772869937
<unk> 0 799 5 2.8977906703948975 4.758545398712158 0
<unk> 0 800 5 0.09345673769712448 0.7516219019889832 4.006923496723175
and 0 801 3 6.250675201416016 5.1105241775512695 0
<unk> 0 802 5 0.5130146741867065 2.321287155151367 2.7892370223999023
<unk> 0 803 5 0.0829479768872261 0.7150646448135376 1.6062225103378296
follow 0 804 6 6.0240583419799805 6.053368091583252 0
the 0 805 3 1.950371265411377 5.073802471160889 0.9795656204223633
<unk> 0 806 5 1.4329952001571655 5.715000152587891 0
<unk> 0 807 5 2.3348584175109863 6.1136956214904785 0
, 0 808 1 4.93840217590332 6.787174701690674 0
a 0 809 1 3.9237799644470215 5.924882888793945 0.8622918128967285
two 0 810 3 5.94654655456543 7.740315914154053 0
<unk> 0 811 5 0.03144948557019234 0.30641287565231323 7.4339030385017395
lane 0 812 4 0.050359345972537994 0.390251100063324 0
undivided 0 813 9 2.462089776992798 3.5975489616394043 0
road 0 814 4 0.579941987991333 2.4799163341522217 1.1176326274871826
, 0 815 1 3.093764305114746 5.030593395233154 0
turning 0 816 7 8.2406644821167 5.648867607116699 0
to 0 817 2 3.392272472381592 5.173050403594971 0.4758172035217285
the 0 818 3 0.25579723715782166 1.4704279899597168 3.702622413635254
northeast 0 819 9 2.2103099822998047 2.8908045291900635 0
and 0 820 3 2.1737892627716064 4.12866735458374 0
crossing 0 821 8 4.222943305969238 6.985629081726074 0
the 0 822 3 1.413257122039795 4.254089832305908 2.731539249420166
<unk> 0 823 5 0.6710652112960815 3.8225951194763184 0.43149471282958984
<unk> 0 824 5 3.9300456047058105 3.3081626892089844 0.514432430267334
<unk> 0 825 5 2.814404010772705 5.435164928436279 0
<unk> 0 826 5 2.749241828918457 6.269972324371338 0
. 0 827 1 2.944265842437744 6.303140640258789 0
<eos> 0 828 5 6.053662218619138e-05 0.0008923139539547265 6.302248326304834
<unk> 0 829 5 3.0968985557556152 4.773982524871826 0
passing 0 830 7 14.900672912597656 0.9157373309135437 3.8582451939582825
over 0 831 4 4.687495708465576 5.937944412231445 0
the 0 832 3 0.8380261063575745 3.153505563735962 2.7844388484954834
river 0 833 5 5.681068420410156 5.288461208343506 0
, 0 834 1 2.8125643730163574 5.58424711227417 0
enters 0 835 6 10.201231956481934 4.692366600036621 0.8918805122375488
<unk> 0 836 5 1.3089174032211304 2.872023582458496 1.820343017578125
<unk> 0 837 5 3.2838737964630127 4.870997905731201 0
and 0 838 3 4.174706935882568 5.00368070602417 0
turns 0 839 5 4.655545711517334 5.868800163269043 0
north 0 840 5 2.915196657180786 4.794431686401367 1.0743684768676758
, 0 841 1 3.073784112930298 4.618042469024658 0.17638921737670898
encountering 0 842 12 9.734292030334473 5.8477349281311035 0
<unk> 0 843 5 2.274467706680298 4.550963878631592 1.2967710494995117
<unk> 0 844 5 0.6529589891433716 3.102999448776245 1.4479644298553467
before 0 845 6 5.511422157287598 5.267940521240234 0
passing 0 846 7 5.101109981536865 5.01654577255249 0.25139474868774414
over 0 847 4 4.52841329574585 4.751095294952393 0.26545047760009766
an 0 848 2 4.518889427185059 3.904433488845825 0.8466618061065674
abandoned 0 849 9 6.656682014465332 5.449558258056641 0
railroad 0 850 8 6.423365116119385 6.920467853546143 0
line 0 851 4 1.2553633451461792 4.662986755371094 2.257481098175049
and 0 852 3 4.092182636260986 4.173127174377441 0.48985958099365234
heading 0 853 7 6.324938774108887 6.895360946655273 0
into 0 854 4 3.6201908588409424 4.626951694488525 2.268409252166748
the 0 855 3 1.7287874221801758 3.8074519634246826 0.8194997310638428
downtown 0 856 8 6.8869309425354 6.0849995613098145 0
area 0 857 4 1.0675086975097656 4.4452385902404785 1.639760971069336
of 0 858 2 1.4631706476211548 2.610191583633423 1.8350470066070557
<unk> 0 859 5 0.9219288229942322 3.0850296020507812 0
<unk> 0 860 5 5.576559543609619 2.652106523513794 0.4329230785369873
. 0 861 1 0.7641423940658569 3.1577184200286865 0
<eos> 0 862 5 2.4765289708739147e-05 0.0004053061711601913 3.1573131138575263
<unk> 0 863 5 3.1740994453430176 4.9483537673950195 0
, 0 864 1 7.925187587738037 1.0389536619186401 3.9094001054763794
the 0 865 3 3.571908950805664 5.678833961486816 0
road 0 866 4 3.217250347137451 5.299013137817383 0.3798208236694336
crosses 0 867 7 4.156031131744385 5.155383110046387 0.1436300277709961
<unk> 0 868 5 3.077735424041748 4.041294574737549 1.114088535308838
<unk> 0 869 5 1.8848004341125488 5.342159748077393 0
, 0 870 1 2.568702459335327 5.603104591369629 0
and 0 871 3 3.4332001209259033 5.475005626678467 0.1280989646911621
<unk> 0 872 5 3.5460262298583984 6.024343967437744 0
<unk> 0 873 5 0.2601093649864197 1.887998342514038 4.136345624923706
splits 0 874 6 5.2531633377075195 5.412956714630127 0
from 0 875 4 2.313235282897949 4.351515769958496 1.0614409446716309
<unk> 0 876 5 1.849539875984192 3.9290382862091064 0.42247748374938965
<unk> 0 877 5 0.38687843084335327 2.0053508281707764 1.92368745803833
by 0 878 2 7.382498264312744 4.901003360748291 0
turning 0 879 7 4.7815399169921875 4.817443370819092 0.08355998992919922
east 0 880 4 3.542292356491089 5.2125244140625 0
along 0 881 5 5.353178977966309 4.322002410888672 0.8905220031738281
that 0 882 4 12.551416397094727 3.8448004722595215 0.4772019386291504
road 0 883 4 3.385622978210449 7.162707328796387 0
. 0 884 1 0.811111569404602 3.0948824882507324 4.067824840545654
<eos> 0 885 5 1.3758546629105695e-05 0.00023731653345748782 3.094645171717275
<unk> 0 886 5 2.940680503845215 4.834255695343018 0
, 0 887 1 8.771599769592285 0.8488907217979431 3.9853649735450745
<unk> 0 888 5 2.3166887760162354 5.287855625152588 0
<unk> 0 889 5 1.0912946462631226 2.774275302886963 2.513580322265625
continues 0 890 9 3.8432536125183105 5.048516750335693 0
north 0 891 5 2.5929479598999023 4.513364791870117 0.5351519584655762
on 0 892 2 4.808833122253418 4.169622421264648 0.34374237060546875
<unk> 0 893 5 1.8905130624771118 4.05711555480957 0.11250686645507812
<unk> 0 894 5 2.0935683250427246 3.6682872772216797 0.3888282775878906
<unk> 0 895 5 3.9642882347106934 4.306868553161621 0
, 0 896 1 1.4777134656906128 3.76631760597229 0.540550947189331
passing 0 897 7 3.2704851627349854 5.835902214050293 0
through 0 898 7 2.162804365158081 5.04934024810791 0.7865619659423828
developed 0 899 9 17.689456939697266 4.645450115203857 0.40389013290405273
areas 0 900 5 1.740951418876648 5.481816291809082 0
. 0 901 1 4.954239368438721 3.1046881675720215 2.3771281242370605
<eos> 0 902 5 2.751696047198493e-05 0.0004443347279448062 3.1042438328440767
<unk> 0 903 5 3.1477887630462646 4.879848957061768 0
leaves 0 904 6 11.538681983947754 0.9074261784553528 3.972422778606415
<unk> 0 905 5 1.5052940845489502 4.038604259490967 0
<unk> 0 906 5 2.073519229888916 5.017853260040283 0
and 0 907 3 2.3849122524261475 5.005693435668945 0.01215982437133789
heads 0 908 5 2.862560510635376 5.513986587524414 0
into 0 909 4 4.408944129943848 4.203414440155029 1.3105721473693848
back 0 910 4 13.25735855102539 3.9192566871643066 0.28415775299072266
into 0 911 4 3.9612088203430176 4.909098148345947 0
forests 0 912 7 12.010682106018066 3.3232717514038086 1.5858263969421387
. 0 913 1 2.787010431289673 5.492009162902832 0
<eos> 0 914 5 1.651023922022432e-05 0.00026259361766278744 5.491746569285169
<unk> 0 915 5 3.115084648132324 4.9697346687316895 0
route 0 916 5 8.798816680908203 0.9817414879798889 3.9879931807518005
turns 0 917 5 10.909934997558594 0.15577557682991028 0.8259659111499786
to 0 918 2 3.33935546875 4.893884181976318 0
the 0 919 3 0.28306686878204346 1.5677342414855957 3.3261499404907227
northeast 0 920 9 2.1473946571350098 2.8819379806518555 0
, 0 921 1 2.177014112472534 3.7044644355773926 0
passing 0 922 7 2.528010368347168 5.704329013824463 0
near 0 923 4 7.488757610321045 4.880678176879883 0.8236508369445801
the 0 924 3 1.6999151706695557 3.792809009552002 1.0878691673278809
<unk> 0 925 5 1.485349416732788 5.605615615844727 0
<unk> 0 926 5 2.3816473484039307 6.314692497253418 0
<unk> 0 927 5 2.249171257019043 6.616591453552246 0
residential 0 928 11 10.88942813873291 6.930593490600586 0
development 0 929 11 7.001739978790283 6.2795634269714355 0.6510300636291504
, 0 930 1 5.2347612380981445 5.234528541564941 1.0450348854064941
before 0 931 6 5.494028568267822 5.112268447875977 0.12226009368896484
coming 0 932 6 5.347316265106201 5.017441749572754 0.09482669830322266
to 0 933 2 0.5386991500854492 2.108302116394043 2.909139633178711
an 0 934 2 1.0884933471679688 2.1556992530822754 0
interchange 0 935 11 1.5268290042877197 1.7846288681030273 0.37107038497924805
with 0 936 4 0.04483382776379585 0.32020944356918335 1.464419424533844
<unk> 0 937 5 1.6774169206619263 3.47141432762146 0
<unk> 0 938 5 0.398135781288147 1.6669549942016602 1.8044593334197998
( 0 939 1 2.234095811843872 3.7467384338378906 0
<unk> 0 940 5 0.7787773609161377 3.9280872344970703 0
<unk> 0 941 5 3.363441228866577 3.146043539047241 0.7820436954498291
<unk> 0 942 5 3.424848794937134 2.6358213424682617 0.5102221965789795
) 0 943 1 0.6323458552360535 2.4176480770111084 0.21817326545715332
. 0 944 1 1.088289737701416 2.9778635501861572 0
<eos> 0 945 5 1.1006847671524156e-05 0.0001902002695715055 2.9776733499165857
<unk> 0 946 5 2.9926743507385254 4.959360599517822 0
this 0 947 4 14.566433906555176 1.0839773416519165 3.8753832578659058
interchange 0 948 11 5.7232537269592285 6.559716701507568 0
, 0 949 1 3.2069947719573975 4.942388534545898 1.61732816696167
<unk> 0 950 5 1.7008588314056396 4.591640472412109 0.35074806213378906
<unk> 0 951 5 0.33589446544647217 2.0057106018066406 2.5859298706054688
widens 0 952 6 8.057038307189941 5.8592095375061035 0
to 0 953 2 1.0491409301757812 3.5816240310668945 2.277585506439209
a 0 954 1 3.1205012798309326 4.373810291290283 0
four 0 955 4 2.8865842819213867 5.49884033203125 0
<unk> 0 956 5 0.16118478775024414 0.8846245408058167 4.614215791225433
lane 0 957 4 0.04819083213806152 0.31385138630867004 0.5707731544971466
divided 0 958 7 0.4233441948890686 2.0617270469665527 0
highway 0 959 7 0.3014180362224579 1.80793297290802 0.2537940740585327
and 0 960 3 3.5423831939697266 4.235578536987305 0
reaches 0 961 7 6.693431377410889 6.157141208648682 0
a 0 962 1 2.557173013687134 3.245612144470215 2.911529064178467
full 0 963 4 7.529109001159668 6.4933671951293945 0
interchange 0 964 11 2.497091770172119 5.549208641052246 0.9441585540771484
with 0 965 4 0.2776625454425812 1.4840458631515503 4.065162777900696
the 0 966 3 3.21028470993042 3.5630805492401123 0
<unk> 0 967 5 1.8797634840011597 5.9206624031066895 0
<unk> 0 968 5 2.040281295776367 6.0334954261779785 0
<unk> 0 969 5 2.068077564239502 6.085259437561035 0
. 0 970 1 3.7179787158966064 6.298912525177002 0
<eos> 0 971 5 1.651023922022432e-05 0.00024797767400741577 6.2986645475029945
<unk> 0 972 5 3.1173646450042725 4.799965858459473 0
route 0 973 5 8.099482536315918 0.9448792338371277 3.855086624622345
becomes 0 974 7 14.417452812194824 0.12197878211736679 0.8229004517197609
a 0 975 1 2.1513185501098633 4.982614994049072 0
two 0 976 3 3.0030922889709473 6.1879563331604 0
<unk> 0 977 5 0.05057656392455101 0.4162694811820984 5.771686851978302
lane 0 978 4 0.0509645901620388 0.3505209684371948 0.06574851274490356
undivided 0 979 9 1.9237842559814453 2.6468141078948975 0
road 0 980 4 0.7541287541389465 2.7943148612976074 0
again 0 981 5 6.518838882446289 4.752998352050781 0
and 0 982 3 3.4668757915496826 4.124914169311523 0.6280841827392578
continues 0 983 9 3.142565965652466 4.911523818969727 0
through 0 984 7 3.2142677307128906 4.828182697296143 0.08334112167358398
inhabited 0 985 9 20.238405227661133 5.151983737945557 0
areas 0 986 5 1.7309131622314453 3.887665033340454 1.2643187046051025
, 0 987 1 3.4979894161224365 4.247437477111816 0
crossing 0 988 8 4.161600112915039 5.662431716918945 0
into 0 989 4 3.016735076904297 4.366251468658447 1.296180248260498
<unk> 0 990 5 1.2947845458984375 3.5857274532318115 0.7805240154266357
<unk> 0 991 5 4.08689546585083 4.594676494598389 0
, 0 992 1 3.1403369903564453 4.667180061340332 0
where 0 993 5 1.5030361413955688 4.8950514793396 0
there 0 994 5 7.537006378173828 1.9657888412475586 2.929262638092041
is 0 995 2 1.088289737701416 2.214695930480957 0
an 0 996 2 3.243398904800415 2.663231134414673 0
intersection 0 997 12 2.6980817317962646 4.757236957550049 0
with 0 998 4 0.07820668816566467 0.5621664524078369 4.195070505142212
<unk> 0 999 5 1.1561747789382935 3.6995251178741455 0
<unk> 0 1000 5 0.4831252992153168 2.0267295837402344 1.6727955341339111
. 0 1001 1 1.6669714450836182 3.848970413208008 0
<eos> 0 1002 5 8.255143256974407e-06 0.0001380954636260867 3.8488323177443817
<unk> 0 1003 5 3.2355880737304688 5.060288906097412 0
short 0 1004 5 15.467951774597168 1.0164388418197632 4.043850064277649
distance 0 1005 8 10.074021339416504 6.673656940460205 0
later 0 1006 5 4.4460225105285645 6.312633514404297 0.3610234260559082
, 0 1007 1 2.141819715499878 4.624294757843018 1.6883387565612793
the 0 1008 3 2.3614373207092285 5.348875999450684 0
road 0 1009 4 2.9440128803253174 4.863134860992432 0.48574113845825195
crosses 0 1010 7 3.8099329471588135 4.98751163482666 0
<unk> 0 1011 5 2.948974132537842 4.1979899406433105 0.7895216941833496
<unk> 0 1012 5 1.6878708600997925 5.211368083953857 0
<unk> 0 1013 5 3.7163138389587402 5.666550636291504 0
 0 1014 1 10.422338485717773 5.771263599395752 0
s 0 1015 1 0.034253403544425964 0.27981841564178467 5.491445183753967
<unk> 0 1016 5 2.7308452129364014 8.072898864746094 0
<unk> 0 1017 5 3.1383213996887207 6.758835792541504 1.3140630722045898
<unk> 0 1018 5 2.3448376655578613 6.483311176300049 0.2755246162414551
near 0 1019 4 9.38253402709961 6.58768367767334 0
the 0 1020 3 1.5525727272033691 3.4781618118286133 3.1095218658447266
<unk> 0 1021 5 1.5410057306289673 5.40447473526001 0
<unk> 0 1022 5 2.359231948852539 6.242983818054199 0
<unk> 0 1023 5 2.3066864013671875 6.3856730461120605 0
<unk> 0 1024 5 2.668738842010498 6.525597095489502 0
and 0 1025 3 4.877638339996338 6.176529884338379 0.34906721115112305
enters 0 1026 6 5.975992679595947 5.142484664916992 1.0340452194213867
<unk> 0 1027 5 1.1884855031967163 2.985379934310913 2.157104730606079
<unk> 0 1028 5 3.9589385986328125 4.209510803222656 0
<unk> 0 1029 5 3.2281267642974854 3.838763952255249 0.3707468509674072
, 0 1030 1 3.5251338481903076 4.542983531951904 0
turning 0 1031 7 8.125621795654297 5.467709541320801 0
into 0 1032 4 4.912474155426025 4.869659900665283 0.5980496406555176
<unk> 0 1033 5 2.2345168590545654 3.678276777267456 1.1913831233978271
<unk> 0 1034 5 2.716479778289795 5.0787835121154785 0
. 0 1035 1 1.381751298904419 4.386277675628662 0.6925058364868164
<eos> 0 1036 5 4.9530153773957863e-05 0.0007467273389920592 4.38553094828967
<unk> 0 1037 5 3.2247846126556396 5.002987861633301 0
block 0 1038 5 16.031400680541992 1.0622541904449463 3.9407336711883545
after 0 1039 5 11.572686195373535 6.00724458694458 0
the 0 1040 3 2.188659429550171 4.649285793304443 1.3579587936401367
railroad 0 1041 8 8.445030212402344 5.8038530349731445 0
crossing 0 1042 8 8.693122863769531 6.418993949890137 0
, 0 1043 1 3.1415040493011475 4.676452159881592 1.742541790008545
<unk> 0 1044 5 2.109346628189087 4.405731678009033 0.2707204818725586
<unk> 0 1045 5 0.21219637989997864 1.5807132720947266 2.8250184059143066
ends 0 1046 4 5.985126972198486 5.279118537902832 0
at 0 1047 2 1.2336384057998657 3.7821528911590576 1.4969656467437744
an 0 1048 2 2.325634717941284 3.222440242767334 0.5597126483917236
intersection 0 1049 12 0.5201581716537476 1.2450897693634033 1.9773504734039307
with 0 1050 4 0.03998797759413719 0.3055296540260315 0.9395601153373718
<unk> 0 1051 5 1.0085419416427612 3.274970769882202 0
<unk> 0 1052 5 0.36125442385673523 1.6533172130584717 1.6216535568237305
and 0 1053 3 3.086505174636841 3.8771471977233887 0
<unk> 0 1054 5 1.0726957321166992 4.123290061950684 0
<unk> 0 1055 5 0.14278967678546906 1.0009377002716064 3.122352361679077
( 0 1056 1 3.962982416152954 4.123480319976807 0
<unk> 0 1057 5 0.9424237012863159 4.606730937957764 0
<unk> 0 1058 5 2.3404226303100586 3.9052960872650146 0.701434850692749
<unk> 0 1059 5 3.7655751705169678 1.896502137184143 2.0087939500808716
) 0 1060 1 0.45513489842414856 2.0966732501983643 0
, 0 1061 1 2.539212465286255 3.4400155544281006 0
with 0 1062 4 4.224214553833008 5.945394992828369 0
<unk> 0 1063 5 2.1258819103240967 4.973464012145996 0.971930980682373
<unk> 0 1064 5 0.2714986503124237 1.9266455173492432 3.046818494796753
continuing 0 1065 10 4.163420677185059 6.882854461669922 0
north 0 1066 5 2.5975708961486816 4.29387903213501 2.588975429534912
on 0 1067 2 4.226169586181641 4.361913681030273 0
<unk> 0 1068 5 1.6325583457946777 4.010952472686768 0.35096120834350586
<unk> 0 1069 5 2.1097512245178223 3.547407627105713 0.4635448455810547
at 0 1070 2 6.531216144561768 4.129688262939453 0
this 0 1071 4 6.844161033630371 3.59999942779541 0.529688835144043
point 0 1072 5 0.7391290664672852 2.3150711059570312 1.284928321838379
. 0 1073 1 0.34089988470077515 1.6701173782348633 0.644953727722168
<eos> 0 1074 5 1.926192817336414e-05 0.00030231382697820663 1.669815064407885
<unk> 0 1075 5 2.8200559616088867 4.80645227432251 0
<unk> 0 1076 5 0.10136804729700089 0.8116418123245239 3.994810461997986
is 0 1077 2 3.86434006690979 5.48803186416626 0
an 0 1078 2 4.896522045135498 5.791484355926514 0
important 0 1079 9 6.228721618652344 5.445120811462402 0.34636354446411133
route 0 1080 5 4.092005252838135 5.705796241760254 0
linking 0 1081 7 9.680490493774414 4.19581937789917 1.509976863861084
the 0 1082 3 1.5105581283569336 3.079868793487549 1.115950584411621
<unk> 0 1083 5 1.9695864915847778 6.3206634521484375 0
<unk> 0 1084 5 2.051875591278076 5.94157600402832 0.3790874481201172
<unk> 0 1085 5 2.0018436908721924 6.049041271209717 0
with 0 1086 4 7.604181289672852 6.6202616691589355 0
the 0 1087 3 1.689797043800354 3.4863269329071045 3.133934736251831
<unk> 0 1088 5 1.2439712285995483 5.688205242156982 0
<unk> 0 1089 5 1.9841982126235962 6.235839366912842 0
resorts 0 1090 7 17.196544647216797 6.190807342529297 0.04503202438354492
in 0 1091 2 3.83133602142334 4.903845310211182 1.2869620323181152
<unk> 0 1092 5 0.850659191608429 2.7872345447540283 2.1166107654571533
<unk> 0 1093 5 4.913399696350098 3.536424160003662 0
<unk> 0 1094 5 3.7643892765045166 4.214470386505127 0
, 0 1095 1 2.75142240524292 4.655872344970703 0
serving 0 1096 7 8.532159805297852 5.587296485900879 0
as 0 1097 2 1.4247373342514038 4.153099536895752 1.434196949005127
an 0 1098 2 3.8750994205474854 2.921128034591675 1.2319715023040771
alternate 0 1099 9 2.1239638328552246 5.810308456420898 0
to 0 1100 2 8.21474838256836 2.867588520050049 2.9427199363708496
more 0 1101 4 10.49521255493164 4.10468864440918 0
congested 0 1102 9 10.747100830078125 6.880307674407959 0
routes 0 1103 6 6.435549736022949 6.615830898284912 0.2644767761230469
. 0 1104 1 1.2145030498504639 3.6723685264587402 2.943462371826172
<eos> 0 1105 5 8.255143256974407e-06 0.00013689170009456575 3.6722316347586457
<unk> 0 1106 5 2.9353227615356445 4.581453323364258 0
also 0 1107 4 11.300786018371582 0.7774639129638672 3.8039894104003906
serves 0 1108 6 4.106132507324219 5.946105480194092 0
as 0 1109 2 0.8024683594703674 3.0565366744995117 2.88956880569458
evacuation 0 1110 10 21.580774307250977 2.570690155029297 0.48584651947021484
route 0 1111 5 4.899181842803955 5.606197357177734 0
from 0 1112 4 4.579251289367676 4.639891147613525 0.966306209564209
<unk> 0 1113 5 0.6822731494903564 2.7281343936920166 1.9117567539215088
<unk> 0 1114 5 3.5453577041625977 2.740060329437256 0
<unk> 0 1115 5 3.777700662612915 3.9505996704101562 0
to 0 1116 2 1.1919057369232178 3.9747276306152344 0
inland 0 1117 6 17.128698348999023 2.901658535003662 1.0730690956115723
areas 0 1118 5 6.086460590362549 5.905110836029053 0
in 0 1119 2 3.3526241779327393 4.2435302734375 1.6615805625915527
the 0 1120 3 1.6559343338012695 3.129316568374634 1.1142137050628662
event 0 1121 5 15.49184799194336 5.984814167022705 0
of 0 1122 2 0.38877710700035095 1.840616226196289 4.144197940826416
a 0 1123 1 2.479072093963623 4.519066333770752 0
hurricane 0 1124 9 12.55135440826416 8.322980880737305 0
. 0 1125 1 1.9562764167785645 5.580105304718018 2.742875576019287
<eos> 0 1126 5 8.255143256974407e-06 0.00011178439308423549 5.579993520324933
= 0 1127 1 2.83620023727417 4.801362991333008 0
= 0 1128 1 0.020789239555597305 0.156111478805542 4.645251512527466
<unk> 0 1129 5 9.525655746459961 2.6124327182769775 0
= 0 1130 1 1.2455644607543945 4.573338508605957 0
= 0 1131 1 0.004146899562329054 0.04424184933304787 4.529096659272909
<eos> 0 1132 5 21.001569747924805 4.453502178192139 0
<unk> 0 1133 5 0.8936617374420166 4.087730407714844 0.3657717704772949
portion 0 1134 7 12.68160343170166 4.690543174743652 0
of 0 1135 2 0.09039966017007828 0.6478898525238037 4.042653322219849
current 0 1136 7 12.147005081176758 3.024070978164673 0
<unk> 0 1137 5 0.8464930653572083 3.3635241985321045 0
<unk> 0 1138 5 0.3892228901386261 2.2362711429595947 1.1272530555725098
between 0 1139 7 5.739614009857178 5.0313591957092285 0
<unk> 0 1140 5 0.3923514783382416 1.8145866394042969 3.2167725563049316
and 0 1141 3 0.5628180503845215 1.8697590827941895 0
<unk> 0 1142 5 0.22893770039081573 1.398012638092041 0.47174644470214844
received 0 1143 8 12.561381340026855 4.829419136047363 0
funding 0 1144 7 12.320569038391113 5.092953681945801 0
to 0 1145 2 3.6201605796813965 2.74076771736145 2.3521859645843506
become 0 1146 6 8.649499893188477 6.615681171417236 0
a 0 1147 1 2.1245691776275635 3.8213460445404053 2.794335126876831
spur 0 1148 4 7.051803112030029 7.394444942474365 0
of 0 1149 2 1.319602131843567 3.3492205142974854 4.04522442817688
the 0 1150 3 1.6163012981414795 3.4615602493286133 0
<unk> 0 1151 5 1.0261338949203491 4.66179895401001 0
<unk> 0 1152 5 2.0319957733154297 5.485495567321777 0
in 0 1153 2 5.855947494506836 5.158370494842529 0.32712507247924805
<unk> 0 1154 5 0.5399594902992249 2.2171742916107178 2.9411962032318115
. 0 1155 1 0.8897144198417664 2.905139446258545 0
<eos> 0 1156 5 5.503434294951148e-06 8.942820568336174e-05 2.9050500180528616
<unk> 0 1157 5 3.351511240005493 4.370199680328369 0
modern 0 1158 6 16.12322998046875 1.9903841018676758 2.3798155784606934
<unk> 0 1159 5 0.5295525789260864 3.148921489715576 0
day 0 1160 3 2.916743278503418 4.621552467346191 0
alignment 0 1161 9 9.760783195495605 2.311396360397339 2.3101561069488525
of 0 1162 2 2.912890911102295 6.057610034942627 0
<unk> 0 1163 5 1.4682228565216064 3.3138327598571777 2.743777275085449
<unk> 0 1164 5 0.13451796770095825 0.9498510956764221 2.3639816641807556
was 0 1165 3 1.6672412157058716 4.927369594573975 0
legislated 0 1166 10 7.035043716430664 6.41226053237915 0
as 0 1167 2 2.0602779388427734 3.2921628952026367 3.1200976371765137
part 0 1168 4 2.5503127574920654 3.2385385036468506 0.05362439155578613
of 0 1169 2 0.0006164261139929295 0.007082375232130289 3.2314561284147203
pre 0 1170 3 9.299821853637695 2.8821380138397217 0
<unk> 0 1171 5 0.000239379980484955 0.003396783024072647 2.878741230815649
<unk> 0 1172 5 0.18560364842414856 1.3712862730026245 0
<unk> 0 1173 5 1.3035706281661987 4.091696262359619 0
<unk> 0 1174 5 1.0484226942062378 3.7138748168945312 0.3778214454650879
in 0 1175 2 2.9847216606140137 3.9174845218658447 0
<unk> 0 1176 5 0.39338064193725586 1.613086223602295 2.30439829826355
, 0 1177 1 2.25862455368042 2.5545284748077393 0
a 0 1178 1 6.3287248611450195 5.066597938537598 0
route 0 1179 5 5.252140998840332 7.5529069900512695 0
that 0 1180 4 1.09809410572052 4.051416873931885 3.5014901161193848
was 0 1181 3 1.7862777709960938 5.467588424682617 0
to 0 1182 2 4.433803558349609 7.13503360748291 0
run 0 1183 3 3.3721120357513428 4.871859073638916 2.263174533843994
from 0 1184 4 1.5237910747528076 4.321106910705566 0.5507521629333496
<unk> 0 1185 5 0.7634902000427246 2.731541395187378 1.5895655155181885
<unk> 0 1186 5 2.600022792816162 3.6808600425720215 0
to 0 1187 2 1.347328543663025 4.2077765464782715 0
<unk> 0 1188 5 0.5632143020629883 2.396982431411743 1.8107941150665283
<unk> 0 1189 5 1.119483232498169 3.480417251586914 0
<unk> 0 1190 5 4.775872707366943 4.040645122528076 0
. 0 1191 1 1.4442882537841797 3.9070942401885986 0.13355088233947754
<eos> 0 1192 5 2.751719648586004e-06 3.886755439452827e-05 3.907055372634204
<unk> 0 1193 5 3.5208592414855957 4.612302780151367 0
the 0 1194 3 10.308222770690918 1.6812642812728882 2.931038498878479
<unk> 0 1195 5 2.4846856594085693 6.392524242401123 0
<unk> 0 1196 5 2.913818120956421 7.232554912567139 0
<unk> 0 1197 5 2.602748394012451 6.030921936035156 1.2016329765319824
state 0 1198 5 7.63280725479126 6.824990272521973 0
highway 0 1199 7 1.483494758605957 5.094481468200684 1.730508804321289
renumbering 0 1200 11 5.211769104003906 5.113584041595459 0
, 0 1201 1 4.88421106338501 4.065518379211426 1.0480656623840332
the 0 1202 3 4.858041763305664 4.595848083496094 0
portion 0 1203 7 6.424366474151611 6.37125825881958 0
of 0 1204 2 0.492569237947464 1.8696924448013306 4.5015658140182495
pre 0 1205 3 9.094541549682617 3.964284658432007 0
<unk> 0 1206 5 0.0006769368192180991 0.008494277484714985 3.955790380947292
<unk> 0 1207 5 0.20452457666397095 1.2958953380584717 0
<unk> 0 1208 5 1.9125406742095947 3.883613109588623 0
<unk> 0 1209 5 1.9699525833129883 4.68833065032959 0
between 0 1210 7 2.188871383666992 4.279187202453613 0.40914344787597656
<unk> 0 1211 5 0.5120021104812622 2.204258918762207 2.0749282836914062
and 0 1212 3 0.4493810534477234 1.7944451570510864 0.4098137617111206
<unk> 0 1213 5 0.39994922280311584 2.030228614807129 0
<unk> 0 1214 5 4.322263717651367 4.345837116241455 0
<unk> 0 1215 5 3.058990955352783 4.736053466796875 0
was 0 1216 3 3.251319646835327 4.9073028564453125 0
designated 0 1217 10 2.545076370239258 6.195769309997559 0
as 0 1218 2 1.178725004196167 3.658156633377075 2.5376126766204834
<unk> 0 1219 5 2.3549983501434326 3.7643086910247803 0
<unk> 0 1220 5 0.08994551002979279 0.6856159567832947 3.0786927342414856
, 0 1221 1 2.6749768257141113 3.9711949825286865 0
the 0 1222 3 3.764125108718872 5.549556255340576 0
highest 0 1223 7 8.783027648925781 6.358733654022217 0
state 0 1224 5 8.712947845458984 7.0468268394470215 0
route 0 1225 5 2.780947208404541 4.543010711669922 2.5038161277770996
number 0 1226 6 12.240189552307129 4.319107532501221 0.22390317916870117
assigned 0 1227 8 14.470455169677734 4.433992862701416 0
in 0 1228 2 3.3695693016052246 3.3261923789978027 1.1078004837036133
the 0 1229 3 1.630037784576416 3.0584535598754883 0.26773881912231445
renumbering 0 1230 11 10.340485572814941 4.103447437286377 0
. 0 1231 1 0.26634475588798523 1.1420642137527466 2.9613832235336304
<eos> 0 1232 5 2.751719648586004e-06 5.6409204262308776e-05 1.1420078045484843
<unk> 0 1233 5 3.334486246109009 4.373915672302246 0
<unk> 0 1234 5 0.1999429166316986 1.482088327407837 2.891827344894409
retained 0 1235 8 12.209221839904785 3.084048271179199 0
its 0 1236 3 2.9473989009857178 3.3726212978363037 0
current 0 1237 7 1.2019578218460083 4.5563273429870605 0
routing 0 1238 7 1.8621207475662231 2.6307406425476074 1.9255867004394531
in 0 1239 2 3.4160513877868652 4.689945697784424 0
the 0 1240 3 2.059201955795288 2.211707830429077 2.4782378673553467
<unk> 0 1241 5 3.3150742053985596 4.998640537261963 0
<unk> 0 1242 5 4.036200046539307 3.6945252418518066 1.3041152954101562
<unk> 0 1243 5 2.3411130905151367 5.322401523590088 0
state 0 1244 5 5.152446269989014 6.07654333114624 0
highway 0 1245 7 2.436460256576538 3.3414862155914307 2.7350571155548096
renumbering 0 1246 11 0.04616297408938408 0.273598849773407 3.0678873658180237
. 0 1247 1 2.339792251586914 4.536738395690918 0
<eos> 0 1248 5 5.503434294951148e-06 0.00011316014570184052 4.536625235545216
<unk> 0 1249 5 3.3612701892852783 4.484307289123535 0
freeway 0 1250 7 14.474026679992676 1.1262102127075195 3.3580970764160156
was 0 1251 3 0.7612860202789307 3.7505574226379395 0
proposed 0 1252 8 9.083889961242676 6.065725803375244 0
for 0 1253 3 4.229210376739502 3.495800018310547 2.5699257850646973
<unk> 0 1254 5 3.238581895828247 4.549197673797607 0
<unk> 0 1255 5 0.5889813899993896 2.9205322265625 1.6286654472351074
around 0 1256 6 9.610536575317383 4.775897979736328 0
<unk> 0 1257 5 0.6544339060783386 1.9761050939559937 2.7997928857803345
, 0 1258 1 1.621521234512329 3.9457626342773438 0
running 0 1259 7 8.364471435546875 5.258701801300049 0
from 0 1260 4 2.5682485103607178 5.111721992492676 0.14697980880737305
the 0 1261 3 2.3905422687530518 2.8284592628479004 2.2832627296447754
<unk> 0 1262 5 1.6052805185317993 5.51943302154541 0
<unk> 0 1263 5 2.728508949279785 5.527889251708984 0
<unk> 0 1264 5 2.021275043487549 5.608870029449463 0
in 0 1265 2 5.694800853729248 6.4731340408325195 0
<unk> 0 1266 5 0.6790839433670044 2.98260498046875 3.4905290603637695
<unk> 0 1267 5 5.379755020141602 2.7110183238983154 0.27158665657043457
north 0 1268 5 5.800421714782715 2.9392518997192383 0
to 0 1269 2 0.4241311550140381 1.7091875076293945 1.2300643920898438
<unk> 0 1270 5 0.7597478032112122 2.9004099369049072 0
<unk> 0 1271 5 1.155673861503601 3.3757853507995605 0
in 0 1272 2 1.5169503688812256 3.86722731590271 0
<unk> 0 1273 5 0.4893718361854553 2.1846981048583984 1.6825292110443115
<unk> 0 1274 5 4.504261493682861 3.420868158340454 0
. 0 1275 1 1.1676769256591797 3.5726640224456787 0
<eos> 0 1276 5 2.751719648586004e-06 3.474007826298475e-05 3.5726292823674157
<unk> 0 1277 5 3.5543930530548096 4.679418087005615 0
proposed 0 1278 8 11.372401237487793 1.4240872859954834 3.255330801010132
freeway 0 1279 7 11.34941291809082 4.7388153076171875 0
was 0 1280 3 8.910197257995605 6.041845321655273 0
intended 0 1281 8 7.84836483001709 7.125938892364502 0
to 0 1282 2 0.37801775336265564 1.5459305047988892 5.580008387565613
provide 0 1283 7 6.281515121459961 5.7270097732543945 0
economic 0 1284 8 13.025809288024902 4.903177738189697 0.8238320350646973
development 0 1285 11 2.084728240966797 6.322451114654541 0
to 0 1286 2 2.342024087905884 4.585102081298828 1.737349033355713
the 0 1287 3 1.358060359954834 5.1939921379089355 0
region 0 1288 6 8.198071479797363 6.552444934844971 0
as 0 1289 2 5.0916056632995605 5.132561206817627 1.4198837280273438
well 0 1290 4 3.390845775604248 5.308420181274414 0
as 0 1291 2 0.34467247128486633 1.1966395378112793 4.111780643463135
provide 0 1292 7 11.847861289978027 7.080901145935059 0
a 0 1293 1 2.675809383392334 6.807024002075195 0.2738771438598633
better 0 1294 6 7.418338298797607 7.871413230895996 0
route 0 1295 5 3.348860025405884 6.746886253356934 1.1245269775390625
to 0 1296 2 1.9773821830749512 4.419715881347656 2.3271703720092773
the 0 1297 3 1.4654326438903809 4.455944538116455 0
<unk> 0 1298 5 2.1814115047454834 6.297860145568848 0
<unk> 0 1299 5 2.9327595233917236 6.352965354919434 0
resorts 0 1300 7 15.850677490234375 5.996090412139893 0.356874942779541
of 0 1301 2 3.9829750061035156 4.422784328460693 1.5733060836791992
<unk> 0 1302 5 0.8618917465209961 2.9169366359710693 1.505847692489624
<unk> 0 1303 5 3.504387378692627 3.8147435188293457 0
<unk> 0 1304 5 3.3177695274353027 4.257744312286377 0
for 0 1305 3 7.996321201324463 5.180115699768066 0
travelers 0 1306 9 9.15169906616211 5.35720682144165 0
from 0 1307 4 4.20379114151001 5.148221015930176 0.2089858055114746
the 0 1308 3 1.6162502765655518 4.247853755950928 0.900367259979248
<unk> 0 1309 5 2.004182815551758 6.526373863220215 0
<unk> 0 1310 5 3.082110643386841 6.8483686447143555 0
. 0 1311 1 3.8206262588500977 6.321593284606934 0.5267753601074219
<eos> 0 1312 5 8.255143256974407e-06 0.00011195636034244671 6.321481328246591
<unk> 0 1313 5 3.6897501945495605 5.06451416015625 0
, 0 1314 1 5.138127326965332 4.56892204284668 0.4955921173095703
this 0 1315 4 7.224113464355469 5.9848456382751465 0
freeway 0 1316 7 7.449061393737793 6.726253986358643 0
was 0 1317 3 1.423830509185791 5.622651100158691 1.1036028861999512
canceled 0 1318 8 9.289724349975586 7.793760299682617 0
by 0 1319 2 3.115797519683838 4.3341851234436035 3.4595751762390137
the 0 1320 3 0.9637398719787598 2.8815805912017822 1.4526045322418213
mid 0 1321 3 6.476134777069092 5.719581127166748 0
<unk> 0 1322 5 0.021917475387454033 0.21308225393295288 5.506498873233795
1970s 0 1323 5 2.8336029052734375 3.797091007232666 0
due 0 1324 3 4.780159950256348 3.6564860343933105 0.14060497283935547
to 0 1325 2 0.005214537959545851 0.05734628066420555 3.599139753729105
financial 0 1326 9 8.119961738586426 5.406499862670898 0
and 0 1327 3 8.994571685791016 4.519155025482178 0.8873448371887207
environmental 0 1328 13 3.600081205368042 6.215535640716553 0
concerns 0 1329 8 1.5481135845184326 3.837892532348633 2.37764310836792
as 0 1330 2 8.120148658752441 4.405251502990723 0
well 0 1331 4 2.605952739715576 6.106775760650635 0
as 0 1332 2 0.673324465751648 1.622483491897583 4.484292268753052
lack 0 1333 4 7.824995994567871 7.609823703765869 0
of 0 1334 2 0.018235502764582634 0.17569465935230255 7.434129044413567
traffic 0 1335 7 5.989498138427734 7.557890892028809 0
along 0 1336 5 6.670370578765869 5.50101900100708 2.0568718910217285
<unk> 0 1337 5 4.501914024353027 2.552997350692749 2.948021650314331
<unk> 0 1338 5 2.5889759063720703 4.660645008087158 0
. 0 1339 1 1.8058041334152222 4.641479015350342 0.019165992736816406
<eos> 0 1340 5 8.255143256974407e-06 0.00011333211296005175 4.641365683237382
<unk> 0 1341 5 4.108489513397217 5.139063835144043 0
<unk> 0 1342 5 0.7550354599952698 4.155023574829102 0.9840402603149414
<unk> 0 1343 5 2.9782443046569824 5.479621887207031 0
, 0 1344 1 3.073601007461548 5.6979498863220215 0
<unk> 0 1345 5 3.9493958950042725 5.686823844909668 0.011126041412353516
, 0 1346 1 3.0086562633514404 4.632278919219971 1.0545449256896973
construction 0 1347 12 12.26486873626709 5.395391464233398 0
began 0 1348 5 5.068991661071777 6.05240535736084 0
on 0 1349 2 2.0257327556610107 3.1148664951324463 2.9375388622283936
making 0 1350 6 16.995141983032227 1.7277759313583374 1.3870905637741089
the 0 1351 3 2.122140884399414 5.713860511779785 0
interchange 0 1352 11 7.609797477722168 7.962528228759766 0
with 0 1353 4 2.228182554244995 5.109510898590088 2.8530173301696777
the 0 1354 3 2.454041004180908 3.5692498683929443 1.5402610301971436
<unk> 0 1355 5 1.880007028579712 6.25973653793335 0
<unk> 0 1356 5 2.435556411743164 6.23538875579834 0.024347782135009766
<unk> 0 1357 5 2.2984395027160645 5.968524932861328 0.2668638229370117
a 0 1358 1 11.423552513122559 6.419543266296387 0
full 0 1359 4 9.472160339355469 7.141734600067139 0
interchange 0 1360 11 5.406118869781494 5.389851093292236 1.7518835067749023
as 0 1361 2 7.722560405731201 4.452348232269287 0.9375028610229492
part 0 1362 4 2.8582937717437744 4.217066764831543 0.23528146743774414
of 0 1363 2 0.0003851897199638188 0.004886170383542776 4.212180594448
a 0 1364 1 2.5535407066345215 3.1789350509643555 0
series 0 1365 6 4.447563648223877 7.714150428771973 0
of 0 1366 2 0.03695566579699516 0.3486010730266571 7.3655493557453156
improvements 0 1367 12 5.069765090942383 8.305246353149414 0
set 0 1368 3 13.029234886169434 4.064423561096191 4.240822792053223
for 0 1369 3 4.702478885650635 4.3072333335876465 0
the 0 1370 3 1.6849896907806396 5.920546531677246 0
<unk> 0 1371 5 2.6278839111328125 6.724144458770752 0
<unk> 0 1372 5 2.1094980239868164 5.740980625152588 0.9831638336181641
<unk> 0 1373 5 2.178147792816162 5.9570417404174805 0
. 0 1374 1 4.093189716339111 6.432243347167969 0
<eos> 0 1375 5 8.255143256974407e-06 0.00011711542902048677 6.432126231738948
<unk> 0 1376 5 3.6876285076141357 4.90446138381958 0
project 0 1377 7 11.977551460266113 3.5574729442596436 1.3469884395599365
was 0 1378 3 2.305311918258667 6.782416343688965 0
completed 0 1379 9 3.138659954071045 7.543655872344971 0
on 0 1380 2 3.0005414485931396 2.9220049381256104 4.62165093421936
<unk> 0 1381 5 0.17778600752353668 0.8879351019859314 2.034069836139679
<unk> 0 1382 5 0.07296473532915115 0.412423700094223 0.4755114018917084
, 0 1383 1 0.3653682470321655 1.1714917421340942 0
<unk> 0 1384 5 0.0762007087469101 0.5596779584884644 0.6118137836456299
. 0 1385 1 1.7844258546829224 2.401153802871704 0
<eos> 0 1386 5 2.201361166953575e-05 0.00030506495386362076 2.4008487379178405
= 0 1387 1 3.3260605335235596 4.849765777587891 0
= 0 1388 1 0.04651239141821861 0.3295866847038269 4.520179092884064
<unk> 0 1389 5 7.098072052001953 4.019306659698486 0
intersections 0 1390 13 10.174357414245605 5.8044633865356445 0
= 0 1391 1 0.01318089198321104 0.11339053511619568 5.691072851419449
= 0 1392 1 1.3758546629105695e-05 0.00025795091642066836 0.11313258419977501
<eos> 0 1393 5 19.794118881225586 3.320047616958618 0
=========================================================================================
| End of testing | test loss  2.44 | test ppl    11.43
=========================================================================================
