word sentid sentpos wlen surp entropy entred
= 0 0 1 5.7804718017578125 6.414806365966797 0
<unk> 0 1 5 3.4076271057128906 1.2797991037368774 5.135007262229919
<unk> 0 2 5 1.1077898740768433 5.199486255645752 0
b 0 3 1 11.807896614074707 2.9034416675567627 2.2960445880889893
= 0 4 1 0.2390228807926178 1.318016529083252 1.5854251384735107
<eos> 0 5 5 18.22583770751953 1.1952511072158813 0.1227654218673706
= 0 6 1 8.958370208740234 2.3032264709472656 0
<unk> 0 7 5 0.27298593521118164 1.903890609741211 0.3993358612060547
<unk> 0 8 5 0.6149438619613647 3.3811848163604736 0
b 0 9 1 8.28514289855957 3.955657958984375 0
= 0 10 1 4.752895832061768 3.733898162841797 0.22175979614257812
<eos> 0 11 5 16.132396697998047 1.5944576263427734 2.1394405364990234
<unk> 0 12 5 0.6101738214492798 3.2788548469543457 0
<unk> 0 13 5 0.696049690246582 3.595012903213501 0
b 0 14 1 9.227001190185547 4.008947849273682 0
( 0 15 1 2.706533432006836 3.7892394065856934 0.21970844268798828
abbreviated 0 16 11 10.907898902893066 2.6321535110473633 1.15708589553833
<unk> 0 17 5 0.8870810270309448 3.6995434761047363 0
<unk> 0 18 5 1.4982469081878662 3.514224052429199 0.1853194236755371
b 0 19 1 7.436928749084473 3.4662997722625732 0.04792428016662598
, 0 20 1 3.9688808917999268 3.132984161376953 0.3333156108856201
<unk> 0 21 5 0.8296195864677429 4.237877368927002 0
<unk> 0 22 5 1.3570808172225952 3.6675891876220703 0.5702881813049316
b 0 23 1 10.215733528137207 3.1193594932556152 0.5482296943664551
) 0 24 1 1.067148208618164 2.6468591690063477 0.4725003242492676
, 0 25 1 2.5590853691101074 3.9512248039245605 0
occasionally 0 26 12 12.052334785461426 5.918643951416016 0
designated 0 27 10 8.540119171142578 6.311318874359131 0
<unk> 0 28 5 1.9835377931594849 4.618767261505127 1.692551612854004
<unk> 0 29 5 1.0918023586273193 3.8920464515686035 0.7267208099365234
<unk> 0 30 5 1.1531368494033813 3.4881935119628906 0.4038529396057129
( 0 31 1 3.009838104248047 4.105616569519043 0
to 0 32 2 10.993382453918457 3.890941619873047 0.2146749496459961
distinguish 0 33 11 13.169672012329102 4.050262451171875 0
it 0 34 2 7.296754837036133 5.365276336669922 0
from 0 35 4 0.43792563676834106 1.408238172531128 3.957038164138794
the 0 36 3 3.157604217529297 3.7939674854278564 0
red 0 37 3 11.31567668914795 5.73832368850708 0
dwarf 0 38 5 7.984749794006348 5.24219274520874 0.49613094329833984
<unk> 0 39 5 3.049490213394165 4.644606590270996 0.5975861549377441
<unk> 0 40 5 1.8285319805145264 4.534736156463623 0.10987043380737305
<unk> 0 41 5 1.38338041305542 3.646193742752075 0.8885424137115479
) 0 42 1 1.2585772275924683 3.7168877124786377 0
, 0 43 1 0.9016321301460266 3.6544413566589355 0.06244635581970215
also 0 44 4 8.287538528442383 3.606393337249756 0.04804801940917969
named 0 45 5 5.823697090148926 7.560116767883301 0
<unk> 0 46 5 0.7928029298782349 3.8105390071868896 3.749577760696411
, 0 47 1 2.0831475257873535 3.910141944885254 0
is 0 48 2 2.228830337524414 4.740918159484863 0
an 0 49 2 3.0594146251678467 3.623786211013794 1.1171319484710693
<unk> 0 50 5 1.6895920038223267 6.510979652404785 0
planet 0 51 6 5.662483215332031 6.610673427581787 0
approximately 0 52 13 10.640172958374023 5.593310832977295 1.0173625946044922
<unk> 0 53 5 0.15423403680324554 1.041085958480835 4.55222487449646
light 0 54 5 5.152328014373779 3.309217929840088 0
<unk> 0 55 5 0.7173547744750977 1.8405274152755737 1.4686905145645142
years 0 56 5 0.0037534500006586313 0.040480367839336395 1.8000470474362373
away 0 57 4 2.201064348220825 3.4419217109680176 0
from 0 58 4 0.804490864276886 2.35286808013916 1.0890536308288574
the 0 59 3 1.7412046194076538 2.345618724822998 0.007249355316162109
<unk> 0 60 5 4.861166477203369 3.4534668922424316 0
in 0 61 2 7.423996925354004 6.542507648468018 0
the 0 62 3 1.078262448310852 3.5228383541107178 3.0196692943573
constellation 0 63 13 2.9245400428771973 5.213711261749268 0
of 0 64 2 1.3588638305664062 3.2712717056274414 1.9424395561218262
<unk> 0 65 5 0.12428431212902069 0.9383313059806824 2.332940399646759
. 0 66 1 0.7850306630134583 2.682785749435425 0
<eos> 0 67 5 0.06440135836601257 0.2738564908504486 2.408929258584976
<unk> 0 68 5 2.6846094131469727 6.072177886962891 0
planet 0 69 6 18.429330825805664 7.457431316375732 0
orbits 0 70 6 10.934781074523926 7.3046441078186035 0.1527872085571289
the 0 71 3 2.1354880332946777 5.946235656738281 1.3584084510803223
<unk> 0 72 5 4.081178665161133 6.8469438552856445 0
twin 0 73 4 16.817123413085938 7.358332633972168 0
star 0 74 4 3.2552902698516846 6.0634965896606445 1.2948360443115234
, 0 75 1 3.300931930541992 6.723475933074951 0
<unk> 0 76 5 2.1477136611938477 5.855984687805176 0.8674912452697754
<unk> 0 77 5 0.8307560086250305 3.512096643447876 2.3438880443573
<unk> 0 78 5 2.6096248626708984 3.550663709640503 0
, 0 79 1 1.315917730331421 3.73004150390625 0
approximately 0 80 13 9.44438648223877 5.368271827697754 0
every 0 81 5 9.460878372192383 1.9632599353790283 3.4050118923187256
five 0 82 4 6.081666946411133 4.6165947914123535 0
days 0 83 4 3.2612175941467285 3.1621625423431396 1.4544322490692139
. 0 84 1 2.273825168609619 5.025963306427002 0
<eos> 0 85 5 0.05661952495574951 0.24775804579257965 4.778205260634422
<unk> 0 86 5 2.695307970046997 6.0669403076171875 0
in 0 87 2 9.212088584899902 7.436765193939209 0
<unk> 0 88 5 1.8261585235595703 4.5044264793396 2.9323387145996094
<unk> 0 89 5 3.0372726917266846 7.3163909912109375 0
by 0 90 2 9.501480102539062 6.848956108093262 0.4674348831176758
<unk> 0 91 5 0.8599257469177246 4.496209621429443 2.3527464866638184
<unk> 0 92 5 0.7760751247406006 4.42561149597168 0.07059812545776367
and 0 93 3 4.655656814575195 5.047636985778809 0
<unk> 0 94 5 0.7201105356216431 4.322535514831543 0.7251014709472656
<unk> 0 95 5 0.2935991883277893 2.29904842376709 2.023487091064453
<unk> 0 96 5 2.4163355827331543 5.517354965209961 0
, 0 97 1 2.6470277309417725 5.81472635269165 0
it 0 98 2 6.535153388977051 5.835696220397949 0
was 0 99 3 1.474752426147461 4.8677263259887695 0.9679698944091797
one 0 100 3 6.426723480224609 7.560061454772949 0
of 0 101 2 0.02608352154493332 0.2734982669353485 7.286563187837601
the 0 102 3 0.6442056894302368 2.6132450103759766 0
first 0 103 5 2.445338726043701 6.034766674041748 0
hot 0 104 3 15.474888801574707 8.683443069458008 0
<unk> 0 105 5 0.8398257493972778 5.30214262008667 3.381300449371338
to 0 106 2 4.607051849365234 8.490080833435059 0
be 0 107 2 2.080204486846924 6.888487339019775 1.6015934944152832
discovered 0 108 10 6.742673397064209 8.295578956604004 0
. 0 109 1 2.982789993286133 4.234245777130127 4.061333179473877
<eos> 0 110 5 0.06439313292503357 0.27354520559310913 3.960700571537018
<unk> 0 111 5 2.6840920448303223 6.087621688842773 0
is 0 112 2 5.175745010375977 7.449723720550537 0
also 0 113 4 3.796921491622925 7.7318902015686035 0
one 0 114 3 6.022392272949219 7.460293769836426 0.27159643173217773
of 0 115 2 0.010646418668329716 0.12517079710960388 7.335122972726822
the 0 116 3 0.5658394694328308 2.3733420372009277 0
first 0 117 5 4.074186325073242 6.526768684387207 0
non 0 118 3 7.507006645202637 8.473100662231445 0
<unk> 0 119 5 0.003483770415186882 0.04837045818567276 8.424730204045773
resolved 0 120 8 21.75260353088379 5.2572021484375 0
planets 0 121 7 8.289058685302734 9.221712112426758 0
to 0 122 2 1.5588810443878174 4.348391056060791 4.873321056365967
be 0 123 2 2.1579103469848633 6.920230865478516 0
detected 0 124 8 4.64362907409668 7.333607196807861 0
directly 0 125 8 9.764509201049805 4.151004314422607 3.182602882385254
. 0 126 1 3.001966714859009 4.549636363983154 0
<eos> 0 127 5 0.06354830414056778 0.2719085216522217 4.277727842330933
<unk> 0 128 5 2.700852632522583 6.0958051681518555 0
<unk> 0 129 5 2.4049131870269775 7.458612442016602 0
b 0 130 1 12.78678035736084 6.301145553588867 1.1574668884277344
is 0 131 2 4.535110950469971 5.72310733795166 0.578038215637207
the 0 132 3 2.645576000213623 6.536180019378662 0
innermost 0 133 9 11.202857971191406 7.730072498321533 0
known 0 134 5 7.647793292999268 8.360984802246094 0
planet 0 135 6 5.913572311401367 8.166919708251953 0.19406509399414062
in 0 136 2 2.133146047592163 5.112458229064941 3.0544614791870117
its 0 137 3 6.500091075897217 2.6437745094299316 2.4686837196350098
planetary 0 138 9 7.133645057678223 6.9201154708862305 0
system 0 139 6 1.5016506910324097 5.458367347717285 1.4617481231689453
. 0 140 1 1.3305513858795166 3.1927857398986816 2.2655816078186035
<eos> 0 141 5 0.06296774744987488 0.2690213620662689 2.9237643778324127
<unk> 0 142 5 2.6816883087158203 6.072431564331055 0
<unk> 0 143 5 2.416844606399536 7.453729629516602 0
<unk> 0 144 5 2.7303194999694824 6.283419132232666 1.1703104972839355
the 0 145 3 7.538630962371826 6.530084133148193 0
<unk> 0 146 5 2.5653674602508545 10.014522552490234 0
<unk> 0 147 5 2.70865797996521 8.938566207885742 1.0759563446044922
<unk> 0 148 5 1.8250455856323242 7.363336086273193 1.5752301216125488
launched 0 149 8 14.644801139831543 7.494434356689453 0
a 0 150 1 1.9501787424087524 5.0828857421875 2.411548614501953
process 0 151 7 11.065908432006836 8.665778160095215 0
for 0 152 3 5.684176445007324 4.813716888427734 3.8520612716674805
giving 0 153 6 12.219708442687988 7.327314853668213 0
proper 0 154 6 12.631438255310059 6.26286506652832 1.0644497871398926
names 0 155 5 8.026506423950195 9.993097305297852 0
to 0 156 2 1.354849100112915 4.132668495178223 5.860428810119629
certain 0 157 7 10.149042129516602 5.597548961639404 0
<unk> 0 158 5 3.0852506160736084 9.492252349853516 0
and 0 159 3 3.9781789779663086 7.540888786315918 1.9513635635375977
their 0 160 5 7.2950873374938965 6.914951801300049 0.6259369850158691
host 0 161 4 9.704780578613281 9.891996383666992 0
stars 0 162 5 6.184154987335205 8.356766700744629 1.5352296829223633
. 0 163 1 1.353354811668396 3.7544262409210205 4.602340459823608
<eos> 0 164 5 0.059602413326501846 0.2584978938102722 3.4959283471107483
<unk> 0 165 5 2.6840810775756836 6.099173545837402 0
process 0 166 7 17.278493881225586 7.458898544311523 0
involved 0 167 8 12.38842487335205 9.217682838439941 0
public 0 168 6 11.86471176147461 7.974966049194336 1.2427167892456055
nomination 0 169 10 19.036592483520508 9.070845603942871 0
and 0 170 3 3.2557952404022217 6.30007266998291 2.770772933959961
voting 0 171 6 9.436589241027832 10.512007713317871 0
for 0 172 3 3.292558431625366 7.1455488204956055 3.3664588928222656
the 0 173 3 1.4046745300292969 5.978797912597656 1.1667509078979492
new 0 174 3 6.51443338394165 8.638542175292969 0
names 0 175 5 11.955817222595215 6.320271015167236 2.3182711601257324
. 0 176 1 2.561929225921631 5.130032539367676 1.1902384757995605
<eos> 0 177 5 0.056547921150922775 0.248223215341568 4.881809324026108
<unk> 0 178 5 2.6795613765716553 6.0986762046813965 0
<unk> 0 179 5 2.4109420776367188 7.460531711578369 0
<unk> 0 180 5 2.7277865409851074 6.287367820739746 1.173163890838623
, 0 181 1 3.0822057723999023 6.544073104858398 0
the 0 182 3 2.8128106594085693 5.983875274658203 0.5601978302001953
<unk> 0 183 5 2.737351417541504 8.585681915283203 0
announced 0 184 9 12.963228225708008 7.783585071563721 0.8020968437194824
the 0 185 3 3.1364104747772217 4.633164405822754 3.150420665740967
winning 0 186 7 12.288080215454102 9.057762145996094 0
name 0 187 4 9.498173713684082 7.553041934967041 1.5047202110290527
was 0 188 3 8.553019523620605 4.151453495025635 3.4015884399414062
<unk> 0 189 5 3.754136323928833 7.801591873168945 0
for 0 190 3 5.872087478637695 4.373096942901611 3.428494930267334
this 0 191 4 6.614908218383789 5.275304794311523 0
planet 0 192 6 10.6780366897583 8.766570091247559 0
. 0 193 1 1.9650503396987915 4.054635524749756 4.711934566497803
<eos> 0 194 5 0.059720564633607864 0.25867587327957153 3.7959596514701843
<unk> 0 195 5 2.684936761856079 6.08912992477417 0
winning 0 196 7 16.59891700744629 7.459887981414795 0
name 0 197 4 16.32546615600586 5.31012487411499 2.1497631072998047
was 0 198 3 4.278937816619873 5.834292888641357 0
submitted 0 199 9 10.429498672485352 8.14237117767334 0
by 0 200 2 2.7277026176452637 2.6611015796661377 5.481269598007202
the 0 201 3 1.4586288928985596 3.280414342880249 0
<unk> 0 202 5 1.2956264019012451 6.238081932067871 0
<unk> 0 203 5 2.747260570526123 7.591196060180664 0
<unk> 0 204 5 2.197089433670044 6.643142223358154 0.9480538368225098
of 0 205 2 5.680893898010254 6.5429301261901855 0.10021209716796875
<unk> 0 206 5 1.6960240602493286 2.5682384967803955 3.97469162940979
and 0 207 3 4.069995403289795 4.9357829093933105 0
honours 0 208 7 16.895925521850586 5.861497402191162 0
the 0 209 3 5.479610443115234 5.491910934448242 0.3695864677429199
11th 0 210 4 10.493207931518555 5.797522068023682 0
<unk> 0 211 5 2.486384868621826 5.565407752990723 0.23211431503295898
astronomer 0 212 10 19.231693267822266 5.74390983581543 0
<unk> 0 213 5 2.4805593490600586 4.27554988861084 1.4683599472045898
al 0 214 2 10.649229049682617 3.6628308296203613 0.6127190589904785
<unk> 0 215 5 0.05948953330516815 0.5151575803756714 3.14767324924469
<unk> 0 216 5 0.259977251291275 1.6724151372909546 0
of 0 217 2 4.972524642944336 4.724462985992432 0
<unk> 0 218 5 1.304654836654663 2.2125816345214844 2.5118813514709473
<unk> 0 219 5 3.6167333126068115 4.232119560241699 0
. 0 220 1 2.5381901264190674 4.840753078460693 0
<eos> 0 221 5 0.06519390642642975 0.27604955434799194 4.564703524112701
= 0 222 1 3.806119203567505 6.084285736083984 0
= 0 223 1 0.1137838065624237 0.771201491355896 5.313084244728088
<unk> 0 224 5 5.52451753616333 5.738427639007568 0
= 0 225 1 1.9882707595825195 6.984527111053467 0
= 0 226 1 0.00031366225448437035 0.004533898085355759 6.979993212968111
<eos> 0 227 5 20.822446823120117 5.09522819519043 0
<unk> 0 228 5 2.107065439224243 5.786087512969971 0
the 0 229 3 8.953560829162598 6.275745868682861 0
majority 0 230 8 10.401800155639648 8.407902717590332 0
of 0 231 2 0.18485234677791595 1.439562439918518 6.968340277671814
known 0 232 5 11.390542030334473 5.100098609924316 0
<unk> 0 233 5 2.1320607662200928 8.855859756469727 0
planets 0 234 7 10.286767959594727 8.306730270385742 0.5491294860839844
, 0 235 1 3.4789419174194336 5.497270584106445 2.809459686279297
<unk> 0 236 5 3.538877487182617 6.312496662139893 0
<unk> 0 237 5 2.5271048545837402 3.6803665161132812 2.6321301460266113
b 0 238 1 10.167460441589355 3.2991716861724854 0.3811948299407959
was 0 239 3 10.757786750793457 2.84798526763916 0.4511864185333252
detected 0 240 8 7.705865859985352 7.671544075012207 0
by 0 241 2 2.303529977798462 4.249448776245117 3.42209529876709
the 0 242 3 2.0144190788269043 4.8750319480896 0
variations 0 243 10 15.25684642791748 6.187671661376953 0
in 0 244 2 2.923224925994873 3.5802206993103027 2.6074509620666504
its 0 245 3 6.623012065887451 6.5512189865112305 0
star 0 246 4 6.419051647186279 8.844974517822266 0
's 0 247 2 4.707277774810791 6.854032516479492 1.9909420013427734
radial 0 248 6 5.0664496421813965 7.035359859466553 0
velocity 0 249 8 0.16845223307609558 1.2287354469299316 5.806624412536621
caused 0 250 6 11.272907257080078 4.995612144470215 0
by 0 251 2 0.17388129234313965 1.1116359233856201 3.8839762210845947
the 0 252 3 1.532588243484497 5.612339973449707 0
planet 0 253 6 6.815739631652832 8.512443542480469 0
's 0 254 2 1.2215611934661865 4.376291751861572 4.1361517906188965
gravity 0 255 7 5.623483180999756 7.9864726066589355 0
. 0 256 1 1.4567865133285522 4.374527454376221 3.611945152282715
<eos> 0 257 5 0.061297349631786346 0.26377925276756287 4.110748201608658
<unk> 0 258 5 2.67897367477417 6.080841541290283 0
variations 0 259 10 17.245140075683594 7.452463626861572 0
were 0 260 4 3.964843988418579 7.251646995544434 0.20081663131713867
detected 0 261 8 11.745152473449707 8.469832420349121 0
by 0 262 2 2.3577611446380615 4.345911502838135 4.123920917510986
making 0 263 6 10.554088592529297 5.736880779266357 0
sensitive 0 264 9 14.003262519836426 6.455130577087402 0
measurements 0 265 12 5.180927753448486 9.797430992126465 0
of 0 266 2 1.6849827766418457 5.141089916229248 4.656341075897217
the 0 267 3 1.2639251947402954 5.640185356140137 0
<unk> 0 268 5 3.1211097240448 10.130517959594727 0
shift 0 269 5 11.361394882202148 8.34962272644043 1.7808952331542969
of 0 270 2 3.0270073413848877 5.432791709899902 2.9168310165405273
<unk> 0 271 5 2.9431886672973633 6.688256740570068 0
<unk> 0 272 5 2.97267484664917 6.487386226654053 0.20087051391601562
's 0 273 2 4.5079569816589355 5.7139434814453125 0.7734427452087402
spectrum 0 274 8 8.3212890625 9.941770553588867 0
. 0 275 1 1.6703410148620605 4.578557014465332 5.363213539123535
<eos> 0 276 5 0.06492149084806442 0.2759188711643219 4.30263814330101
<unk> 0 277 5 2.6831564903259277 6.081724643707275 0
planet 0 278 6 18.45473861694336 7.448803901672363 0
's 0 279 2 4.159374237060547 7.298711776733398 0.15009212493896484
existence 0 280 9 10.326991081237793 9.580862998962402 0
was 0 281 3 2.4618091583251953 5.590555191040039 3.9903078079223633
announced 0 282 9 7.430656433105469 8.850201606750488 0
in 0 283 2 1.433361291885376 3.3369147777557373 5.513286828994751
<unk> 0 284 5 0.34588882327079773 1.6968302726745605 1.6400845050811768
<unk> 0 285 5 0.6536165475845337 2.21010684967041 0
, 0 286 1 1.3713622093200684 2.933773994445801 0
together 0 287 8 11.164109230041504 4.855800151824951 0
with 0 288 4 0.03797384351491928 0.3240804076194763 4.531719744205475
<unk> 0 289 5 2.6406078338623047 5.398059844970703 0
<unk> 0 290 5 1.3057019710540771 5.255078315734863 0.14298152923583984
b 0 291 1 11.392487525939941 4.806118011474609 0.4489603042602539
and 0 292 3 2.9776909351348877 4.091094970703125 0.7150230407714844
the 0 293 3 4.097244739532471 4.316647529602051 0
planet 0 294 6 6.9089035987854 7.54056978225708 0
orbiting 0 295 8 10.39523983001709 5.0327467918396 2.5078229904174805
<unk> 0 296 5 1.684740662574768 4.1187543869018555 0.9139924049377441
<unk> 0 297 5 2.1188249588012695 4.530655384063721 0
. 0 298 1 1.9473265409469604 4.15939474105835 0.3712606430053711
<eos> 0 299 5 0.061044152826070786 0.2631591260433197 3.89623561501503
<unk> 0 300 5 2.6870763301849365 6.073696613311768 0
<unk> 0 301 5 2.4081532955169678 7.445943355560303 0
<unk> 0 302 5 2.729769229888916 6.291424751281738 1.1545186042785645
b 0 303 1 11.987987518310547 6.544327735900879 0
, 0 304 1 3.283825635910034 5.296792507171631 1.247535228729248
the 0 305 3 3.9280810356140137 5.641449451446533 0
first 0 306 5 3.962235450744629 8.390803337097168 0
<unk> 0 307 5 2.057493209838867 8.121514320373535 0.2692890167236328
planet 0 308 6 10.064360618591309 7.938962459564209 0.18255186080932617
discovered 0 309 10 5.783651351928711 5.069570541381836 2.869391918182373
around 0 310 6 8.126246452331543 3.302135944366455 1.7674345970153809
a 0 311 1 5.205280780792236 2.5877130031585693 0.7144229412078857
normal 0 312 6 10.032127380371094 8.16130256652832 0
star 0 313 4 4.936822414398193 7.609882831573486 0.551419734954834
, 0 314 1 1.413042426109314 4.80690336227417 2.8029794692993164
<unk> 0 315 5 5.491004467010498 5.0273942947387695 0
<unk> 0 316 5 1.424994707107544 5.371340274810791 0
b 0 317 1 9.502884864807129 5.057218551635742 0.31412172317504883
orbits 0 318 6 9.192794799804688 4.476311683654785 0.580906867980957
very 0 319 4 10.971632957458496 5.815916538238525 0
close 0 320 5 1.7901302576065063 5.226865768432617 0.5890507698059082
to 0 321 2 0.2287781834602356 1.3139346837997437 3.9129310846328735
its 0 322 3 3.943587064743042 3.5505707263946533 0
star 0 323 4 3.040945053100586 6.801461219787598 0
, 0 324 1 2.296196699142456 4.872019290924072 1.9294419288635254
closer 0 325 6 10.379776000976562 6.510735511779785 0
than 0 326 4 4.359625339508057 1.0572872161865234 5.453448295593262
<unk> 0 327 5 2.4632208347320557 4.270244598388672 0
does 0 328 4 14.453298568725586 3.624135971069336 0.6461086273193359
to 0 329 2 8.776216506958008 3.931816577911377 0
our 0 330 3 11.744890213012695 6.685509204864502 0
<unk> 0 331 5 4.760767459869385 7.501806735992432 0
. 0 332 1 2.5946197509765625 7.145197868347168 0.35660886764526367
<eos> 0 333 5 0.061041515320539474 0.2631121277809143 6.882085740566254
<unk> 0 334 5 2.6794278621673584 6.084648609161377 0
planet 0 335 6 18.43023681640625 7.45000696182251 0
takes 0 336 5 11.572807312011719 7.307124614715576 0.1428823471069336
<unk> 0 337 5 4.018011093139648 5.741426467895508 1.5656981468200684
<unk> 0 338 5 4.222472667694092 6.226372718811035 0
<eos> 0 339 5 3.1180083751678467 5.282259941101074 0.9441127777099609
@ 0 340 1 0.0015382523415610194 0.01750491000711918 5.264755031093955
<unk> 0 341 5 0.005393428727984428 0.06460858136415482 0
days 0 342 4 4.1870012283325195 4.6916046142578125 0
to 0 343 2 2.2463135719299316 4.55202054977417 0.13958406448364258
complete 0 344 8 4.379522800445557 7.707411289215088 0
an 0 345 2 5.638558387756348 5.329526901245117 2.3778843879699707
orbit 0 346 5 2.0513031482696533 6.920463562011719 0
, 0 347 1 2.82002854347229 5.575832843780518 1.3446307182312012
with 0 348 4 4.165997505187988 6.705154895782471 0
a 0 349 1 2.2334861755371094 5.395116329193115 1.3100385665893555
<unk> 0 350 5 4.273181438446045 7.803715705871582 0
axis 0 351 4 9.914448738098145 6.033398151397705 1.770317554473877
of 0 352 2 1.281144142150879 5.675057888031006 0.3583402633666992
<unk> 0 353 5 0.913651704788208 3.969632148742676 1.70542573928833
<unk> 0 354 5 0.5957314372062683 2.678420066833496 1.2912120819091797
<eos> 0 355 5 1.0173832178115845 2.4745755195617676 0.20384454727172852
@ 0 356 1 2.751719648586004e-06 4.505875040194951e-05 2.4745304608113656
<unk> 0 357 5 0.0009603753569535911 0.01304097194224596 0
<unk> 0 358 5 1.5385595560073853 4.168438911437988 0
. 0 359 1 1.8512213230133057 3.9824652671813965 0.1859736442565918
<eos> 0 360 5 0.06353464722633362 0.27119070291519165 3.711274564266205
<unk> 0 361 5 2.6729886531829834 6.06983757019043 0
limitation 0 362 10 23.671724319458008 7.443693161010742 0
of 0 363 2 3.7212297916412354 7.314493656158447 0.12919950485229492
the 0 364 3 1.3230997323989868 6.398891925811768 0.9156017303466797
radial 0 365 6 11.950028419494629 10.282443046569824 0
velocity 0 366 8 0.1264306753873825 1.174853801727295 9.10758924484253
method 0 367 6 5.170435428619385 6.637864589691162 0
used 0 368 4 7.249701499938965 6.6073079109191895 0.030556678771972656
to 0 369 2 2.516173839569092 4.5702805519104 2.037027359008789
detect 0 370 6 4.585720539093018 8.470016479492188 0
<unk> 0 371 5 3.890197992324829 7.847186088562012 0.6228303909301758
<unk> 0 372 5 3.3555960655212402 8.229046821594238 0
b 0 373 1 8.869195938110352 7.368679046630859 0.8603677749633789
is 0 374 2 3.559580087661743 7.067910194396973 0.3007688522338867
that 0 375 4 6.754006385803223 8.129434585571289 0
only 0 376 4 8.70720386505127 6.260342597961426 1.8690919876098633
a 0 377 1 3.4188320636749268 5.969207763671875 0.2911348342895508
lower 0 378 5 9.162564277648926 7.3296661376953125 0
limit 0 379 5 5.83007287979126 8.027510643005371 0
on 0 380 2 6.523510932922363 4.603634834289551 3.4238758087158203
the 0 381 3 1.092834234237671 5.374785423278809 0
mass 0 382 4 6.365620136260986 9.393546104431152 0
can 0 383 3 6.941292762756348 5.336185455322266 4.057360649108887
be 0 384 2 0.7424367070198059 4.01568603515625 1.3204994201660156
found 0 385 5 5.1581339836120605 8.260400772094727 0
. 0 386 1 4.032016277313232 5.03803014755249 3.2223706245422363
<eos> 0 387 5 0.06275304406881332 0.2690911293029785 4.768939018249512
<unk> 0 388 5 2.6880695819854736 6.080342769622803 0
the 0 389 3 9.38294792175293 7.457585334777832 0
case 0 390 4 11.57271957397461 9.513402938842773 0
of 0 391 2 3.6484689712524414 6.619879245758057 2.893523693084717
<unk> 0 392 5 1.2942354679107666 5.49444580078125 1.1254334449768066
<unk> 0 393 5 1.7188537120819092 5.873526096343994 0
b 0 394 1 12.05028247833252 5.24562931060791 0.627896785736084
, 0 395 1 2.596609115600586 4.86812162399292 0.37750768661499023
this 0 396 4 9.320127487182617 6.002249717712402 0
lower 0 397 5 13.618348121643066 8.544631958007812 0
limit 0 398 5 7.0110764503479 7.653069496154785 0.8915624618530273
is 0 399 2 3.481405019760132 6.570010185241699 1.083059310913086
<unk> 0 400 5 3.8242859840393066 8.207624435424805 0
<unk> 0 401 5 1.875151515007019 5.6346821784973145 2.5729422569274902
<eos> 0 402 5 0.619945228099823 2.525970458984375 3.1087117195129395
@ 0 403 1 1.3758546629105695e-05 0.00020361308997962624 2.5257668458943954
<unk> 0 404 5 0.0027791408356279135 0.033836834132671356 0
% 0 405 1 3.3720145225524902 5.273212432861328 0
of 0 406 2 2.8715105056762695 5.149375915527344 0.12383651733398438
the 0 407 3 0.7005650997161865 3.7460765838623047 1.403299331665039
mass 0 408 4 5.280205726623535 7.460089206695557 0
of 0 409 2 2.555110454559326 6.700435638427734 0.7596535682678223
<unk> 0 410 5 2.8999714851379395 4.3440470695495605 2.356388568878174
, 0 411 1 3.0122857093811035 5.039609432220459 0
though 0 412 6 6.722504615783691 5.897241592407227 0
depending 0 413 9 12.458101272583008 6.1268415451049805 0
on 0 414 2 0.08186648786067963 0.5599232912063599 5.566918253898621
the 0 415 3 1.1557592153549194 4.53145170211792 0
inclination 0 416 11 11.992752075195312 8.540948867797852 0
of 0 417 2 0.7545579671859741 3.4258978366851807 5.115051031112671
the 0 418 3 1.077702522277832 5.360665321350098 0
orbit 0 419 5 6.935277462005615 9.540827751159668 0
, 0 420 1 2.956332206726074 4.382479667663574 5.158348083496094
the 0 421 3 1.6860558986663818 5.4242424964904785 0
true 0 422 4 10.741143226623535 8.760819435119629 0
mass 0 423 4 5.500186920166016 9.046401977539062 0
may 0 424 3 7.552267074584961 5.113526344299316 3.932875633239746
be 0 425 2 1.1231127977371216 4.2882561683654785 0.8252701759338379
much 0 426 4 7.884686470031738 8.31009578704834 0
greater 0 427 7 4.0531744956970215 4.772752285003662 3.5373435020446777
. 0 428 1 3.5374767780303955 1.4495737552642822 3.32317852973938
<eos> 0 429 5 0.06305845826864243 0.2694564461708069 1.1801173090934753
<unk> 0 430 5 2.6800084114074707 6.086193561553955 0
, 0 431 1 4.541098594665527 7.443869113922119 0
astronomers 0 432 11 17.708099365234375 5.948315143585205 1.495553970336914
found 0 433 5 7.439149379730225 5.988067150115967 0
recently 0 434 8 18.234487533569336 4.721027374267578 1.2670397758483887
that 0 435 4 6.606362819671631 9.627877235412598 0
inclination 0 436 11 16.082019805908203 6.269250392913818 3.3586268424987793
of 0 437 2 4.292502403259277 6.472231388092041 0
the 0 438 3 1.686179757118225 6.364314079284668 0.10791730880737305
orbital 0 439 7 7.033047676086426 8.040995597839355 0
plane 0 440 5 3.507295846939087 6.240695953369141 1.8002996444702148
is 0 441 2 3.3473312854766846 6.57082986831665 0
around 0 442 6 7.926790237426758 8.03460693359375 0
<unk> 0 443 5 0.29655036330223083 1.663277506828308 6.371329426765442
<unk> 0 444 5 1.264573335647583 4.145859241485596 0
and 0 445 3 7.330323219299316 2.1719679832458496 1.973891258239746
the 0 446 3 2.804826498031616 6.556981563568115 0
true 0 447 4 10.506804466247559 8.538325309753418 0
mass 0 448 4 5.345970630645752 8.577726364135742 0
may 0 449 3 8.97167682647705 4.451329231262207 4.126397132873535
be 0 450 2 1.102056622505188 4.340008735656738 0.11132049560546875
about 0 451 5 5.45784330368042 7.853602886199951 0
<unk> 0 452 5 0.4362250566482544 2.3881723880767822 5.465430498123169
<unk> 0 453 5 1.0012911558151245 3.7229747772216797 0
<eos> 0 454 5 1.0023781061172485 2.4578144550323486 1.265160322189331
@ 0 455 1 2.751719648586004e-06 6.036464765202254e-05 2.4577540903846966
<unk> 0 456 5 0.0020721061155200005 0.026663411408662796 0
<unk> 0 457 5 2.154975414276123 4.4483442306518555 0
. 0 458 1 1.8500614166259766 4.1856513023376465 0.262692928314209
<eos> 0 459 5 0.0629318505525589 0.2689542770385742 3.9166970252990723
<unk> 0 460 5 2.67524790763855 6.0724101066589355 0
is 0 461 2 5.157044410705566 7.439091682434082 0
not 0 462 3 5.761242866516113 7.738674163818359 0
to 0 463 2 9.096977233886719 8.197921752929688 0
be 0 464 2 1.711276888847351 6.327590465545654 1.8703312873840332
assumed 0 465 7 11.602609634399414 8.210375785827637 0
; 0 466 1 8.30148696899414 3.9038076400756836 4.306568145751953
the 0 467 3 3.1063053607940674 5.9809794425964355 0
mutual 0 468 6 15.260082244873047 10.232808113098145 0
inclination 0 469 11 10.36943244934082 9.67429256439209 0.5585155487060547
between 0 470 7 5.129064559936523 3.2941722869873047 6.380120277404785
c 0 471 1 12.653548240661621 4.833585262298584 0
and 0 472 3 0.8518892526626587 3.036498785018921 1.797086477279663
d 0 473 1 3.5174787044525146 4.902344703674316 0
is 0 474 2 1.9711509943008423 5.69322395324707 0
<unk> 0 475 5 4.537986755371094 8.476109504699707 0
degrees 0 476 7 9.570277214050293 5.655580520629883 2.820528984069824
. 0 477 1 1.7339881658554077 4.7212629318237305 0.9343175888061523
<eos> 0 478 5 0.06648719310760498 0.2806859612464905 4.44057697057724
= 0 479 1 3.8229031562805176 6.0895562171936035 0
= 0 480 1 0.11342599242925644 0.7691667079925537 5.32038950920105
<unk> 0 481 5 5.515326976776123 5.75333309173584 0
characteristics 0 482 15 11.735867500305176 6.971744537353516 0
= 0 483 1 0.19718024134635925 0.9064319729804993 6.065312564373016
= 0 484 1 8.255143256974407e-06 0.00016750137729104608 0.9062644716032082
<eos> 0 485 5 21.145246505737305 5.263520240783691 0
<unk> 0 486 5 2.325918197631836 5.552548408508301 0
the 0 487 3 8.889810562133789 6.029285907745361 0
planet 0 488 6 12.152750968933105 7.921310901641846 0
's 0 489 2 3.172990560531616 5.8304219245910645 2.0908889770507812
high 0 490 4 9.145350456237793 9.236875534057617 0
mass 0 491 4 5.18064546585083 6.751218318939209 2.485657215118408
, 0 492 1 3.132932186126709 8.081043243408203 0
it 0 493 2 6.840909957885742 7.660693168640137 0.4203500747680664
is 0 494 2 1.521889567375183 5.039300918579102 2.621392250061035
likely 0 495 6 6.312155723571777 7.5183796882629395 0
that 0 496 4 0.6086121797561646 2.6605870723724365 4.857792615890503
<unk> 0 497 5 2.670759916305542 5.027541637420654 0
<unk> 0 498 5 2.9022140502929688 6.330422401428223 0
b 0 499 1 9.396770477294922 5.9636921882629395 0.3667302131652832
is 0 500 2 2.9961249828338623 5.453739643096924 0.5099525451660156
a 0 501 1 2.1870663166046143 6.486587047576904 0
gas 0 502 3 9.02449893951416 8.623710632324219 0
giant 0 503 5 2.6557326316833496 6.386059761047363 2.2376508712768555
with 0 504 4 4.682234764099121 5.635193347930908 0.7508664131164551
no 0 505 2 5.58892297744751 5.556087017059326 0.07910633087158203
solid 0 506 5 7.914219379425049 9.105889320373535 0
surface 0 507 7 4.967103958129883 8.974160194396973 0.1317291259765625
. 0 508 1 2.073964834213257 5.780193328857422 3.193966865539551
<eos> 0 509 5 0.06131399795413017 0.2642378509044647 5.515955477952957
<unk> 0 510 5 2.6740715503692627 6.092059135437012 0
<unk> 0 511 5 2.4021682739257812 7.457540512084961 0
<unk> 0 512 5 2.7184321880340576 6.293572425842285 1.1639680862426758
<unk> 0 513 5 2.0109670162200928 6.541662216186523 0
measured 0 514 8 16.124746322631836 4.315474033355713 2.2261881828308105
the 0 515 3 2.646742820739746 4.8014068603515625 0
planet 0 516 6 11.16262435913086 10.041851997375488 0
temperature 0 517 11 11.194622039794922 5.372670650482178 4.6691813468933105
, 0 518 1 3.751340627670288 5.155300140380859 0.21737051010131836
and 0 519 3 2.5247645378112793 6.296173572540283 0
found 0 520 5 8.260955810546875 6.6529974937438965 0
that 0 521 4 1.8586453199386597 4.395668983459473 2.257328510284424
the 0 522 3 1.7425888776779175 5.6803693771362305 0
difference 0 523 10 9.652546882629395 8.930208206176758 0
between 0 524 7 0.9997034668922424 3.5544397830963135 5.375768423080444
the 0 525 3 1.0471348762512207 4.514283180236816 0
two 0 526 3 3.828366756439209 8.479680061340332 0
sides 0 527 5 6.90618371963501 8.742683410644531 0
of 0 528 2 3.164361000061035 5.555549621582031 3.1871337890625
<unk> 0 529 5 3.168414354324341 2.7206759452819824 2.834873676300049
<unk> 0 530 5 2.3920199871063232 6.358225345611572 0
b 0 531 1 8.769165992736816 5.2021098136901855 1.1561155319213867
of 0 532 2 5.858129501342773 5.41773796081543 0
about 0 533 5 7.892675876617432 4.862605571746826 0.5551323890686035
<unk> 0 534 5 0.25486454367637634 1.38765287399292 3.4749526977539062
<unk> 0 535 5 0.4967740476131439 2.531195878982544 0
<unk> 0 536 5 0.6915628910064697 1.9947363138198853 0.5364595651626587
degrees 0 537 7 9.893183708190918 5.79403829574585 0
<unk> 0 538 5 4.983091354370117 6.367430686950684 0
, 0 539 1 4.066276550292969 7.132472515106201 0
ranging 0 540 7 11.548431396484375 6.685615062713623 0.4468574523925781
from 0 541 4 0.19188319146633148 1.1064152717590332 5.57919979095459
minus 0 542 5 16.921876907348633 4.102169513702393 0
<unk> 0 543 5 0.34851935505867004 2.115595579147339 1.9865739345550537
to 0 544 2 1.8794236183166504 3.4494357109069824 0
<unk> 0 545 5 0.14824071526527405 1.044291377067566 2.4051443338394165
degrees 0 546 7 5.567268371582031 3.9884393215179443 0
to 0 547 2 2.863956928253174 4.441135406494141 0
about 0 548 5 5.418485164642334 4.807887554168701 0
<unk> 0 549 5 0.155461385846138 1.0196690559387207 3.7882184982299805
<unk> 0 550 5 0.7112541198730469 3.1596736907958984 0
<unk> 0 551 5 0.9371265769004822 2.5779311656951904 0.581742525100708
to 0 552 2 8.498510360717773 4.973759651184082 0
<unk> 0 553 5 0.2973484396934509 1.9573503732681274 3.0164092779159546
<unk> 0 554 5 0.21726210415363312 1.4534294605255127 0.5039209127426147
<unk> 0 555 5 0.15636380016803741 1.004181146621704 0.4492483139038086
degrees 0 556 7 8.731558799743652 4.49346923828125 0
<unk> 0 557 5 6.114744186401367 4.136784076690674 0.35668516159057617
. 0 558 1 3.5318796634674072 5.367436408996582 0
<eos> 0 559 5 0.06487463414669037 0.27525195479393005 5.092184454202652
<unk> 0 560 5 2.6763925552368164 6.0684967041015625 0
temperature 0 561 11 18.140655517578125 7.439285755157471 0
difference 0 562 10 10.319523811340332 8.292207717895508 0
has 0 563 3 5.940532684326172 6.580963134765625 1.7112445831298828
led 0 564 3 6.433685302734375 5.9307355880737305 0.6502275466918945
to 0 565 2 0.15371406078338623 1.0812691450119019 4.849466443061829
speculation 0 566 11 8.108220100402832 6.587425231933594 0
that 0 567 4 0.6948373317718506 2.917767286300659 3.6696579456329346
<unk> 0 568 5 2.70847225189209 6.084836483001709 0
<unk> 0 569 5 3.1490092277526855 7.06109094619751 0
b 0 570 1 8.899870872497559 6.047441005706787 1.0136499404907227
is 0 571 2 2.829165458679199 6.434183120727539 0
tidal 0 572 5 13.858118057250977 6.951757431030273 0
locked 0 573 6 16.012081146240234 4.875399112701416 2.0763583183288574
with 0 574 4 5.577485084533691 5.265839099884033 0
the 0 575 3 3.484346389770508 7.579103946685791 0
same 0 576 4 5.318789005279541 9.588115692138672 0
side 0 577 4 9.607649803161621 9.734990119934082 0
always 0 578 6 20.246601104736328 4.2885918617248535 5.4463982582092285
facing 0 579 6 7.688714027404785 7.187856674194336 0
<unk> 0 580 5 3.1582963466644287 7.267568111419678 0
<unk> 0 581 5 3.258497476577759 5.39066743850708 1.8769006729125977
<unk> 0 582 5 2.1194000244140625 5.255517959594727 0.13514947891235352
<eos> 0 583 5 5.419136047363281 6.402846813201904 0
<unk> 0 584 5 7.043520450592041 0.14411486685276031 6.258731946349144
had 0 585 3 10.732545852661133 5.278637409210205 0
, 0 586 1 9.047724723815918 6.110886096954346 0
on 0 587 2 6.2720561027526855 6.4993577003479 0
the 0 588 3 1.9396286010742188 5.345219612121582 1.1541380882263184
assumption 0 589 10 8.776766777038574 6.462856292724609 0
that 0 590 4 0.34659597277641296 1.2508291006088257 5.212027192115784
the 0 591 3 2.1993677616119385 6.279717922210693 0
planet 0 592 6 6.221033573150635 9.435808181762695 0
is 0 593 2 2.2906851768493652 5.866600513458252 3.5692076683044434
similar 0 594 7 8.338332176208496 8.215740203857422 0
to 0 595 2 0.49453678727149963 1.8146324157714844 6.4011077880859375
<unk> 0 596 5 2.953537940979004 4.503370761871338 0
in 0 597 2 6.201733112335205 3.8004534244537354 0.7029173374176025
composition 0 598 11 12.423901557922363 5.138853073120117 0
and 0 599 3 4.395810604095459 2.4165055751800537 2.7223474979400635
that 0 600 4 5.196000576019287 7.9594926834106445 0
its 0 601 3 5.885561466217041 6.845391273498535 1.1141014099121094
environment 0 602 11 10.935072898864746 8.799423217773438 0
is 0 603 2 1.2543176412582397 5.0745697021484375 3.724853515625
close 0 604 5 7.882228851318359 8.198690414428711 0
to 0 605 2 0.4890003502368927 2.086519718170166 6.112170696258545
chemical 0 606 8 13.414985656738281 5.379867076873779 0
equilibrium 0 607 11 4.191814422607422 7.339206218719482 0
, 0 608 1 1.946887731552124 2.7629101276397705 4.576296091079712
predicted 0 609 9 13.482779502868652 6.285919666290283 0
<unk> 0 610 5 4.771629810333252 4.641892910003662 1.644026756286621
<unk> 0 611 5 2.4796319007873535 6.042560577392578 0
b 0 612 1 10.256194114685059 4.447381973266602 1.5951786041259766
to 0 613 2 5.243042469024658 5.275897979736328 0
have 0 614 4 5.281536102294922 6.663996696472168 0
reflective 0 615 10 18.28653907775879 5.681875228881836 0.982121467590332
clouds 0 616 6 8.924448013305664 8.321206092834473 0
of 0 617 2 3.6366405487060547 4.811147212982178 3.510058879852295
silicates 0 618 9 11.108870506286621 7.736961364746094 0
and 0 619 3 3.201225996017456 4.320950508117676 3.416010856628418
iron 0 620 4 6.833121299743652 8.093338012695312 0
in 0 621 2 5.226134300231934 5.683482646942139 2.409855365753174
its 0 622 3 5.894203186035156 5.9964776039123535 0
upper 0 623 5 8.635873794555664 8.440986633300781 0
atmosphere 0 624 10 0.5430276989936829 2.6264312267303467 5.814555406570435
. 0 625 1 0.4400829076766968 1.9306639432907104 0.6957672834396362
<eos> 0 626 5 0.06294848024845123 0.26935985684394836 1.661304086446762
<unk> 0 627 5 2.6733245849609375 6.084651470184326 0
cloud 0 628 5 15.731289863586426 7.444870471954346 0
deck 0 629 4 17.474422454833984 7.473054885864258 0
instead 0 630 7 13.481449127197266 7.284385681152344 0.18866920471191406
absorbs 0 631 7 11.70844554901123 9.151567459106445 0
the 0 632 3 2.0107688903808594 6.82413387298584 2.3274335861206055
sun 0 633 3 7.11719274520874 9.736669540405273 0
's 0 634 2 3.082796096801758 5.311788558959961 4.4248809814453125
radiation 0 635 9 7.660204887390137 9.490367889404297 0
; 0 636 1 5.976826190948486 5.645768642425537 3.8445992469787598
between 0 637 7 10.686989784240723 5.786587238311768 0
that 0 638 4 9.88918399810791 3.367420196533203 2.4191670417785645
and 0 639 3 4.900126934051514 8.028632164001465 0
the 0 640 3 1.803221583366394 5.75778865814209 2.270843505859375
hot 0 641 3 10.802408218383789 9.0574951171875 0
, 0 642 1 4.766547203063965 6.316228866577148 2.7412662506103516
high 0 643 4 7.4969892501831055 7.870765209197998 0
pressure 0 644 8 5.900200366973877 6.178267478942871 1.692497730255127
gas 0 645 3 6.732412338256836 8.323087692260742 0
surrounding 0 646 11 10.08187198638916 8.030495643615723 0.29259204864501953
the 0 647 3 0.8593931794166565 3.717130661010742 4.3133649826049805
mantle 0 648 6 8.033102035522461 8.584145545959473 0
, 0 649 1 2.125126361846924 5.864171504974365 2.7199740409851074
exists 0 650 6 17.71009063720703 5.395540714263916 0.4686307907104492
a 0 651 1 5.69929313659668 7.028804302215576 0
stratosphere 0 652 12 14.568782806396484 9.65210247039795 0
of 0 653 2 3.777980089187622 6.867474555969238 2.784627914428711
cooler 0 654 6 10.360001564025879 8.367769241333008 0
gas 0 655 3 6.511117458343506 4.660487651824951 3.7072815895080566
. 0 656 1 2.125614881515503 4.911252975463867 0
<eos> 0 657 5 0.06108009070158005 0.26442915201187134 4.646823823451996
<unk> 0 658 5 2.675872564315796 6.086695671081543 0
outer 0 659 5 19.811229705810547 7.457673072814941 0
shell 0 660 5 9.842365264892578 8.95846176147461 0
of 0 661 2 6.673080921173096 8.879796981811523 0.07866477966308594
dark 0 662 4 11.080757141113281 4.2369232177734375 4.642873764038086
, 0 663 1 6.270784854888916 8.392727851867676 0
opaque 0 664 6 9.87423038482666 9.327007293701172 0
, 0 665 1 1.603531837463379 6.114788055419922 3.21221923828125
hot 0 666 3 9.20340347290039 7.320662975311279 0
cloud 0 667 5 8.686750411987305 5.199291229248047 2.1213717460632324
is 0 668 2 2.593996524810791 7.178317546844482 0
assumed 0 669 7 10.930294036865234 8.584504127502441 0
to 0 670 2 0.29603299498558044 1.682945966720581 6.90155816078186
consist 0 671 7 8.468621253967285 3.222787618637085 0
of 0 672 2 0.05538951978087425 0.43457427620887756 2.7882133424282074
vanadium 0 673 8 16.65566635131836 6.974156379699707 0
and 0 674 3 2.820626974105835 5.790499210357666 1.183657169342041
titanium 0 675 8 7.919843673706055 7.362057209014893 0
oxides 0 676 6 7.384882926940918 5.461537837982178 1.9005193710327148
( 0 677 1 5.076582431793213 3.436511993408203 2.0250258445739746
" 0 678 1 8.077614784240723 5.68264102935791 0
<unk> 0 679 5 1.4595905542373657 7.321787357330322 0
planets 0 680 7 12.984831809997559 2.6573712825775146 4.664416074752808
" 0 681 1 0.24777065217494965 1.4309731721878052 1.2263981103897095
) 0 682 1 0.2772251069545746 1.3827335834503174 0.04823958873748779
, 0 683 1 1.7738703489303589 3.226761817932129 0
but 0 684 3 3.8494338989257812 5.657054424285889 0
other 0 685 5 8.055305480957031 6.892751693725586 0
compounds 0 686 9 5.926992893218994 8.992942810058594 0
like 0 687 4 7.338147163391113 5.393601894378662 3.5993409156799316
<unk> 0 688 5 1.324013352394104 5.699584007263184 0
cannot 0 689 6 11.048417091369629 4.884933948516846 0.8146500587463379
be 0 690 2 0.3926955461502075 2.7169528007507324 2.1679811477661133
ruled 0 691 5 13.494321823120117 6.050000190734863 0
out 0 692 3 3.435213088989258 4.957744598388672 1.0922555923461914
yet 0 693 3 13.287460327148438 4.535889625549316 0.42185497283935547
. 0 694 1 1.2876313924789429 4.652592182159424 0
<eos> 0 695 5 0.06103590875864029 0.2627049386501312 4.389887243509293
<unk> 0 696 5 2.6680123805999756 6.091540813446045 0
planet 0 697 6 18.450437545776367 7.443197250366211 0
is 0 698 2 4.7298808097839355 7.279282569885254 0.16391468048095703
unlikely 0 699 8 12.471883773803711 7.013209819793701 0.26607275009155273
to 0 700 2 0.05740925297141075 0.4557054936885834 6.557504326105118
have 0 701 4 1.9136276245117188 6.11926794052124 0
large 0 702 5 10.565443992614746 6.9933247566223145 0
moons 0 703 5 4.435296535491943 8.396646499633789 0
, 0 704 1 2.0251381397247314 5.265717506408691 3.1309289932250977
since 0 705 5 9.102721214294434 5.584933757781982 0
tidal 0 706 5 11.210941314697266 5.38091516494751 0.20401859283447266
forces 0 707 6 5.416306018829346 7.786599159240723 0
would 0 708 5 6.254271507263184 6.023202419281006 1.7633967399597168
either 0 709 6 10.26509952545166 5.38931131362915 0.6338911056518555
eject 0 710 5 12.569803237915039 6.625083923339844 0
them 0 711 4 6.269188404083252 6.112378120422363 0.5127058029174805
from 0 712 4 1.812650442123413 4.375242233276367 1.737135887145996
orbit 0 713 5 10.056543350219727 5.487313747406006 0
or 0 714 2 2.701205015182495 4.9137797355651855 0.5735340118408203
destroy 0 715 7 8.640789031982422 9.48562240600586 0
them 0 716 4 5.026637554168701 5.557822227478027 3.927800178527832
on 0 717 2 7.204050540924072 3.3454456329345703 2.212376594543457
short 0 718 5 12.161478042602539 4.625537395477295 0
<unk> 0 719 5 3.1940836906433105 4.570905685424805 0.054631710052490234
compared 0 720 8 14.678293228149414 4.758766174316406 0
to 0 721 2 1.2433134317398071 3.754673719406128 1.0040924549102783
the 0 722 3 1.6527435779571533 5.070764064788818 0
age 0 723 3 11.436300277709961 6.726143836975098 0
of 0 724 2 0.3243097960948944 1.6777952909469604 5.048348546028137
the 0 725 3 2.2806427478790283 4.9711198806762695 0
system 0 726 6 9.891287803649902 5.805323123931885 0
. 0 727 1 0.5370619297027588 2.2838785648345947 3.52144455909729
<eos> 0 728 5 0.06481675803661346 0.2752245366573334 2.0086540281772614
<unk> 0 729 5 2.680732011795044 6.08576774597168 0
planet 0 730 6 18.451602935791016 7.453526973724365 0
( 0 731 1 6.3407979011535645 7.3004150390625 0.15311193466186523
with 0 732 4 9.326605796813965 3.381918430328369 3.918496608734131
<unk> 0 733 5 1.1944787502288818 5.611495494842529 0
<unk> 0 734 5 1.0680220127105713 5.1162543296813965 0.4952411651611328
b 0 735 1 11.513628005981445 4.463698387145996 0.6525559425354004
) 0 736 1 1.3321183919906616 3.968484401702881 0.49521398544311523
was 0 737 3 2.8764498233795166 6.228905200958252 0
deemed 0 738 6 12.343287467956543 7.241989612579346 0
a 0 739 1 2.3658056259155273 5.821363925933838 1.4206256866455078
candidate 0 740 9 8.601592063903809 8.680567741394043 0
for 0 741 3 0.9154706001281738 3.073943614959717 5.606624126434326
direct 0 742 6 13.093422889709473 4.137050628662109 0
imaging 0 743 7 8.929327964782715 9.296829223632812 0
by 0 744 2 4.095515251159668 4.557365417480469 4.739463806152344
<unk> 0 745 5 0.879564642906189 3.630096197128296 0.9272692203521729
. 0 746 1 3.490565299987793 3.7990572452545166 0
<eos> 0 747 5 0.060843341052532196 0.26225200295448303 3.5368052423000336
<unk> 0 748 5 2.6850826740264893 6.086824417114258 0
results 0 749 7 15.362518310546875 7.45531702041626 0
from 0 750 4 2.625960350036621 2.316288471221924 5.139028549194336
<unk> 0 751 5 2.8308770656585693 6.662568092346191 0
studies 0 752 7 10.257177352905273 6.94235897064209 0
indicate 0 753 8 12.872486114501953 5.386412143707275 1.5559468269348145
that 0 754 4 0.44522857666015625 2.468358278274536 2.9180538654327393
the 0 755 3 2.1309845447540283 6.431394577026367 0
planet 0 756 6 9.428732872009277 9.836089134216309 0
has 0 757 3 3.827596426010132 5.60391902923584 4.232170104980469
predominately 0 758 13 16.775741577148438 6.010998725891113 0
blue 0 759 4 10.194182395935059 8.647629737854004 0
color 0 760 5 9.012410163879395 5.726897239685059 2.9207324981689453
, 0 761 1 2.1496922969818115 5.2434515953063965 0.4834456443786621
is 0 762 2 9.349893569946289 5.775842189788818 0
<unk> 0 763 5 4.715834617614746 7.389932155609131 0
<unk> 0 764 5 2.3413844108581543 4.999783992767334 2.390148162841797
<eos> 0 765 5 1.6596407890319824 4.0458855628967285 0.9538984298706055
@ 0 766 1 0.00029715540586039424 0.003520142287015915 4.042365420609713
<unk> 0 767 5 0.002495887689292431 0.030921345576643944 0
times 0 768 5 2.596140146255493 4.2371602058410645 0
as 0 769 2 7.118412971496582 4.9690375328063965 0
large 0 770 5 6.2913126945495605 3.5785751342773438 1.3904623985290527
and 0 771 3 5.978126525878906 1.495514154434204 2.0830609798431396
<unk> 0 772 5 2.4119081497192383 7.38240909576416 0
<unk> 0 773 5 1.8124961853027344 4.025569915771484 3.356839179992676
<eos> 0 774 5 0.08358629047870636 0.5353817939758301 3.4901881217956543
@ 0 775 1 4.6778521209489554e-05 0.0006468537030741572 0.5347349402727559
<unk> 0 776 5 0.0022261447738856077 0.02825631946325302 0
times 0 777 5 1.815895915031433 4.417591094970703 0
as 0 778 2 1.7223827838897705 3.9191946983337402 0.4983963966369629
massive 0 779 7 3.4648780822753906 5.345170021057129 0
as 0 780 2 0.4162750244140625 1.9945138692855835 3.3506561517715454
<unk> 0 781 5 1.6741149425506592 4.404166221618652 0
, 0 782 1 3.1118431091308594 3.5184433460235596 0.8857228755950928
meaning 0 783 7 8.307133674621582 5.172027587890625 0
that 0 784 4 0.28984442353248596 1.4413974285125732 3.7306301593780518
the 0 785 3 1.9954266548156738 4.497897624969482 0
mean 0 786 4 10.008153915405273 8.548946380615234 0
density 0 787 7 4.5751872062683105 7.167729377746582 1.3812170028686523
is 0 788 2 2.811236619949341 2.6625277996063232 4.505201578140259
<unk> 0 789 5 1.01793372631073 4.391118049621582 0
/ 0 790 1 8.738408088684082 1.6858806610107422 2.70523738861084
<unk> 0 791 5 0.06354007869958878 0.5274049043655396 1.1584757566452026
. 0 792 1 1.1412053108215332 3.806302070617676 0
<eos> 0 793 5 0.06732914596796036 0.28248271346092224 3.5238193571567535
<unk> 0 794 5 2.660917043685913 6.072282314300537 0
has 0 795 3 6.171809196472168 7.444934844970703 0
a 0 796 1 3.427061080932617 7.102547645568848 0.34238719940185547
geometric 0 797 9 15.482536315917969 9.674372673034668 0
albedo 0 798 6 8.84596061706543 7.973341464996338 1.70103120803833
of 0 799 2 1.781550407409668 4.457444190979004 3.515897274017334
<unk> 0 800 5 0.944462776184082 4.0007171630859375 0.4567270278930664
<unk> 0 801 5 0.6929663419723511 3.2168333530426025 0.783883810043335
<eos> 0 802 5 0.11909737437963486 0.6316566467285156 2.585176706314087
@ 0 803 1 0.0 2.4593309717602096e-05 0.631632053418798
<unk> 0 804 5 0.0019317910773679614 0.025379369035363197 0
in 0 805 2 4.688450813293457 4.525819301605225 0
visible 0 806 7 13.516130447387695 5.1138153076171875 0
light 0 807 5 3.2482569217681885 7.935190200805664 0
. 0 808 1 1.9964804649353027 4.41514778137207 3.5200424194335938
<eos> 0 809 5 0.06404637545347214 0.273384153842926 4.141763627529144
= 0 810 1 3.8205368518829346 6.094624042510986 0
= 0 811 1 0.11204459518194199 0.7609957456588745 5.333628296852112
<unk> 0 812 5 5.530018329620361 5.759273529052734 0
on 0 813 2 10.242691993713379 6.992170810699463 0
its 0 814 3 10.30720043182373 2.921658754348755 4.070512056350708
sun 0 815 3 15.760947227478027 8.206400871276855 0
= 0 816 1 0.3037709891796112 2.0270562171936035 6.179344654083252
= 0 817 1 0.00016234249051194638 0.0023554423823952675 2.0247007748112082
<eos> 0 818 5 21.78322982788086 5.321680545806885 0
<unk> 0 819 5 2.6751461029052734 5.840563774108887 0
<unk> 0 820 5 1.7476931810379028 6.643173694610596 0
b 0 821 1 11.030080795288086 6.3465094566345215 0.2966642379760742
appears 0 822 7 8.04414176940918 5.31221866607666 1.0342907905578613
to 0 823 2 1.8707914352416992 3.8485803604125977 1.4636383056640625
be 0 824 2 1.4541696310043335 3.8269851207733154 0.021595239639282227
responsible 0 825 11 7.307900428771973 7.164848327636719 0
for 0 826 3 0.02694769948720932 0.21789942681789398 6.946948900818825
increased 0 827 9 12.155861854553223 7.271127700805664 0
<unk> 0 828 5 3.9227166175842285 9.592190742492676 0
activity 0 829 8 4.388143062591553 8.465044975280762 1.127145767211914
on 0 830 2 5.242496013641357 4.833782196044922 3.63126277923584
its 0 831 3 6.043005466461182 4.773064136505127 0.06071805953979492
parent 0 832 6 7.652251243591309 8.344888687133789 0
star 0 833 4 4.969242095947266 7.245993137359619 1.09889554977417
. 0 834 1 2.6085145473480225 5.301925182342529 1.9440679550170898
<eos> 0 835 5 0.05884294584393501 0.25636130571365356 5.045563876628876
<unk> 0 836 5 2.6842007637023926 6.084926605224609 0
suggest 0 837 7 15.762980461120605 7.468111038208008 0
that 0 838 4 0.5367687940597534 2.6829357147216797 4.785175323486328
there 0 839 5 5.831064701080322 5.284228801727295 0
is 0 840 2 1.4241540431976318 2.8919715881347656 2.3922572135925293
a 0 841 1 1.7128123044967651 4.234542369842529 0
" 0 842 1 5.163572788238525 10.091046333312988 0
hot 0 843 3 10.868343353271484 10.323760986328125 0
spot 0 844 4 7.806582927703857 6.6144280433654785 3.7093329429626465
" 0 845 1 0.8123002052307129 3.394383668899536 3.2200443744659424
on 0 846 2 4.038224220275879 5.636823654174805 0
the 0 847 3 0.7499061822891235 3.6366565227508545 2.00016713142395
star 0 848 4 10.006824493408203 8.779540061950684 0
around 0 849 6 11.016200065612793 6.082051753997803 2.697488307952881
<unk> 0 850 5 1.9623770713806152 3.413383960723877 2.668667793273926
<unk> 0 851 5 2.98295521736145 5.079380512237549 0
away 0 852 4 15.047428131103516 4.413382530212402 0.6659979820251465
from 0 853 4 1.1964845657348633 3.5106701850891113 0.902712345123291
the 0 854 3 1.1643844842910767 4.5314483642578125 0
sub 0 855 3 13.94581413269043 8.730626106262207 0
<unk> 0 856 5 0.15122918784618378 1.2418835163116455 7.4887425899505615
planetary 0 857 9 9.534440040588379 7.712808132171631 0
point 0 858 5 10.120953559875488 5.70540189743042 2.007406234741211
. 0 859 1 1.7426809072494507 4.0868611335754395 1.6185407638549805
<eos> 0 860 5 0.06274760514497757 0.2684551775455475 3.818405956029892
<unk> 0 861 5 2.6806480884552 6.079009056091309 0
may 0 862 3 9.216137886047363 7.451880931854248 0
be 0 863 2 3.20395565032959 4.192418098449707 3.259462833404541
the 0 864 3 3.444131374359131 8.515192985534668 0
result 0 865 6 6.196064472198486 7.827737331390381 0.6874556541442871
of 0 866 2 0.029658105224370956 0.24751614034175873 7.580221191048622
interactions 0 867 12 14.955194473266602 6.2205328941345215 0
between 0 868 7 1.9931743144989014 2.907108783721924 3.3134241104125977
the 0 869 3 2.36488938331604 7.66587495803833 0
magnetic 0 870 8 15.352110862731934 8.255906105041504 0
fields 0 871 6 1.8974199295043945 3.441549777984619 4.814356327056885
of 0 872 2 1.1059200763702393 3.289158821105957 0.1523909568786621
the 0 873 3 1.1078474521636963 4.599308013916016 0
planet 0 874 6 6.060759544372559 7.99995756149292 0
and 0 875 3 1.9748010635375977 3.905268907546997 4.094688653945923
the 0 876 3 1.1459741592407227 5.54353141784668 0
star 0 877 4 5.445324420928955 8.943819046020508 0
. 0 878 1 2.488466501235962 5.8059611320495605 3.1378579139709473
<eos> 0 879 5 0.0587712861597538 0.25520452857017517 5.550756603479385
<unk> 0 880 5 2.6661245822906494 6.084481239318848 0
mechanism 0 881 9 20.025970458984375 7.454710960388184 0
may 0 882 3 6.361435890197754 7.973421096801758 0
be 0 883 2 1.2081795930862427 4.727452278137207 3.245968818664551
similar 0 884 7 7.455097198486328 8.937281608581543 0
to 0 885 2 0.4192854166030884 1.6786751747131348 7.258606433868408
that 0 886 4 2.4091920852661133 5.240677356719971 0
responsible 0 887 11 14.826841354370117 2.3216090202331543 2.9190683364868164
for 0 888 3 0.08238378167152405 0.5829917192459106 1.7386173009872437
the 0 889 3 1.7281973361968994 7.379787921905518 0
activity 0 890 8 9.887940406799316 10.184800148010254 0
of 0 891 2 0.43608739972114563 2.458167552947998 7.726632595062256
<unk> 0 892 5 2.975121021270752 7.365640640258789 0
<unk> 0 893 5 2.6423304080963135 6.37140417098999 0.9942364692687988
<unk> 0 894 5 2.535000801086426 5.623818874359131 0.7475852966308594
variable 0 895 8 13.083751678466797 6.458763599395752 0
stars 0 896 5 6.059141635894775 7.859633445739746 0
, 0 897 1 1.980736494064331 3.7696657180786133 4.089967727661133
or 0 898 2 5.8588104248046875 5.9032769203186035 0
the 0 899 3 3.9146430492401123 7.938236236572266 0
interaction 0 900 11 8.615260124206543 9.421794891357422 0
between 0 901 7 1.2347886562347412 2.457287311553955 6.964507579803467
<unk> 0 902 5 2.2793478965759277 6.552569389343262 0
and 0 903 3 0.48453983664512634 2.4447245597839355 4.107844829559326
its 0 904 3 7.771049499511719 3.4344139099121094 0
moon 0 905 4 9.182515144348145 9.204410552978516 0
<unk> 0 906 5 4.0525288581848145 4.933777809143066 4.270632743835449
. 0 907 1 1.511451005935669 5.498777389526367 0
<eos> 0 908 5 0.06112954393029213 0.264043927192688 5.234733462333679
=========================================================================================
| End of testing | test loss  3.63 | test ppl    37.59
=========================================================================================
