word sentid sentpos wlen surp entropy entred
= 0 0 1 5.7804718017578125 6.414806365966797 0
... 0 1 3 14.9009428024292 1.2797991037368774 5.135007262229919
<unk> 0 2 5 1.7176100015640259 7.418925762176514 0
<unk> 0 3 5 2.0380399227142334 4.471208572387695 2.9477171897888184
<unk> 0 4 5 2.8471672534942627 2.904240846633911 1.5669677257537842
= 0 5 1 0.5189831256866455 2.3404767513275146 0.5637640953063965
<eos> 0 6 5 16.823945999145508 2.662151336669922 0
" 0 7 1 10.110862731933594 3.2938199043273926 0
... 0 8 3 9.135478019714355 5.710144519805908 0
<unk> 0 9 5 2.5919876098632812 6.074769973754883 0
<unk> 0 10 5 1.5906758308410645 5.1319684982299805 0.9428014755249023
<unk> 0 11 5 1.9975826740264893 3.957040548324585 1.1749279499053955
" 0 12 1 1.5504854917526245 3.4641928672790527 0.4928476810455322
is 0 13 2 1.2803350687026978 2.8325130939483643 0.6316797733306885
the 0 14 3 1.9593639373779297 1.692512035369873 1.1400010585784912
fifth 0 15 5 4.386370658874512 5.672066688537598 0
episode 0 16 7 0.17886191606521606 1.079648494720459 4.592418193817139
of 0 17 2 0.06850145757198334 0.4562378227710724 0.6234106719493866
the 0 18 3 0.041864655911922455 0.3416675627231598 0.1145702600479126
third 0 19 5 3.232175827026367 3.784834384918213 0
season 0 20 6 0.044498179107904434 0.26098182797431946 3.5238525569438934
of 0 21 2 0.04042836278676987 0.3013248145580292 0
the 0 22 3 0.09399615228176117 0.5896576642990112 0
<unk> 0 23 5 0.21525080502033234 1.1669554710388184 0
crime 0 24 5 5.090735912322998 3.147639751434326 0
<unk> 0 25 5 3.4497573375701904 2.478295087814331 0.6693446636199951
thriller 0 26 8 0.20702311396598816 1.0691778659820557 1.4091172218322754
television 0 27 10 0.3945474624633789 1.7294180393218994 0
series 0 28 6 0.0324399434030056 0.2458847165107727 1.4835333228111267
<unk> 0 29 5 5.781843662261963 3.330019950866699 0
. 0 30 1 2.1238508224487305 4.508028984069824 0
<eos> 0 31 5 0.07493765652179718 0.3069220781326294 4.201106905937195
<unk> 0 32 5 2.675645351409912 6.137381076812744 0
premiered 0 33 9 13.01875114440918 7.487863063812256 0
on 0 34 2 2.2764172554016113 4.249587535858154 3.2382755279541016
the 0 35 3 2.718998908996582 1.976276159286499 2.2733113765716553
<unk> 0 36 5 1.1781691312789917 5.193807125091553 0
network 0 37 7 3.331833600997925 4.861051082611084 0.33275604248046875
on 0 38 2 0.928150475025177 2.429293155670166 2.431757926940918
<unk> 0 39 5 0.32378143072128296 1.1256318092346191 1.3036613464355469
<unk> 0 40 5 0.06896372139453888 0.40050646662712097 0.7251253426074982
, 0 41 1 0.2685295641422272 0.9647848010063171 0
<unk> 0 42 5 0.02482888475060463 0.2277388721704483 0.7370459288358688
. 0 43 1 1.4299049377441406 2.405338764190674 0
<eos> 0 44 5 0.0653369128704071 0.2768554985523224 2.1284832656383514
<unk> 0 45 5 2.6735033988952637 6.104621887207031 0
episode 0 46 7 15.352946281433105 7.4556379318237305 0
was 0 47 3 4.046755790710449 4.865058898925781 2.590579032897949
written 0 48 7 4.037021636962891 7.119137763977051 0
by 0 49 2 0.5320208072662354 2.2587130069732666 4.860424757003784
<unk> 0 50 5 0.35293880105018616 2.1052162647247314 0.15349674224853516
<unk> 0 51 5 0.3265634775161743 1.9717098474502563 0.1335064172744751
<unk> 0 52 5 4.595359802246094 2.2591381072998047 0
, 0 53 1 1.7717432975769043 2.921948194503784 0
and 0 54 3 2.405606508255005 4.082781791687012 0
directed 0 55 8 1.4679229259490967 4.575125694274902 0
by 0 56 2 0.011062056757509708 0.10509644448757172 4.470029249787331
<unk> 0 57 5 0.32910335063934326 1.8627822399139404 0
<unk> 0 58 5 0.22178888320922852 1.5390095710754395 0.323772668838501
<unk> 0 59 5 4.43514347076416 1.2273125648498535 0.31169700622558594
. 0 60 1 0.5253176689147949 1.7573513984680176 0
" 0 61 1 4.845202445983887 0.23617364466190338 1.5211777538061142
<eos> 0 62 5 2.751719648586004e-06 2.5625187845434994e-05 0.23614801947405795
... 0 63 3 9.922431945800781 6.276452541351318 0
<unk> 0 64 5 3.345196008682251 6.213748455047607 0.06270408630371094
<unk> 0 65 5 1.5522356033325195 5.860250949859619 0.3534975051879883
<unk> 0 66 5 1.6729371547698975 5.876702308654785 0
" 0 67 1 3.2975664138793945 5.598796367645264 0.2779059410095215
featured 0 68 8 9.438358306884766 5.0744123458862305 0.5243840217590332
guest 0 69 5 4.885654449462891 5.493233680725098 0
appearances 0 70 11 0.5717061161994934 2.184051275253296 3.3091824054718018
by 0 71 2 0.825910210609436 2.360665798187256 0
the 0 72 3 5.470341682434082 2.677154779434204 0
members 0 73 7 9.292052268981934 7.504777431488037 0
of 0 74 2 0.0921277180314064 0.6434705257415771 6.86130690574646
the 0 75 3 0.3326612114906311 1.8495588302612305 0
band 0 76 4 4.766083717346191 6.568010330200195 0
<unk> 0 77 5 4.0395355224609375 5.057965278625488 1.510045051574707
, 0 78 1 2.3503053188323975 4.946232795715332 0.11173248291015625
performing 0 79 10 10.073599815368652 5.564114093780518 0
both 0 80 4 7.409218788146973 5.57681131362915 0
as 0 81 2 6.797454833984375 7.583776950836182 0
themselves 0 82 10 13.052932739257812 4.7851243019104 2.7986526489257812
and 0 83 3 2.0551981925964355 3.586164951324463 1.1989593505859375
as 0 84 2 6.378774642944336 6.703827381134033 0
minor 0 85 5 14.182806968688965 5.75982141494751 0.9440059661865234
characters 0 86 10 5.8131279945373535 7.074913024902344 0
. 0 87 1 1.9841582775115967 5.241398811340332 1.8335142135620117
<eos> 0 88 5 0.06124790012836456 0.26297426223754883 4.978424549102783
<unk> 0 89 5 2.678591251373291 6.081719875335693 0
this 0 90 4 13.248937606811523 7.451529502868652 0
episode 0 91 7 5.964105129241943 9.901975631713867 0
, 0 92 1 3.4748501777648926 5.78788948059082 4.114086151123047
<unk> 0 93 5 3.2160396575927734 6.853062629699707 0
<unk> 0 94 5 2.067279577255249 7.091476917266846 0
of 0 95 2 5.801301002502441 5.867665767669678 1.223811149597168
<unk> 0 96 5 1.4759495258331299 3.74206280708313 2.125602960586548
agents 0 97 6 15.883651733398438 6.807867050170898 0
<unk> 0 98 5 2.557953119277954 7.264613151550293 0
<unk> 0 99 5 0.6013214588165283 3.3692069053649902 3.8954062461853027
( 0 100 1 3.436183214187622 3.1106836795806885 0.25852322578430176
<unk> 0 101 5 0.3350841701030731 2.377086877822876 0.7335968017578125
<unk> 0 102 5 0.1919298619031906 1.3101179599761963 1.0669689178466797
) 0 103 1 0.06490208953619003 0.4005223512649536 0.9095956087112427
and 0 104 3 0.7784374952316284 2.348945140838623 0
<unk> 0 105 5 0.2700815498828888 1.8578460216522217 0.49109911918640137
<unk> 0 106 5 0.3254600167274475 2.011223077774048 0
( 0 107 1 0.02026362530887127 0.16707231104373932 1.8441507667303085
<unk> 0 108 5 0.057087261229753494 0.5098495483398438 0
<unk> 0 109 5 0.09190213680267334 0.7628491520881653 0
) 0 110 1 0.03218415379524231 0.21716727316379547 0.5456818789243698
investigate 0 111 11 5.1923651695251465 7.548273086547852 0
a 0 112 1 3.9084668159484863 4.92722225189209 2.6210508346557617
series 0 113 6 6.658451080322266 9.52922534942627 0
of 0 114 2 0.020910272374749184 0.2127988487482071 9.316426500678062
murders 0 115 7 2.160691022872925 8.294445037841797 0
on 0 116 2 4.499170780181885 5.458984851837158 2.8354601860046387
the 0 117 3 1.5090032815933228 4.081189155578613 1.377795696258545
set 0 118 3 9.132268905639648 8.772315979003906 0
of 0 119 2 1.9776958227157593 4.354434013366699 4.417881965637207
a 0 120 1 4.270852088928223 7.402682304382324 0
horror 0 121 6 12.80569839477539 9.812882423400879 0
film 0 122 4 3.089216947555542 7.696836471557617 2.1160459518432617
— 0 123 1 7.969234466552734 6.085614204406738 1.611222267150879
and 0 124 3 6.127556324005127 6.614282131195068 0
realize 0 125 7 11.164918899536133 8.444140434265137 0
that 0 126 4 0.8157370090484619 2.998631000518799 5.445509433746338
the 0 127 3 2.210205554962158 5.047053813934326 0
production 0 128 10 10.723422050476074 9.628345489501953 0
is 0 129 2 3.024799108505249 5.761198043823242 3.867147445678711
based 0 130 5 6.3819966316223145 8.119583129882812 0
on 0 131 2 0.19469809532165527 1.072359323501587 7.047223806381226
a 0 132 1 2.792783737182617 4.925889015197754 0
case 0 133 4 9.474702835083008 9.611966133117676 0
<unk> 0 134 5 6.455752849578857 4.852614879608154 4.7593512535095215
solved 0 135 6 17.648136138916016 8.949280738830566 0
several 0 136 7 11.004030227661133 7.166098117828369 1.7831826210021973
years 0 137 5 6.664340019226074 9.333695411682129 0
earlier 0 138 7 3.2670304775238037 4.836949348449707 4.496746063232422
. 0 139 1 0.6171177625656128 2.502615213394165 2.334334135055542
<eos> 0 140 5 0.0682070329785347 0.2854829430580139 2.217132270336151
" 0 141 1 12.065793991088867 6.092191696166992 0
... 0 142 3 8.562243461608887 8.012232780456543 0
<unk> 0 143 5 3.8481709957122803 6.700186252593994 1.3120465278625488
<unk> 0 144 5 1.99705970287323 6.335269927978516 0.3649163246154785
<unk> 0 145 5 2.145186424255371 5.915520191192627 0.41974973678588867
" 0 146 1 2.0378870964050293 4.977201461791992 0.9383187294006348
proved 0 147 6 10.873969078063965 5.036533832550049 0
a 0 148 1 3.4623780250549316 4.591847896575928 0.4446859359741211
difficult 0 149 9 7.279165744781494 8.160990715026855 0
episode 0 150 7 6.744129180908203 8.544719696044922 0
to 0 151 2 3.0912656784057617 3.89555287361145 4.649166822433472
produce 0 152 7 8.405035972595215 7.006692886352539 0
, 0 153 1 3.193129062652588 5.716296195983887 1.2903966903686523
with 0 154 4 4.330817699432373 4.886439800262451 0.8298563957214355
filming 0 155 7 12.137124061584473 5.090774059295654 0
requiring 0 156 9 13.344109535217285 7.7805914878845215 0
a 0 157 1 3.228926181793213 6.305713653564453 1.4748778343200684
large 0 158 5 8.007209777832031 9.264216423034668 0
number 0 159 6 3.2630748748779297 7.511907577514648 1.7523088455200195
of 0 160 2 0.01691758818924427 0.171012744307518 7.34089483320713
shots 0 161 5 7.492871284484863 9.174635887145996 0
to 0 162 2 3.8159496784210205 5.274518966674805 3.9001169204711914
be 0 163 2 1.9491755962371826 7.016791820526123 0
completed 0 164 9 6.338858127593994 6.709530353546143 0.30726146697998047
and 0 165 3 4.477293014526367 4.131673812866211 2.5778565406799316
the 0 166 3 3.0213072299957275 8.901062965393066 0
script 0 167 6 5.7274627685546875 8.157702445983887 0.7433605194091797
to 0 168 2 6.027949333190918 5.769207000732422 2.388495445251465
be 0 169 2 1.3890858888626099 5.942655563354492 0
adjusted 0 170 8 8.333002090454102 8.101766586303711 0
on 0 171 2 6.659914016723633 3.9661338329315186 4.135632753372192
short 0 172 5 11.728275299072266 7.004256248474121 0
notice 0 173 6 5.926680088043213 7.002890110015869 0.0013661384582519531
. 0 174 1 0.7005418539047241 3.407621145248413 3.595268964767456
<eos> 0 175 5 0.06399685889482498 0.27261883020401 3.135002315044403
<unk> 0 176 5 2.688464403152466 6.093831539154053 0
has 0 177 3 6.167156219482422 7.458056449890137 0
evoked 0 178 6 17.301116943359375 7.104283332824707 0.3537731170654297
mixed 0 179 5 9.083224296569824 7.25622034072876 0
responses 0 180 9 4.177392482757568 5.62534761428833 1.6308727264404297
from 0 181 4 1.4317129850387573 3.489266872406006 2.136080741882324
critics 0 182 7 2.068387031555176 5.800806999206543 0
, 0 183 1 1.2392023801803589 2.9178450107574463 2.8829619884490967
although 0 184 8 5.653496265411377 4.9826250076293945 0
the 0 185 3 3.039362668991089 5.816882610321045 0
guest 0 186 5 11.590838432312012 8.822417259216309 0
appearances 0 187 11 6.643433570861816 6.870926856994629 1.9514904022216797
by 0 188 2 5.811460018157959 5.12924861907959 1.741678237915039
the 0 189 3 3.297607660293579 4.091284275054932 1.0379643440246582
members 0 190 7 9.449275970458984 7.577121734619141 0
of 0 191 2 0.5359254479408264 2.6438493728637695 4.933272361755371
<unk> 0 192 5 2.4403622150421143 3.2140231132507324 0
have 0 193 4 4.8530778884887695 5.673425674438477 0
been 0 194 4 1.3948206901550293 5.450631141662598 0.2227945327758789
more 0 195 4 7.036635875701904 8.56692123413086 0
universally 0 196 11 10.621307373046875 7.964213848114014 0.6027073860168457
criticized 0 197 10 4.948260307312012 6.115039825439453 1.8491740226745605
. 0 198 1 0.619949221611023 2.156520366668701 3.958519458770752
<eos> 0 199 5 0.06272010505199432 0.2680506408214569 1.8884697258472443
= 0 200 1 3.8568966388702393 6.099063396453857 0
= 0 201 1 0.11326636373996735 0.7672580480575562 5.331805348396301
<unk> 0 202 5 5.544487953186035 5.760246753692627 0
= 0 203 1 1.993050456047058 6.998188495635986 0
= 0 204 1 0.0003164133813697845 0.0045860158279538155 6.9936024798080325
<eos> 0 205 5 20.808992385864258 5.097057342529297 0
<unk> 0 206 5 2.1055686473846436 5.786909580230713 0
<unk> 0 207 5 1.5098398923873901 6.274962425231934 0
of 0 208 2 4.055560111999512 6.005207061767578 0.26975536346435547
<unk> 0 209 5 0.9120556712150574 2.7072479724884033 3.297959089279175
agents 0 210 6 18.021717071533203 7.1579694747924805 0
<unk> 0 211 5 2.9837944507598877 8.064728736877441 0
<unk> 0 212 5 0.4431524872779846 2.988696575164795 5.0760321617126465
( 0 213 1 5.044280052185059 3.4236369132995605 0
<unk> 0 214 5 0.635409951210022 3.8724493980407715 0
<unk> 0 215 5 0.7772019505500793 2.7149264812469482 1.1575229167938232
) 0 216 1 0.6045258641242981 1.9831687211990356 0.7317577600479126
and 0 217 3 0.8057222366333008 3.276242733001709 0
<unk> 0 218 5 0.15711790323257446 1.2516915798187256 2.0245511531829834
<unk> 0 219 5 0.2879098951816559 1.8414462804794312 0
( 0 220 1 0.10562481731176376 0.6919676065444946 1.1494786739349365
<unk> 0 221 5 0.12943002581596375 1.2282506227493286 0
<unk> 0 222 5 0.31356146931648254 1.5111613273620605 0
) 0 223 1 0.11714353412389755 0.6577160954475403 0.8534452319145203
travel 0 224 6 9.148218154907227 7.521208763122559 0
to 0 225 2 1.6188629865646362 5.149160385131836 2.3720483779907227
<unk> 0 226 5 1.1266995668411255 4.206307888031006 0.9428524971008301
<unk> 0 227 5 4.328041076660156 4.817063331604004 0
, 0 228 1 2.416060447692871 4.808039665222168 0.009023666381835938
<unk> 0 229 5 2.691478967666626 5.746792793273926 0
<unk> 0 230 5 3.2328267097473145 4.063529014587402 1.6832637786865234
to 0 231 2 5.337664604187012 3.485048770904541 0.5784802436828613
investigate 0 232 11 4.2600626945495605 7.73634672164917 0
the 0 233 3 1.5416498184204102 4.94287633895874 2.7934703826904297
deaths 0 234 6 8.985326766967773 9.659284591674805 0
of 0 235 2 0.3896191120147705 1.6518158912658691 8.007468700408936
film 0 236 4 14.797163963317871 5.060138702392578 0
director 0 237 8 4.594022750854492 7.709440231323242 0
<unk> 0 238 5 0.24586093425750732 1.5143672227859497 6.1950730085372925
<unk> 0 239 5 0.19432102143764496 1.530407190322876 0
( 0 240 1 2.561537027359009 3.514491081237793 0
<unk> 0 241 5 0.34339162707328796 2.551084518432617 0.9634065628051758
<unk> 0 242 5 0.24724231660366058 1.6163413524627686 0.9347431659698486
) 0 243 1 0.07868001610040665 0.4625526964664459 1.1537886559963226
and 0 244 3 1.9167754650115967 2.7313215732574463 0
<unk> 0 245 5 1.649963140487671 6.06283712387085 0
<unk> 0 246 5 0.8160384297370911 4.124334812164307 1.938502311706543
, 0 247 1 4.194125652313232 1.825026273727417 2.2993085384368896
the 0 248 3 3.2749886512756348 5.160492897033691 0
leading 0 249 7 8.530014991760254 8.940827369689941 0
actress 0 250 7 4.541900634765625 7.528994560241699 1.4118328094482422
in 0 251 2 2.526172161102295 3.3634560108184814 4.165538549423218
his 0 252 3 5.513534069061279 3.8000316619873047 0
newest 0 253 6 16.113147735595703 8.015174865722656 0
film 0 254 4 3.5878539085388184 7.965679168701172 0.049495697021484375
. 0 255 1 1.8349517583847046 5.129940986633301 2.835738182067871
<eos> 0 256 5 0.06422536075115204 0.27321621775627136 4.856724768877029
<unk> 0 257 5 2.6570260524749756 6.094410419464111 0
the 0 258 3 9.405725479125977 7.450216770172119 0
local 0 259 5 9.921319007873535 9.498566627502441 0
sheriff 0 260 7 8.157037734985352 9.470892906188965 0.027673721313476562
guides 0 261 6 16.369552612304688 5.516922950744629 3.953969955444336
<unk> 0 262 5 2.562443733215332 6.347347736358643 0
and 0 263 3 3.44614839553833 5.608148574829102 0.739199161529541
<unk> 0 264 5 1.1857831478118896 5.90933895111084 0
through 0 265 7 9.17386245727539 5.493513107299805 0.41582584381103516
the 0 266 3 1.7177338600158691 5.595319747924805 0
murder 0 267 6 9.515466690063477 10.087484359741211 0
scene 0 268 5 6.5902419090271 3.9757511615753174 6.1117331981658936
, 0 269 1 2.0855798721313477 4.117142677307129 0
<unk> 0 270 5 4.707910537719727 6.233717918395996 0
realizes 0 271 8 8.018930435180664 7.666344165802002 0
that 0 272 4 0.8070444464683533 2.8695125579833984 4.7968316078186035
the 0 273 3 2.5859904289245605 4.359511375427246 0
film 0 274 4 7.273521900177002 9.672547340393066 0
is 0 275 2 1.8955445289611816 4.880627155303955 4.791920185089111
based 0 276 5 6.192781448364258 7.68497371673584 0
on 0 277 2 0.2303246706724167 1.2242058515548706 6.460767865180969
a 0 278 1 2.696993350982666 4.8713459968566895 0
real 0 279 4 6.440907001495361 9.610291481018066 0
murder 0 280 6 9.81032943725586 6.439456939697266 3.170834541320801
case 0 281 4 5.6356000900268555 6.634745121002197 0
he 0 282 2 9.025715827941895 4.66976261138916 1.964982509613037
investigated 0 283 12 12.987168312072754 6.98582649230957 0
thirteen 0 284 8 17.1956844329834 4.716405391693115 2.269421100616455
years 0 285 5 2.1543397903442383 6.339179992675781 0
previously 0 286 10 5.4349212646484375 3.428743362426758 2.9104366302490234
; 0 287 1 5.975613117218018 2.697361707687378 0.7313816547393799
he 0 288 2 2.901325225830078 5.830091953277588 0
is 0 289 2 3.097041368484497 7.559992790222168 0
shocked 0 290 7 7.50261926651001 8.439990997314453 0
to 0 291 2 1.7265517711639404 3.159402370452881 5.280588626861572
learn 0 292 5 2.529435634613037 4.025061130523682 0
that 0 293 4 1.0965200662612915 3.840299606323242 0.18476152420043945
the 0 294 3 2.6689727306365967 4.457005977630615 0
true 0 295 4 8.939599990844727 9.775789260864258 0
story 0 296 5 6.160436153411865 9.695563316345215 0.08022594451904297
is 0 297 2 1.9503411054611206 5.27635383605957 4.4192094802856445
being 0 298 5 6.1471357345581055 7.903568744659424 0
<unk> 0 299 5 5.201246738433838 9.196578025817871 0
for 0 300 3 5.516267776489258 5.2054901123046875 3.9910879135131836
the 0 301 3 2.302173614501953 6.321626663208008 0
screen 0 302 6 11.645553588867188 9.30803108215332 0
. 0 303 1 1.4545494318008423 4.592306137084961 4.715724945068359
<eos> 0 304 5 0.06145425885915756 0.26417338848114014 4.328132748603821
<unk> 0 305 5 2.6777024269104004 6.097509860992432 0
pair 0 306 4 17.966176986694336 7.458177089691162 0
interview 0 307 9 16.686479568481445 7.285712242126465 0.17246484756469727
the 0 308 3 6.048032760620117 5.812053203582764 1.4736590385437012
cast 0 309 4 11.14261531829834 9.659412384033203 0
and 0 310 3 3.063748359680176 6.475109577178955 3.184302806854248
crew 0 311 4 0.41428419947624207 2.896742343902588 3.578367233276367
as 0 312 2 6.087459564208984 7.0528130531311035 0
suspects 0 313 8 14.507672309875488 6.403850555419922 0.6489624977111816
, 0 314 1 2.3971354961395264 4.8825154304504395 1.5213351249694824
discovering 0 315 11 12.068488121032715 5.780125141143799 0
that 0 316 4 1.4202849864959717 4.211595058441162 1.5685300827026367
many 0 317 4 9.921086311340332 4.986322402954102 0
would 0 318 5 9.485505104064941 5.979560852050781 0
benefit 0 319 7 11.33104133605957 6.403683662414551 0
from 0 320 4 0.9254510402679443 3.887977361679077 2.5157063007354736
either 0 321 6 11.057336807250977 6.6288580894470215 0
of 0 322 2 6.254062652587891 7.994638919830322 0
the 0 323 3 1.0199424028396606 3.058464765548706 4.936174154281616
deaths 0 324 6 7.127918720245361 9.763846397399902 0
— 0 325 1 9.802783966064453 4.110653877258301 5.653192520141602
producer 0 326 8 14.620139122009277 7.067614555358887 0
<unk> 0 327 5 0.37072864174842834 2.205132246017456 4.862482309341431
<unk> 0 328 5 0.22704461216926575 1.9376875162124634 0.2674447298049927
had 0 329 3 5.273380279541016 5.8330583572387695 0
been 0 330 4 2.686337471008301 7.379451274871826 0
having 0 331 6 9.768476486206055 8.870677947998047 0
an 0 332 2 5.114165306091309 7.399072170257568 1.4716057777404785
affair 0 333 6 1.2096201181411743 5.831993579864502 1.5670785903930664
with 0 334 4 0.3068969249725342 1.7829145193099976 4.049079060554504
<unk> 0 335 5 0.789034366607666 3.7259738445281982 0
; 0 336 1 6.470655918121338 4.196648597717285 0
<unk> 0 337 5 1.8326045274734497 5.220497131347656 0
<unk> 0 338 5 1.8923484086990356 6.1377458572387695 0
replaced 0 339 8 11.46772575378418 5.576598167419434 0.5611476898193359
<unk> 0 340 5 1.3026047945022583 3.050218105316162 2.5263800621032715
as 0 341 2 2.4005560874938965 4.297933101654053 0
director 0 342 8 4.713951110839844 5.080193519592285 0
; 0 343 1 6.069732666015625 3.4653375148773193 1.6148560047149658
<unk> 0 344 5 1.7869011163711548 5.214460849761963 0
<unk> 0 345 5 1.5160202980041504 5.771595478057861 0
and 0 346 3 3.9521446228027344 6.1137213706970215 0
<unk> 0 347 5 0.3587641417980194 2.3857781887054443 3.727943181991577
<unk> 0 348 5 0.3839203417301178 2.89139986038208 0
, 0 349 1 3.2288970947265625 6.355900764465332 0
whose 0 350 5 7.436563014984131 5.40349006652832 0.9524106979370117
roles 0 351 5 5.312923908233643 8.814666748046875 0
in 0 352 2 4.610846519470215 3.932368755340576 4.882297992706299
the 0 353 3 0.7802123427391052 3.64274263381958 0.2896261215209961
film 0 354 4 3.305220365524292 5.852403163909912 0
will 0 355 4 10.683185577392578 3.845512866973877 2.006890296936035
expand 0 356 6 11.113791465759277 5.3277812004089355 0
without 0 357 7 11.002738952636719 5.522978782653809 0
<unk> 0 358 5 3.8732006549835205 8.385164260864258 0
; 0 359 1 6.642884731292725 5.4291181564331055 2.9560461044311523
and 0 360 3 2.5321390628814697 5.320067882537842 0.10905027389526367
<unk> 0 361 5 1.3561396598815918 6.0096659660339355 0
<unk> 0 362 5 1.4023079872131348 4.796519756317139 1.2131462097167969
, 0 363 1 1.8722844123840332 4.351604461669922 0.4449152946472168
a 0 364 1 3.5055911540985107 5.415436267852783 0
method 0 365 6 16.03758430480957 8.8543119430542 0
actor 0 366 5 13.479307174682617 4.130120754241943 4.724191188812256
<unk> 0 367 5 5.763411045074463 4.894290447235107 0
the 0 368 3 8.371275901794434 3.831686019897461 1.0626044273376465
opportunity 0 369 11 8.89100456237793 9.44548225402832 0
to 0 370 2 0.28171300888061523 1.2842265367507935 8.161255717277527
meet 0 371 4 7.685489177703857 8.282876968383789 0
<unk> 0 372 5 2.979219675064087 4.678683280944824 3.604193687438965
, 0 373 1 3.467073917388916 4.699093818664551 0
whose 0 374 5 6.938057899475098 5.571117877960205 0
role 0 375 4 6.375999450683594 9.366288185119629 0
he 0 376 2 5.702606201171875 4.829051494598389 4.53723669052124
plays 0 377 5 7.5993547439575195 6.691009044647217 0
. 0 378 1 4.396030426025391 5.2315778732299805 1.4594311714172363
<eos> 0 379 5 0.06702923029661179 0.28161680698394775 4.949961066246033
<unk> 0 380 5 2.6741843223571777 6.087728500366211 0
questioned 0 381 10 13.466609954833984 7.449092864990234 0
is 0 382 2 14.734174728393555 4.375390529632568 3.073702335357666
<unk> 0 383 5 4.859335422515869 7.590129375457764 0
<unk> 0 384 5 2.7919745445251465 5.1993207931518555 2.390808582305908
, 0 385 1 2.186645269393921 4.588384628295898 0.610936164855957
the 0 386 3 3.323612689971924 5.268178939819336 0
man 0 387 3 8.301156997680664 8.963136672973633 0
whose 0 388 5 6.463129997253418 3.2748165130615234 5.688320159912109
partner 0 389 7 9.299893379211426 9.890990257263184 0
was 0 390 3 3.7089102268218994 5.16623592376709 4.724754333496094
murdered 0 391 8 7.738590717315674 8.045172691345215 0
in 0 392 2 2.709821939468384 3.929610013961792 4.115562677383423
the 0 393 3 2.0012285709381104 3.623124361038208 0.306485652923584
earlier 0 394 7 11.767523765563965 9.166119575500488 0
case 0 395 4 7.8262176513671875 8.641714096069336 0.5244054794311523
and 0 396 3 5.554251194000244 3.467881202697754 5.173832893371582
who 0 397 3 9.907572746276855 8.127837181091309 0
is 0 398 2 4.300066947937012 7.471675872802734 0.6561613082885742
campaigning 0 399 11 14.265185356140137 8.867087364196777 0
against 0 400 7 5.456852436065674 4.7249436378479 4.142143726348877
what 0 401 4 9.802886962890625 4.241729259490967 0.4832143783569336
he 0 402 2 1.468087911605835 4.487158298492432 0
sees 0 403 4 5.223504066467285 6.479269981384277 0
as 0 404 2 0.5472543239593506 2.3937230110168457 4.085546970367432
a 0 405 1 2.0877084732055664 5.15983247756958 0
disrespectful 0 406 13 13.749526023864746 9.374801635742188 0
production 0 407 10 16.555267333984375 9.385945320129395 0
. 0 408 1 2.0501253604888916 4.282402038574219 5.103543281555176
<eos> 0 409 5 0.06441500782966614 0.2735646963119507 4.008837342262268
<unk> 0 410 5 2.6831040382385254 6.101790904998779 0
production 0 411 10 13.719581604003906 7.453314781188965 0
continues 0 412 9 8.821261405944824 7.460501670837402 0
, 0 413 1 4.9444379806518555 4.472500324249268 2.9880013465881348
and 0 414 3 2.0560154914855957 5.785215854644775 0
after 0 415 5 7.292652130126953 7.008602142333984 0
the 0 416 3 2.326183795928955 6.847216606140137 0.16138553619384766
filming 0 417 7 10.661346435546875 8.394862174987793 0
of 0 418 2 0.9635568857192993 4.063087463378906 4.331774711608887
a 0 419 1 4.679099082946777 4.288662433624268 0
pool 0 420 4 14.738621711730957 8.433165550231934 0
scene 0 421 5 7.841721057891846 6.085240364074707 2.3479251861572266
the 0 422 3 7.349095344543457 4.405731678009033 1.6795086860656738
crew 0 423 4 7.172213077545166 8.814053535461426 0
gather 0 424 6 11.721022605895996 8.757776260375977 0.05627727508544922
in 0 425 2 3.2695512771606445 6.406371593475342 2.3514046669006348
catering 0 426 8 18.783557891845703 5.487696170806885 0.918675422668457
; 0 427 1 8.136931419372559 4.822174072265625 0.6655220985412598
<unk> 0 428 5 2.7408201694488525 6.599210262298584 0
discovers 0 429 9 8.044442176818848 7.418846130371094 0
a 0 430 1 3.722783327102661 3.694873332977295 3.723972797393799
severed 0 431 7 12.566370964050293 10.092803001403809 0
finger 0 432 6 9.830499649047852 8.918604850769043 1.1741981506347656
in 0 433 2 3.2520365715026855 5.5386223793029785 3.3799824714660645
his 0 434 3 4.042516708374023 3.736349582672119 1.8022727966308594
sandwich 0 435 8 16.115266799926758 8.10142707824707 0
, 0 436 1 2.0733802318573 4.479166030883789 3.6222610473632812
recognizing 0 437 11 16.318035125732422 5.8412017822265625 0
from 0 438 4 13.206093788146973 4.8202972412109375 1.020904541015625
its 0 439 3 7.972408294677734 4.899231910705566 0
ring 0 440 4 12.79102897644043 10.459527969360352 0
that 0 441 4 4.518396854400635 7.518754005432129 2.9407739639282227
it 0 442 2 3.418672561645508 4.672743320465088 2.846010684967041
belonged 0 443 8 11.872733116149902 4.5879034996032715 0.0848398208618164
to 0 444 2 0.08573275059461594 0.6756353378295898 3.9122681617736816
<unk> 0 445 5 2.092214345932007 4.757052898406982 0
. 0 446 1 2.310220956802368 4.8926100730896 0
<eos> 0 447 5 0.06438753753900528 0.27298054099082947 4.61962953209877
<unk> 0 448 5 2.679898262023926 6.0923285484313965 0
the 0 449 3 9.437317848205566 7.455215930938721 0
sheriff 0 450 7 11.746346473693848 9.501246452331543 0
shuts 0 451 5 17.814889907836914 5.919966697692871 3.581279754638672
down 0 452 4 1.346968173980713 3.7544379234313965 2.1655287742614746
production 0 453 10 15.865653038024902 4.913611888885498 0
, 0 454 1 2.7115955352783203 4.974126815795898 0
<unk> 0 455 5 5.6022138595581055 6.330355167388916 0
<unk> 0 456 5 3.121716260910034 7.05641508102417 0
that 0 457 4 7.798605442047119 6.385195732116699 0.6712193489074707
the 0 458 3 3.421813488006592 5.490281105041504 0.8949146270751953
killer 0 459 6 9.23706340789795 9.87496566772461 0
may 0 460 3 5.912108421325684 7.662369251251221 2.2125964164733887
target 0 461 6 13.569491386413574 6.515568733215332 1.1468005180358887
the 0 462 3 2.062422752380371 5.136274814605713 1.3792939186096191
crew 0 463 4 9.2839994430542 10.094710350036621 0
's 0 464 2 5.573002815246582 4.229914665222168 5.864795684814453
hotel 0 465 5 11.316194534301758 10.528745651245117 0
; 0 466 1 5.914485931396484 5.091970443725586 5.436775207519531
he 0 467 2 2.9435393810272217 5.600230693817139 0
and 0 468 3 6.3353495597839355 7.458800792694092 0
<unk> 0 469 5 0.6929346323013306 3.322624444961548 4.136176347732544
arrive 0 470 6 5.2985310554504395 7.746693134307861 0
to 0 471 2 3.039710760116577 4.700762748718262 3.0459303855895996
find 0 472 4 3.1170148849487305 7.45039176940918 0
the 0 473 3 2.608396053314209 5.119691371917725 2.330700397491455
body 0 474 4 7.899564743041992 10.167667388916016 0
of 0 475 2 2.7422757148742676 5.794323444366455 4.3733439445495605
the 0 476 3 1.6595101356506348 4.364562511444092 1.4297609329223633
film 0 477 4 7.794596195220947 9.310736656188965 0
's 0 478 2 3.731621742248535 5.106109619140625 4.20462703704834
publicist 0 479 9 13.095588684082031 9.391541481018066 0
hanging 0 480 7 18.009199142456055 3.1540920734405518 6.237449407577515
from 0 481 4 4.834167957305908 5.603153228759766 0
a 0 482 1 2.9335286617279053 4.087294101715088 1.5158591270446777
rope 0 483 4 10.222406387329102 9.701465606689453 0
. 0 484 1 1.9961462020874023 5.662439823150635 4.039025783538818
<eos> 0 485 5 0.06872137635946274 0.2875504791736603 5.3748893439769745
<unk> 0 486 5 2.682537317276001 6.094019412994385 0
next 0 487 4 12.436738014221191 7.465720176696777 0
day 0 488 3 12.722756385803223 8.576297760009766 0
, 0 489 1 2.3526113033294678 6.625317096710205 1.9509806632995605
a 0 490 1 4.9125590324401855 6.222296714782715 0.40302038192749023
film 0 491 4 9.513416290283203 9.749330520629883 0
extra 0 492 5 16.718061447143555 7.759180068969727 1.9901504516601562
( 0 493 1 7.52984619140625 8.06888484954834 0
<unk> 0 494 5 0.9032776355743408 5.206160545349121 2.8627243041992188
<unk> 0 495 5 2.8175642490386963 1.9121077060699463 3.294052839279175
) 0 496 1 0.881351888179779 2.745500087738037 0
confesses 0 497 9 16.918407440185547 6.664433479309082 0
to 0 498 2 0.885776698589325 2.8307597637176514 3.8336737155914307
the 0 499 3 2.640084981918335 4.694016933441162 0
killings 0 500 8 13.488635063171387 9.376856803894043 0
; 0 501 1 7.356130123138428 3.887768268585205 5.489088535308838
<unk> 0 502 5 2.4281418323516846 5.592187404632568 0
<unk> 0 503 5 3.3861801624298096 7.63526725769043 0
holes 0 504 5 18.455934524536133 6.1160759925842285 1.5191912651062012
in 0 505 2 2.9751622676849365 7.094353675842285 0
his 0 506 3 4.244317054748535 4.035359859466553 3.0589938163757324
story 0 507 5 13.262080192565918 8.605344772338867 0
and 0 508 3 3.3299336433410645 6.844130992889404 1.761213779449463
discovers 0 509 9 8.709860801696777 9.469217300415039 0
he 0 510 2 4.442249774932861 4.542853832244873 4.926363468170166
is 0 511 2 1.7532103061676025 5.711691856384277 0
not 0 512 3 4.979958534240723 8.667032241821289 0
a 0 513 1 4.020639419555664 8.682576179504395 0
credible 0 514 8 9.985769271850586 9.114748001098633 0
perpetrator 0 515 11 11.128890991210938 8.815470695495605 0.29927730560302734
. 0 516 1 0.7541590332984924 2.8690552711486816 5.946415424346924
<eos> 0 517 5 0.07472309470176697 0.30442875623703003 2.5646265149116516
<unk> 0 518 5 2.6895899772644043 6.07863187789917 0
, 0 519 1 4.522347450256348 7.450135707855225 0
production 0 520 10 14.95875358581543 5.938020706176758 1.5121150016784668
is 0 521 2 8.257792472839355 5.828522205352783 0.10949850082397461
resumed 0 522 7 14.186369895935059 8.3985013961792 0
— 0 523 1 11.414713859558105 4.206911087036133 4.191590309143066
and 0 524 3 3.6113922595977783 6.7914509773254395 0
shortly 0 525 7 11.656393051147461 7.377939224243164 0
afterwards 0 526 10 3.4786999225616455 2.1598801612854004 5.218059062957764
, 0 527 1 1.4831329584121704 5.018274307250977 0
several 0 528 7 9.32820987701416 5.585983753204346 0
crew 0 529 4 9.965340614318848 9.481833457946777 0
members 0 530 7 0.19715262949466705 1.7351419925689697 7.746691465377808
are 0 531 3 2.9240806102752686 7.068430423736572 0
found 0 532 5 5.748059272766113 8.328513145446777 0
with 0 533 4 6.720175266265869 5.719620704650879 2.6088924407958984
their 0 534 5 5.175761699676514 6.293906211853027 0
throats 0 535 7 13.12818717956543 9.917655944824219 0
cut 0 536 3 12.166295051574707 3.968005657196045 5.949650287628174
, 0 537 1 4.325682640075684 4.781310558319092 0
while 0 538 5 5.051201820373535 7.166957855224609 0
<unk> 0 539 5 2.0192179679870605 5.971349239349365 1.1956086158752441
's 0 540 2 3.659904956817627 6.932718276977539 0
body 0 541 4 4.326427459716797 10.13033390045166 0
hangs 0 542 5 8.842560768127441 5.850449562072754 4.279884338378906
nearby 0 543 6 11.239265441894531 6.337501525878906 0
in 0 544 2 4.7408766746521 3.41581392288208 2.921687602996826
an 0 545 2 5.186197280883789 5.191053867340088 0
apparent 0 546 8 9.3799409866333 7.708051681518555 0
murder 0 547 6 11.108436584472656 9.529929161071777 0
<unk> 0 548 5 6.515129566192627 4.220909595489502 5.309019565582275
suicide 0 549 7 10.550078392028809 8.416833877563477 0
. 0 550 1 2.1070804595947266 6.674302577972412 1.7425312995910645
<eos> 0 551 5 0.0708155483007431 0.29350364208221436 6.380798935890198
<unk> 0 552 5 2.6847028732299805 6.088965892791748 0
doubts 0 553 6 16.843212127685547 7.455296516418457 0
that 0 554 4 2.743579864501953 5.792384624481201 1.6629118919372559
<unk> 0 555 5 2.0394086837768555 5.092620372772217 0.6997642517089844
is 0 556 2 2.7522079944610596 5.916236400604248 0
the 0 557 3 3.5383615493774414 7.951094150543213 0
killer 0 558 6 8.108314514160156 8.390425682067871 0
, 0 559 1 2.5346803665161133 4.999701499938965 3.3907241821289062
and 0 560 3 1.4800578355789185 4.57720422744751 0.4224972724914551
while 0 561 5 9.10799503326416 6.997924327850342 0
<unk> 0 562 5 2.5135443210601807 6.610019683837891 0.38790464401245117
stays 0 563 5 8.978964805603027 7.316516876220703 0
in 0 564 2 2.2992401123046875 5.384255409240723 1.9322614669799805
the 0 565 3 1.7338602542877197 5.083992004394531 0.3002634048461914
hotel 0 566 5 6.2071003913879395 8.715611457824707 0
, 0 567 1 1.23167085647583 4.822651386260986 3.8929600715637207
he 0 568 2 1.5609668493270874 3.5776689052581787 1.2449824810028076
visits 0 569 6 9.749588012695312 7.634138107299805 0
the 0 570 3 2.4486517906188965 3.7725911140441895 3.8615469932556152
production 0 571 10 11.280997276306152 9.013715744018555 0
's 0 572 2 7.575417518615723 6.210382461547852 2.803333282470703
climactic 0 573 9 14.172746658325195 9.757248878479004 0
shoot 0 574 5 9.999114036560059 7.594257354736328 2.162991523742676
, 0 575 1 2.970745801925659 4.6513590812683105 2.9428982734680176
set 0 576 3 12.132320404052734 6.468810081481934 0
during 0 577 6 7.901348114013672 4.773117542266846 1.695692539215088
a 0 578 1 2.233611583709717 4.075984477996826 0.6971330642700195
performance 0 579 11 7.8575968742370605 8.97594165802002 0
by 0 580 2 3.29793119430542 4.322051525115967 4.653890132904053
the 0 581 3 2.7901268005371094 4.417150497436523 0
band 0 582 4 6.070946216583252 8.540979385375977 0
<unk> 0 583 5 4.43759822845459 5.1032280921936035 3.437751293182373
. 0 584 1 1.7975916862487793 5.40477180480957 0
<eos> 0 585 5 0.07048540562391281 0.29213133454322815 5.112640470266342
<unk> 0 586 5 2.682368040084839 6.092942237854004 0
he 0 587 2 12.625117301940918 7.455940246582031 0
looks 0 588 5 12.60713005065918 7.925037384033203 0
around 0 589 6 7.019233703613281 6.097267150878906 1.8277702331542969
him 0 590 3 5.881546497344971 5.775482177734375 0.32178497314453125
, 0 591 1 1.770980954170227 4.252755165100098 1.5227270126342773
the 0 592 3 6.793369770050049 6.334207057952881 0
sheriff 0 593 7 9.848548889160156 10.085524559020996 0
's 0 594 2 2.903341054916382 5.714303016662598 4.371221542358398
body 0 595 4 5.673300266265869 10.113351821899414 0
is 0 596 2 3.313779592514038 5.26716423034668 4.846187591552734
thrown 0 597 6 7.385109901428223 9.511062622070312 0
down 0 598 4 4.278710842132568 4.916683197021484 4.594379425048828
from 0 599 4 5.13198709487915 4.754755973815918 0.1619272232055664
the 0 600 3 1.1908133029937744 3.995816707611084 0.758939266204834
rafters 0 601 7 10.473564147949219 9.444526672363281 0
; 0 602 1 6.034109115600586 3.5814592838287354 5.863067388534546
as 0 603 2 7.089884281158447 5.762507915496826 0
the 0 604 3 2.8539531230926514 5.361924648284912 0.40058326721191406
<unk> 0 605 5 3.161586046218872 10.341134071350098 0
settles 0 606 7 12.196106910705566 9.869187355041504 0.47194671630859375
, 0 607 1 2.801726818084717 5.580741882324219 4.288445472717285
<unk> 0 608 5 2.538792848587036 5.276794910430908 0.30394697189331055
realizes 0 609 8 6.712170600891113 8.063214302062988 0
that 0 610 4 0.8692416548728943 3.021064281463623 5.042150020599365
horror 0 611 6 16.888809204101562 4.617492198944092 0
films 0 612 5 6.3300886154174805 6.898072719573975 0
end 0 613 3 13.190939903259277 6.318055152893066 0.5800175666809082
with 0 614 4 4.677443981170654 5.5153021812438965 0.8027529716491699
the 0 615 3 2.1147027015686035 5.661441802978516 0
leading 0 616 7 11.347094535827637 10.55190658569336 0
lady 0 617 4 9.57772445678711 8.764055252075195 1.787851333618164
being 0 618 5 7.083793640136719 5.431917190551758 3.3321380615234375
targeted 0 619 8 12.431754112243652 8.311538696289062 0
— 0 620 1 8.838414192199707 3.9942970275878906 4.317241668701172
the 0 621 3 3.140232563018799 7.006711006164551 0
killer 0 622 6 8.901613235473633 10.21424388885498 0
is 0 623 2 3.4606845378875732 7.601300239562988 2.612943649291992
after 0 624 5 12.377453804016113 8.815727233886719 0
<unk> 0 625 5 3.2382586002349854 6.823218822479248 1.9925084114074707
. 0 626 1 3.282397508621216 6.006629467010498 0.81658935546875
<eos> 0 627 5 0.06361988931894302 0.2699678838253021 5.736661583185196
<unk> 0 628 5 2.6820061206817627 6.083347797393799 0
back 0 629 4 14.816451072692871 7.452668190002441 0
to 0 630 2 1.5740222930908203 5.558155536651611 1.89451265335083
her 0 631 3 6.905547618865967 4.67049503326416 0.8876605033874512
hotel 0 632 5 10.080680847167969 9.11594009399414 0
, 0 633 1 3.0977680683135986 6.4657392501831055 2.650200843811035
<unk> 0 634 5 2.386169910430908 6.381042003631592 0.08469724655151367
discover 0 635 8 14.99502944946289 6.769313335418701 0
<unk> 0 636 5 3.862687587738037 3.9513351917266846 2.8179781436920166
<unk> 0 637 5 4.04924201965332 5.235434532165527 0
off 0 638 3 11.81516170501709 4.986386775970459 0.24904775619506836
a 0 639 1 4.37898063659668 4.779175758361816 0.20721101760864258
chainsaw 0 640 8 13.039363861083984 10.02016830444336 0
<unk> 0 641 5 6.213221549987793 6.206426620483398 3.813741683959961
wielding 0 642 8 9.392728805541992 8.356928825378418 0
<unk> 0 643 5 2.7908010482788086 9.45439624786377 0
. 0 644 1 3.480180501937866 7.33955717086792 2.1148390769958496
<eos> 0 645 5 0.07484687119722366 0.3058982193470001 7.03365895152092
<unk> 0 646 5 2.6874847412109375 6.078226089477539 0
is 0 647 2 5.1545939445495605 7.460406303405762 0
able 0 648 4 7.677770614624023 7.748289108276367 0
to 0 649 2 0.0021792652551084757 0.02580176666378975 7.722487341612577
subdue 0 650 6 10.672411918640137 9.062823295593262 0
<unk> 0 651 5 1.5401363372802734 4.452366828918457 4.610456466674805
after 0 652 5 6.734342575073242 4.980940341949463 0
<unk> 0 653 5 3.3842689990997314 6.464819431304932 0
<unk> 0 654 5 3.8062663078308105 7.5436906814575195 0
the 0 655 3 5.774523735046387 6.529141902923584 1.0145487785339355
chainsaw 0 656 8 16.12010955810547 9.984161376953125 0
; 0 657 1 6.857224941253662 6.409791469573975 3.5743699073791504
the 0 658 3 3.4395387172698975 6.217209815979004 0.1925816535949707
actor 0 659 5 10.75972843170166 10.334278106689453 0
then 0 660 4 6.693796157836914 7.776763916015625 2.557514190673828
explains 0 661 8 10.451567649841309 8.098674774169922 0
that 0 662 4 1.404115915298462 4.252645492553711 3.846029281616211
he 0 663 2 2.0788590908050537 4.249932765960693 0.002712726593017578
lacked 0 664 6 13.97232723236084 5.749739646911621 0
<unk> 0 665 5 4.017106056213379 5.853124618530273 0
's 0 666 2 1.1847431659698486 4.742358207702637 1.1107664108276367
insight 0 667 7 11.361617088317871 10.180859565734863 0
and 0 668 3 3.53844952583313 3.9448392391204834 6.23602032661438
had 0 669 3 8.851363182067871 10.130661010742188 0
to 0 670 2 2.436324119567871 6.80344295501709 3.3272180557250977
commit 0 671 6 9.362434387207031 8.224631309509277 0
the 0 672 3 3.8799216747283936 4.369058609008789 3.8555727005004883
crimes 0 673 6 8.966314315795898 10.047534942626953 0
in 0 674 2 3.9564030170440674 4.821542263031006 5.225992679595947
order 0 675 5 5.1195783615112305 5.625523090362549 0
to 0 676 2 0.03631449490785599 0.2562556266784668 5.369267463684082
see 0 677 3 7.460654258728027 8.600381851196289 0
through 0 678 7 12.695170402526855 5.594959735870361 3.0054221153259277
the 0 679 3 1.461313247680664 5.388970375061035 0.20598936080932617
eyes 0 680 4 9.5354585647583 10.4281587600708 0
of 0 681 2 1.1203252077102661 3.1928701400756836 7.235288619995117
a 0 682 1 3.621962785720825 5.106662750244141 0
killer 0 683 6 8.282970428466797 8.716804504394531 0
. 0 684 1 1.0652742385864258 4.24586820602417 4.470936298370361
<eos> 0 685 5 0.06962136179208755 0.29002320766448975 3.95584499835968
= 0 686 1 3.815340280532837 6.106080055236816 0
= 0 687 1 0.11314250528812408 0.7682211995124817 5.337858855724335
<unk> 0 688 5 5.535748481750488 5.7396931648254395 0
= 0 689 1 1.9949877262115479 6.994150638580322 0
= 0 690 1 0.0003164133813697845 0.004585158545523882 6.989565480034798
<eos> 0 691 5 20.80535888671875 5.09895133972168 0
" 0 692 1 10.097122192382812 5.7879252433776855 0
... 0 693 3 8.13476848602295 7.564712047576904 0
<unk> 0 694 5 3.060387134552002 6.78114128112793 0.7835707664489746
<unk> 0 695 5 1.807407021522522 5.9857096672058105 0.7954316139221191
<unk> 0 696 5 2.08154296875 5.484506130218506 0.5012035369873047
" 0 697 1 1.7088167667388916 4.467380046844482 1.0171260833740234
is 0 698 2 1.8185224533081055 4.770239353179932 0
the 0 699 3 2.5854713916778564 4.689145565032959 0.08109378814697266
second 0 700 6 3.094083547592163 6.032473087310791 0
episode 0 701 7 2.576239585876465 5.3389387130737305 0.6935343742370605
of 0 702 2 0.35144734382629395 1.7458171844482422 3.5931215286254883
<unk> 0 703 5 4.5943498611450195 1.3527177572250366 0.39309942722320557
to 0 704 2 5.5891499519348145 4.655881404876709 0
have 0 705 4 3.6039087772369385 4.856314182281494 0
been 0 706 4 1.8220075368881226 4.901237487792969 0
written 0 707 7 3.284593343734741 6.85038948059082 0
by 0 708 2 1.322169542312622 3.7154464721679688 3.1349430084228516
<unk> 0 709 5 0.4368937313556671 2.635932207107544 1.0795142650604248
<unk> 0 710 5 0.5670803785324097 2.7852885723114014 0
<unk> 0 711 5 4.399332523345947 2.882361888885498 0
, 0 712 1 2.180767297744751 3.5324435234069824 0
who 0 713 3 2.410396099090576 4.722722053527832 0
had 0 714 3 2.810920238494873 6.039498329162598 0
previously 0 715 10 1.9242106676101685 5.112647533416748 0.9268507957458496
penned 0 716 6 6.596222400665283 4.469186782836914 0.643460750579834
the 0 717 3 1.8100430965423584 4.564058780670166 0
second 0 718 6 5.770125389099121 5.319673538208008 0
season 0 719 6 1.8043676614761353 4.000710487365723 1.3189630508422852
episode 0 720 7 1.0261585712432861 3.156121253967285 0.8445892333984375
" 0 721 1 0.10301897674798965 0.7016177177429199 2.4545035362243652
<unk> 0 722 5 1.4884382486343384 6.964297294616699 0
<unk> 0 723 5 2.1821460723876953 3.720216989517212 3.2440803050994873
" 0 724 1 0.7571226954460144 2.7600772380828857 0.9601397514343262
, 0 725 1 2.8436286449432373 2.8077890872955322 0
and 0 726 3 3.1753830909729004 5.277030944824219 0
would 0 727 5 7.895098686218262 7.044392108917236 0
provide 0 728 7 9.705638885498047 6.14966344833374 0.8947286605834961
a 0 729 1 1.9006999731063843 5.620449542999268 0.5292139053344727
further 0 730 7 9.299946784973145 8.576658248901367 0
three 0 731 5 4.907637596130371 7.449359893798828 1.127298355102539
scripts 0 732 7 5.77796745300293 4.518542289733887 2.9308176040649414
in 0 733 2 4.076630115509033 3.4457597732543945 1.0727825164794922
the 0 734 3 1.4898017644882202 5.028054237365723 0
third 0 735 5 5.757579803466797 5.674778461456299 0
season 0 736 6 0.2407510131597519 1.2512598037719727 4.423518657684326
. 0 737 1 0.8874964714050293 3.05664324760437 0
<eos> 0 738 5 0.06200182065367699 0.26513269543647766 2.7915105521678925
<unk> 0 739 5 2.6676599979400635 6.0893940925598145 0
episode 0 740 7 15.369132041931152 7.458899974822998 0
was 0 741 3 4.024724006652832 4.89546012878418 2.5634398460388184
directed 0 742 8 5.520658016204834 7.126419544219971 0
by 0 743 2 0.11605120450258255 0.7487806081771851 6.377638936042786
<unk> 0 744 5 0.25676873326301575 1.7154595851898193 0
<unk> 0 745 5 0.18842147290706635 1.4509532451629639 0.26450634002685547
<unk> 0 746 5 3.9982471466064453 2.5657153129577637 0
, 0 747 1 1.511347770690918 3.0813682079315186 0
who 0 748 3 1.657989740371704 4.386914253234863 0
<unk> 0 749 5 6.074324131011963 6.297421455383301 0
a 0 750 1 6.4713945388793945 5.634698867797852 0.6627225875854492
total 0 751 5 9.584514617919922 8.380522727966309 0
of 0 752 2 0.24879968166351318 2.006448984146118 6.37407374382019
twenty 0 753 6 7.520702362060547 1.8727552890777588 0.13369369506835938
<unk> 0 754 5 0.623673677444458 3.9179234504699707 0
six 0 755 3 3.075542449951172 3.6628365516662598 0.25508689880371094
episodes 0 756 8 1.6665091514587402 6.515531539916992 0
across 0 757 6 11.481417655944824 4.267144680023193 2.248386859893799
all 0 758 3 6.31545877456665 3.0061590671539307 1.2609856128692627
three 0 759 5 3.1519603729248047 5.61616849899292 0
seasons 0 760 7 1.8424158096313477 4.472501754760742 1.1436667442321777
. 0 761 1 0.8071490526199341 2.7770698070526123 1.6954319477081299
<eos> 0 762 5 0.06724116951227188 0.2821851968765259 2.4948846101760864
<unk> 0 763 5 2.673748254776001 6.103181838989258 0
would 0 764 5 8.528965950012207 7.4651360511779785 0
also 0 765 4 4.002187728881836 6.815200328826904 0.6499357223510742
go 0 766 2 6.621592044830322 7.728861331939697 0
on 0 767 2 1.4019228219985962 4.038135528564453 3.690725803375244
to 0 768 2 0.36764389276504517 2.019188404083252 2.018947124481201
direct 0 769 6 6.638987064361572 6.9184041023254395 0
" 0 770 1 5.763701438903809 5.607936859130859 1.31046724319458
<unk> 0 771 5 2.034745931625366 7.8250837326049805 0
" 0 772 1 0.9223374128341675 3.9879395961761475 3.837144136428833
, 0 773 1 2.199103593826294 5.1915459632873535 0
the 0 774 3 3.9486308097839355 5.636842727661133 0
series 0 775 6 5.9673357009887695 7.680752277374268 0
' 0 776 1 0.9593343734741211 3.776339292526245 3.9044129848480225
crossover 0 777 9 8.910223007202148 6.314197063446045 0
episode 0 778 7 3.343278169631958 7.3611555099487305 0
with 0 779 4 4.925269603729248 3.9408771991729736 3.420278310775757
its 0 780 3 6.644213676452637 4.318737506866455 0
sister 0 781 6 8.492514610290527 8.404818534851074 0
show 0 782 4 7.67965841293335 5.426863670349121 2.977954864501953
<unk> 0 783 5 2.558202028274536 5.522740840911865 0
<unk> 0 784 5 1.5112955570220947 4.229343414306641 1.2933974266052246
<unk> 0 785 5 3.7993197441101074 3.0085747241973877 1.220768690109253
<unk> 0 786 5 2.890117645263672 3.3842225074768066 0
. 0 787 1 1.4707543849945068 3.3567416667938232 0.0274808406829834
<eos> 0 788 5 0.0628603994846344 0.26825442910194397 3.0884872376918793
<unk> 0 789 5 2.6768150329589844 6.09588098526001 0
episode 0 790 7 15.393261909484863 7.459715843200684 0
features 0 791 8 7.432926654815674 4.895113945007324 2.5646018981933594
guest 0 792 5 4.11364221572876 5.470183849334717 0
appearances 0 793 11 0.44014617800712585 2.0669145584106445 3.4032692909240723
by 0 794 2 0.6111218929290771 1.8915621042251587 0.17535245418548584
the 0 795 3 6.115784168243408 2.8117873668670654 0
members 0 796 7 9.006620407104492 7.374547004699707 0
of 0 797 2 0.07852595299482346 0.5381758213043213 6.836371183395386
the 0 798 3 0.3460153341293335 1.8564444780349731 0
band 0 799 4 6.018190383911133 6.2477498054504395 0
<unk> 0 800 5 3.3103137016296387 5.516098499298096 0.7316513061523438
— 0 801 1 10.553075790405273 5.032233715057373 0.48386478424072266
<unk> 0 802 5 1.8931808471679688 5.4239678382873535 0
<unk> 0 803 5 0.7050421237945557 3.6991539001464844 1.7248139381408691
, 0 804 1 1.079308032989502 3.176158905029297 0.5229949951171875
<unk> 0 805 5 0.45138707756996155 2.6829910278320312 0.4931678771972656
<unk> 0 806 5 0.2630563974380493 1.9560195207595825 0.7269715070724487
, 0 807 1 0.5482338666915894 1.4997661113739014 0.45625340938568115
<unk> 0 808 5 0.3061237335205078 1.4494552612304688 0.05031085014343262
<unk> 0 809 5 0.20973089337348938 1.6615405082702637 0
and 0 810 3 2.5734658241271973 1.2426848411560059 0.4188556671142578
<unk> 0 811 5 0.15635007619857788 1.2120015621185303 0.030683279037475586
<unk> 0 812 5 0.22749300301074982 1.7652168273925781 0
— 0 813 1 3.382434844970703 2.299471378326416 0
who 0 814 3 2.6659114360809326 5.097737789154053 0
each 0 815 4 10.44502067565918 6.661694526672363 0
portray 0 816 7 10.272229194641113 7.673810958862305 0
both 0 817 4 7.498567581176758 5.1448445320129395 2.5289664268493652
themselves 0 818 10 9.236198425292969 6.487311363220215 0
and 0 819 3 3.6628122329711914 3.967663049697876 2.519648313522339
a 0 820 1 6.703678607940674 6.431506633758545 0
small 0 821 5 7.1248931884765625 8.828474044799805 0
cameo 0 822 5 6.972341537475586 6.9947381019592285 1.8337359428405762
role 0 823 4 6.179592609405518 4.003375053405762 2.991363048553467
. 0 824 1 1.9518736600875854 3.4564712047576904 0.5469038486480713
<eos> 0 825 5 0.059525344520807266 0.2571704089641571 3.1993007957935333
<unk> 0 826 5 2.6757171154022217 6.10179328918457 0
, 0 827 1 4.529888153076172 7.445413589477539 0
the 0 828 3 3.9636716842651367 5.933862209320068 1.5115513801574707
band 0 829 4 7.925041675567627 9.173737525939941 0
members 0 830 7 7.172010898590088 4.440523624420166 4.733213901519775
insisted 0 831 8 11.674407958984375 7.424012184143066 0
during 0 832 6 10.597190856933594 3.2359352111816406 4.188076972961426
filming 0 833 7 6.775909900665283 3.7456796169281006 0
that 0 834 4 4.595987319946289 4.6616902351379395 0
their 0 835 5 5.369250297546387 5.370045185089111 0
roles 0 836 5 9.263376235961914 9.755955696105957 0
be 0 837 2 8.337952613830566 3.943199634552002 5.812756061553955
given 0 838 5 6.017292022705078 8.701088905334473 0
an 0 839 2 5.9516921043396 5.529021739959717 3.172067165374756
equal 0 840 5 7.970135688781738 8.125310897827148 0
amount 0 841 6 2.683055877685547 7.489320278167725 0.6359906196594238
of 0 842 2 0.22534117102622986 1.2814295291900635 6.207890748977661
dialogue 0 843 8 7.343647003173828 7.988985061645508 0
, 0 844 1 2.097827911376953 4.484705448150635 3.504279613494873
which 0 845 5 4.058454990386963 5.632216453552246 0
led 0 846 3 6.680914878845215 6.703990459442139 0
to 0 847 2 0.1102202758193016 0.7704248428344727 5.933565616607666
<unk> 0 848 5 3.9202096462249756 5.49713659286499 0
being 0 849 5 3.163796901702881 6.653909683227539 0
asked 0 850 5 6.136233806610107 8.750913619995117 0
to 0 851 2 0.96213698387146 3.3264663219451904 5.424447298049927
amend 0 852 5 16.17632293701172 7.544587135314941 0
scenes 0 853 6 13.858469009399414 2.95593523979187 4.588651895523071
on 0 854 2 5.390068054199219 5.168881893157959 0
short 0 855 5 12.844636917114258 4.434720039367676 0.7341618537902832
notice 0 856 6 6.784323692321777 6.605856418609619 0
and 0 857 3 4.8214192390441895 3.7715365886688232 2.834319829940796
fax 0 858 3 14.009249687194824 9.276939392089844 0
updated 0 859 7 13.912744522094727 7.084630012512207 2.1923093795776367
scripts 0 860 7 11.315845489501953 7.510556697845459 0
to 0 861 2 4.46582555770874 3.8817849159240723 3.6287717819213867
the 0 862 3 2.440084218978882 7.377692222595215 0
shooting 0 863 8 10.225096702575684 7.918830871582031 0
locations 0 864 9 8.229479789733887 5.283203125 2.6356277465820312
; 0 865 1 7.0770063400268555 3.374016284942627 1.909186840057373
ultimately 0 866 10 10.734573364257812 6.130919456481934 0
much 0 867 4 11.932498931884766 4.040345191955566 2.090574264526367
of 0 868 2 0.6965516805648804 3.929438829421997 0.11090636253356934
this 0 869 4 5.4084954261779785 2.5202813148498535 1.4091575145721436
additional 0 870 10 11.554147720336914 7.819660186767578 0
material 0 871 8 5.696938991546631 7.981788635253906 0
was 0 872 3 0.9988477826118469 4.566319465637207 3.415469169616699
filmed 0 873 6 5.44231653213501 7.406639099121094 0
but 0 874 3 9.10687255859375 4.0083699226379395 3.3982691764831543
not 0 875 3 6.557032585144043 7.283791542053223 0
used 0 876 4 7.097729682922363 8.595593452453613 0
in 0 877 2 3.2919845581054688 4.101992130279541 4.493601322174072
the 0 878 3 1.3221668004989624 5.807476997375488 0
episode 0 879 7 3.6860671043395996 6.599045276641846 0
. 0 880 1 0.4359663724899292 1.983115792274475 4.615929484367371
<eos> 0 881 5 0.06811057776212692 0.285147488117218 1.697968304157257
<unk> 0 882 5 2.6770007610321045 6.107213973999023 0
<unk> 0 883 5 2.4006824493408203 7.451887130737305 0
was 0 884 3 3.8923981189727783 6.284329414367676 1.167557716369629
also 0 885 4 4.600430011749268 8.030694961547852 0
<unk> 0 886 5 5.977005481719971 8.092925071716309 0
towards 0 887 7 11.872611999511719 4.880988121032715 3.2119369506835938
his 0 888 3 5.487194538116455 3.577972412109375 1.3030157089233398
role 0 889 4 7.476365089416504 9.73799991607666 0
, 0 890 1 3.9405064582824707 3.086698293685913 6.651301622390747
and 0 891 3 1.498028039932251 4.776721000671387 0
requested 0 892 9 11.29998779296875 6.7406206130981445 0
to 0 893 2 4.125259876251221 5.067022800445557 1.673597812652588
play 0 894 4 5.35518741607666 7.771905422210693 0
a 0 895 1 3.3560309410095215 5.586682319641113 2.18522310256958
" 0 896 1 6.6122941970825195 7.576797962188721 0
<unk> 0 897 5 2.6132075786590576 9.357912063598633 0
<unk> 0 898 5 2.764672040939331 4.936915397644043 4.42099666595459
pound 0 899 5 14.001358985900879 5.78287410736084 0
black 0 900 5 12.005363464355469 4.03449010848999 1.7483839988708496
man 0 901 3 4.053311824798584 7.718819618225098 0
" 0 902 1 0.5789347887039185 3.1426796913146973 4.5761399269104
instead 0 903 7 8.41288948059082 4.664677143096924 0
, 0 904 1 4.418481826782227 1.9730970859527588 2.691580057144165
wishing 0 905 7 13.815917015075684 6.649050712585449 0
to 0 906 2 0.3085341453552246 1.6972622871398926 4.951788425445557
wear 0 907 4 7.367934703826904 8.141923904418945 0
a 0 908 1 1.9103641510009766 5.833098888397217 2.3088250160217285
fat 0 909 3 11.216133117675781 8.548423767089844 0
suit 0 910 4 3.4667725563049316 6.999258995056152 1.5491647720336914
like 0 911 4 8.016317367553711 5.11324405670166 1.8860149383544922
those 0 912 5 8.2575101852417 5.242812633514404 0
used 0 913 4 5.655174732208252 5.407323837280273 0
in 0 914 2 1.3817086219787598 3.3567986488342285 2.050525188446045
the 0 915 3 1.0746190547943115 4.826165199279785 0
<unk> 0 916 5 2.6884548664093018 7.41504430770874 0
<unk> 0 917 5 2.498358964920044 7.954562187194824 0
<unk> 0 918 5 2.5640509128570557 7.590694427490234 0.36386775970458984
film 0 919 4 4.38883638381958 8.011173248291016 0
<unk> 0 920 5 2.8698112964630127 6.804673671722412 1.2064995765686035
<unk> 0 921 5 2.436417579650879 5.8916096687316895 0.9130640029907227
<unk> 0 922 5 2.740399122238159 5.056278228759766 0.8353314399719238
; 0 923 1 7.182541847229004 4.645214080810547 0.41106414794921875
he 0 924 2 3.7276992797851562 6.174548149108887 0
was 0 925 3 2.047980308532715 6.5292229652404785 0
eventually 0 926 10 7.88847017288208 8.060628890991211 0
convinced 0 927 9 9.127594947814941 8.246624946594238 0
that 0 928 4 1.2500828504562378 3.5740957260131836 4.672529220581055
such 0 929 4 10.09478759765625 4.4015398025512695 0
a 0 930 1 1.4051449298858643 6.48829460144043 0
suit 0 931 4 11.191402435302734 9.833598136901855 0
would 0 932 5 1.3647772073745728 3.6925253868103027 6.141072750091553
take 0 933 4 5.973150253295898 5.807194232940674 0
too 0 934 3 9.434072494506836 4.242719650268555 1.5644745826721191
long 0 935 4 1.3559085130691528 2.8019018173217773 1.4408178329467773
to 0 936 2 1.5917227268218994 4.511558532714844 0
fabricate 0 937 9 14.87082290649414 7.392663955688477 0
. 0 938 1 2.4042885303497314 5.556851863861084 1.8358120918273926
<eos> 0 939 5 0.06660263985395432 0.28056690096855164 5.276284962892532
<unk> 0 940 5 2.678870677947998 6.090182304382324 0
has 0 941 3 6.170654773712158 7.449878215789795 0
described 0 942 9 6.7064924240112305 7.100785255432129 0.349092960357666
the 0 943 3 1.6287403106689453 4.668416976928711 2.432368278503418
production 0 944 10 8.593233108520508 9.682214736938477 0
" 0 945 1 8.326434135437012 2.5971803665161133 7.085034370422363
... 0 946 3 7.098182201385498 7.738539695739746 0
<unk> 0 947 5 3.4438741207122803 7.6381025314331055 0.10043716430664062
<unk> 0 948 5 2.045750141143799 6.84696102142334 0.7911415100097656
<unk> 0 949 5 2.2759041786193848 6.41788911819458 0.42907190322875977
" 0 950 1 2.618225336074829 6.029125690460205 0.388763427734375
as 0 951 2 1.7363286018371582 3.9612977504730225 2.0678279399871826
being 0 952 5 5.8754777908325195 4.15792179107666 0
" 0 953 1 1.2370272874832153 5.3210577964782715 0
one 0 954 3 5.109651565551758 8.116341590881348 0
of 0 955 2 0.09397133439779282 0.8698087930679321 7.2465327978134155
the 0 956 3 0.30981090664863586 1.755179524421692 0
most 0 957 4 1.401344895362854 4.411974906921387 0
<unk> 0 958 5 5.3239006996154785 8.4622163772583 0
" 0 959 1 4.307772159576416 8.833105087280273 0
of 0 960 2 3.5439321994781494 6.21554708480835 2.617558002471924
the 0 961 3 0.8197022676467896 3.3379878997802734 2.877559185028076
series 0 962 6 2.0982916355133057 6.050704002380371 0
' 0 963 1 5.577765941619873 2.8867807388305664 3.1639232635498047
run 0 964 3 8.138777732849121 7.992584705352783 0
, 0 965 1 2.7280824184417725 3.5736353397369385 4.418949365615845
citing 0 966 6 7.183521270751953 5.985681533813477 0
its 0 967 3 4.1888837814331055 4.448578834533691 1.5371026992797852
abundance 0 968 9 11.363664627075195 8.418081283569336 0
of 0 969 2 1.5001206398010254 4.202123641967773 4.2159576416015625
stunt 0 970 5 14.348506927490234 9.142218589782715 0
work 0 971 4 7.054314136505127 7.483933925628662 1.6582846641540527
and 0 972 3 1.8966920375823975 3.8713955879211426 3.6125383377075195
physical 0 973 8 10.973605155944824 9.51774787902832 0
effects 0 974 7 5.117138862609863 9.56618595123291 0
as 0 975 2 6.455560207366943 2.702441930770874 6.863744020462036
the 0 976 3 4.293735504150391 3.609619379043579 0
cause 0 977 5 11.069114685058594 8.92608642578125 0
of 0 978 2 0.6673173904418945 2.995539426803589 5.930546998977661
this 0 979 4 5.548431396484375 5.762140274047852 0
. 0 980 1 4.875914573669434 9.386773109436035 0
<eos> 0 981 5 0.06870776414871216 0.2870854437351227 9.099687665700912
<unk> 0 982 5 2.6988606452941895 6.077539920806885 0
praised 0 983 7 9.820540428161621 7.442385673522949 0
<unk> 0 984 5 2.149860143661499 2.7019004821777344 4.740485191345215
for 0 985 3 2.919093132019043 2.8704442977905273 0
his 0 986 3 3.0419328212738037 6.606711387634277 0
ability 0 987 7 4.624819755554199 8.048198699951172 0
to 0 988 2 0.07145941257476807 0.4727770984172821 7.57542160153389
direct 0 989 6 11.798105239868164 8.766714096069336 0
the 0 990 3 2.105959415435791 7.130555629730225 1.6361584663391113
episode 0 991 7 6.282443523406982 8.914918899536133 0
within 0 992 6 12.179413795471191 3.940420150756836 4.974498748779297
the 0 993 3 1.6538896560668945 4.844666481018066 0
usual 0 994 5 9.971612930297852 8.553010940551758 0
time 0 995 4 5.535978317260742 8.832646369934082 0
constraints 0 996 11 13.28353500366211 4.337730407714844 4.494915962219238
, 0 997 1 1.630387306213379 4.276649475097656 0.0610809326171875
as 0 998 2 5.044519424438477 5.600757598876953 0
he 0 999 2 2.396890640258789 4.5505194664001465 1.0502381324768066
felt 0 1000 4 2.356599807739258 6.240510940551758 0
the 0 1001 3 2.8623883724212646 4.143449783325195 2.0970611572265625
number 0 1002 6 11.699085235595703 7.746800422668457 0
of 0 1003 2 0.6393709778785706 3.1135942935943604 4.633206129074097
shots 0 1004 5 8.94333553314209 8.403642654418945 0
involved 0 1005 8 9.823363304138184 6.721197605133057 1.6824450492858887
was 0 1006 3 4.202861309051514 6.465429306030273 0.2557682991027832
more 0 1007 4 5.753723621368408 7.10069465637207 0
akin 0 1008 4 7.267948150634766 8.560599327087402 0
to 0 1009 2 0.024759911000728607 0.1934266984462738 8.367172628641129
a 0 1010 1 3.6011462211608887 5.179813385009766 0
feature 0 1011 7 8.355965614318848 8.97484302520752 0
film 0 1012 4 1.740705132484436 5.232319355010986 3.742523670196533
than 0 1013 4 3.882901668548584 5.778820514678955 0
a 0 1014 1 4.2147650718688965 6.05415678024292 0
television 0 1015 10 7.606741905212402 9.002328872680664 0
episode 0 1016 7 5.293807506561279 4.983149528503418 4.019179344177246
. 0 1017 1 0.6911419034004211 2.830040693283081 2.153108835220337
<eos> 0 1018 5 0.0700698271393776 0.29101553559303284 2.539025157690048
<unk> 0 1019 5 2.6722183227539062 6.0953288078308105 0
star 0 1020 4 14.046323776245117 7.454787254333496 0
<unk> 0 1021 5 1.1590075492858887 5.407528877258301 2.0472583770751953
<unk> 0 1022 5 0.2870830297470093 2.3071000576019287 3.100428819656372
, 0 1023 1 2.993412971496582 6.895704746246338 0
who 0 1024 3 1.7364165782928467 5.493679523468018 1.4020252227783203
played 0 1025 6 3.5851337909698486 5.712142467498779 0
killer 0 1026 6 16.88705825805664 4.577497959136963 1.1346445083618164
<unk> 0 1027 5 2.181305408477783 7.3603715896606445 0
<unk> 0 1028 5 1.13795006275177 4.626471042633057 2.733900547027588
, 0 1029 1 1.264940619468689 4.136750221252441 0.48972082138061523
is 0 1030 2 4.557887077331543 6.481000900268555 0
the 0 1031 3 2.871793746948242 6.211268424987793 0.2697324752807617
husband 0 1032 7 10.800677299499512 7.800402641296387 0
of 0 1033 2 0.4655061364173889 2.124298572540283 5.6761040687561035
actress 0 1034 7 8.178030967712402 3.4540231227874756 0
<unk> 0 1035 5 0.11434236913919449 0.8786911368370056 2.57533198595047
<unk> 0 1036 5 0.24957022070884705 1.8479727506637573 0
, 0 1037 1 1.7262077331542969 2.7631983757019043 0
who 0 1038 3 1.3260756731033325 4.325690269470215 0
starred 0 1039 7 7.331623077392578 6.178033828735352 0
in 0 1040 2 0.8263119459152222 2.5161502361297607 3.661883592605591
the 0 1041 3 0.8107564449310303 3.3232626914978027 0
first 0 1042 5 5.207373142242432 6.350345134735107 0
two 0 1043 3 6.231036186218262 4.418449401855469 1.9318957328796387
seasons 0 1044 7 2.8868677616119385 4.578330039978027 0
of 0 1045 2 0.8313807249069214 2.759634017944336 1.8186960220336914
<unk> 0 1046 5 2.205974817276001 3.2403159141540527 0
as 0 1047 2 6.5760111808776855 4.817337512969971 0
<unk> 0 1048 5 1.832480549812317 4.687885761260986 0.12945175170898438
's 0 1049 2 4.2632737159729 3.8421473503112793 0.845738410949707
wife 0 1050 4 3.7914016246795654 7.5002665519714355 0
<unk> 0 1051 5 2.9549591541290283 2.6454086303710938 4.854857921600342
. 0 1052 1 1.9903757572174072 3.602257490158081 0
<eos> 0 1053 5 0.06534233689308167 0.27617526054382324 3.326082229614258
= 0 1054 1 3.8415324687957764 6.083958625793457 0
= 0 1055 1 0.11556965857744217 0.7821943759918213 5.301764249801636
<unk> 0 1056 5 5.542933464050293 5.728486061096191 0
and 0 1057 3 4.091021537780762 6.99458122253418 0
reception 0 1058 9 10.386796951293945 6.575597763061523 0.41898345947265625
= 0 1059 1 0.06697144359350204 0.5961573123931885 5.979440450668335
= 0 1060 1 5.778501144959591e-05 0.0009332199115306139 0.5952240924816579
<eos> 0 1061 5 22.501605987548828 5.223569869995117 0
" 0 1062 1 7.968234062194824 5.799849510192871 0
... 0 1063 3 8.493013381958008 7.454655170440674 0
<unk> 0 1064 5 3.0219993591308594 6.655645847320557 0.7990093231201172
<unk> 0 1065 5 1.7441489696502686 5.878380298614502 0.7772655487060547
<unk> 0 1066 5 2.140961170196533 5.000214576721191 0.8781657218933105
" 0 1067 1 1.416863203048706 3.966362714767456 1.0338518619537354
was 0 1068 3 1.7266329526901245 4.541977882385254 0
first 0 1069 5 4.519602298736572 5.914872646331787 0
broadcast 0 1070 9 1.8380597829818726 4.400121688842773 1.5147509574890137
on 0 1071 2 0.5849473476409912 1.4942264556884766 2.905895233154297
the 0 1072 3 1.99094820022583 2.0937094688415527 0
<unk> 0 1073 5 2.928952693939209 1.8449525833129883 0.24875688552856445
network 0 1074 7 1.1639399528503418 3.205986261367798 0
on 0 1075 2 0.7640488147735596 1.4055423736572266 1.8004438877105713
<unk> 0 1076 5 0.3220560550689697 1.055562138557434 0.3499802350997925
<unk> 0 1077 5 0.06552411615848541 0.3959901034832001 0.659572035074234
, 0 1078 1 0.027335548773407936 0.1851954460144043 0.21079465746879578
<unk> 0 1079 5 0.004111057613044977 0.04301860183477402 0.14217684417963028
. 0 1080 1 0.6848927736282349 1.631669521331787 0
<eos> 0 1081 5 0.0628603994846344 0.2683599591255188 1.3633095622062683
<unk> 0 1082 5 2.6854913234710693 6.093066215515137 0
episode 0 1083 7 15.367496490478516 7.463630199432373 0
earned 0 1084 6 9.960312843322754 4.858542442321777 2.6050877571105957
a 0 1085 1 1.9384949207305908 4.184122562408447 0.6744198799133301
<unk> 0 1086 5 0.936380922794342 4.646122932434082 0
rating 0 1087 6 1.3127092123031616 2.6217851638793945 2.0243377685546875
of 0 1088 2 0.04770655557513237 0.36192020773887634 2.259864956140518
<unk> 0 1089 5 0.006546434946358204 0.06488170474767685 0.2970385029911995
<unk> 0 1090 5 0.023491432890295982 0.1815914809703827 0
<eos> 0 1091 5 0.00022012100089341402 0.0022689017932862043 0.17932257917709649
@ 0 1092 1 0.0 8.599129728281696e-07 0.002268041880313376
<unk> 0 1093 5 5.778501144959591e-05 0.0009361417032778263 0
during 0 1094 6 6.451999187469482 2.0156919956207275 0
its 0 1095 3 0.8647974729537964 1.6461145877838135 0.36957740783691406
original 0 1096 8 1.2195496559143066 2.420077085494995 0
broadcast 0 1097 9 0.2791072428226471 1.0153430700302124 1.4047340154647827
, 0 1098 1 1.1510069370269775 1.8147985935211182 0
meaning 0 1099 7 0.9616938829421997 3.0666654109954834 0
that 0 1100 4 0.157450869679451 0.7826456427574158 2.2840197682380676
<unk> 0 1101 5 2.1641883850097656 3.3127589225769043 0
<unk> 0 1102 5 0.3315853476524353 1.5874676704406738 1.7252912521362305
<eos> 0 1103 5 0.05638005957007408 0.27976104617118835 1.3077066242694855
@ 0 1104 1 2.751719648586004e-06 5.090596459922381e-05 0.27971014020658913
<unk> 0 1105 5 0.00017059670062735677 0.0024828396271914244 0
percent 0 1106 7 0.5483935475349426 1.6420735120773315 0
of 0 1107 2 0.016386479139328003 0.15779761970043182 1.4842758923768997
households 0 1108 10 2.6493418216705322 1.9914482831954956 0
in 0 1109 2 3.0855448246002197 4.453073024749756 0
the 0 1110 3 0.6079518795013428 1.516178011894226 2.93689501285553
<unk> 0 1111 5 1.9676108360290527 2.08971905708313 0
<unk> 0 1112 5 2.0295522212982178 3.0764615535736084 0
viewed 0 1113 6 9.343180656433105 4.68156099319458 0
the 0 1114 3 1.7598309516906738 3.837700366973877 0.8438606262207031
episode 0 1115 7 0.5775644779205322 3.1981165409088135 0.6395838260650635
. 0 1116 1 2.814049005508423 5.12757682800293 0
<eos> 0 1117 5 0.06553233414888382 0.2752324938774109 4.852344334125519
<unk> 0 1118 5 2.676058292388916 6.0743207931518555 0
represented 0 1119 11 12.002470970153809 7.455857753753662 0
approximately 0 1120 13 12.60887336730957 3.769167423248291 3.686690330505371
<unk> 0 1121 5 0.2662622630596161 1.5136089324951172 2.255558490753174
<unk> 0 1122 5 1.0877312421798706 4.477049827575684 0
<eos> 0 1123 5 2.135925531387329 1.9644101858139038 2.51263964176178
@ 0 1124 1 4.1275245166616514e-05 0.0006133317365311086 1.9637968540773727
<unk> 0 1125 5 0.0003824387094937265 0.005504624918103218 0
million 0 1126 7 0.6430665254592896 2.016777276992798 0
households 0 1127 10 4.301543235778809 5.351251602172852 0
. 0 1128 1 4.2253522872924805 2.92978572845459 2.4214658737182617
<eos> 0 1129 5 0.05928041785955429 0.2577838897705078 2.672001838684082
" 0 1130 1 12.116754531860352 6.068541526794434 0
... 0 1131 3 8.565390586853027 8.048367500305176 0
<unk> 0 1132 5 3.857775926589966 6.685361385345459 1.3630061149597168
<unk> 0 1133 5 1.99094820022583 6.332705974578857 0.35265541076660156
<unk> 0 1134 5 2.1354823112487793 5.889497756958008 0.4432082176208496
" 0 1135 1 2.015075206756592 4.939266681671143 0.9502310752868652
received 0 1136 8 6.265707969665527 5.038597583770752 0
mixed 0 1137 5 3.151599884033203 4.85906982421875 0.17952775955200195
reviews 0 1138 7 0.30230143666267395 1.6411137580871582 3.217956066131592
from 0 1139 4 0.2849051356315613 1.237858533859253 0.4032552242279053
critics 0 1140 7 1.2760095596313477 2.1166651248931885 0
. 0 1141 1 0.9535984396934509 2.005263090133667 0.11140203475952148
<eos> 0 1142 5 0.06441237777471542 0.27328211069107056 1.7319809794425964
<unk> 0 1143 5 2.702906847000122 6.09855842590332 0
<unk> 0 1144 5 2.4146103858947754 7.459527492523193 0
<eos> 0 1145 5 6.995750904083252 6.275677680969238 1.183849811553955
<unk> 0 1146 5 2.8825957775115967 1.8541951179504395 4.421482563018799
's 0 1147 2 5.595832347869873 6.015538692474365 0
<unk> 0 1148 5 2.636481761932373 9.928228378295898 0
<unk> 0 1149 5 1.0769580602645874 6.322197914123535 3.6060304641723633
rated 0 1150 5 6.204790115356445 7.63523530960083 0
the 0 1151 3 0.8133705854415894 2.52558970451355 5.10964560508728
episode 0 1152 7 0.9563693404197693 3.402608871459961 0
a 0 1153 1 1.8634333610534668 4.061468601226807 0
" 0 1154 1 2.679511785507202 3.5214133262634277 0.5400552749633789
<unk> 0 1155 5 3.367434024810791 2.8703670501708984 0.6510462760925293
" 0 1156 1 0.36721742153167725 1.9122076034545898 0.9581594467163086
. 0 1157 1 3.102796792984009 3.8662962913513184 0
<eos> 0 1158 5 0.06707323342561722 0.2764301598072052 3.589866131544113
<unk> 0 1159 5 2.6225688457489014 6.022097587585449 0
felt 0 1160 4 8.731988906860352 7.463804244995117 0
that 0 1161 4 0.7080745697021484 3.0884268283843994 4.375377416610718
the 0 1162 3 1.4202492237091064 4.753411769866943 0
episode 0 1163 7 3.9781596660614014 8.719657897949219 0
's 0 1164 2 3.469757080078125 4.453524589538574 4.2661333084106445
comedic 0 1165 7 10.729228019714355 7.958363056182861 0
slant 0 1166 5 16.505075454711914 7.707292556762695 0.251070499420166
was 0 1167 3 1.9479964971542358 5.658545017242432 2.0487475395202637
necessary 0 1168 9 11.306774139404297 6.9509196281433105 0
within 0 1169 6 11.675752639770508 4.054733753204346 2.896185874938965
the 0 1170 3 0.9459500312805176 3.910548448562622 0.14418530464172363
wider 0 1171 5 9.306044578552246 7.647112846374512 0
series 0 1172 6 5.880551815032959 7.7093987464904785 0
, 0 1173 1 1.683971643447876 3.8397984504699707 3.869600296020508
as 0 1174 2 4.695662975311279 5.092069149017334 0
he 0 1175 2 4.111093997955322 5.018124103546143 0.0739450454711914
considered 0 1176 10 5.060492038726807 5.514788627624512 0
<unk> 0 1177 5 3.8083839416503906 4.829225540161133 0.6855630874633789
's 0 1178 2 2.0741260051727295 5.020082473754883 0
dark 0 1179 4 11.729036331176758 8.097187995910645 0
tone 0 1180 4 5.514787673950195 8.675209045410156 0
to 0 1181 2 1.7997957468032837 5.182106018066406 3.49310302734375
be 0 1182 2 0.22920197248458862 1.548152208328247 3.633953809738159
prone 0 1183 5 13.884397506713867 6.276278495788574 0
to 0 1184 2 0.03611356392502785 0.27376601099967957 6.002512484788895
unintentional 0 1185 13 13.316431045532227 8.14694881439209 0
comedy 0 1186 6 8.333486557006836 9.660096168518066 0
and 0 1187 3 3.035419464111328 3.7221462726593018 5.937949895858765
that 0 1188 4 5.309359073638916 9.611288070678711 0
a 0 1189 1 5.992566108703613 4.999283790588379 4.612004280090332
comic 0 1190 5 9.667374610900879 8.880666732788086 0
episode 0 1191 7 8.951284408569336 5.708885192871094 3.171781539916992
provided 0 1192 8 10.537801742553711 5.520344257354736 0.18854093551635742
an 0 1193 2 4.463406562805176 6.2276458740234375 0
outlet 0 1194 6 8.908061981201172 7.04147481918335 0
for 0 1195 3 0.7449765801429749 2.755931854248047 4.285542964935303
this 0 1196 4 7.298478603363037 5.693269729614258 0
. 0 1197 1 4.077608108520508 6.413681507110596 0
<eos> 0 1198 5 0.06680068373680115 0.28101325035095215 6.1326682567596436
<unk> 0 1199 5 2.688999652862549 6.091624736785889 0
found 0 1200 5 9.260608673095703 7.456394195556641 0
the 0 1201 3 2.1783556938171387 5.358335018157959 2.0980591773986816
script 0 1202 6 8.980879783630371 9.913152694702148 0
to 0 1203 2 2.044846296310425 6.021875381469727 3.891277313232422
be 0 1204 2 0.13011787831783295 0.9986490607261658 5.023226320743561
at 0 1205 2 9.578768730163574 6.631968021392822 0
its 0 1206 3 6.428890228271484 4.690442085266113 1.941525936126709
strongest 0 1207 9 7.423553943634033 6.317463397979736 0
when 0 1208 4 5.805695533752441 6.050510406494141 0.2669529914855957
<unk> 0 1209 5 2.71040678024292 5.09084939956665 0.9596610069274902
the 0 1210 3 9.444480895996094 7.031472206115723 0
character 0 1211 9 4.843890190124512 8.969819068908691 0
of 0 1212 2 3.6823673248291016 5.472400665283203 3.4974184036254883
<unk> 0 1213 5 0.5655463933944702 2.982621908187866 2.489778757095337
<unk> 0 1214 5 1.5598124265670776 5.297322750091553 0
, 0 1215 1 2.570568084716797 5.371329307556152 0
but 0 1216 3 4.769847869873047 5.77192497253418 0
admitted 0 1217 8 10.559401512145996 6.57536506652832 0
that 0 1218 4 1.1291334629058838 3.552461862564087 3.0229032039642334
it 0 1219 2 3.2277746200561523 4.140781402587891 0
" 0 1220 1 4.811243534088135 3.2885608673095703 0.8522205352783203
falls 0 1221 5 10.485116004943848 7.544764518737793 0
apart 0 1222 5 5.670578956604004 6.129009246826172 1.415755271911621
" 0 1223 1 1.6301230192184448 4.588561058044434 1.5404481887817383
when 0 1224 4 6.000453948974609 4.457615375518799 0.13094568252563477
attempting 0 1225 10 11.942567825317383 4.949535369873047 0
to 0 1226 2 0.17695774137973785 1.2422428131103516 3.7072925567626953
send 0 1227 4 10.71564769744873 8.823530197143555 0
up 0 1228 2 7.508174896240234 5.245522499084473 3.578007698059082
other 0 1229 5 9.239258766174316 4.952950477600098 0.292572021484375
subjects 0 1230 8 11.186144828796387 8.084110260009766 0
; 0 1231 1 6.76438570022583 4.172034740447998 3.9120755195617676
he 0 1232 2 2.8900556564331055 6.126341342926025 0
also 0 1233 4 4.634073734283447 7.647726058959961 0
felt 0 1234 4 4.3368024826049805 7.878770351409912 0
that 0 1235 4 0.5262202024459839 2.4635720252990723 5.41519832611084
the 0 1236 3 1.6930315494537354 4.58395528793335 0
guest 0 1237 5 11.294200897216797 7.824281692504883 0
appearance 0 1238 10 5.448677062988281 6.930639266967773 0.8936424255371094
by 0 1239 2 8.144434928894043 3.9760682582855225 2.954571008682251
<unk> 0 1240 5 0.7709680199623108 3.8769657611846924 0.09910249710083008
felt 0 1241 4 9.958670616149902 4.607598304748535 0
unnecessary 0 1242 11 12.283994674682617 5.379533767700195 0
and 0 1243 3 2.5675978660583496 4.88736629486084 0.49216747283935547
contrived 0 1244 9 11.8932466506958 8.158097267150879 0
. 0 1245 1 1.746977686882019 4.811927318572998 3.346169948577881
<eos> 0 1246 5 0.06482794135808945 0.27480781078338623 4.537119507789612
<unk> 0 1247 5 2.6870005130767822 6.088098049163818 0
<unk> 0 1248 5 2.4153380393981934 7.457984447479248 0
and 0 1249 3 4.8707427978515625 6.27959680557251 1.1783876419067383
<unk> 0 1250 5 0.45498350262641907 2.850365400314331 3.4292314052581787
<unk> 0 1251 5 0.3592909872531891 2.8434953689575195 0.0068700313568115234
, 0 1252 1 2.999326467514038 6.852407932281494 0
in 0 1253 2 3.6097536087036133 6.717354774475098 0.13505315780639648
their 0 1254 5 1.6310820579528809 4.4551849365234375 2.26216983795166
book 0 1255 4 0.44539937376976013 2.7682037353515625 1.686981201171875
<unk> 0 1256 5 8.666107177734375 0.28883877396583557 2.479364961385727
to 0 1257 2 12.6347017288208 6.063780784606934 0
<unk> 0 1258 5 2.3609888553619385 7.089768409729004 0
: 0 1259 1 1.7647552490234375 5.175622463226318 1.9141459465026855
<unk> 0 1260 5 2.86149001121521 7.721993446350098 0
<unk> 0 1261 5 2.7882418632507324 6.278309345245361 1.4436841011047363
<unk> 0 1262 5 2.0661211013793945 5.749044895172119 0.5292644500732422
to 0 1263 2 10.823243141174316 5.735672950744629 0.013371944427490234
<unk> 0 1264 5 0.6311419606208801 3.7643799781799316 1.9712929725646973
<unk> 0 1265 5 1.2971261739730835 5.189647197723389 0
<unk> 0 1266 5 0.960891842842102 3.8805150985717773 1.3091320991516113
<unk> 0 1267 5 1.8224395513534546 4.9117913246154785 0
, 0 1268 1 2.030648708343506 4.707657814025879 0.2041335105895996
<unk> 0 1269 5 3.355292320251465 7.160892486572266 0
& 0 1270 1 8.528146743774414 4.699572563171387 2.461319923400879
<unk> 0 1271 5 0.2862369418144226 2.0358381271362305 2.6637344360351562
<unk> 0 1272 5 3.357966661453247 4.8595170974731445 0
<unk> 0 1273 5 1.9253512620925903 4.992502212524414 0
, 0 1274 1 2.160712957382202 4.650310039520264 0.3421921730041504
rated 0 1275 5 6.8945393562316895 5.946027755737305 0
" 0 1276 1 5.828699588775635 1.8978476524353027 4.048180103302002
... 0 1277 3 10.354246139526367 7.607006549835205 0
<unk> 0 1278 5 2.7719407081604004 6.720980644226074 0.8860259056091309
<unk> 0 1279 5 1.6153903007507324 5.663267135620117 1.057713508605957
<unk> 0 1280 5 2.2384133338928223 3.7245283126831055 1.9387388229370117
" 0 1281 1 0.8146253824234009 3.058232307434082 0.6662960052490234
one 0 1282 3 6.60052490234375 5.595178127288818 0
star 0 1283 4 7.658141136169434 2.3067941665649414 3.288383960723877
out 0 1284 3 2.3973541259765625 4.179157257080078 0
of 0 1285 2 0.002149041509255767 0.023006409406661987 4.156150847673416
five 0 1286 4 0.7947387099266052 2.308035373687744 0
. 0 1287 1 1.3438998460769653 2.644493818283081 0
<eos> 0 1288 5 0.06870219111442566 0.28491756319999695 2.359576255083084
<unk> 0 1289 5 2.667847156524658 6.075666904449463 0
felt 0 1290 4 8.770503997802734 7.467510223388672 0
that 0 1291 4 0.7206264734268188 3.1259870529174805 4.341523170471191
the 0 1292 3 1.4237866401672363 4.760921955108643 0
episode 0 1293 7 4.0003180503845215 8.735971450805664 0
had 0 1294 3 4.017311096191406 4.455390930175781 4.280580520629883
the 0 1295 3 5.495382308959961 5.444533824920654 0
potential 0 1296 9 4.408779144287109 7.522223949432373 0
to 0 1297 2 0.21173399686813354 1.3570325374603271 6.165191411972046
be 0 1298 2 3.4794511795043945 8.351419448852539 0
much 0 1299 4 10.18355941772461 8.073831558227539 0.277587890625
better 0 1300 6 2.3452353477478027 3.826110363006592 4.247721195220947
, 0 1301 1 3.8071868419647217 4.922372341156006 0
but 0 1302 3 1.6690434217453003 4.650942802429199 0.27142953872680664
that 0 1303 4 2.7239933013916016 6.560256004333496 0
" 0 1304 1 3.2510788440704346 4.431150913238525 2.1291050910949707
the 0 1305 3 2.3440754413604736 6.469976425170898 0
whole 0 1306 5 6.9689764976501465 9.483644485473633 0
concept 0 1307 7 8.40870475769043 7.722493648529053 1.76115083694458
drowns 0 1308 6 19.46245574951172 5.066497802734375 2.6559958457946777
in 0 1309 2 2.438282012939453 5.949646949768066 0
<unk> 0 1310 5 4.080673694610596 6.615076541900635 0
" 0 1311 1 3.0631349086761475 6.770221710205078 0
. 0 1312 1 0.8813725709915161 2.7984414100646973 3.971780300140381
<eos> 0 1313 5 0.060191258788108826 0.25961628556251526 2.538825124502182
<unk> 0 1314 5 2.6815013885498047 6.091567516326904 0
considered 0 1315 10 9.8440580368042 7.45721435546875 0
the 0 1316 3 1.8694088459014893 5.848072528839111 1.6091418266296387
episode 0 1317 7 5.067485332489014 9.230873107910156 0
's 0 1318 2 3.706524610519409 4.083621978759766 5.147251129150391
characters 0 1319 10 8.807451248168945 7.860772609710693 0
to 0 1320 2 2.412421226501465 5.433588981628418 2.4271836280822754
too 0 1321 3 16.118276596069336 0.8313585519790649 4.602230429649353
shallow 0 1322 7 9.000378608703613 8.278701782226562 0
and 0 1323 3 2.20233416557312 5.365626335144043 2.9130754470825195
its 0 1324 3 10.97974967956543 9.9010591506958 0
commentary 0 1325 10 13.593035697937012 9.916696548461914 0
to 0 1326 2 5.265210151672363 5.223247051239014 4.6934494972229
be 0 1327 2 1.4601243734359741 6.068439960479736 0
too 0 1328 3 5.579151630401611 8.481939315795898 0
heavy 0 1329 5 8.707372665405273 8.578001022338867 0
<unk> 0 1330 5 7.063233852386475 3.5632383823394775 5.01476263999939
handed 0 1331 6 4.61077356338501 7.421304702758789 0
to 0 1332 2 4.681715965270996 4.000708103179932 3.4205965995788574
fully 0 1333 5 12.74955940246582 6.941048622131348 0
execute 0 1334 7 11.54996395111084 8.74934196472168 0
anything 0 1335 8 9.202503204345703 6.379500865936279 2.3698410987854004
meaningful 0 1336 10 11.986312866210938 6.051395416259766 0.32810544967651367
; 0 1337 1 5.8378095626831055 3.653646469116211 2.3977489471435547
criticism 0 1338 9 13.28657054901123 6.1667985916137695 0
was 0 1339 3 2.566096782684326 4.917373180389404 1.2494254112243652
also 0 1340 4 5.176068305969238 7.9870686531066895 0
levelled 0 1341 8 9.02766227722168 8.15423583984375 0
at 0 1342 2 3.8048479557037354 4.637000560760498 3.517235279083252
the 0 1343 3 0.9260728359222412 4.3127760887146 0.32422447204589844
guest 0 1344 5 11.333039283752441 9.33759593963623 0
roles 0 1345 5 7.932673454284668 6.586475849151611 2.751120090484619
by 0 1346 2 7.890331268310547 3.761399507522583 2.8250763416290283
the 0 1347 3 2.879755973815918 5.4576802253723145 0
members 0 1348 7 10.3565092086792 8.106512069702148 0
of 0 1349 2 0.5055409669876099 2.0624313354492188 6.04408073425293
<unk> 0 1350 5 3.5818276405334473 2.6173412799835205 0
. 0 1351 1 2.8211374282836914 4.297136306762695 0
<eos> 0 1352 5 0.06383446604013443 0.2711929976940155 4.02594330906868
=========================================================================================
| End of testing | test loss  3.41 | test ppl    30.35
=========================================================================================
