word sentid sentpos wlen surp entropy entred
= 0 0 1 5.7804718017578125 6.414806365966797 0
... 0 1 3 14.9009428024292 1.2797991037368774 5.135007262229919
<unk> 0 2 5 1.7176100015640259 7.418925762176514 0
<unk> 0 3 5 2.0380399227142334 4.471208572387695 2.9477171897888184
<unk> 0 4 5 2.8471672534942627 2.904240846633911 1.5669677257537842
= 0 5 1 0.5189831256866455 2.3404767513275146 0.5637640953063965
<eos> 0 6 5 16.823945999145508 2.662151336669922 0
= 0 7 1 7.080066204071045 3.2938199043273926 0
... 0 8 3 14.681356430053711 3.0225541591644287 0.27126574516296387
<unk> 0 9 5 1.0327489376068115 5.820155143737793 0
<unk> 0 10 5 0.9803739786148071 4.4843668937683105 1.3357882499694824
<unk> 0 11 5 1.56541907787323 4.270162582397461 0.2142043113708496
= 0 12 1 2.536559820175171 3.8022212982177734 0.4679412841796875
<eos> 0 13 5 14.842822074890137 3.2712554931640625 0.5309658050537109
" 0 14 1 9.812543869018555 5.415752410888672 0
... 0 15 3 8.102872848510742 7.084142684936523 0
<unk> 0 16 5 2.928971767425537 6.017487049102783 1.0666556358337402
<unk> 0 17 5 1.7057074308395386 5.241474151611328 0.7760128974914551
<unk> 0 18 5 2.1099162101745605 3.850539445877075 1.390934705734253
" 0 19 1 1.4893311262130737 3.3785831928253174 0.4719562530517578
is 0 20 2 1.2356802225112915 2.712999105453491 0.6655840873718262
the 0 21 3 2.3369195461273193 1.5510873794555664 1.1619117259979248
fifth 0 22 5 4.299348831176758 5.5553364753723145 0
episode 0 23 7 0.13611936569213867 0.8516879677772522 4.703648507595062
of 0 24 2 0.05927761271595955 0.4045626223087311 0.4471253454685211
the 0 25 3 0.03757761791348457 0.3108564019203186 0.09370622038841248
third 0 26 5 3.138234853744507 3.7852487564086914 0
season 0 27 6 0.04165831580758095 0.24492689967155457 3.540321856737137
of 0 28 2 0.033917807042598724 0.2626560628414154 0
the 0 29 3 0.0814371109008789 0.5256986618041992 0
<unk> 0 30 5 0.21456828713417053 1.1336499452590942 0
crime 0 31 5 5.151331901550293 3.032036304473877 0
<unk> 0 32 5 3.5557124614715576 2.4008629322052 0.6311733722686768
thriller 0 33 8 0.21324753761291504 1.0627163648605347 1.3381465673446655
television 0 34 10 0.3186824917793274 1.4945265054702759 0
series 0 35 6 0.03369756042957306 0.25328385829925537 1.2412426471710205
<unk> 0 36 5 6.076414108276367 3.116705894470215 0
. 0 37 1 2.392789125442505 4.741790294647217 0
<eos> 0 38 5 0.07774998247623444 0.31524813175201416 4.426542162895203
<unk> 0 39 5 2.679257392883301 6.143581390380859 0
premiered 0 40 9 13.014459609985352 7.487422943115234 0
on 0 41 2 2.276015520095825 4.25056791305542 3.2368550300598145
the 0 42 3 2.7206525802612305 1.9763519763946533 2.2742159366607666
<unk> 0 43 5 1.1779669523239136 5.199027061462402 0
network 0 44 7 3.3334529399871826 4.863231658935547 0.33579540252685547
on 0 45 2 0.9300850033760071 2.432957649230957 2.43027400970459
<unk> 0 46 5 0.32333284616470337 1.1254676580429077 1.3074899911880493
<unk> 0 47 5 0.0690297931432724 0.40093478560447693 0.7245328724384308
, 0 48 1 0.2695256471633911 0.9671922922134399 0
<unk> 0 49 5 0.024883825331926346 0.22822581231594086 0.7389664798974991
. 0 50 1 1.4260938167572021 2.4044556617736816 0
<eos> 0 51 5 0.06533148884773254 0.27683931589126587 2.1276163458824158
<unk> 0 52 5 2.6735239028930664 6.104593753814697 0
episode 0 53 7 15.35305404663086 7.455622673034668 0
was 0 54 3 4.046751976013184 4.86506986618042 2.590552806854248
written 0 55 7 4.037060260772705 7.119173049926758 0
by 0 56 2 0.532023549079895 2.2587268352508545 4.860446214675903
<unk> 0 57 5 0.3529359698295593 2.1052145957946777 0.15351223945617676
<unk> 0 58 5 0.3265634775161743 1.971712589263916 0.13350200653076172
<unk> 0 59 5 4.595345973968506 2.2591512203216553 0
, 0 60 1 1.771748661994934 2.9219601154327393 0
and 0 61 3 2.405616283416748 4.082792282104492 0
directed 0 62 8 1.4679558277130127 4.575172424316406 0
by 0 63 2 0.011062056757509708 0.10509740561246872 4.4700750187039375
<unk> 0 64 5 0.32910335063934326 1.8627792596817017 0
<unk> 0 65 5 0.22178888320922852 1.5390084981918335 0.32377076148986816
<unk> 0 66 5 4.435160160064697 1.2273073196411133 0.3117011785507202
. 0 67 1 0.5253176689147949 1.75735342502594 0
" 0 68 1 4.845208168029785 0.2361733466386795 1.5211800783872604
<eos> 0 69 5 2.751719648586004e-06 2.5625187845434994e-05 0.23614772145083407
... 0 70 3 9.922431945800781 6.276451587677002 0
<unk> 0 71 5 3.345196008682251 6.213747501373291 0.06270408630371094
<unk> 0 72 5 1.5522356033325195 5.860250949859619 0.3534965515136719
<unk> 0 73 5 1.6729371547698975 5.876702785491943 0
" 0 74 1 3.2975664138793945 5.598796367645264 0.2779064178466797
featured 0 75 8 9.438360214233398 5.0744123458862305 0.5243840217590332
guest 0 76 5 4.885654449462891 5.493235111236572 0
appearances 0 77 11 0.5717061161994934 2.184051752090454 3.309183359146118
by 0 78 2 0.825910210609436 2.360665798187256 0
the 0 79 3 5.470342636108398 2.677154779434204 0
members 0 80 7 9.29205322265625 7.504776477813721 0
of 0 81 2 0.0921277180314064 0.6434706449508667 6.861305832862854
the 0 82 3 0.3326612114906311 1.8495588302612305 0
band 0 83 4 4.766082286834717 6.5680131912231445 0
<unk> 0 84 5 4.0395355224609375 5.057966232299805 1.5100469589233398
, 0 85 1 2.350306749343872 4.946234703063965 0.11173152923583984
performing 0 86 10 10.073599815368652 5.564114093780518 0
both 0 87 4 7.409218788146973 5.576812744140625 0
as 0 88 2 6.797454833984375 7.5837788581848145 0
themselves 0 89 10 13.052929878234863 4.785125255584717 2.7986536026000977
and 0 90 3 2.0551981925964355 3.586164951324463 1.198960304260254
as 0 91 2 6.3787760734558105 6.703827857971191 0
minor 0 92 5 14.182806968688965 5.759821891784668 0.9440059661865234
characters 0 93 10 5.81312894821167 7.074912071228027 0
. 0 94 1 1.9841597080230713 5.241400241851807 1.8335118293762207
<eos> 0 95 5 0.06124790012836456 0.26297426223754883 4.978425979614258
<unk> 0 96 5 2.678591251373291 6.08172082901001 0
this 0 97 4 13.248937606811523 7.451530456542969 0
episode 0 98 7 5.964105129241943 9.90197467803955 0
, 0 99 1 3.4748501777648926 5.7878923416137695 4.114082336425781
<unk> 0 100 5 3.2160396575927734 6.853061676025391 0
<unk> 0 101 5 2.0672783851623535 7.091476917266846 0
of 0 102 2 5.801302433013916 5.8676629066467285 1.2238140106201172
<unk> 0 103 5 1.4759509563446045 3.7420644760131836 2.125598430633545
agents 0 104 6 15.883651733398438 6.80786657333374 0
<unk> 0 105 5 2.557953119277954 7.264612674713135 0
<unk> 0 106 5 0.6013214588165283 3.3692069053649902 3.8954057693481445
( 0 107 1 3.4361817836761475 3.1106832027435303 0.25852370262145996
<unk> 0 108 5 0.3350841701030731 2.377086877822876 0.7335963249206543
<unk> 0 109 5 0.1919298619031906 1.3101179599761963 1.0669689178466797
) 0 110 1 0.06490208953619003 0.40052130818367004 0.9095966517925262
and 0 111 3 0.7784374952316284 2.348945140838623 0
<unk> 0 112 5 0.2700815498828888 1.857848048210144 0.491097092628479
<unk> 0 113 5 0.3254600167274475 2.011223316192627 0
( 0 114 1 0.02026362530887127 0.16707231104373932 1.8441510051488876
<unk> 0 115 5 0.057087261229753494 0.5098495483398438 0
<unk> 0 116 5 0.09190213680267334 0.7628482580184937 0
) 0 117 1 0.03218415379524231 0.21716712415218353 0.5456811338663101
investigate 0 118 11 5.19236946105957 7.548273086547852 0
a 0 119 1 3.9084653854370117 4.92722225189209 2.6210508346557617
series 0 120 6 6.658452987670898 9.529223442077637 0
of 0 121 2 0.020910272374749184 0.21279899775981903 9.316424444317818
murders 0 122 7 2.1606924533843994 8.29444694519043 0
on 0 123 2 4.49916934967041 5.458984375 2.8354625701904297
the 0 124 3 1.5090032815933228 4.0811896324157715 1.3777947425842285
set 0 125 3 9.132268905639648 8.772315979003906 0
of 0 126 2 1.9776972532272339 4.354434013366699 4.417881965637207
a 0 127 1 4.270850658416748 7.40268087387085 0
horror 0 128 6 12.80569839477539 9.812882423400879 0
film 0 129 4 3.089216947555542 7.696834564208984 2.1160478591918945
— 0 130 1 7.969234466552734 6.085615158081055 1.6112194061279297
and 0 131 3 6.127554893493652 6.614282131195068 0
realize 0 132 7 11.164918899536133 8.444140434265137 0
that 0 133 4 0.8157370090484619 2.998631000518799 5.445509433746338
the 0 134 3 2.2102041244506836 5.04705286026001 0
production 0 135 10 10.723422050476074 9.628347396850586 0
is 0 136 2 3.024799108505249 5.761199474334717 3.867147922515869
based 0 137 5 6.3819966316223145 8.119582176208496 0
on 0 138 2 0.19469809532165527 1.072359323501587 7.047222852706909
a 0 139 1 2.792783737182617 4.925889015197754 0
case 0 140 4 9.474702835083008 9.611966133117676 0
<unk> 0 141 5 6.455753803253174 4.852614402770996 4.75935173034668
solved 0 142 6 17.648136138916016 8.949280738830566 0
several 0 143 7 11.004030227661133 7.166098594665527 1.783182144165039
years 0 144 5 6.6643385887146 9.333695411682129 0
earlier 0 145 7 3.2670304775238037 4.836949348449707 4.496746063232422
. 0 146 1 0.6171177625656128 2.502615213394165 2.334334135055542
<eos> 0 147 5 0.0682070329785347 0.2854829430580139 2.217132270336151
" 0 148 1 12.065793991088867 6.092190742492676 0
... 0 149 3 8.562243461608887 8.012232780456543 0
<unk> 0 150 5 3.8481709957122803 6.700186252593994 1.3120465278625488
<unk> 0 151 5 1.99705970287323 6.335269927978516 0.3649163246154785
<unk> 0 152 5 2.145186424255371 5.9155192375183105 0.4197506904602051
" 0 153 1 2.0378870964050293 4.97720193862915 0.9383172988891602
proved 0 154 6 10.873969078063965 5.036533355712891 0
a 0 155 1 3.4623780250549316 4.591847896575928 0.4446854591369629
difficult 0 156 9 7.279165744781494 8.160990715026855 0
episode 0 157 7 6.744131565093994 8.544719696044922 0
to 0 158 2 3.0912656784057617 3.895554304122925 4.649165391921997
produce 0 159 7 8.405035972595215 7.006695747375488 0
, 0 160 1 3.193129062652588 5.716296195983887 1.2903995513916016
with 0 161 4 4.330817699432373 4.886437892913818 0.8298583030700684
filming 0 162 7 12.137124061584473 5.0907745361328125 0
requiring 0 163 9 13.344109535217285 7.780590057373047 0
a 0 164 1 3.228926181793213 6.305713653564453 1.4748764038085938
large 0 165 5 8.007209777832031 9.264216423034668 0
number 0 166 6 3.2630763053894043 7.511907577514648 1.7523088455200195
of 0 167 2 0.01691758818924427 0.17101243138313293 7.3408951461315155
shots 0 168 5 7.492871284484863 9.174635887145996 0
to 0 169 2 3.8159496784210205 5.27451753616333 3.900118350982666
be 0 170 2 1.9491784572601318 7.016793727874756 0
completed 0 171 9 6.338855266571045 6.709527969360352 0.3072657585144043
and 0 172 3 4.477293014526367 4.131673812866211 2.5778541564941406
the 0 173 3 3.0213072299957275 8.901061058044434 0
script 0 174 6 5.7274651527404785 8.157702445983887 0.7433586120605469
to 0 175 2 6.027949333190918 5.769207000732422 2.388495445251465
be 0 176 2 1.3890858888626099 5.942655563354492 0
adjusted 0 177 8 8.333001136779785 8.101765632629395 0
on 0 178 2 6.659914016723633 3.966132402420044 4.135633230209351
short 0 179 5 11.72827434539795 7.0042548179626465 0
notice 0 180 6 5.926677703857422 7.002891540527344 0.0013632774353027344
. 0 181 1 0.7005418539047241 3.407621145248413 3.5952703952789307
<eos> 0 182 5 0.06399685889482498 0.27261883020401 3.135002315044403
<unk> 0 183 5 2.688464403152466 6.093831539154053 0
has 0 184 3 6.167156219482422 7.458056449890137 0
evoked 0 185 6 17.301115036010742 7.104282855987549 0.3537735939025879
mixed 0 186 5 9.083224296569824 7.25622034072876 0
responses 0 187 9 4.177392482757568 5.62534761428833 1.6308727264404297
from 0 188 4 1.4317102432250977 3.489264488220215 2.1360831260681152
critics 0 189 7 2.068387031555176 5.800806045532227 0
, 0 190 1 1.2392023801803589 2.9178457260131836 2.882960319519043
although 0 191 8 5.653496265411377 4.982624530792236 0
the 0 192 3 3.039362668991089 5.816882610321045 0
guest 0 193 5 11.590839385986328 8.822415351867676 0
appearances 0 194 11 6.643433570861816 6.8709259033203125 1.9514894485473633
by 0 195 2 5.811461448669434 5.1292500495910645 1.741675853729248
the 0 196 3 3.297607660293579 4.091285705566406 1.0379643440246582
members 0 197 7 9.449275970458984 7.577120780944824 0
of 0 198 2 0.5359227061271667 2.6438441276550293 4.933276653289795
<unk> 0 199 5 2.440363645553589 3.214020013809204 0
have 0 200 4 4.8530778884887695 5.67342472076416 0
been 0 201 4 1.3948218822479248 5.450631141662598 0.2227935791015625
more 0 202 4 7.036635875701904 8.566919326782227 0
universally 0 203 11 10.621305465698242 7.964213848114014 0.6027054786682129
criticized 0 204 10 4.948260307312012 6.115041255950928 1.849172592163086
. 0 205 1 0.619949221611023 2.156520366668701 3.9585208892822266
<eos> 0 206 5 0.06272010505199432 0.2680506408214569 1.8884697258472443
= 0 207 1 3.8568966388702393 6.099063396453857 0
= 0 208 1 0.11326636373996735 0.7672580480575562 5.331805348396301
<unk> 0 209 5 5.544487953186035 5.760246753692627 0
= 0 210 1 1.993050456047058 6.998189449310303 0
= 0 211 1 0.0003164133813697845 0.0045860158279538155 6.993603433482349
<eos> 0 212 5 20.808992385864258 5.097058296203613 0
<unk> 0 213 5 2.1055686473846436 5.786909580230713 0
<unk> 0 214 5 1.5098398923873901 6.27496337890625 0
of 0 215 2 4.055560111999512 6.005206108093262 0.2697572708129883
<unk> 0 216 5 0.9120556712150574 2.7072479724884033 3.2979581356048584
agents 0 217 6 18.021717071533203 7.157970905303955 0
<unk> 0 218 5 2.9837944507598877 8.064727783203125 0
<unk> 0 219 5 0.44315388798713684 2.9886982440948486 5.076029539108276
( 0 220 1 5.044280052185059 3.4236373901367188 0
<unk> 0 221 5 0.635409951210022 3.872450113296509 0
<unk> 0 222 5 0.7772019505500793 2.7149269580841064 1.1575231552124023
) 0 223 1 0.6045231819152832 1.9831650257110596 0.7317619323730469
and 0 224 3 0.8057222366333008 3.276242733001709 0
<unk> 0 225 5 0.15711790323257446 1.2516915798187256 2.0245511531829834
<unk> 0 226 5 0.2879098951816559 1.8414461612701416 0
( 0 227 1 0.10562481731176376 0.691968560218811 1.1494776010513306
<unk> 0 228 5 0.12943002581596375 1.2282507419586182 0
<unk> 0 229 5 0.31356146931648254 1.5111613273620605 0
) 0 230 1 0.11714353412389755 0.6577159762382507 0.8534453511238098
travel 0 231 6 9.148219108581543 7.521208763122559 0
to 0 232 2 1.6188629865646362 5.149160385131836 2.3720483779907227
<unk> 0 233 5 1.1266995668411255 4.2063069343566895 0.9428534507751465
<unk> 0 234 5 4.328039646148682 4.817065715789795 0
, 0 235 1 2.4160618782043457 4.808040142059326 0.00902557373046875
<unk> 0 236 5 2.691478967666626 5.746793270111084 0
<unk> 0 237 5 3.2328267097473145 4.0635294914245605 1.6832637786865234
to 0 238 2 5.337664604187012 3.4850494861602783 0.5784800052642822
investigate 0 239 11 4.2600626945495605 7.73634672164917 0
the 0 240 3 1.5416498184204102 4.942876815795898 2.7934699058532715
deaths 0 241 6 8.985326766967773 9.659283638000488 0
of 0 242 2 0.3896191120147705 1.6518162488937378 8.00746738910675
film 0 243 4 14.797163963317871 5.06013822555542 0
director 0 244 8 4.594022750854492 7.709441661834717 0
<unk> 0 245 5 0.24586093425750732 1.5143673419952393 6.1950743198394775
<unk> 0 246 5 0.19432102143764496 1.5304075479507446 0
( 0 247 1 2.561537027359009 3.514490842819214 0
<unk> 0 248 5 0.3433929979801178 2.5510871410369873 0.9634037017822266
<unk> 0 249 5 0.24724231660366058 1.6163413524627686 0.9347457885742188
) 0 250 1 0.07868001610040665 0.4625526964664459 1.1537886559963226
and 0 251 3 1.9167754650115967 2.7313215732574463 0
<unk> 0 252 5 1.649963140487671 6.06283712387085 0
<unk> 0 253 5 0.8160384297370911 4.124335289001465 1.9385018348693848
, 0 254 1 4.194125652313232 1.8250303268432617 2.299304962158203
the 0 255 3 3.27498722076416 5.16049337387085 0
leading 0 256 7 8.530017852783203 8.940829277038574 0
actress 0 257 7 4.541900634765625 7.528995037078857 1.4118342399597168
in 0 258 2 2.526172161102295 3.3634562492370605 4.165538787841797
his 0 259 3 5.513534069061279 3.8000316619873047 0
newest 0 260 6 16.113147735595703 8.015174865722656 0
film 0 261 4 3.5878539085388184 7.965679168701172 0.049495697021484375
. 0 262 1 1.8349517583847046 5.129940509796143 2.8357386589050293
<eos> 0 263 5 0.06422536075115204 0.27321621775627136 4.856724292039871
<unk> 0 264 5 2.6570260524749756 6.094410419464111 0
the 0 265 3 9.405725479125977 7.4502177238464355 0
local 0 266 5 9.921319007873535 9.498566627502441 0
sheriff 0 267 7 8.157037734985352 9.470892906188965 0.027673721313476562
guides 0 268 6 16.369552612304688 5.516922473907471 3.953970432281494
<unk> 0 269 5 2.562443733215332 6.347347736358643 0
and 0 270 3 3.44614839553833 5.608148574829102 0.739199161529541
<unk> 0 271 5 1.1857819557189941 5.909336090087891 0
through 0 272 7 9.17386245727539 5.4935126304626465 0.41582345962524414
the 0 273 3 1.7177338600158691 5.5953192710876465 0
murder 0 274 6 9.515466690063477 10.087482452392578 0
scene 0 275 5 6.5902419090271 3.97575044631958 6.111732006072998
, 0 276 1 2.0855798721313477 4.117143630981445 0
<unk> 0 277 5 4.707910537719727 6.233717441558838 0
realizes 0 278 8 8.018930435180664 7.66634464263916 0
that 0 279 4 0.8070444464683533 2.8695127964019775 4.796831846237183
the 0 280 3 2.5859904289245605 4.359510898590088 0
film 0 281 4 7.273521900177002 9.672548294067383 0
is 0 282 2 1.8955445289611816 4.880627632141113 4.7919206619262695
based 0 283 5 6.192781448364258 7.684972286224365 0
on 0 284 2 0.2303246706724167 1.2242058515548706 6.460766434669495
a 0 285 1 2.696993350982666 4.871345520019531 0
real 0 286 4 6.440907001495361 9.610292434692383 0
murder 0 287 6 9.810330390930176 6.439456939697266 3.170835494995117
case 0 288 4 5.6356000900268555 6.634744167327881 0
he 0 289 2 9.025713920593262 4.669761657714844 1.964982509613037
investigated 0 290 12 12.987166404724121 6.985825061798096 0
thirteen 0 291 8 17.1956844329834 4.716404914855957 2.2694201469421387
years 0 292 5 2.1543426513671875 6.339181423187256 0
previously 0 293 10 5.434924125671387 3.428743839263916 2.91043758392334
; 0 294 1 5.975613117218018 2.697364568710327 0.7313792705535889
he 0 295 2 2.901325225830078 5.830092906951904 0
is 0 296 2 3.097041368484497 7.559992790222168 0
shocked 0 297 7 7.502620697021484 8.43999195098877 0
to 0 298 2 1.7265517711639404 3.159402847290039 5.2805891036987305
learn 0 299 5 2.5294382572174072 4.025063514709473 0
that 0 300 4 1.0965200662612915 3.840299606323242 0.18476390838623047
the 0 301 3 2.6689727306365967 4.457005500793457 0
true 0 302 4 8.93959903717041 9.775789260864258 0
story 0 303 5 6.160436153411865 9.695563316345215 0.08022594451904297
is 0 304 2 1.9503411054611206 5.276352405548096 4.419210910797119
being 0 305 5 6.147134780883789 7.903569221496582 0
<unk> 0 306 5 5.2012481689453125 9.196579933166504 0
for 0 307 3 5.516269207000732 5.205489158630371 3.991090774536133
the 0 308 3 2.302173614501953 6.321626663208008 0
screen 0 309 6 11.645553588867188 9.30803108215332 0
. 0 310 1 1.4545494318008423 4.592305660247803 4.715725421905518
<eos> 0 311 5 0.06145425885915756 0.26417338848114014 4.328132271766663
<unk> 0 312 5 2.6777024269104004 6.097509860992432 0
pair 0 313 4 17.966176986694336 7.45817756652832 0
interview 0 314 9 16.686479568481445 7.285712718963623 0.17246484756469727
the 0 315 3 6.048034191131592 5.8120527267456055 1.4736599922180176
cast 0 316 4 11.14261531829834 9.659412384033203 0
and 0 317 3 3.063748359680176 6.475109577178955 3.184302806854248
crew 0 318 4 0.41428419947624207 2.8967456817626953 3.5783638954162598
as 0 319 2 6.087459564208984 7.052812099456787 0
suspects 0 320 8 14.507673263549805 6.40385103225708 0.648961067199707
, 0 321 1 2.3971354961395264 4.8825154304504395 1.5213356018066406
discovering 0 322 11 12.068488121032715 5.780126571655273 0
that 0 323 4 1.4202849864959717 4.211595058441162 1.5685315132141113
many 0 324 4 9.921086311340332 4.986322402954102 0
would 0 325 5 9.485506057739258 5.979559898376465 0
benefit 0 326 7 11.33104133605957 6.403683662414551 0
from 0 327 4 0.9254510402679443 3.8879780769348145 2.5157055854797363
either 0 328 6 11.05733585357666 6.628860950469971 0
of 0 329 2 6.254062652587891 7.994639873504639 0
the 0 330 3 1.0199424028396606 3.0584652423858643 4.936174631118774
deaths 0 331 6 7.1279215812683105 9.763845443725586 0
— 0 332 1 9.802783966064453 4.110653400421143 5.653192043304443
producer 0 333 8 14.620139122009277 7.067615509033203 0
<unk> 0 334 5 0.37072864174842834 2.2051312923431396 4.8624842166900635
<unk> 0 335 5 0.22704461216926575 1.9376871585845947 0.2674441337585449
had 0 336 3 5.273380279541016 5.833059787750244 0
been 0 337 4 2.6863386631011963 7.379453659057617 0
having 0 338 6 9.768478393554688 8.870677947998047 0
an 0 339 2 5.114165306091309 7.399071216583252 1.471606731414795
affair 0 340 6 1.2096185684204102 5.831990718841553 1.5670804977416992
with 0 341 4 0.3068969249725342 1.782914400100708 4.049076318740845
<unk> 0 342 5 0.7890329957008362 3.7259724140167236 0
; 0 343 1 6.470655918121338 4.196649074554443 0
<unk> 0 344 5 1.8326045274734497 5.220497131347656 0
<unk> 0 345 5 1.8923484086990356 6.1377458572387695 0
replaced 0 346 8 11.46772575378418 5.576599597930908 0.5611462593078613
<unk> 0 347 5 1.3026047945022583 3.0502185821533203 2.526381015777588
as 0 348 2 2.4005560874938965 4.297931671142578 0
director 0 349 8 4.713951110839844 5.080191612243652 0
; 0 350 1 6.069729804992676 3.4653351306915283 1.614856481552124
<unk> 0 351 5 1.7869011163711548 5.214460372924805 0
<unk> 0 352 5 1.5160202980041504 5.7715959548950195 0
and 0 353 3 3.952143430709839 6.113719940185547 0
<unk> 0 354 5 0.3587641417980194 2.3857781887054443 3.7279417514801025
<unk> 0 355 5 0.3839203417301178 2.8914012908935547 0
, 0 356 1 3.2288970947265625 6.355902194976807 0
whose 0 357 5 7.436561584472656 5.4034929275512695 0.9524092674255371
roles 0 358 5 5.312922477722168 8.814666748046875 0
in 0 359 2 4.610849380493164 3.932370185852051 4.882296562194824
the 0 360 3 0.7802123427391052 3.6427419185638428 0.289628267288208
film 0 361 4 3.305220365524292 5.852404594421387 0
will 0 362 4 10.683185577392578 3.845513105392456 2.0068914890289307
expand 0 363 6 11.113794326782227 5.327781677246094 0
without 0 364 7 11.002738952636719 5.522978782653809 0
<unk> 0 365 5 3.8732006549835205 8.385164260864258 0
; 0 366 1 6.64288330078125 5.4291181564331055 2.9560461044311523
and 0 367 3 2.5321390628814697 5.320067882537842 0.10905027389526367
<unk> 0 368 5 1.3561396598815918 6.009666919708252 0
<unk> 0 369 5 1.4023065567016602 4.796518325805664 1.213148593902588
, 0 370 1 1.8722844123840332 4.351604461669922 0.4449138641357422
a 0 371 1 3.5055911540985107 5.415436267852783 0
method 0 372 6 16.037582397460938 8.854312896728516 0
actor 0 373 5 13.479307174682617 4.130121231079102 4.724191665649414
<unk> 0 374 5 5.763411045074463 4.894289970397949 0
the 0 375 3 8.371275901794434 3.831686019897461 1.0626039505004883
opportunity 0 376 11 8.891003608703613 9.44548225402832 0
to 0 377 2 0.28171300888061523 1.2842271327972412 8.161255121231079
meet 0 378 4 7.685489177703857 8.282878875732422 0
<unk> 0 379 5 2.979219675064087 4.678683280944824 3.6041955947875977
, 0 380 1 3.467073917388916 4.699093818664551 0
whose 0 381 5 6.938057899475098 5.571117401123047 0
role 0 382 4 6.375999450683594 9.366289138793945 0
he 0 383 2 5.702606201171875 4.8290510177612305 4.537238121032715
plays 0 384 5 7.5993547439575195 6.691007614135742 0
. 0 385 1 4.396030426025391 5.2315778732299805 1.4594297409057617
<eos> 0 386 5 0.06702923029661179 0.28161680698394775 4.949961066246033
<unk> 0 387 5 2.6741843223571777 6.087728500366211 0
questioned 0 388 10 13.466609954833984 7.449092864990234 0
is 0 389 2 14.734174728393555 4.375390529632568 3.073702335357666
<unk> 0 390 5 4.859335422515869 7.590130805969238 0
<unk> 0 391 5 2.791973352432251 5.199319362640381 2.3908114433288574
, 0 392 1 2.186645269393921 4.588385105133057 0.6109342575073242
the 0 393 3 3.3236114978790283 5.2681779861450195 0
man 0 394 3 8.301156997680664 8.963135719299316 0
whose 0 395 5 6.463129997253418 3.2748169898986816 5.688318729400635
partner 0 396 7 9.299895286560059 9.890992164611816 0
was 0 397 3 3.7089102268218994 5.166236400604248 4.724755764007568
murdered 0 398 8 7.738590717315674 8.045172691345215 0
in 0 399 2 2.7098233699798584 3.929610252380371 4.115562438964844
the 0 400 3 2.0012285709381104 3.6231226921081543 0.3064875602722168
earlier 0 401 7 11.767523765563965 9.166119575500488 0
case 0 402 4 7.826219081878662 8.641714096069336 0.5244054794311523
and 0 403 3 5.5542497634887695 3.467881679534912 5.173832416534424
who 0 404 3 9.907572746276855 8.127838134765625 0
is 0 405 2 4.300066947937012 7.471676826477051 0.6561613082885742
campaigning 0 406 11 14.265185356140137 8.867087364196777 0
against 0 407 7 5.456852436065674 4.724943161010742 4.142144203186035
what 0 408 4 9.802886009216309 4.2417311668396 0.4832119941711426
he 0 409 2 1.4680851697921753 4.487155437469482 0
sees 0 410 4 5.223506450653076 6.479269981384277 0
as 0 411 2 0.5472543239593506 2.3937230110168457 4.085546970367432
a 0 412 1 2.0877084732055664 5.15983247756958 0
disrespectful 0 413 13 13.749526023864746 9.374800682067871 0
production 0 414 10 16.555267333984375 9.385943412780762 0
. 0 415 1 2.050126552581787 4.282402992248535 5.103540420532227
<eos> 0 416 5 0.06441500782966614 0.2735646963119507 4.0088382959365845
<unk> 0 417 5 2.6831040382385254 6.101790904998779 0
production 0 418 10 13.719581604003906 7.453313827514648 0
continues 0 419 9 8.821261405944824 7.460500240325928 0
, 0 420 1 4.9444379806518555 4.472500324249268 2.98799991607666
and 0 421 3 2.0560154914855957 5.785215854644775 0
after 0 422 5 7.292652130126953 7.008601188659668 0
the 0 423 3 2.326183795928955 6.847216606140137 0.16138458251953125
filming 0 424 7 10.661346435546875 8.394861221313477 0
of 0 425 2 0.9635568857192993 4.063087463378906 4.33177375793457
a 0 426 1 4.679099082946777 4.288663387298584 0
pool 0 427 4 14.738619804382324 8.43316650390625 0
scene 0 428 5 7.84172248840332 6.085240364074707 2.347926139831543
the 0 429 3 7.349095344543457 4.405731678009033 1.6795086860656738
crew 0 430 4 7.172213077545166 8.814053535461426 0
gather 0 431 6 11.721022605895996 8.75777530670166 0.056278228759765625
in 0 432 2 3.2695512771606445 6.406371593475342 2.3514037132263184
catering 0 433 8 18.78355598449707 5.487695217132568 0.9186763763427734
; 0 434 1 8.136931419372559 4.822175979614258 0.6655192375183105
<unk> 0 435 5 2.740821361541748 6.599210739135742 0
discovers 0 436 9 8.044443130493164 7.418844223022461 0
a 0 437 1 3.7227845191955566 3.694873571395874 3.723970651626587
severed 0 438 7 12.566370964050293 10.092803001403809 0
finger 0 439 6 9.830500602722168 8.918603897094727 1.174199104309082
in 0 440 2 3.252035140991211 5.538621425628662 3.3799824714660645
his 0 441 3 4.042516708374023 3.7363498210906982 1.8022716045379639
sandwich 0 442 8 16.115266799926758 8.101425170898438 0
, 0 443 1 2.0733816623687744 4.479166030883789 3.6222591400146484
recognizing 0 444 11 16.318035125732422 5.8412017822265625 0
from 0 445 4 13.206093788146973 4.820296764373779 1.0209050178527832
its 0 446 3 7.972408294677734 4.899231910705566 0
ring 0 447 4 12.79102897644043 10.459527969360352 0
that 0 448 4 4.518396854400635 7.518754959106445 2.9407730102539062
it 0 449 2 3.418672561645508 4.6727423667907715 2.846012592315674
belonged 0 450 8 11.872733116149902 4.58790397644043 0.0848383903503418
to 0 451 2 0.08573275059461594 0.6756342649459839 3.912269711494446
<unk> 0 452 5 2.092214345932007 4.757052898406982 0
. 0 453 1 2.310220956802368 4.8926100730896 0
<eos> 0 454 5 0.06438753753900528 0.27298054099082947 4.61962953209877
<unk> 0 455 5 2.679898262023926 6.0923285484313965 0
the 0 456 3 9.437317848205566 7.455215930938721 0
sheriff 0 457 7 11.746346473693848 9.50124740600586 0
shuts 0 458 5 17.814889907836914 5.919966697692871 3.5812807083129883
down 0 459 4 1.3469653129577637 3.7544362545013428 2.1655304431915283
production 0 460 10 15.865653038024902 4.913611888885498 0
, 0 461 1 2.7115955352783203 4.97412633895874 0
<unk> 0 462 5 5.6022138595581055 6.330355167388916 0
<unk> 0 463 5 3.121716260910034 7.05641508102417 0
that 0 464 4 7.798606872558594 6.385195255279541 0.6712198257446289
the 0 465 3 3.421813488006592 5.490278720855713 0.8949165344238281
killer 0 466 6 9.23706340789795 9.874967575073242 0
may 0 467 3 5.912108421325684 7.662369728088379 2.2125978469848633
target 0 468 6 13.569491386413574 6.515568733215332 1.1468009948730469
the 0 469 3 2.062422752380371 5.136275768280029 1.3792929649353027
crew 0 470 4 9.2839994430542 10.094710350036621 0
's 0 471 2 5.573002815246582 4.22991418838501 5.864796161651611
hotel 0 472 5 11.316194534301758 10.528746604919434 0
; 0 473 1 5.914485931396484 5.091970443725586 5.436776161193848
he 0 474 2 2.9435393810272217 5.600231170654297 0
and 0 475 3 6.335348129272461 7.458802223205566 0
<unk> 0 476 5 0.692933201789856 3.322622299194336 4.1361799240112305
arrive 0 477 6 5.298529624938965 7.746693134307861 0
to 0 478 2 3.0397136211395264 4.700765132904053 3.0459280014038086
find 0 479 4 3.117016315460205 7.45039176940918 0
the 0 480 3 2.608396053314209 5.119691371917725 2.330700397491455
body 0 481 4 7.899564743041992 10.1676664352417 0
of 0 482 2 2.7422757148742676 5.794322490692139 4.3733439445495605
the 0 483 3 1.6595101356506348 4.364562034606934 1.429760456085205
film 0 484 4 7.794596195220947 9.310736656188965 0
's 0 485 2 3.731621742248535 5.106109619140625 4.20462703704834
publicist 0 486 9 13.095588684082031 9.39154052734375 0
hanging 0 487 7 18.009201049804688 3.1540932655334473 6.237447261810303
from 0 488 4 4.834167957305908 5.603152275085449 0
a 0 489 1 2.9335286617279053 4.0872931480407715 1.5158591270446777
rope 0 490 4 10.22240924835205 9.701464653015137 0
. 0 491 1 1.9961448907852173 5.66243839263916 4.039026260375977
<eos> 0 492 5 0.06872137635946274 0.2875504791736603 5.3748879134655
<unk> 0 493 5 2.682537317276001 6.094019412994385 0
next 0 494 4 12.436738014221191 7.465718746185303 0
day 0 495 3 12.722756385803223 8.576297760009766 0
, 0 496 1 2.3526113033294678 6.6253180503845215 1.9509797096252441
a 0 497 1 4.9125590324401855 6.22229528427124 0.40302276611328125
film 0 498 4 9.513416290283203 9.749330520629883 0
extra 0 499 5 16.718061447143555 7.759179592132568 1.9901509284973145
( 0 500 1 7.52984619140625 8.06888484954834 0
<unk> 0 501 5 0.9032776355743408 5.206162929534912 2.8627219200134277
<unk> 0 502 5 2.8175642490386963 1.9121077060699463 3.294055223464966
) 0 503 1 0.8813490867614746 2.7454962730407715 0
confesses 0 504 9 16.918407440185547 6.664435863494873 0
to 0 505 2 0.885776698589325 2.830758810043335 3.833677053451538
the 0 506 3 2.640084981918335 4.694016933441162 0
killings 0 507 8 13.488635063171387 9.376856803894043 0
; 0 508 1 7.356131553649902 3.887768030166626 5.489088773727417
<unk> 0 509 5 2.4281418323516846 5.592187404632568 0
<unk> 0 510 5 3.3861801624298096 7.6352667808532715 0
holes 0 511 5 18.455934524536133 6.1160759925842285 1.519190788269043
in 0 512 2 2.9751622676849365 7.094354629516602 0
his 0 513 3 4.2443156242370605 4.035360336303711 3.0589942932128906
story 0 514 5 13.262080192565918 8.605342864990234 0
and 0 515 3 3.32993221282959 6.8441314697265625 1.7612113952636719
discovers 0 516 9 8.709860801696777 9.469217300415039 0
he 0 517 2 4.442249774932861 4.542854309082031 4.926362991333008
is 0 518 2 1.7532103061676025 5.711690902709961 0
not 0 519 3 4.979957103729248 8.667032241821289 0
a 0 520 1 4.0206403732299805 8.682576179504395 0
credible 0 521 8 9.985769271850586 9.114748001098633 0
perpetrator 0 522 11 11.128890991210938 8.815471649169922 0.29927635192871094
. 0 523 1 0.7541590332984924 2.8690552711486816 5.94641637802124
<eos> 0 524 5 0.07472309470176697 0.30442875623703003 2.5646265149116516
<unk> 0 525 5 2.6895899772644043 6.078632354736328 0
, 0 526 1 4.522348403930664 7.45013427734375 0
production 0 527 10 14.95875358581543 5.938020706176758 1.5121135711669922
is 0 528 2 8.257792472839355 5.828522205352783 0.10949850082397461
resumed 0 529 7 14.186369895935059 8.3985013961792 0
— 0 530 1 11.414713859558105 4.206910133361816 4.191591262817383
and 0 531 3 3.611393451690674 6.7914533615112305 0
shortly 0 532 7 11.656393051147461 7.377939224243164 0
afterwards 0 533 10 3.4786972999572754 2.159877061843872 5.218062162399292
, 0 534 1 1.4831329584121704 5.01827335357666 0
several 0 535 7 9.32820987701416 5.5859832763671875 0
crew 0 536 4 9.965340614318848 9.481833457946777 0
members 0 537 7 0.19715262949466705 1.7351418733596802 7.746691584587097
are 0 538 3 2.9240779876708984 7.068430423736572 0
found 0 539 5 5.748057842254639 8.328513145446777 0
with 0 540 4 6.720176696777344 5.719621658325195 2.608891487121582
their 0 541 5 5.17576265335083 6.293906211853027 0
throats 0 542 7 13.12818717956543 9.917654991149902 0
cut 0 543 3 12.166295051574707 3.9680049419403076 5.949650049209595
, 0 544 1 4.325682640075684 4.781310558319092 0
while 0 545 5 5.051201820373535 7.166958808898926 0
<unk> 0 546 5 2.0192179679870605 5.971349239349365 1.1956095695495605
's 0 547 2 3.659904956817627 6.9327168464660645 0
body 0 548 4 4.326427459716797 10.13033390045166 0
hangs 0 549 5 8.842562675476074 5.850446701049805 4.2798871994018555
nearby 0 550 6 11.239265441894531 6.337500095367432 0
in 0 551 2 4.740878105163574 3.4158124923706055 2.921687602996826
an 0 552 2 5.186197280883789 5.1910552978515625 0
apparent 0 553 8 9.3799409866333 7.708052635192871 0
murder 0 554 6 11.108436584472656 9.529927253723145 0
<unk> 0 555 5 6.515126705169678 4.220907211303711 5.309020042419434
suicide 0 556 7 10.550078392028809 8.41683292388916 0
. 0 557 1 2.1070804595947266 6.674302577972412 1.742530345916748
<eos> 0 558 5 0.0708155483007431 0.2935037910938263 6.380798786878586
<unk> 0 559 5 2.6847028732299805 6.088965892791748 0
doubts 0 560 6 16.843212127685547 7.455296516418457 0
that 0 561 4 2.743579864501953 5.792384624481201 1.6629118919372559
<unk> 0 562 5 2.039410352706909 5.092619895935059 0.6997647285461426
is 0 563 2 2.7522079944610596 5.916236400604248 0
the 0 564 3 3.5383615493774414 7.951094150543213 0
killer 0 565 6 8.10831356048584 8.390424728393555 0
, 0 566 1 2.534681797027588 4.999701976776123 3.3907227516174316
and 0 567 3 1.4800593852996826 4.577206134796143 0.42249584197998047
while 0 568 5 9.10799503326416 6.997923851013184 0
<unk> 0 569 5 2.5135443210601807 6.610019207000732 0.38790464401245117
stays 0 570 5 8.978964805603027 7.316516399383545 0
in 0 571 2 2.2992429733276367 5.384256839752197 1.9322595596313477
the 0 572 3 1.7338602542877197 5.0839924812316895 0.3002643585205078
hotel 0 573 5 6.2071003913879395 8.715611457824707 0
, 0 574 1 1.23167085647583 4.822652339935303 3.8929591178894043
he 0 575 2 1.5609668493270874 3.5776689052581787 1.244983434677124
visits 0 576 6 9.749588966369629 7.634140491485596 0
the 0 577 3 2.4486517906188965 3.7725911140441895 3.8615493774414062
production 0 578 10 11.280997276306152 9.013714790344238 0
's 0 579 2 7.575417518615723 6.210384368896484 2.803330421447754
climactic 0 580 9 14.172746658325195 9.75724983215332 0
shoot 0 581 5 9.999114990234375 7.594254493713379 2.1629953384399414
, 0 582 1 2.9707443714141846 4.651358127593994 2.9428963661193848
set 0 583 3 12.132322311401367 6.46881103515625 0
during 0 584 6 7.901348114013672 4.77311897277832 1.6956920623779297
a 0 585 1 2.233611583709717 4.075984477996826 0.6971344947814941
performance 0 586 11 7.8575968742370605 8.97594165802002 0
by 0 587 2 3.29793119430542 4.322052478790283 4.653889179229736
the 0 588 3 2.7901268005371094 4.417150497436523 0
band 0 589 4 6.070946216583252 8.540979385375977 0
<unk> 0 590 5 4.43759822845459 5.1032280921936035 3.437751293182373
. 0 591 1 1.7975929975509644 5.404774188995361 0
<eos> 0 592 5 0.07048540562391281 0.29213133454322815 5.112642854452133
<unk> 0 593 5 2.682368040084839 6.092942237854004 0
he 0 594 2 12.625117301940918 7.455939769744873 0
looks 0 595 5 12.60713005065918 7.9250383377075195 0
around 0 596 6 7.019233703613281 6.097267150878906 1.8277711868286133
him 0 597 3 5.881546497344971 5.775482177734375 0.32178497314453125
, 0 598 1 1.770980954170227 4.252755165100098 1.5227270126342773
the 0 599 3 6.793369770050049 6.33420991897583 0
sheriff 0 600 7 9.848550796508789 10.085524559020996 0
's 0 601 2 2.903341054916382 5.714303016662598 4.371221542358398
body 0 602 4 5.673300266265869 10.113350868225098 0
is 0 603 2 3.3137810230255127 5.267165184020996 4.846185684204102
thrown 0 604 6 7.385109901428223 9.511062622070312 0
down 0 605 4 4.278710842132568 4.916682720184326 4.594379901885986
from 0 606 4 5.13198709487915 4.754755020141602 0.1619277000427246
the 0 607 3 1.1908133029937744 3.995816707611084 0.7589383125305176
rafters 0 608 7 10.473564147949219 9.444526672363281 0
; 0 609 1 6.034109115600586 3.5814595222473145 5.863067150115967
as 0 610 2 7.089884281158447 5.76250696182251 0
the 0 611 3 2.8539531230926514 5.3619256019592285 0.40058135986328125
<unk> 0 612 5 3.161586046218872 10.341134071350098 0
settles 0 613 7 12.196106910705566 9.869185447692871 0.47194862365722656
, 0 614 1 2.801725387573242 5.580740928649902 4.288444519042969
<unk> 0 615 5 2.538792848587036 5.276795864105225 0.30394506454467773
realizes 0 616 8 6.712170600891113 8.063210487365723 0
that 0 617 4 0.8692416548728943 3.021064281463623 5.0421462059021
horror 0 618 6 16.888809204101562 4.617493629455566 0
films 0 619 5 6.3300886154174805 6.898073196411133 0
end 0 620 3 13.190939903259277 6.318055629730225 0.5800175666809082
with 0 621 4 4.67744255065918 5.515301704406738 0.8027539253234863
the 0 622 3 2.1147027015686035 5.661441326141357 0
leading 0 623 7 11.347094535827637 10.55190658569336 0
lady 0 624 4 9.57772445678711 8.764053344726562 1.7878532409667969
being 0 625 5 7.083793640136719 5.431917190551758 3.3321361541748047
targeted 0 626 8 12.431754112243652 8.311540603637695 0
— 0 627 1 8.838417053222656 3.994297504425049 4.3172430992126465
the 0 628 3 3.140232563018799 7.006711483001709 0
killer 0 629 6 8.90161418914795 10.21424388885498 0
is 0 630 2 3.4606845378875732 7.601298809051514 2.612945079803467
after 0 631 5 12.377453804016113 8.815727233886719 0
<unk> 0 632 5 3.2382586002349854 6.82321834564209 1.992508888244629
. 0 633 1 3.282397508621216 6.00662899017334 0.81658935546875
<eos> 0 634 5 0.06361988931894302 0.2699678838253021 5.736661106348038
<unk> 0 635 5 2.6820061206817627 6.083348274230957 0
back 0 636 4 14.816451072692871 7.452667236328125 0
to 0 637 2 1.5740222930908203 5.558155536651611 1.8945116996765137
her 0 638 3 6.905549049377441 4.67049503326416 0.8876605033874512
hotel 0 639 5 10.080680847167969 9.115942001342773 0
, 0 640 1 3.0977680683135986 6.4657392501831055 2.650202751159668
<unk> 0 641 5 2.386169910430908 6.381043434143066 0.08469581604003906
discover 0 642 8 14.99502944946289 6.769314289093018 0
<unk> 0 643 5 3.862687587738037 3.9513351917266846 2.817979097366333
<unk> 0 644 5 4.04924201965332 5.235435485839844 0
off 0 645 3 11.81516170501709 4.986386775970459 0.24904870986938477
a 0 646 1 4.3789825439453125 4.779176235198975 0.20721054077148438
chainsaw 0 647 8 13.039363861083984 10.02016830444336 0
<unk> 0 648 5 6.213221549987793 6.206427574157715 3.8137407302856445
wielding 0 649 8 9.392728805541992 8.356929779052734 0
<unk> 0 650 5 2.7908010482788086 9.45439624786377 0
. 0 651 1 3.480180501937866 7.33955717086792 2.1148390769958496
<eos> 0 652 5 0.07484687119722366 0.3058982193470001 7.03365895152092
<unk> 0 653 5 2.6874847412109375 6.078226566314697 0
is 0 654 2 5.1545939445495605 7.460407733917236 0
able 0 655 4 7.677772045135498 7.748289108276367 0
to 0 656 2 0.0021792652551084757 0.02580176666378975 7.722487341612577
subdue 0 657 6 10.67241096496582 9.062825202941895 0
<unk> 0 658 5 1.5401363372802734 4.452366352081299 4.610458850860596
after 0 659 5 6.734344005584717 4.980940341949463 0
<unk> 0 660 5 3.384270429611206 6.464820861816406 0
<unk> 0 661 5 3.806265115737915 7.543690204620361 0
the 0 662 3 5.774523735046387 6.529142379760742 1.0145478248596191
chainsaw 0 663 8 16.12010955810547 9.984160423278809 0
; 0 664 1 6.857224941253662 6.409789085388184 3.574371337890625
the 0 665 3 3.439537525177002 6.217208385467529 0.1925806999206543
actor 0 666 5 10.75972843170166 10.334278106689453 0
then 0 667 4 6.693796157836914 7.776763916015625 2.557514190673828
explains 0 668 8 10.45156478881836 8.098670959472656 0
that 0 669 4 1.404115915298462 4.252645492553711 3.8460254669189453
he 0 670 2 2.0788590908050537 4.249932765960693 0.002712726593017578
lacked 0 671 6 13.97232723236084 5.749739170074463 0
<unk> 0 672 5 4.017106056213379 5.85312557220459 0
's 0 673 2 1.1847444772720337 4.742359638214111 1.1107659339904785
insight 0 674 7 11.361616134643555 10.180859565734863 0
and 0 675 3 3.53844952583313 3.9448397159576416 6.236019849777222
had 0 676 3 8.851362228393555 10.130661010742188 0
to 0 677 2 2.4363255500793457 6.8034443855285645 3.327216625213623
commit 0 678 6 9.362435340881348 8.224631309509277 0
the 0 679 3 3.879923105239868 4.369056701660156 3.855574607849121
crimes 0 680 6 8.966315269470215 10.047534942626953 0
in 0 681 2 3.956407070159912 4.821544170379639 5.2259907722473145
order 0 682 5 5.1195783615112305 5.625524997711182 0
to 0 683 2 0.03631449490785599 0.25625547766685486 5.369269520044327
see 0 684 3 7.460652828216553 8.600381851196289 0
through 0 685 7 12.695170402526855 5.594958782196045 3.005423069000244
the 0 686 3 1.461313247680664 5.388971328735352 0.20598745346069336
eyes 0 687 4 9.535457611083984 10.4281587600708 0
of 0 688 2 1.1203252077102661 3.192870616912842 7.235288143157959
a 0 689 1 3.6219615936279297 5.106662750244141 0
killer 0 690 6 8.28297233581543 8.716805458068848 0
. 0 691 1 1.06527578830719 4.2458696365356445 4.470935821533203
<eos> 0 692 5 0.06962136179208755 0.29002320766448975 3.955846428871155
= 0 693 1 3.815340280532837 6.106081008911133 0
= 0 694 1 0.11314250528812408 0.7682211995124817 5.337859809398651
<unk> 0 695 5 5.535748481750488 5.739691734313965 0
= 0 696 1 1.9949877262115479 6.994150638580322 0
= 0 697 1 0.0003164133813697845 0.004585158545523882 6.989565480034798
<eos> 0 698 5 20.805356979370117 5.0989508628845215 0
" 0 699 1 10.09712028503418 5.787924766540527 0
... 0 700 3 8.13476848602295 7.564709186553955 0
<unk> 0 701 5 3.060387134552002 6.78114128112793 0.7835679054260254
<unk> 0 702 5 1.8074055910110474 5.985708713531494 0.7954325675964355
<unk> 0 703 5 2.08154296875 5.484506130218506 0.5012025833129883
" 0 704 1 1.7088181972503662 4.467381477355957 1.0171246528625488
is 0 705 2 1.8185224533081055 4.770239353179932 0
the 0 706 3 2.58547306060791 4.689145088195801 0.08109426498413086
second 0 707 6 3.094083547592163 6.032473564147949 0
episode 0 708 7 2.576239585876465 5.338937759399414 0.6935358047485352
of 0 709 2 0.35144734382629395 1.7458164691925049 3.593121290206909
<unk> 0 710 5 4.5943498611450195 1.3527175188064575 0.39309895038604736
to 0 711 2 5.58914852142334 4.655881881713867 0
have 0 712 4 3.6039113998413086 4.856312274932861 0
been 0 713 4 1.8220075368881226 4.901237487792969 0
written 0 714 7 3.284593343734741 6.850390911102295 0
by 0 715 2 1.322169542312622 3.7154464721679688 3.134944438934326
<unk> 0 716 5 0.4368937313556671 2.635932207107544 1.0795142650604248
<unk> 0 717 5 0.5670803785324097 2.7852885723114014 0
<unk> 0 718 5 4.399331569671631 2.8823633193969727 0
, 0 719 1 2.180767297744751 3.5324437618255615 0
who 0 720 3 2.410393238067627 4.722720623016357 0
had 0 721 3 2.8109216690063477 6.039499759674072 0
previously 0 722 10 1.9242106676101685 5.112646102905273 0.9268536567687988
penned 0 723 6 6.596223831176758 4.4691877365112305 0.643458366394043
the 0 724 3 1.810044527053833 4.564060688018799 0
second 0 725 6 5.770125389099121 5.319676876068115 0
season 0 726 6 1.8043650388717651 4.000711441040039 1.3189654350280762
episode 0 727 7 1.0261585712432861 3.1561217308044434 0.8445897102355957
" 0 728 1 0.10301897674798965 0.7016168832778931 2.4545048475265503
<unk> 0 729 5 1.4884369373321533 6.964295864105225 0
<unk> 0 730 5 2.1821460723876953 3.72021484375 3.2440810203552246
" 0 731 1 0.7571226954460144 2.7600769996643066 0.9601378440856934
, 0 732 1 2.8436286449432373 2.8077895641326904 0
and 0 733 3 3.1753859519958496 5.27703332901001 0
would 0 734 5 7.895098686218262 7.044391632080078 0
provide 0 735 7 9.705636978149414 6.149667739868164 0.8947238922119141
a 0 736 1 1.9006999731063843 5.620450019836426 0.5292177200317383
further 0 737 7 9.299946784973145 8.576658248901367 0
three 0 738 5 4.907637596130371 7.449361324310303 1.1272969245910645
scripts 0 739 7 5.77796745300293 4.51854133605957 2.9308199882507324
in 0 740 2 4.076630115509033 3.4457600116729736 1.0727813243865967
the 0 741 3 1.4898004531860352 5.028053283691406 0
third 0 742 5 5.757579803466797 5.674781322479248 0
season 0 743 6 0.2407510131597519 1.2512598037719727 4.423521518707275
. 0 744 1 0.8874964714050293 3.0566437244415283 0
<eos> 0 745 5 0.06200182065367699 0.26513269543647766 2.7915110290050507
<unk> 0 746 5 2.6676599979400635 6.0893940925598145 0
episode 0 747 7 15.369132041931152 7.458899974822998 0
was 0 748 3 4.024724006652832 4.895458698272705 2.563441276550293
directed 0 749 8 5.520658016204834 7.126417636871338 0
by 0 750 2 0.11605390161275864 0.7487834095954895 6.377634227275848
<unk> 0 751 5 0.25676873326301575 1.7154598236083984 0
<unk> 0 752 5 0.18842147290706635 1.4509532451629639 0.26450657844543457
<unk> 0 753 5 3.9982471466064453 2.5657153129577637 0
, 0 754 1 1.511347770690918 3.0813682079315186 0
who 0 755 3 1.6579885482788086 4.386913299560547 0
<unk> 0 756 5 6.074321269989014 6.297418594360352 0
a 0 757 1 6.4713945388793945 5.634701251983643 0.662717342376709
total 0 758 5 9.584517478942871 8.380521774291992 0
of 0 759 2 0.24879968166351318 2.0064494609832764 6.374072313308716
twenty 0 760 6 7.520702362060547 1.8727548122406006 0.13369464874267578
<unk> 0 761 5 0.623673677444458 3.917924404144287 0
six 0 762 3 3.075545072555542 3.6628363132476807 0.25508809089660645
episodes 0 763 8 1.6665091514587402 6.515532493591309 0
across 0 764 6 11.48141860961914 4.267144203186035 2.2483882904052734
all 0 765 3 6.31545877456665 3.0061590671539307 1.2609851360321045
three 0 766 5 3.15195894241333 5.616166591644287 0
seasons 0 767 7 1.8424184322357178 4.472503662109375 1.143662929534912
. 0 768 1 0.8071490526199341 2.7770700454711914 1.6954336166381836
<eos> 0 769 5 0.06724116951227188 0.2821851968765259 2.4948848485946655
<unk> 0 770 5 2.673748254776001 6.103181838989258 0
would 0 771 5 8.528965950012207 7.4651360511779785 0
also 0 772 4 4.002187728881836 6.815199851989746 0.6499361991882324
go 0 773 2 6.621592044830322 7.728860378265381 0
on 0 774 2 1.4019200801849365 4.038133144378662 3.6907272338867188
to 0 775 2 0.36764389276504517 2.019188404083252 2.01894474029541
direct 0 776 6 6.638987064361572 6.918404579162598 0
" 0 777 1 5.763701438903809 5.607937335968018 1.31046724319458
<unk> 0 778 5 2.034745931625366 7.8250837326049805 0
" 0 779 1 0.9223374128341675 3.9879379272460938 3.8371458053588867
, 0 780 1 2.199103593826294 5.1915459632873535 0
the 0 781 3 3.94863224029541 5.636839866638184 0
series 0 782 6 5.967334270477295 7.680752277374268 0
' 0 783 1 0.9593329429626465 3.7763373851776123 3.9044148921966553
crossover 0 784 9 8.910222053527832 6.3141984939575195 0
episode 0 785 7 3.343278169631958 7.361154556274414 0
with 0 786 4 4.925269603729248 3.9408786296844482 3.420275926589966
its 0 787 3 6.644213676452637 4.3187360763549805 0
sister 0 788 6 8.492512702941895 8.404816627502441 0
show 0 789 4 7.67965841293335 5.426863670349121 2.9779529571533203
<unk> 0 790 5 2.558202028274536 5.522740840911865 0
<unk> 0 791 5 1.5112955570220947 4.229343891143799 1.2933969497680664
<unk> 0 792 5 3.799320936203003 3.0085737705230713 1.2207701206207275
<unk> 0 793 5 2.8901162147521973 3.3842215538024902 0
. 0 794 1 1.4707543849945068 3.3567419052124023 0.02747964859008789
<eos> 0 795 5 0.0628603994846344 0.26825442910194397 3.0884874761104584
<unk> 0 796 5 2.6768150329589844 6.09588098526001 0
episode 0 797 7 15.393261909484863 7.459715843200684 0
features 0 798 8 7.432925224304199 4.895118236541748 2.5645976066589355
guest 0 799 5 4.11364221572876 5.470184803009033 0
appearances 0 800 11 0.44014352560043335 2.066908836364746 3.403275966644287
by 0 801 2 0.6111218929290771 1.89156174659729 0.17534708976745605
the 0 802 3 6.115784168243408 2.8117873668670654 0
members 0 803 7 9.00661849975586 7.374547004699707 0
of 0 804 2 0.07852595299482346 0.5381758213043213 6.836371183395386
the 0 805 3 0.3460153341293335 1.8564454317092896 0
band 0 806 4 6.018188953399658 6.247751235961914 0
<unk> 0 807 5 3.3103137016296387 5.516097068786621 0.731654167175293
— 0 808 1 10.55307388305664 5.032233715057373 0.48386335372924805
<unk> 0 809 5 1.8931808471679688 5.42396879196167 0
<unk> 0 810 5 0.7050421237945557 3.699153423309326 1.7248153686523438
, 0 811 1 1.079308032989502 3.1761586666107178 0.5229947566986084
<unk> 0 812 5 0.4513857066631317 2.6829888820648193 0.49316978454589844
<unk> 0 813 5 0.2630563974380493 1.956019401550293 0.7269694805145264
, 0 814 1 0.5482338666915894 1.4997661113739014 0.4562532901763916
<unk> 0 815 5 0.3061237335205078 1.4494550228118896 0.05031108856201172
<unk> 0 816 5 0.20973089337348938 1.6615402698516846 0
and 0 817 3 2.5734658241271973 1.2426848411560059 0.4188554286956787
<unk> 0 818 5 0.15635007619857788 1.2120013236999512 0.030683517456054688
<unk> 0 819 5 0.22749300301074982 1.7652164697647095 0
— 0 820 1 3.382436513900757 2.299471616744995 0
who 0 821 3 2.6659114360809326 5.097740173339844 0
each 0 822 4 10.44502067565918 6.661693572998047 0
portray 0 823 7 10.272232055664062 7.673810958862305 0
both 0 824 4 7.498567581176758 5.144843101501465 2.52896785736084
themselves 0 825 10 9.236197471618652 6.487312316894531 0
and 0 826 3 3.6628122329711914 3.9676625728607178 2.5196497440338135
a 0 827 1 6.703678607940674 6.4315056800842285 0
small 0 828 5 7.124894618988037 8.828474044799805 0
cameo 0 829 5 6.9723429679870605 6.994740009307861 1.8337340354919434
role 0 830 4 6.179594039916992 4.00337553024292 2.9913644790649414
. 0 831 1 1.9518736600875854 3.456470012664795 0.546905517578125
<eos> 0 832 5 0.059525344520807266 0.2571704089641571 3.199299603700638
<unk> 0 833 5 2.6757171154022217 6.101794719696045 0
, 0 834 1 4.529888153076172 7.445413589477539 0
the 0 835 3 3.9636716842651367 5.933862209320068 1.5115513801574707
band 0 836 4 7.925041675567627 9.173737525939941 0
members 0 837 7 7.172010898590088 4.440524101257324 4.733213424682617
insisted 0 838 8 11.674407958984375 7.424012184143066 0
during 0 839 6 10.597192764282227 3.235936164855957 4.188076019287109
filming 0 840 7 6.775911331176758 3.7456789016723633 0
that 0 841 4 4.595987319946289 4.661692142486572 0
their 0 842 5 5.369248867034912 5.370046138763428 0
roles 0 843 5 9.263376235961914 9.755955696105957 0
be 0 844 2 8.337952613830566 3.9432003498077393 5.812755346298218
given 0 845 5 6.017294406890869 8.701088905334473 0
an 0 846 2 5.9516921043396 5.529019832611084 3.1720690727233887
equal 0 847 5 7.970134258270264 8.125310897827148 0
amount 0 848 6 2.6830532550811768 7.48931884765625 0.6359920501708984
of 0 849 2 0.22534117102622986 1.2814280986785889 6.207890748977661
dialogue 0 850 8 7.343644142150879 7.988983631134033 0
, 0 851 1 2.097827911376953 4.484705448150635 3.5042781829833984
which 0 852 5 4.058453559875488 5.6322174072265625 0
led 0 853 3 6.680914878845215 6.703990936279297 0
to 0 854 2 0.1102202758193016 0.7704238891601562 5.933567047119141
<unk> 0 855 5 3.9202096462249756 5.49713659286499 0
being 0 856 5 3.163796901702881 6.653909683227539 0
asked 0 857 5 6.136235237121582 8.750913619995117 0
to 0 858 2 0.96213698387146 3.3264663219451904 5.424447298049927
amend 0 859 5 16.17632293701172 7.544588565826416 0
scenes 0 860 6 13.858469009399414 2.95593523979187 4.588653326034546
on 0 861 2 5.390068054199219 5.168881416320801 0
short 0 862 5 12.844635963439941 4.434720039367676 0.734161376953125
notice 0 863 6 6.7843217849731445 6.605857849121094 0
and 0 864 3 4.821422100067139 3.7715373039245605 2.834320545196533
fax 0 865 3 14.009248733520508 9.276939392089844 0
updated 0 866 7 13.912744522094727 7.084631443023682 2.192307949066162
scripts 0 867 7 11.315845489501953 7.510556697845459 0
to 0 868 2 4.46582555770874 3.8817849159240723 3.6287717819213867
the 0 869 3 2.440084218978882 7.377692222595215 0
shooting 0 870 8 10.22509765625 7.918831825256348 0
locations 0 871 9 8.229479789733887 5.283204555511475 2.635627269744873
; 0 872 1 7.0770063400268555 3.374016284942627 1.9091882705688477
ultimately 0 873 10 10.734576225280762 6.130919456481934 0
much 0 874 4 11.932498931884766 4.040345191955566 2.090574264526367
of 0 875 2 0.6965516805648804 3.929438829421997 0.11090636253356934
this 0 876 4 5.408496856689453 2.5202810764312744 1.4091577529907227
additional 0 877 10 11.554147720336914 7.81965970993042 0
material 0 878 8 5.696937561035156 7.981787204742432 0
was 0 879 3 0.9988477826118469 4.566319465637207 3.4154677391052246
filmed 0 880 6 5.44231653213501 7.406637668609619 0
but 0 881 3 9.10687255859375 4.0083699226379395 3.3982677459716797
not 0 882 3 6.557032585144043 7.283790111541748 0
used 0 883 4 7.097729682922363 8.595596313476562 0
in 0 884 2 3.2919845581054688 4.101991176605225 4.493605136871338
the 0 885 3 1.3221668004989624 5.807476997375488 0
episode 0 886 7 3.6860697269439697 6.599045753479004 0
. 0 887 1 0.4359663724899292 1.983115792274475 4.615929961204529
<eos> 0 888 5 0.06811057776212692 0.285147488117218 1.697968304157257
<unk> 0 889 5 2.6770007610321045 6.107213973999023 0
<unk> 0 890 5 2.4006824493408203 7.451888561248779 0
was 0 891 3 3.8923966884613037 6.284329891204834 1.1675586700439453
also 0 892 4 4.600430011749268 8.030694007873535 0
<unk> 0 893 5 5.977004051208496 8.092924118041992 0
towards 0 894 7 11.872611999511719 4.880988121032715 3.2119359970092773
his 0 895 3 5.487194538116455 3.5779731273651123 1.3030149936676025
role 0 896 4 7.476365089416504 9.737998962402344 0
, 0 897 1 3.940505027770996 3.086698532104492 6.651300430297852
and 0 898 3 1.4980266094207764 4.776719570159912 0
requested 0 899 9 11.299986839294434 6.7406206130981445 0
to 0 900 2 4.125259876251221 5.067022800445557 1.673597812652588
play 0 901 4 5.35518741607666 7.771905422210693 0
a 0 902 1 3.3560309410095215 5.58668327331543 2.1852221488952637
" 0 903 1 6.6122941970825195 7.5767974853515625 0
<unk> 0 904 5 2.6132075786590576 9.357912063598633 0
<unk> 0 905 5 2.764672040939331 4.936915874481201 4.420996189117432
pound 0 906 5 14.001358032226562 5.7828755378723145 0
black 0 907 5 12.005363464355469 4.034488201141357 1.748387336730957
man 0 908 3 4.053311824798584 7.718818664550781 0
" 0 909 1 0.5789334774017334 3.1426780223846436 4.576140642166138
instead 0 910 7 8.412890434265137 4.664679050445557 0
, 0 911 1 4.418481826782227 1.9730972051620483 2.6915818452835083
wishing 0 912 7 13.815917015075684 6.649050235748291 0
to 0 913 2 0.3085341453552246 1.697261095046997 4.951789140701294
wear 0 914 4 7.367932319641113 8.141923904418945 0
a 0 915 1 1.9103641510009766 5.833098888397217 2.3088250160217285
fat 0 916 3 11.216133117675781 8.548423767089844 0
suit 0 917 4 3.4667725563049316 6.999259948730469 1.549163818359375
like 0 918 4 8.016317367553711 5.11324405670166 1.8860158920288086
those 0 919 5 8.2575101852417 5.242812156677246 0
used 0 920 4 5.655174732208252 5.407325267791748 0
in 0 921 2 1.3817086219787598 3.3567986488342285 2.0505266189575195
the 0 922 3 1.0746190547943115 4.826164245605469 0
<unk> 0 923 5 2.6884560585021973 7.41504430770874 0
<unk> 0 924 5 2.498358964920044 7.954562664031982 0
<unk> 0 925 5 2.5640509128570557 7.590694904327393 0.36386775970458984
film 0 926 4 4.388837814331055 8.011175155639648 0
<unk> 0 927 5 2.869812488555908 6.804675102233887 1.2065000534057617
<unk> 0 928 5 2.4364163875579834 5.891609191894531 0.9130659103393555
<unk> 0 929 5 2.740399122238159 5.056278228759766 0.8353309631347656
; 0 930 1 7.182541847229004 4.645215034484863 0.41106319427490234
he 0 931 2 3.7276992797851562 6.174548149108887 0
was 0 932 3 2.047980308532715 6.529223442077637 0
eventually 0 933 10 7.8884687423706055 8.060628890991211 0
convinced 0 934 9 9.127594947814941 8.246624946594238 0
that 0 935 4 1.2500828504562378 3.5740959644317627 4.672528982162476
such 0 936 4 10.09478759765625 4.4015398025512695 0
a 0 937 1 1.4051449298858643 6.48829460144043 0
suit 0 938 4 11.191400527954102 9.833598136901855 0
would 0 939 5 1.3647772073745728 3.6925253868103027 6.141072750091553
take 0 940 4 5.973147392272949 5.807192325592041 0
too 0 941 3 9.434072494506836 4.242721080780029 1.5644712448120117
long 0 942 4 1.3559085130691528 2.8019020557403564 1.4408190250396729
to 0 943 2 1.5917227268218994 4.511558532714844 0
fabricate 0 944 9 14.87082290649414 7.392660617828369 0
. 0 945 1 2.4042885303497314 5.556851387023926 1.8358092308044434
<eos> 0 946 5 0.06660263985395432 0.28056690096855164 5.276284486055374
<unk> 0 947 5 2.678870677947998 6.090182304382324 0
has 0 948 3 6.170653343200684 7.449878215789795 0
described 0 949 9 6.706493854522705 7.100783348083496 0.34909486770629883
the 0 950 3 1.6287403106689453 4.668416500091553 2.4323668479919434
production 0 951 10 8.593234062194824 9.682215690612793 0
" 0 952 1 8.326435089111328 2.5971808433532715 7.0850348472595215
... 0 953 3 7.098183631896973 7.738541603088379 0
<unk> 0 954 5 3.4438741207122803 7.6381025314331055 0.10043907165527344
<unk> 0 955 5 2.045750141143799 6.846961975097656 0.7911405563354492
<unk> 0 956 5 2.2759041786193848 6.417889595031738 0.42907238006591797
" 0 957 1 2.618225336074829 6.0291266441345215 0.3887629508972168
as 0 958 2 1.7363286018371582 3.9612979888916016 2.06782865524292
being 0 959 5 5.8754777908325195 4.157922267913818 0
" 0 960 1 1.2370272874832153 5.321058750152588 0
one 0 961 3 5.109650135040283 8.116338729858398 0
of 0 962 2 0.09397133439779282 0.8698087930679321 7.246529936790466
the 0 963 3 0.3098136782646179 1.7551836967468262 0
most 0 964 4 1.401344895362854 4.411974906921387 0
<unk> 0 965 5 5.323899269104004 8.462217330932617 0
" 0 966 1 4.307772159576416 8.833105087280273 0
of 0 967 2 3.543933629989624 6.21554708480835 2.617558002471924
the 0 968 3 0.8197022676467896 3.3379874229431152 2.8775596618652344
series 0 969 6 2.0982916355133057 6.050704479217529 0
' 0 970 1 5.577768802642822 2.8867807388305664 3.163923740386963
run 0 971 3 8.138775825500488 7.992584228515625 0
, 0 972 1 2.7280824184417725 3.5736336708068848 4.41895055770874
citing 0 973 6 7.183522701263428 5.985681533813477 0
its 0 974 3 4.1888837814331055 4.448578834533691 1.5371026992797852
abundance 0 975 9 11.363664627075195 8.41808032989502 0
of 0 976 2 1.5001220703125 4.202125072479248 4.2159552574157715
stunt 0 977 5 14.348505973815918 9.142217636108398 0
work 0 978 4 7.054315567016602 7.483933925628662 1.6582837104797363
and 0 979 3 1.8966920375823975 3.8713955879211426 3.6125383377075195
physical 0 980 8 10.973605155944824 9.51774787902832 0
effects 0 981 7 5.117140293121338 9.566186904907227 0
as 0 982 2 6.455560207366943 2.702441692352295 6.863745212554932
the 0 983 3 4.293732643127441 3.609621524810791 0
cause 0 984 5 11.06911563873291 8.926085472106934 0
of 0 985 2 0.6673173904418945 2.995539426803589 5.930546045303345
this 0 986 4 5.548434257507324 5.762138843536377 0
. 0 987 1 4.875916004180908 9.386772155761719 0
<eos> 0 988 5 0.06870776414871216 0.2870854437351227 9.099686712026596
<unk> 0 989 5 2.6988589763641357 6.077539443969727 0
praised 0 990 7 9.820539474487305 7.442385673522949 0
<unk> 0 991 5 2.149860143661499 2.7019007205963135 4.740484952926636
for 0 992 3 2.919090509414673 2.870443820953369 0
his 0 993 3 3.0419328212738037 6.606711387634277 0
ability 0 994 7 4.624821186065674 8.048198699951172 0
to 0 995 2 0.07145941257476807 0.4727770984172821 7.57542160153389
direct 0 996 6 11.79810619354248 8.766714096069336 0
the 0 997 3 2.105959415435791 7.130556106567383 1.6361579895019531
episode 0 998 7 6.282443523406982 8.914918899536133 0
within 0 999 6 12.179413795471191 3.9404196739196777 4.974499225616455
the 0 1000 3 1.6538896560668945 4.844666481018066 0
usual 0 1001 5 9.971612930297852 8.553010940551758 0
time 0 1002 4 5.535978317260742 8.832645416259766 0
constraints 0 1003 11 13.28353500366211 4.337728977203369 4.4949164390563965
, 0 1004 1 1.630387306213379 4.276649475097656 0.06107950210571289
as 0 1005 2 5.044519424438477 5.600757598876953 0
he 0 1006 2 2.3968918323516846 4.550519943237305 1.0502376556396484
felt 0 1007 4 2.356599807739258 6.240509986877441 0
the 0 1008 3 2.8623883724212646 4.143449306488037 2.0970606803894043
number 0 1009 6 11.699085235595703 7.746800899505615 0
of 0 1010 2 0.6393709778785706 3.1135947704315186 4.633206129074097
shots 0 1011 5 8.94333553314209 8.403642654418945 0
involved 0 1012 8 9.8233642578125 6.721197605133057 1.6824450492858887
was 0 1013 3 4.202859878540039 6.465427398681641 0.255770206451416
more 0 1014 4 5.753726482391357 7.100696086883545 0
akin 0 1015 4 7.267948150634766 8.560598373413086 0
to 0 1016 2 0.024759911000728607 0.1934266984462738 8.367171674966812
a 0 1017 1 3.601144552230835 5.179812431335449 0
feature 0 1018 7 8.355965614318848 8.97484302520752 0
film 0 1019 4 1.740705132484436 5.23231840133667 3.7425246238708496
than 0 1020 4 3.8829033374786377 5.778820514678955 0
a 0 1021 1 4.214763641357422 6.05415678024292 0
television 0 1022 10 7.606741905212402 9.002328872680664 0
episode 0 1023 7 5.293807506561279 4.983150005340576 4.019178867340088
. 0 1024 1 0.6911419034004211 2.830040693283081 2.153109312057495
<eos> 0 1025 5 0.0700698271393776 0.29101553559303284 2.539025157690048
<unk> 0 1026 5 2.6722183227539062 6.0953288078308105 0
star 0 1027 4 14.046323776245117 7.454787254333496 0
<unk> 0 1028 5 1.1590075492858887 5.407528877258301 2.0472583770751953
<unk> 0 1029 5 0.2870830297470093 2.307100296020508 3.100428581237793
, 0 1030 1 2.993412971496582 6.89570426940918 0
who 0 1031 3 1.7364180088043213 5.493679523468018 1.402024745941162
played 0 1032 6 3.5851337909698486 5.712143421173096 0
killer 0 1033 6 16.88705825805664 4.577497482299805 1.134645938873291
<unk> 0 1034 5 2.181305408477783 7.3603715896606445 0
<unk> 0 1035 5 1.1379486322402954 4.626469612121582 2.7339019775390625
, 0 1036 1 1.2649391889572144 4.136748790740967 0.48972082138061523
is 0 1037 2 4.557887077331543 6.481002330780029 0
the 0 1038 3 2.871793746948242 6.211267471313477 0.26973485946655273
husband 0 1039 7 10.800677299499512 7.800403118133545 0
of 0 1040 2 0.4655061364173889 2.124298334121704 5.676104784011841
actress 0 1041 7 8.178030967712402 3.4540224075317383 0
<unk> 0 1042 5 0.11434236913919449 0.8786911964416504 2.575331211090088
<unk> 0 1043 5 0.24957022070884705 1.8479727506637573 0
, 0 1044 1 1.726210594177246 2.7631990909576416 0
who 0 1045 3 1.3260756731033325 4.325690269470215 0
starred 0 1046 7 7.331620216369629 6.178033828735352 0
in 0 1047 2 0.8263147473335266 2.516153335571289 3.6618804931640625
the 0 1048 3 0.8107564449310303 3.3232626914978027 0
first 0 1049 5 5.207371711730957 6.350345134735107 0
two 0 1050 3 6.231038570404053 4.4184465408325195 1.931898593902588
seasons 0 1051 7 2.8868649005889893 4.5783281326293945 0
of 0 1052 2 0.8313807249069214 2.759633779525757 1.8186943531036377
<unk> 0 1053 5 2.2059760093688965 3.24031662940979 0
as 0 1054 2 6.576009750366211 4.817337989807129 0
<unk> 0 1055 5 1.8324819803237915 4.687885761260986 0.12945222854614258
's 0 1056 2 4.26327657699585 3.842149257659912 0.8457365036010742
wife 0 1057 4 3.7914016246795654 7.500267028808594 0
<unk> 0 1058 5 2.954960346221924 2.6454086303710938 4.8548583984375
. 0 1059 1 1.9903757572174072 3.602257013320923 0
<eos> 0 1060 5 0.06534233689308167 0.27617552876472473 3.326081484556198
= 0 1061 1 3.8415324687957764 6.083959102630615 0
= 0 1062 1 0.11556965857744217 0.7821934819221497 5.301765620708466
<unk> 0 1063 5 5.542934894561768 5.7284836769104 0
and 0 1064 3 4.091021537780762 6.994581699371338 0
reception 0 1065 9 10.386796951293945 6.575597286224365 0.41898441314697266
= 0 1066 1 0.06697144359350204 0.5961573123931885 5.979439973831177
= 0 1067 1 5.778501144959591e-05 0.0009332199115306139 0.5952240924816579
<eos> 0 1068 5 22.50160789489746 5.223570346832275 0
" 0 1069 1 7.968234062194824 5.799849510192871 0
... 0 1070 3 8.493013381958008 7.454655170440674 0
<unk> 0 1071 5 3.0219979286193848 6.655645847320557 0.7990093231201172
<unk> 0 1072 5 1.7441489696502686 5.878380298614502 0.7772655487060547
<unk> 0 1073 5 2.140961170196533 5.000214576721191 0.8781657218933105
" 0 1074 1 1.416863203048706 3.966362237930298 1.0338523387908936
was 0 1075 3 1.72663152217865 4.541975975036621 0
first 0 1076 5 4.519602298736572 5.914872169494629 0
broadcast 0 1077 9 1.838057041168213 4.400121688842773 1.5147504806518555
on 0 1078 2 0.5849473476409912 1.4942265748977661 2.9058951139450073
the 0 1079 3 1.99094820022583 2.0937082767486572 0
<unk> 0 1080 5 2.928952693939209 1.8449525833129883 0.24875569343566895
network 0 1081 7 1.1639399528503418 3.2059874534606934 0
on 0 1082 2 0.7640488147735596 1.4055423736572266 1.8004450798034668
<unk> 0 1083 5 0.3220560550689697 1.0555614233016968 0.3499809503555298
<unk> 0 1084 5 0.06552411615848541 0.3959901034832001 0.6595713198184967
, 0 1085 1 0.027335548773407936 0.18519575893878937 0.2107943445444107
<unk> 0 1086 5 0.004111057613044977 0.04301860183477402 0.14217715710401535
. 0 1087 1 0.6848927736282349 1.6316699981689453 0
<eos> 0 1088 5 0.0628603994846344 0.2683599591255188 1.3633100390434265
<unk> 0 1089 5 2.6854896545410156 6.09306526184082 0
episode 0 1090 7 15.367496490478516 7.463630199432373 0
earned 0 1091 6 9.960312843322754 4.858542442321777 2.6050877571105957
a 0 1092 1 1.9384963512420654 4.184123516082764 0.6744189262390137
<unk> 0 1093 5 0.936380922794342 4.64612340927124 0
rating 0 1094 6 1.3127092123031616 2.621786117553711 2.0243372917175293
of 0 1095 2 0.04770655557513237 0.36192089319229126 2.2598652243614197
<unk> 0 1096 5 0.006546434946358204 0.06488170474767685 0.2970391884446144
<unk> 0 1097 5 0.023491432890295982 0.18159207701683044 0
<eos> 0 1098 5 0.00022012100089341402 0.0022689017932862043 0.17932317522354424
@ 0 1099 1 0.0 8.599129728281696e-07 0.002268041880313376
<unk> 0 1100 5 5.778501144959591e-05 0.0009361417032778263 0
during 0 1101 6 6.451996326446533 2.0156924724578857 0
its 0 1102 3 0.864800214767456 1.6461158990859985 0.3695765733718872
original 0 1103 8 1.2195496559143066 2.420077323913574 0
broadcast 0 1104 9 0.2791072428226471 1.0153435468673706 1.4047337770462036
, 0 1105 1 1.1510096788406372 1.81479811668396 0
meaning 0 1106 7 0.96169114112854 3.0666615962982178 0
that 0 1107 4 0.157450869679451 0.7826454639434814 2.2840161323547363
<unk> 0 1108 5 2.1641883850097656 3.312758684158325 0
<unk> 0 1109 5 0.3315880596637726 1.5874717235565186 1.7252869606018066
<eos> 0 1110 5 0.05638005957007408 0.27976173162460327 1.3077099919319153
@ 0 1111 1 2.751719648586004e-06 5.090596459922381e-05 0.27971082566000405
<unk> 0 1112 5 0.00017059670062735677 0.0024828396271914244 0
percent 0 1113 7 0.5483935475349426 1.6420735120773315 0
of 0 1114 2 0.016386479139328003 0.15779732167720795 1.4842761904001236
households 0 1115 10 2.6493473052978516 1.9914486408233643 0
in 0 1116 2 3.0855448246002197 4.453072547912598 0
the 0 1117 3 0.6079518795013428 1.5161782503128052 2.9368942975997925
<unk> 0 1118 5 1.9676108360290527 2.089719533920288 0
<unk> 0 1119 5 2.0295522212982178 3.0764639377593994 0
viewed 0 1120 6 9.343183517456055 4.6815619468688965 0
the 0 1121 3 1.7598309516906738 3.8376994132995605 0.8438625335693359
episode 0 1122 7 0.5775644779205322 3.1981143951416016 0.639585018157959
. 0 1123 1 2.814049005508423 5.12757682800293 0
<eos> 0 1124 5 0.06553233414888382 0.2752326428890228 4.852344185113907
<unk> 0 1125 5 2.676058292388916 6.074321269989014 0
represented 0 1126 11 12.002470970153809 7.455857276916504 0
approximately 0 1127 13 12.60887336730957 3.769167423248291 3.686689853668213
<unk> 0 1128 5 0.2662622630596161 1.5136089324951172 2.255558490753174
<unk> 0 1129 5 1.0877312421798706 4.477050304412842 0
<eos> 0 1130 5 2.135925531387329 1.9644123315811157 2.512637972831726
@ 0 1131 1 4.1275245166616514e-05 0.0006133317365311086 1.9637989998445846
<unk> 0 1132 5 0.0003824387094937265 0.005504624918103218 0
million 0 1133 7 0.6430665254592896 2.0167784690856934 0
households 0 1134 10 4.301544666290283 5.351252555847168 0
. 0 1135 1 4.2253522872924805 2.929786443710327 2.421466112136841
<eos> 0 1136 5 0.05928041785955429 0.2577838897705078 2.6720025539398193
" 0 1137 1 12.116752624511719 6.068541526794434 0
... 0 1138 3 8.565390586853027 8.048368453979492 0
<unk> 0 1139 5 3.857775926589966 6.685361862182617 1.363006591796875
<unk> 0 1140 5 1.99094820022583 6.332706451416016 0.35265541076660156
<unk> 0 1141 5 2.1354823112487793 5.889497756958008 0.4432086944580078
" 0 1142 1 2.015075206756592 4.939266681671143 0.9502310752868652
received 0 1143 8 6.265707969665527 5.038595199584961 0
mixed 0 1144 5 3.151599884033203 4.859070777893066 0.17952442169189453
reviews 0 1145 7 0.30230143666267395 1.6411141157150269 3.2179566621780396
from 0 1146 4 0.28490781784057617 1.2378618717193604 0.4032522439956665
critics 0 1147 7 1.2760095596313477 2.1166651248931885 0
. 0 1148 1 0.9535984396934509 2.005263328552246 0.11140179634094238
<eos> 0 1149 5 0.06441237777471542 0.27328211069107056 1.7319812178611755
<unk> 0 1150 5 2.702906847000122 6.098557949066162 0
<unk> 0 1151 5 2.4146103858947754 7.459528923034668 0
<eos> 0 1152 5 6.995750904083252 6.275678634643555 1.1838502883911133
<unk> 0 1153 5 2.8825957775115967 1.8541951179504395 4.421483516693115
's 0 1154 2 5.595832347869873 6.015538692474365 0
<unk> 0 1155 5 2.636481761932373 9.928228378295898 0
<unk> 0 1156 5 1.0769596099853516 6.322200775146484 3.606027603149414
rated 0 1157 5 6.204787254333496 7.635234355926514 0
the 0 1158 3 0.8133705854415894 2.5255889892578125 5.109645366668701
episode 0 1159 7 0.9563693404197693 3.4026079177856445 0
a 0 1160 1 1.8634333610534668 4.061468124389648 0
" 0 1161 1 2.679511785507202 3.5214102268218994 0.540057897567749
<unk> 0 1162 5 3.367434024810791 2.8703672885894775 0.6510429382324219
" 0 1163 1 0.36721742153167725 1.9122076034545898 0.9581596851348877
. 0 1164 1 3.102795362472534 3.8662962913513184 0
<eos> 0 1165 5 0.06707323342561722 0.2764301598072052 3.589866131544113
<unk> 0 1166 5 2.6225688457489014 6.022097110748291 0
felt 0 1167 4 8.731986999511719 7.463804721832275 0
that 0 1168 4 0.7080745697021484 3.0884268283843994 4.375377893447876
the 0 1169 3 1.4202477931976318 4.7534098625183105 0
episode 0 1170 7 3.9781596660614014 8.719657897949219 0
's 0 1171 2 3.4697554111480713 4.453525066375732 4.266132831573486
comedic 0 1172 7 10.729228019714355 7.958361625671387 0
slant 0 1173 5 16.505075454711914 7.707291603088379 0.2510700225830078
was 0 1174 3 1.9479964971542358 5.65854549407959 2.048746109008789
necessary 0 1175 9 11.306774139404297 6.950920104980469 0
within 0 1176 6 11.675753593444824 4.0547332763671875 2.8961868286132812
the 0 1177 3 0.9459514617919922 3.9105498790740967 0.14418339729309082
wider 0 1178 5 9.306044578552246 7.6471123695373535 0
series 0 1179 6 5.880551815032959 7.70939826965332 0
, 0 1180 1 1.6839702129364014 3.8397974967956543 3.869600772857666
as 0 1181 2 4.695662975311279 5.092069149017334 0
he 0 1182 2 4.111093997955322 5.018125534057617 0.0739436149597168
considered 0 1183 10 5.060492038726807 5.5147881507873535 0
<unk> 0 1184 5 3.8083839416503906 4.829225063323975 0.6855630874633789
's 0 1185 2 2.0741260051727295 5.020083904266357 0
dark 0 1186 4 11.729036331176758 8.097189903259277 0
tone 0 1187 4 5.514786243438721 8.675209045410156 0
to 0 1188 2 1.7997970581054688 5.182106018066406 3.49310302734375
be 0 1189 2 0.22920197248458862 1.548151969909668 3.6339540481567383
prone 0 1190 5 13.884398460388184 6.276278495788574 0
to 0 1191 2 0.03611356392502785 0.27376601099967957 6.002512484788895
unintentional 0 1192 13 13.316431045532227 8.14694881439209 0
comedy 0 1193 6 8.33348560333252 9.6600980758667 0
and 0 1194 3 3.035419464111328 3.7221457958221436 5.937952280044556
that 0 1195 4 5.309360504150391 9.611288070678711 0
a 0 1196 1 5.992566108703613 4.999283790588379 4.612004280090332
comic 0 1197 5 9.667374610900879 8.880666732788086 0
episode 0 1198 7 8.951282501220703 5.708888530731201 3.1717782020568848
provided 0 1199 8 10.537801742553711 5.520346164703369 0.18854236602783203
an 0 1200 2 4.463406562805176 6.2276458740234375 0
outlet 0 1201 6 8.908062934875488 7.041473388671875 0
for 0 1202 3 0.7449765801429749 2.755932331085205 4.28554105758667
this 0 1203 4 7.298478603363037 5.693269729614258 0
. 0 1204 1 4.077606678009033 6.413681507110596 0
<eos> 0 1205 5 0.06680068373680115 0.28101325035095215 6.1326682567596436
<unk> 0 1206 5 2.688999652862549 6.0916242599487305 0
found 0 1207 5 9.26060962677002 7.456393718719482 0
the 0 1208 3 2.178356885910034 5.358335494995117 2.0980582237243652
script 0 1209 6 8.980878829956055 9.913151741027832 0
to 0 1210 2 2.044846296310425 6.021875381469727 3.8912763595581055
be 0 1211 2 0.13011787831783295 0.9986489415168762 5.02322643995285
at 0 1212 2 9.578770637512207 6.631967544555664 0
its 0 1213 3 6.428893089294434 4.6904425621032715 1.9415249824523926
strongest 0 1214 9 7.423553943634033 6.317466735839844 0
when 0 1215 4 5.805696964263916 6.050510406494141 0.2669563293457031
<unk> 0 1216 5 2.71040678024292 5.090850353240967 0.9596600532531738
the 0 1217 3 9.444482803344727 7.031472206115723 0
character 0 1218 9 4.843890190124512 8.969820022583008 0
of 0 1219 2 3.682365894317627 5.472400188446045 3.497419834136963
<unk> 0 1220 5 0.5655463933944702 2.9826228618621826 2.4897773265838623
<unk> 0 1221 5 1.5598124265670776 5.297322750091553 0
, 0 1222 1 2.570568084716797 5.371328830718994 0
but 0 1223 3 4.769847869873047 5.771925926208496 0
admitted 0 1224 8 10.559403419494629 6.575366020202637 0
that 0 1225 4 1.129136323928833 3.552464008331299 3.022902011871338
it 0 1226 2 3.227775812149048 4.140780448913574 0
" 0 1227 1 4.81124210357666 3.2885608673095703 0.8522195816040039
falls 0 1228 5 10.48511791229248 7.544765949249268 0
apart 0 1229 5 5.6705803871154785 6.129009246826172 1.4157567024230957
" 0 1230 1 1.6301244497299194 4.58856201171875 1.5404472351074219
when 0 1231 4 6.000453948974609 4.457615852355957 0.13094615936279297
attempting 0 1232 10 11.942567825317383 4.949536323547363 0
to 0 1233 2 0.17695774137973785 1.2422425746917725 3.707293748855591
send 0 1234 4 10.715645790100098 8.823530197143555 0
up 0 1235 2 7.508174896240234 5.245522499084473 3.578007698059082
other 0 1236 5 9.239258766174316 4.952949523925781 0.2925729751586914
subjects 0 1237 8 11.186144828796387 8.084111213684082 0
; 0 1238 1 6.7643842697143555 4.17203426361084 3.912076950073242
he 0 1239 2 2.8900556564331055 6.126341342926025 0
also 0 1240 4 4.634073734283447 7.647724628448486 0
felt 0 1241 4 4.3368024826049805 7.878770351409912 0
that 0 1242 4 0.5262202024459839 2.4635720252990723 5.41519832611084
the 0 1243 3 1.6930315494537354 4.583956241607666 0
guest 0 1244 5 11.294200897216797 7.824281692504883 0
appearance 0 1245 10 5.4486799240112305 6.93064022064209 0.893641471862793
by 0 1246 2 8.144436836242676 3.9760661125183105 2.9545741081237793
<unk> 0 1247 5 0.7709680199623108 3.8769657611846924 0.09910035133361816
felt 0 1248 4 9.95866870880127 4.6075968742370605 0
unnecessary 0 1249 11 12.283992767333984 5.3795342445373535 0
and 0 1250 3 2.5675978660583496 4.88736629486084 0.49216794967651367
contrived 0 1251 9 11.8932466506958 8.158097267150879 0
. 0 1252 1 1.746977686882019 4.811927318572998 3.346169948577881
<eos> 0 1253 5 0.06482794135808945 0.27480781078338623 4.537119507789612
<unk> 0 1254 5 2.6870005130767822 6.088098049163818 0
<unk> 0 1255 5 2.4153380393981934 7.457983493804932 0
and 0 1256 3 4.870741367340088 6.279597759246826 1.1783857345581055
<unk> 0 1257 5 0.45498350262641907 2.850365400314331 3.429232358932495
<unk> 0 1258 5 0.3592909872531891 2.8434948921203613 0.0068705081939697266
, 0 1259 1 2.999326467514038 6.852409362792969 0
in 0 1260 2 3.6097521781921387 6.717354774475098 0.1350545883178711
their 0 1261 5 1.6310793161392212 4.455183029174805 2.262171745300293
book 0 1262 4 0.4453965723514557 2.768198251724243 1.6869847774505615
<unk> 0 1263 5 8.666104316711426 0.28883931040763855 2.4793589413166046
to 0 1264 2 12.6347017288208 6.063780784606934 0
<unk> 0 1265 5 2.3609888553619385 7.0897674560546875 0
: 0 1266 1 1.7647579908370972 5.175625324249268 1.91414213180542
<unk> 0 1267 5 2.86149001121521 7.7219929695129395 0
<unk> 0 1268 5 2.7882418632507324 6.278308391571045 1.4436845779418945
<unk> 0 1269 5 2.0661211013793945 5.749044895172119 0.5292634963989258
to 0 1270 2 10.8232421875 5.735671520233154 0.013373374938964844
<unk> 0 1271 5 0.6311419606208801 3.7643797397613525 1.9712917804718018
<unk> 0 1272 5 1.2971261739730835 5.189647197723389 0
<unk> 0 1273 5 0.960891842842102 3.88051438331604 1.3091328144073486
<unk> 0 1274 5 1.8224382400512695 4.911789417266846 0
, 0 1275 1 2.0306475162506104 4.707656383514404 0.2041330337524414
<unk> 0 1276 5 3.355292320251465 7.160892486572266 0
& 0 1277 1 8.528144836425781 4.6995744705200195 2.461318016052246
<unk> 0 1278 5 0.2862369418144226 2.0358383655548096 2.66373610496521
<unk> 0 1279 5 3.357966661453247 4.859517574310303 0
<unk> 0 1280 5 1.9253512620925903 4.9925007820129395 0
, 0 1281 1 2.160710334777832 4.650308609008789 0.3421921730041504
rated 0 1282 5 6.8945393562316895 5.946029186248779 0
" 0 1283 1 5.828698635101318 1.897849202156067 4.048179984092712
... 0 1284 3 10.35424518585205 7.607006072998047 0
<unk> 0 1285 5 2.7719407081604004 6.720981597900391 0.8860244750976562
<unk> 0 1286 5 1.615389108657837 5.663266181945801 1.0577154159545898
<unk> 0 1287 5 2.2384133338928223 3.7245280742645264 1.9387381076812744
" 0 1288 1 0.8146253824234009 3.0582334995269775 0.6662945747375488
one 0 1289 3 6.60052490234375 5.595178127288818 0
star 0 1290 4 7.658143997192383 2.3067939281463623 3.288384199142456
out 0 1291 3 2.3973541259765625 4.179157257080078 0
of 0 1292 2 0.002149041509255767 0.023006409406661987 4.156150847673416
five 0 1293 4 0.7947415113449097 2.308039426803589 0
. 0 1294 1 1.3438998460769653 2.6444923877716064 0
<eos> 0 1295 5 0.06870219111442566 0.28491756319999695 2.3595748245716095
<unk> 0 1296 5 2.667847156524658 6.075666904449463 0
felt 0 1297 4 8.770503997802734 7.467510223388672 0
that 0 1298 4 0.7206264734268188 3.1259865760803223 4.34152364730835
the 0 1299 3 1.4237866401672363 4.760922431945801 0
episode 0 1300 7 4.000319004058838 8.735971450805664 0
had 0 1301 3 4.017309665679932 4.455387592315674 4.28058385848999
the 0 1302 3 5.495382308959961 5.444533824920654 0
potential 0 1303 9 4.408780574798584 7.522222518920898 0
to 0 1304 2 0.21173399686813354 1.35703444480896 6.1651880741119385
be 0 1305 2 3.47944974899292 8.351419448852539 0
much 0 1306 4 10.18355941772461 8.073832511901855 0.2775869369506836
better 0 1307 6 2.3452324867248535 3.8261094093322754 4.24772310256958
, 0 1308 1 3.8071882724761963 4.9223761558532715 0
but 0 1309 3 1.6690434217453003 4.650944232940674 0.27143192291259766
that 0 1310 4 2.7239933013916016 6.560257434844971 0
" 0 1311 1 3.2510788440704346 4.431150913238525 2.1291065216064453
the 0 1312 3 2.3440754413604736 6.469976425170898 0
whole 0 1313 5 6.968975067138672 9.483644485473633 0
concept 0 1314 7 8.40870475769043 7.7224931716918945 1.7611513137817383
drowns 0 1315 6 19.46245574951172 5.066499710083008 2.6559934616088867
in 0 1316 2 2.438282012939453 5.949645519256592 0
<unk> 0 1317 5 4.080673694610596 6.615077495574951 0
" 0 1318 1 3.0631349086761475 6.770221710205078 0
. 0 1319 1 0.8813725709915161 2.798441171646118 3.97178053855896
<eos> 0 1320 5 0.060191258788108826 0.25961655378341675 2.5388246178627014
<unk> 0 1321 5 2.6815013885498047 6.091567516326904 0
considered 0 1322 10 9.844058990478516 7.45721435546875 0
the 0 1323 3 1.8694088459014893 5.848072052001953 1.6091423034667969
episode 0 1324 7 5.067485332489014 9.230874061584473 0
's 0 1325 2 3.706526041030884 4.083621978759766 5.147252082824707
characters 0 1326 10 8.807451248168945 7.860771656036377 0
to 0 1327 2 2.4124226570129395 5.433590412139893 2.4271812438964844
too 0 1328 3 16.118276596069336 0.831358790397644 4.6022316217422485
shallow 0 1329 7 9.000378608703613 8.278700828552246 0
and 0 1330 3 2.20233416557312 5.365625381469727 2.9130754470825195
its 0 1331 3 10.97974967956543 9.901060104370117 0
commentary 0 1332 10 13.593036651611328 9.91669750213623 0
to 0 1333 2 5.265209197998047 5.223247051239014 4.693450450897217
be 0 1334 2 1.4601243734359741 6.068440914154053 0
too 0 1335 3 5.579151630401611 8.481939315795898 0
heavy 0 1336 5 8.707372665405273 8.57800006866455 0
<unk> 0 1337 5 7.063230037689209 3.563236713409424 5.014763355255127
handed 0 1338 6 4.61077356338501 7.421305179595947 0
to 0 1339 2 4.681718826293945 4.000707626342773 3.420597553253174
fully 0 1340 5 12.74955940246582 6.941048622131348 0
execute 0 1341 7 11.549965858459473 8.74934196472168 0
anything 0 1342 8 9.20250129699707 6.379502296447754 2.369839668273926
meaningful 0 1343 10 11.986312866210938 6.051395416259766 0.3281068801879883
; 0 1344 1 5.837810516357422 3.6536459922790527 2.397749423980713
criticism 0 1345 9 13.286572456359863 6.166797637939453 0
was 0 1346 3 2.566096782684326 4.917373180389404 1.2494244575500488
also 0 1347 4 5.176068305969238 7.987069606781006 0
levelled 0 1348 8 9.027665138244629 8.154236793518066 0
at 0 1349 2 3.8048479557037354 4.636999607086182 3.5172371864318848
the 0 1350 3 0.9260728359222412 4.312777519226074 0.3242220878601074
guest 0 1351 5 11.333039283752441 9.337594985961914 0
roles 0 1352 5 7.932672023773193 6.586475849151611 2.7511191368103027
by 0 1353 2 7.8903326988220215 3.761396884918213 2.8250789642333984
the 0 1354 3 2.879755973815918 5.4576802253723145 0
members 0 1355 7 10.3565092086792 8.106512069702148 0
of 0 1356 2 0.5055409669876099 2.0624330043792725 6.044079065322876
<unk> 0 1357 5 3.581829071044922 2.6173412799835205 0
. 0 1358 1 2.8211374282836914 4.297135829925537 0
<eos> 0 1359 5 0.06383183598518372 0.27118998765945435 4.025945842266083
=========================================================================================
| End of testing | test loss  3.42 | test ppl    30.47
=========================================================================================
