word sentid sentpos wlen surp entropy entred
= 0 0 1 5.7804718017578125 6.414806365966797 0
<unk> 0 1 5 3.4076271057128906 1.2797991037368774 5.135007262229919
<unk> 0 2 5 1.1077898740768433 5.199486255645752 0
<unk> 0 3 5 3.332108736038208 2.9034416675567627 2.2960445880889893
( 0 4 1 5.023178577423096 3.0254788398742676 0
<unk> 0 5 5 0.32423824071884155 2.654242753982544 0.37123608589172363
) 0 6 1 0.9206918478012085 2.620255470275879 0.03398728370666504
= 0 7 1 0.011571072973310947 0.112802654504776 2.507452815771103
<eos> 0 8 5 21.11155128479004 1.0679540634155273 0
= 0 9 1 11.978148460388184 1.2287460565567017 0
<unk> 0 10 5 0.22975631058216095 1.7845516204833984 0
<unk> 0 11 5 0.38334107398986816 2.6600215435028076 0
<unk> 0 12 5 1.4023629426956177 3.6202070713043213 0
( 0 13 1 1.1848063468933105 3.2622129917144775 0.35799407958984375
<unk> 0 14 5 0.5380553007125854 2.563117027282715 0.6990959644317627
) 0 15 1 3.3265860080718994 2.6855876445770264 0
= 0 16 1 5.448252201080322 3.4147706031799316 0
<eos> 0 17 5 18.640962600708008 1.9544233083724976 1.460347294807434
<unk> 0 18 5 1.061569094657898 4.710155010223389 0
<unk> 0 19 5 0.8481950163841248 4.123751640319824 0.5864033699035645
<unk> 0 20 5 1.583204984664917 4.161294460296631 0
was 0 21 3 4.421891212463379 4.01475191116333 0.14654254913330078
the 0 22 3 2.415159225463867 2.9859249591827393 1.0288269519805908
tenth 0 23 5 7.949620246887207 5.556605339050293 0
tropical 0 24 8 7.923591613769531 5.682700157165527 0
storm 0 25 5 2.19931697845459 2.3611061573028564 3.321593999862671
of 0 26 2 0.41984137892723083 1.9064385890960693 0.4546675682067871
the 0 27 3 0.19605199992656708 1.0152140855789185 0.8912245035171509
<unk> 0 28 5 0.7216033935546875 2.6424872875213623 0
<unk> 0 29 5 0.26626768708229065 1.4291605949401855 1.2133266925811768
hurricane 0 30 9 0.1317332684993744 0.6471508741378784 0.7820097208023071
season 0 31 6 0.004014846868813038 0.04053722321987152 0.6066136509180069
. 0 32 1 0.5805033445358276 1.7589364051818848 0
<eos> 0 33 5 0.04188670590519905 0.19672158360481262 1.5622148215770721
<unk> 0 34 5 2.676323890686035 6.0690531730651855 0
developed 0 35 9 10.727469444274902 7.4702534675598145 0
out 0 36 3 9.068634986877441 4.896475791931152 2.573777675628662
of 0 37 2 0.9343982338905334 4.113955020904541 0.7825207710266113
a 0 38 1 2.6759331226348877 6.254207611083984 0
strong 0 39 6 7.047408580780029 10.229043006896973 0
tropical 0 40 8 5.128734588623047 9.502692222595215 0.7263507843017578
wave 0 41 4 3.376990795135498 2.790764093399048 6.711928129196167
which 0 42 5 6.7271809577941895 5.052988052368164 0
moved 0 43 5 4.7417707443237305 6.805116653442383 0
off 0 44 3 5.528561115264893 5.58437967300415 1.2207369804382324
the 0 45 3 0.26657581329345703 1.576949119567871 4.007430553436279
<unk> 0 46 5 3.333887815475464 3.9602720737457275 0
coast 0 47 5 1.2956264019012451 3.900862693786621 0.059409379959106445
on 0 48 2 2.9460601806640625 4.210114002227783 0
<unk> 0 49 5 0.17722196877002716 0.8691189885139465 3.3409950137138367
<unk> 0 50 5 0.034440651535987854 0.22765618562698364 0.6414628028869629
. 0 51 1 0.9408552050590515 2.534118175506592 0
<eos> 0 52 5 0.07016894221305847 0.2923244535923004 2.2417937219142914
<unk> 0 53 5 2.6784234046936035 6.067342758178711 0
wave 0 54 4 18.11830711364746 7.450211524963379 0
quickly 0 55 7 11.780068397521973 10.00899600982666 0
became 0 56 6 3.9940452575683594 8.323404312133789 1.685591697692871
organized 0 57 9 9.78850269317627 6.664058208465576 1.659346103668213
and 0 58 3 4.716554164886475 4.5379319190979 2.126126289367676
was 0 59 3 4.820472717285156 8.38645076751709 0
declared 0 60 8 7.495741367340088 8.986828804016113 0
<unk> 0 61 5 4.943868160247803 5.053913116455078 3.932915687561035
<unk> 0 62 5 2.5099878311157227 5.525908470153809 0
<unk> 0 63 5 1.541367769241333 4.3022050857543945 1.223703384399414
while 0 64 5 11.154427528381348 4.628396987915039 0
located 0 65 7 5.721096515655518 6.368499755859375 0
<unk> 0 66 5 2.9242265224456787 5.093076229095459 1.275423526763916
mi 0 67 2 1.891666054725647 3.0955989360809326 1.9974772930145264
( 0 68 1 0.01814209669828415 0.16076192259788513 2.9348370134830475
<unk> 0 69 5 0.0012520061573013663 0.015450614504516125 0.145311308093369
km 0 70 2 0.12701396644115448 0.469921350479126 0
) 0 71 1 0.004265221767127514 0.03180433437228203 0.43811701610684395
to 0 72 2 6.4924163818359375 3.4169058799743652 0
the 0 73 3 0.18949460983276367 1.1130889654159546 2.3038169145584106
south 0 74 5 2.600484848022461 2.9680168628692627 0
<unk> 0 75 5 3.6626498699188232 1.4114389419555664 1.5565779209136963
southeast 0 76 9 2.3679726123809814 2.649996280670166 0
of 0 77 2 0.1333731859922409 0.6742461919784546 1.9757500886917114
the 0 78 3 2.804018974304199 1.4625439643859863 0
<unk> 0 79 5 1.5311380624771118 4.785649299621582 0
<unk> 0 80 5 4.0710768699646 4.410531044006348 0.3751182556152344
<unk> 0 81 5 2.3940534591674805 4.163025856018066 0.24750518798828125
on 0 82 2 7.122735977172852 4.897549152374268 0
<unk> 0 83 5 0.2753373682498932 1.2158620357513428 3.681687116622925
<unk> 0 84 5 0.05769266560673714 0.3753337860107422 0.8405282497406006
. 0 85 1 0.27699118852615356 1.2601147890090942 0
<eos> 0 86 5 0.06919209659099579 0.2888405919075012 0.971274197101593
<unk> 0 87 5 2.6781840324401855 6.074984073638916 0
depression 0 88 10 18.11910057067871 7.4417500495910645 0
was 0 89 3 2.6654958724975586 7.18719482421875 0.25455522537231445
quickly 0 90 7 8.986876487731934 8.740331649780273 0
upgraded 0 91 8 6.464245796203613 9.161746978759766 0
to 0 92 2 1.1880534887313843 3.4971508979797363 5.664596080780029
<unk> 0 93 5 6.592105865478516 2.7045228481292725 0.7926280498504639
<unk> 0 94 5 1.827967882156372 4.69636344909668 0
<unk> 0 95 5 1.7657774686813354 4.441950798034668 0.2544126510620117
around 0 96 6 12.80627155303955 4.785946369171143 0
noon 0 97 4 9.704303741455078 1.9586677551269531 2.8272786140441895
the 0 98 3 8.549315452575684 3.523555040359497 0
same 0 99 4 5.509702205657959 3.197056293487549 0.32649874687194824
day 0 100 3 0.20292028784751892 0.9657022356987 2.231354057788849
. 0 101 1 0.6970251202583313 2.287069797515869 0
<eos> 0 102 5 0.07164664566516876 0.29649391770362854 1.9905758798122406
<unk> 0 103 5 2.680957794189453 6.097838878631592 0
the 0 104 3 9.406890869140625 7.448056697845459 0
next 0 105 4 7.0594282150268555 9.489754676818848 0
several 0 106 7 10.838730812072754 5.335580825805664 4.154173851013184
days 0 107 4 3.9893109798431396 6.3382134437561035 0
, 0 108 1 1.9038960933685303 5.929130554199219 0.40908288955688477
<unk> 0 109 5 2.312720775604248 6.459664344787598 0
moved 0 110 5 6.982430934906006 8.581476211547852 0
in 0 111 2 6.056999206542969 4.579108238220215 4.002367973327637
a 0 112 1 4.777620315551758 4.731448173522949 0
general 0 113 7 10.768146514892578 9.38497543334961 0
west 0 114 4 10.664234161376953 7.665356159210205 1.7196192741394043
<unk> 0 115 5 1.3980579376220703 4.9977827072143555 2.6675734519958496
northwest 0 116 9 2.4693310260772705 5.736647129058838 0
direction 0 117 9 0.7743401527404785 3.547569990158081 2.189077138900757
and 0 118 3 3.9388182163238525 4.725643634796143 0
reached 0 119 7 5.9659929275512695 7.964827537536621 0
its 0 120 3 3.7437870502471924 4.349783897399902 3.6150436401367188
peak 0 121 4 0.18041926622390747 1.1738510131835938 3.1759328842163086
intensity 0 122 9 0.20690196752548218 1.2061935663223267 0
early 0 123 5 5.145561218261719 4.1443562507629395 0
on 0 124 2 0.19386987388134003 0.9734624624252319 3.1708937883377075
<unk> 0 125 5 0.10255388170480728 0.49590855836868286 0.4775539040565491
<unk> 0 126 5 0.00646665133535862 0.05296051502227783 0.44294804334640503
. 0 127 1 0.5238123536109924 1.8661549091339111 0
<eos> 0 128 5 0.07498729228973389 0.30729323625564575 1.5588616728782654
<unk> 0 129 5 2.668781280517578 6.083852767944336 0
wind 0 130 4 16.639257431030273 7.419488906860352 0
shear 0 131 5 2.674041271209717 6.977700710296631 0.4417881965637207
, 0 132 1 3.5978317260742188 7.386887550354004 0
some 0 133 4 13.493230819702148 6.395840167999268 0.9910473823547363
due 0 134 3 11.2003755569458 3.999772071838379 2.3960680961608887
to 0 135 2 0.07058989256620407 0.5903154611587524 3.4094566106796265
the 0 136 3 1.672672986984253 5.619083404541016 0
outflow 0 137 7 6.2770514488220215 8.00883674621582 0
of 0 138 2 1.4778138399124146 5.133044242858887 2.8757925033569336
<unk> 0 139 5 3.6968729496002197 4.32573938369751 0.807304859161377
<unk> 0 140 5 3.162523031234741 5.474754333496094 0
, 0 141 1 1.0010945796966553 4.369825839996338 1.1049284934997559
and 0 142 3 4.55787467956543 6.881251335144043 0
dry 0 143 3 9.41389274597168 5.528043746948242 1.3532075881958008
air 0 144 3 1.706153154373169 5.177671909332275 0.3503718376159668
caused 0 145 6 4.075928211212158 7.414463520050049 0
the 0 146 3 2.1661298274993896 5.969598770141602 1.4448647499084473
storm 0 147 5 1.7554254531860352 6.076570987701416 0
to 0 148 2 0.10119730234146118 0.7544682621955872 5.322102725505829
weaken 0 149 6 2.393423318862915 5.866167068481445 0
. 0 150 1 1.845739722251892 4.138071060180664 1.7280960083007812
<eos> 0 151 5 0.057084452360868454 0.25048983097076416 3.8875812292099
<unk> 0 152 5 2.7027058601379395 6.062106609344482 0
<unk> 0 153 5 2.4131174087524414 7.452407360076904 0
<unk> 0 154 5 2.716294050216675 6.295536518096924 1.1568708419799805
, 0 155 1 3.090121030807495 6.552003860473633 0
the 0 156 3 2.8061749935150146 5.981435298919678 0.5705685615539551
combination 0 157 11 15.94832706451416 8.590841293334961 0
of 0 158 2 0.20617970824241638 1.6513707637786865 6.939470529556274
wind 0 159 4 10.785400390625 7.759793281555176 0
shear 0 160 5 2.0522868633270264 5.2210869789123535 2.5387063026428223
, 0 161 1 2.974804639816284 1.5282790660858154 3.692807912826538
dry 0 162 3 11.08768081665039 2.431593179702759 0
air 0 163 3 2.352381467819214 6.07329797744751 0
, 0 164 1 0.8705321550369263 3.129081964492798 2.944216012954712
and 0 165 3 0.48610278964042664 3.352140426635742 0
cooling 0 166 7 9.764684677124023 7.822423934936523 0
waters 0 167 6 9.598248481750488 8.359034538269043 0
caused 0 168 6 4.7543487548828125 7.082643032073975 1.2763915061950684
<unk> 0 169 5 3.4668936729431152 6.2916083335876465 0.7910346984863281
to 0 170 2 0.8295727372169495 3.7568700313568115 2.534738302230835
weaken 0 171 6 2.4248082637786865 7.306209564208984 0
into 0 172 4 5.964734077453613 4.364055156707764 2.9421544075012207
a 0 173 1 0.38849636912345886 1.5388075113296509 2.825247645378113
tropical 0 174 8 0.890559196472168 3.2406938076019287 0
depression 0 175 10 1.6577422618865967 1.4697285890579224 1.7709652185440063
. 0 176 1 1.2599420547485352 3.503998041152954 0
<eos> 0 177 5 0.06062320992350578 0.26259857416152954 3.2413994669914246
<unk> 0 178 5 2.6863222122192383 6.0553717613220215 0
deteriorated 0 179 12 17.070505142211914 7.441563606262207 0
into 0 180 4 4.728894233703613 5.305114269256592 2.1364493370056152
a 0 181 1 0.45069918036460876 2.299304962158203 3.0058093070983887
remnant 0 182 7 5.993162155151367 6.2811737060546875 0
low 0 183 3 0.5172303915023804 2.197383403778076 4.083790302276611
shortly 0 184 7 10.35930061340332 4.9459099769592285 0
after 0 185 5 1.5238158702850342 1.9255952835083008 3.0203146934509277
as 0 186 2 13.87169361114502 3.723386287689209 0
convection 0 187 10 5.5743513107299805 5.095439434051514 0
continued 0 188 9 5.945349216461182 5.576430797576904 0
to 0 189 2 0.6707212924957275 3.1988682746887207 2.3775625228881836
dissipate 0 190 9 6.055271148681641 6.341695308685303 0
around 0 191 6 8.751385688781738 3.7859184741973877 2.555776834487915
the 0 192 3 0.7534436583518982 2.361067771911621 1.4248507022857666
storm 0 193 5 5.265781402587891 4.288386821746826 0
. 0 194 1 1.2995119094848633 3.1268200874328613 1.1615667343139648
<eos> 0 195 5 0.06762900203466415 0.2850865125656128 2.8417335748672485
<unk> 0 196 5 2.7002789974212646 6.0832743644714355 0
low 0 197 3 15.493246078491211 7.4428911209106445 0
ultimately 0 198 10 15.496935844421387 7.25905179977417 0.1838393211364746
dissipated 0 199 10 9.928167343139648 9.745125770568848 0
while 0 200 5 7.025383949279785 5.397885799407959 4.347239971160889
located 0 201 7 2.300368309020996 5.644741058349609 0
<unk> 0 202 5 2.948660373687744 3.886558771133423 1.7581822872161865
mi 0 203 2 1.1111592054367065 2.1428096294403076 1.7437491416931152
( 0 204 1 0.004567843396216631 0.045988067984580994 2.0968215614557266
<unk> 0 205 5 0.0010786157799884677 0.013281947001814842 0.03270612098276615
km 0 206 2 0.08701780438423157 0.3658634424209595 0
) 0 207 1 0.003516711061820388 0.02706737257540226 0.3387960698455572
east 0 208 4 2.2646536827087402 3.12406587600708 0
of 0 209 2 0.749505877494812 1.1698777675628662 1.9541881084442139
<unk> 0 210 5 0.5767417550086975 1.9751440286636353 0
on 0 211 2 4.425526142120361 3.5220954418182373 0
<unk> 0 212 5 0.3716889023780823 1.275350570678711 2.2467448711395264
<unk> 0 213 5 0.04649040848016739 0.32382071018218994 0.951529860496521
. 0 214 1 0.42170417308807373 1.568008542060852 0
<eos> 0 215 5 0.06890043616294861 0.28813499212265015 1.279873549938202
<unk> 0 216 5 2.675663471221924 6.066370010375977 0
, 0 217 1 4.527266025543213 7.439882755279541 0
the 0 218 3 3.945939779281616 5.966169834136963 1.4737129211425781
remnant 0 219 7 13.871294975280762 9.171710014343262 0
moisture 0 220 8 6.9228315353393555 7.602221965789795 1.5694880485534668
led 0 221 3 10.491477012634277 7.024838924407959 0.5773830413818359
to 0 222 2 1.170461654663086 3.564385175704956 3.460453748703003
minor 0 223 5 12.19139575958252 4.58179235458374 0
flooding 0 224 8 4.115257263183594 5.7249674797058105 0
on 0 225 2 4.774753093719482 3.98586368560791 1.7391037940979004
the 0 226 3 1.3872835636138916 2.5518546104431152 1.434009075164795
island 0 227 6 2.336944341659546 5.715277194976807 0
of 0 228 2 2.6603899002075195 3.2382490634918213 2.4770281314849854
<unk> 0 229 5 0.1363450139760971 0.9600721001625061 2.278176963329315
<unk> 0 230 5 5.4176435470581055 3.2504465579986572 0
. 0 231 1 2.05241060256958 3.934511423110962 0
<eos> 0 232 5 0.06679526716470718 0.2812735438346863 3.6532378792762756
= 0 233 1 3.8336541652679443 6.083550453186035 0
= 0 234 1 0.113959901034832 0.7737247943878174 5.309825658798218
<unk> 0 235 5 5.529611110687256 5.745598316192627 0
history 0 236 7 8.333874702453613 6.990211486816406 0
= 0 237 1 0.10915537923574448 0.657127857208252 6.333083629608154
= 0 238 1 2.201361166953575e-05 0.00037109083496034145 0.6567567663732916
<eos> 0 239 5 23.34979820251465 4.735139846801758 0
<unk> 0 240 5 2.570784330368042 5.4407734870910645 0
<unk> 0 241 5 1.6564351320266724 6.230356216430664 0
<unk> 0 242 5 2.6111106872558594 6.0533599853515625 0.17699623107910156
formed 0 243 6 10.878880500793457 5.705852031707764 0.34750795364379883
as 0 244 2 6.735942840576172 4.038339614868164 1.6675124168395996
a 0 245 1 0.8268085718154907 3.0791988372802734 0.9591407775878906
tropical 0 246 8 7.416608810424805 9.637243270874023 0
wave 0 247 4 4.265259265899658 2.730351209640503 6.9068920612335205
that 0 248 4 4.663354873657227 5.169596195220947 0
emerged 0 249 7 5.683356761932373 6.271033763885498 0
off 0 250 3 5.651098251342773 3.98280930519104 2.288224458694458
the 0 251 3 0.251289963722229 1.3283312320709229 2.654478073120117
west 0 252 4 4.314199924468994 2.842510461807251 0
coast 0 253 5 0.08728186041116714 0.4979914128780365 2.3445190489292145
of 0 254 2 0.02191188558936119 0.17649945616722107 0.32149195671081543
<unk> 0 255 5 0.1744288057088852 0.8856702446937561 0
near 0 256 4 7.482019901275635 2.262868881225586 0
the 0 257 3 2.9177944660186768 1.2040637731552124 1.0588051080703735
end 0 258 3 5.0528364181518555 5.134446144104004 0
of 0 259 2 0.012066436000168324 0.09877585619688034 5.035670287907124
<unk> 0 260 5 1.4367733001708984 1.7561097145080566 0
<unk> 0 261 5 1.6824085712432861 2.5026774406433105 0
. 0 262 1 0.4772339165210724 1.7914936542510986 0.7111837863922119
<eos> 0 263 5 0.0686115026473999 0.2868845760822296 1.504609078168869
<unk> 0 264 5 2.688720464706421 6.079343318939209 0
tracked 0 265 7 14.315385818481445 7.447302341461182 0
south 0 266 5 6.5315046310424805 6.435708999633789 1.0115933418273926
of 0 267 2 4.431222438812256 4.241756916046143 2.1939520835876465
<unk> 0 268 5 1.0234122276306152 2.559901714324951 1.6818552017211914
<unk> 0 269 5 3.5995335578918457 4.234691143035889 0
and 0 270 3 3.4199700355529785 4.728086948394775 0
slowly 0 271 6 7.381399154663086 6.8387556076049805 0
developed 0 272 9 5.852460861206055 4.086500644683838 2.7522549629211426
, 0 273 1 4.898279190063477 4.473661422729492 0
and 0 274 3 1.7131067514419556 5.382627964019775 0
on 0 275 2 4.664867401123047 6.717896938323975 0
<unk> 0 276 5 0.16224148869514465 0.8110492825508118 5.906847655773163
<unk> 0 277 5 0.014603525400161743 0.109406016767025 0.7016432657837868
the 0 278 3 2.651925802230835 3.620391607284546 0
disturbance 0 279 11 5.428462982177734 5.472509384155273 0
became 0 280 6 2.73384165763855 5.413496017456055 0.05901336669921875
<unk> 0 281 5 6.206130027770996 5.1627397537231445 0.25075626373291016
<unk> 0 282 5 2.4773988723754883 5.478853225708008 0
<unk> 0 283 5 3.3683063983917236 4.768167972564697 0.7106852531433105
while 0 284 5 7.108163833618164 4.100126266479492 0.6680417060852051
located 0 285 7 1.236200213432312 4.220038890838623 0
south 0 286 5 5.884150981903076 3.0782783031463623 1.1417605876922607
<unk> 0 287 5 5.5345916748046875 0.21908488869667053 2.8591934144496918
southeast 0 288 9 1.801263689994812 2.8045713901519775 0
of 0 289 2 0.19159136712551117 0.9298425912857056 1.874728798866272
the 0 290 3 3.0121233463287354 1.4812227487564087 0
<unk> 0 291 5 1.1152786016464233 4.0731658935546875 0
<unk> 0 292 5 3.8559610843658447 4.167128086090088 0
islands 0 293 7 4.76076602935791 3.7529690265655518 0.41415905952453613
. 0 294 1 0.36537089943885803 1.71384596824646 2.039123058319092
<eos> 0 295 5 0.06305582076311111 0.2694814205169678 1.4443645477294922
<unk> 0 296 5 2.687457323074341 6.056582450866699 0
the 0 297 3 9.42398738861084 7.437894821166992 0
depression 0 298 10 12.322123527526855 9.489534378051758 0
became 0 299 6 5.645397663116455 6.80010986328125 2.689424514770508
more 0 300 4 4.877586364746094 5.028763771057129 1.771346092224121
organized 0 301 9 1.8563532829284668 5.9639201164245605 0
, 0 302 1 2.2510766983032227 4.443640232086182 1.520279884338379
an 0 303 2 12.002262115478516 3.825758934020996 0.6178812980651855
eye 0 304 3 5.303843021392822 4.909958839416504 0
<unk> 0 305 5 3.375032901763916 6.813915252685547 0
like 0 306 4 2.35538911819458 6.880640506744385 0
feature 0 307 7 2.8470778465270996 5.782552719116211 1.0980877876281738
developed 0 308 9 5.9181294441223145 6.418696403503418 0
in 0 309 2 2.9501712322235107 4.859086513519287 1.5596098899841309
the 0 310 3 0.6441780924797058 2.869258403778076 1.989828109741211
upper 0 311 5 6.259340286254883 5.774834156036377 0
levels 0 312 6 11.582968711853027 2.3680648803710938 3.406769275665283
of 0 313 2 0.23152706027030945 1.2602344751358032 1.1078304052352905
the 0 314 3 0.6641833782196045 3.2276127338409424 0
system 0 315 6 3.076749086380005 5.7219648361206055 0
. 0 316 1 1.0623050928115845 3.5788025856018066 2.143162250518799
<eos> 0 317 5 0.06997349858283997 0.29325467348098755 3.285547912120819
<unk> 0 318 5 2.6903204917907715 6.0909247398376465 0
depression 0 319 10 18.149972915649414 7.436128616333008 0
was 0 320 3 2.666201591491699 7.185390949249268 0.25073766708374023
upgraded 0 321 8 8.565634727478027 8.746105194091797 0
to 0 322 2 0.8710935115814209 3.1223325729370117 5.623772621154785
<unk> 0 323 5 6.536243438720703 2.8983514308929443 0.22398114204406738
<unk> 0 324 5 1.8585971593856812 5.07108736038208 0
<unk> 0 325 5 1.7482573986053467 4.391380310058594 0.6797070503234863
six 0 326 3 13.336357116699219 4.973567008972168 0
hours 0 327 5 2.4709091186523438 3.2503185272216797 1.7232484817504883
after 0 328 5 3.0179266929626465 1.2308343648910522 2.0194841623306274
forming 0 329 7 9.129166603088379 4.060835838317871 0
. 0 330 1 2.1687839031219482 5.065457344055176 0
<eos> 0 331 5 0.0558682456612587 0.2471565306186676 4.818300813436508
<unk> 0 332 5 2.687037706375122 6.053602695465088 0
was 0 333 3 3.7326412200927734 7.423946380615234 0
located 0 334 7 10.639946937561035 8.60576057434082 0
in 0 335 2 1.5895847082138062 4.330810546875 4.27495002746582
an 0 336 2 5.977858066558838 3.3293213844299316 1.0014891624450684
area 0 337 4 1.5964173078536987 6.312844753265381 0
which 0 338 5 7.119406223297119 3.8375396728515625 2.4753050804138184
was 0 339 3 2.2598259449005127 7.410009860992432 0
supportive 0 340 10 15.886474609375 8.862977027893066 0
for 0 341 3 7.826503753662109 0.6800218820571899 8.182955145835876
rapid 0 342 5 12.82758617401123 5.782921314239502 0
intensification 0 343 15 3.47088623046875 7.757742404937744 0
but 0 344 3 8.60431957244873 3.468770980834961 4.288971424102783
was 0 345 3 2.9634013175964355 7.114055633544922 0
not 0 346 3 3.8051230907440186 8.58320140838623 0
forecast 0 347 8 7.514625072479248 8.450148582458496 0.13305282592773438
to 0 348 2 0.2860305905342102 1.438831090927124 7.011317491531372
intensify 0 349 9 3.8191401958465576 7.169024467468262 0
quickly 0 350 7 8.641676902770996 3.925784111022949 3.2432403564453125
. 0 351 1 0.5874074101448059 2.2773680686950684 1.6484160423278809
<eos> 0 352 5 0.06619268655776978 0.2790902256965637 1.9982778429985046
<unk> 0 353 5 2.69878888130188 6.064225196838379 0
continued 0 354 9 8.246214866638184 7.432718753814697 0
to 0 355 2 0.6925685405731201 3.353853702545166 4.078865051269531
intensify 0 356 9 6.960026264190674 8.218558311462402 0
throughout 0 357 10 6.8613152503967285 5.267332077026367 2.951226234436035
the 0 358 3 0.548019289970398 2.009779214859009 3.2575528621673584
afternoon 0 359 9 5.041718006134033 5.226684093475342 0
as 0 360 2 5.674434185028076 3.2888097763061523 1.9378743171691895
the 0 361 3 3.2644879817962646 2.9484474658966064 0.3403623104095459
storm 0 362 5 2.006086826324463 5.195620536804199 0
became 0 363 6 5.909312725067139 5.509772300720215 0
more 0 364 4 2.7239038944244385 5.248288631439209 0.26148366928100586
symmetrical 0 365 11 5.815337657928467 6.18192720413208 0
. 0 366 1 2.1123104095458984 3.6470961570739746 2.5348310470581055
<eos> 0 367 5 0.059577494859695435 0.2583920657634735 3.388704091310501
<unk> 0 368 5 2.677610397338867 6.065907001495361 0
, 0 369 1 4.532890319824219 7.436298847198486 0
due 0 370 3 12.015822410583496 5.949361324310303 1.4869375228881836
to 0 371 2 0.037805985659360886 0.3394467532634735 5.609914571046829
the 0 372 3 1.5754835605621338 5.120666980743408 0
location 0 373 8 9.07540512084961 10.548020362854004 0
of 0 374 2 0.5510572195053101 2.916785955429077 7.631234407424927
the 0 375 3 0.728674054145813 3.289228916168213 0
storm 0 376 5 6.327592372894287 9.85356330871582 0
, 0 377 1 0.4903404414653778 2.4374589920043945 7.416104316711426
there 0 378 5 10.996280670166016 7.18130350112915 0
was 0 379 3 1.5083842277526855 2.8467559814453125 4.334547519683838
a 0 380 1 2.5563747882843018 4.9457807540893555 0
lack 0 381 4 5.502627372741699 9.45236587524414 0
of 0 382 2 0.002638894598931074 0.02877144329249859 9.423594431951642
accurate 0 383 8 8.553555488586426 9.719109535217285 0
wind 0 384 4 7.652919769287109 8.951272010803223 0.7678375244140625
speed 0 385 5 3.99541974067688 5.590359210968018 3.360912799835205
readings 0 386 8 13.229155540466309 4.724623203277588 0.8657360076904297
, 0 387 1 2.7544052600860596 4.718533039093018 0.0060901641845703125
and 0 388 3 1.8677783012390137 5.76873779296875 0
the 0 389 3 2.226550579071045 7.072450637817383 0
<unk> 0 390 5 2.9567079544067383 9.612175941467285 0
<unk> 0 391 5 3.35361909866333 9.226683616638184 0.38549232482910156
<unk> 0 392 5 2.0865883827209473 7.863145351409912 1.3635382652282715
was 0 393 3 4.260801315307617 8.572507858276367 0
uncertain 0 394 9 12.502189636230469 8.7929105758667 0
of 0 395 2 5.565182685852051 3.9242119789123535 4.868698596954346
its 0 396 3 3.9194459915161133 4.585001468658447 0
actual 0 397 6 8.624406814575195 8.80521297454834 0
intensity 0 398 9 4.027947902679443 8.18161392211914 0.6235990524291992
. 0 399 1 0.5897930860519409 2.425896406173706 5.755717515945435
<eos> 0 400 5 0.06540561467409134 0.2766323387622833 2.1492640674114227
<unk> 0 401 5 2.692636013031006 6.090095043182373 0
the 0 402 3 9.390290260314941 7.4449143409729 0
lack 0 403 4 12.405049324035645 9.496668815612793 0
of 0 404 2 0.013106416910886765 0.1326158195734024 9.36405299603939
wind 0 405 4 10.382908821105957 10.051401138305664 0
shear 0 406 5 0.8275130987167358 3.6390576362609863 6.412343502044678
around 0 407 6 8.079835891723633 5.424514293670654 0
the 0 408 3 0.4877317249774933 2.1811141967773438 3.2434000968933105
storm 0 409 5 2.627835750579834 4.883666038513184 0
, 0 410 1 1.2229204177856445 3.4751453399658203 1.4085206985473633
the 0 411 3 6.7687859535217285 4.742951393127441 0
center 0 412 6 6.350189685821533 7.778952121734619 0
became 0 413 6 4.658836841583252 4.675844669342041 3.103107452392578
slightly 0 414 8 8.102641105651855 5.890544891357422 0
exposed 0 415 7 7.196675777435303 5.575838565826416 0.31470632553100586
and 0 416 3 4.61713171005249 3.5647785663604736 2.0110599994659424
ceased 0 417 6 15.198716163635254 7.608605861663818 0
further 0 418 7 9.286131858825684 2.828834295272827 4.779771566390991
intensification 0 419 15 3.82344126701355 5.505111217498779 0
. 0 420 1 0.8267247080802917 2.900203227996826 2.604907989501953
<eos> 0 421 5 0.0658460333943367 0.27884742617607117 2.621355801820755
<unk> 0 422 5 2.704073429107666 6.089994430541992 0
storm 0 423 5 14.507862091064453 7.438344955444336 0
was 0 424 3 3.191941499710083 7.241417407989502 0.19692754745483398
also 0 425 4 4.330389499664307 7.842195510864258 0
heading 0 426 7 14.199978828430176 7.538968086242676 0.30322742462158203
into 0 427 4 3.716141939163208 5.450068950653076 2.0888991355895996
an 0 428 2 5.211774826049805 3.800157308578491 1.649911642074585
area 0 429 4 1.897596001625061 5.088502883911133 0
where 0 430 5 6.33516263961792 2.0662169456481934 3.0222859382629395
shear 0 431 5 11.124338150024414 5.336341381072998 0
was 0 432 3 3.647937774658203 6.862767696380615 0
<unk> 0 433 5 7.041049480438232 8.143800735473633 0
to 0 434 2 4.486269474029541 4.780248641967773 3.3635520935058594
significantly 0 435 13 13.482402801513672 3.1081199645996094 1.672128677368164
increase 0 436 8 5.443144798278809 6.019835472106934 0
due 0 437 3 7.214318752288818 4.315266132354736 1.7045693397521973
to 0 438 2 0.019762756302952766 0.18938300013542175 4.125883132219315
an 0 439 2 5.237199306488037 5.879563331604004 0
upper 0 440 5 3.6313626766204834 5.3261027336120605 0.5534605979919434
<unk> 0 441 5 0.7119118571281433 2.9990930557250977 2.327009677886963
level 0 442 5 0.027668463066220284 0.22869980335235596 2.7703932523727417
trough 0 443 6 1.3853298425674438 3.1743853092193604 0
diving 0 444 6 22.807907104492188 3.090219259262085 0.08416604995727539
southward 0 445 9 9.662066459655762 6.459447383880615 0
. 0 446 1 1.064022183418274 3.5853335857391357 2.8741137981414795
<eos> 0 447 5 0.0629318505525589 0.26911112666130066 3.316222459077835
<unk> 0 448 5 2.6904072761535645 6.084312438964844 0
convection 0 449 10 18.094554901123047 7.442574501037598 0
being 0 450 5 12.617244720458984 7.282365322113037 0.16020917892456055
partially 0 451 9 9.539321899414062 8.142462730407715 0
removed 0 452 7 8.106245040893555 6.681529998779297 1.460932731628418
from 0 453 4 1.0286928415298462 3.4602701663970947 3.221259832382202
the 0 454 3 0.39261576533317566 2.121384620666504 1.3388855457305908
center 0 455 6 3.0179555416107178 6.036965370178223 0
of 0 456 2 1.9103667736053467 5.450883388519287 0.5860819816589355
<unk> 0 457 5 4.162194728851318 2.9171762466430664 2.5337071418762207
, 0 458 1 2.446509599685669 6.432572364807129 0
the 0 459 3 3.8141844272613525 6.167783260345459 0.2647891044616699
storm 0 460 5 3.913198232650757 6.812150478363037 0
intensified 0 461 11 5.210976600646973 6.184054374694824 0.6280961036682129
slightly 0 462 8 5.521143913269043 2.9873878955841064 3.1966664791107178
in 0 463 2 6.986735820770264 4.29069185256958 0
the 0 464 3 1.4466631412506104 3.8284788131713867 0.46221303939819336
early 0 465 5 5.5199360847473145 5.8039093017578125 0
morning 0 466 7 3.2138853073120117 3.711413860321045 2.0924954414367676
hours 0 467 5 1.3669182062149048 3.2276902198791504 0.48372364044189453
on 0 468 2 6.214121341705322 3.094294786453247 0.13339543342590332
<unk> 0 469 5 0.2627509534358978 1.1303949356079102 1.963899850845337
<unk> 0 470 5 0.04568134993314743 0.2923206388950348 0.8380742967128754
as 0 471 2 5.171713352203369 2.4705653190612793 0
thunderstorm 0 472 12 14.18836498260498 2.407148599624634 0.06341671943664551
activity 0 473 8 0.08312690258026123 0.6700019836425781 1.7371466159820557
to 0 474 2 7.800497531890869 5.635543346405029 0
the 0 475 3 0.6202878952026367 2.970731258392334 2.6648120880126953
south 0 476 5 2.57650089263916 3.319998264312744 0
of 0 477 2 1.2152295112609863 3.191765546798706 0.12823271751403809
the 0 478 3 1.133505940437317 1.9985945224761963 1.1931710243225098
center 0 479 6 3.9266955852508545 5.5218825340271 0
became 0 480 6 4.968573093414307 3.7522382736206055 1.7696442604064941
more 0 481 4 3.488438367843628 5.9777069091796875 0
organized 0 482 9 3.454585313796997 5.98692512512207 0
. 0 483 1 0.686095118522644 2.558621406555176 3.4283037185668945
<eos> 0 484 5 0.06867201626300812 0.2871592938899994 2.2714621126651764
<unk> 0 485 5 2.683464527130127 6.064216136932373 0
intensification 0 486 15 20.285085678100586 7.437056064605713 0
was 0 487 3 2.776007652282715 5.997755527496338 1.439300537109375
forecast 0 488 8 6.445691108703613 7.940504550933838 0
to 0 489 2 1.0725966691970825 3.253309726715088 4.68719482421875
be 0 490 2 4.612292766571045 6.917247295379639 0
short 0 491 5 12.451143264770508 7.25419807434082 0
in 0 492 2 6.798928260803223 3.0531091690063477 4.201088905334473
duration 0 493 8 7.813953399658203 4.99519681930542 0
as 0 494 2 6.511234283447266 3.1132125854492188 1.8819842338562012
the 0 495 3 2.3926777839660645 4.796539306640625 0
trough 0 496 6 8.428388595581055 4.776738166809082 0.01980113983154297
to 0 497 2 9.390971183776855 6.38199520111084 0
the 0 498 3 0.9512236714363098 4.174671649932861 2.2073235511779785
north 0 499 5 2.3865249156951904 3.2669644355773926 0.9077072143554688
was 0 500 3 3.2342920303344727 5.687817096710205 0
deepening 0 501 9 11.397405624389648 7.847745895385742 0
, 0 502 1 2.89996600151062 4.87347412109375 2.974271774291992
causing 0 503 7 5.345837116241455 4.825312614440918 0.04816150665283203
the 0 504 3 2.1589696407318115 5.563549518585205 0
wind 0 505 4 9.654106140136719 5.683656692504883 0
shear 0 506 5 2.396784782409668 3.3197648525238037 2.363891839981079
to 0 507 2 0.8770290017127991 3.4284582138061523 0
the 0 508 3 7.259814262390137 6.141635417938232 0
west 0 509 4 3.148242950439453 5.7664666175842285 0.3751688003540039
to 0 510 2 6.365351676940918 3.1037886142730713 2.6626780033111572
become 0 511 6 4.439898490905762 5.26904296875 0
stronger 0 512 8 7.669253826141357 3.687932252883911 1.5811107158660889
. 0 513 1 0.8223384618759155 3.1715333461761475 0.5163989067077637
<eos> 0 514 5 0.05992433428764343 0.25820600986480713 2.9133273363113403
<unk> 0 515 5 2.65937876701355 6.046760082244873 0
reached 0 516 7 10.448287010192871 7.454249382019043 0
its 0 517 3 4.2804155349731445 3.6112961769104004 3.8429532051086426
peak 0 518 4 0.8566305041313171 4.060111999511719 0
intensity 0 519 9 1.1765236854553223 3.6397273540496826 0.42038464546203613
of 0 520 2 2.234192132949829 4.002532958984375 0
<unk> 0 521 5 0.11495058983564377 0.7372671365737915 3.2652658224105835
mph 0 522 3 0.3089607059955597 1.0624721050262451 0
( 0 523 1 0.000963125261478126 0.010741676203906536 1.0517304288223386
<unk> 0 524 5 0.0006851881043985486 0.008781141601502895 0.0019605346024036407
km 0 525 2 0.0027104786131531 0.02327551133930683 0
/ 0 526 1 4.402688500704244e-05 0.0005842787213623524 0.02269123261794448
h 0 527 1 6.053662218619138e-05 0.0007087383419275284 0
) 0 528 1 0.0016731085488572717 0.013925258070230484 0
around 0 529 6 10.278547286987305 3.923563241958618 0
<unk> 0 530 5 0.5305431485176086 1.5408380031585693 2.382725238800049
a.m. 0 531 4 9.578547477722168 2.1395833492279053 0
( 0 532 1 3.763047933578491 2.722064733505249 0
<unk> 0 533 5 0.09605977684259415 0.8369418978691101 1.885122835636139
) 0 534 1 1.716876745223999 2.7314703464508057 0
as 0 535 2 7.462665557861328 4.24153470993042 0
it 0 536 2 2.298173666000366 3.991612434387207 0.2499222755432129
continued 0 537 9 6.624722003936768 5.124488830566406 0
to 0 538 2 0.9994476437568665 3.8568949699401855 1.2675938606262207
become 0 539 6 6.507749080657959 5.881050109863281 0
more 0 540 4 4.732827663421631 4.085610866546631 1.7954392433166504
organized 0 541 9 2.02805233001709 6.205201625823975 0
. 0 542 1 1.2581948041915894 3.6711344718933105 2.534067153930664
<eos> 0 543 5 0.06465166062116623 0.274769127368927 3.3963653445243835
<unk> 0 544 5 2.6918106079101562 6.081905841827393 0
, 0 545 1 4.530558109283447 7.435757160186768 0
there 0 546 5 10.756738662719727 5.955687046051025 1.4800701141357422
were 0 547 4 2.9928834438323975 3.748849391937256 2.2068376541137695
indications 0 548 11 10.803779602050781 7.286929607391357 0
that 0 549 4 0.8650672435760498 1.8781710863113403 5.408758521080017
it 0 550 2 5.185377597808838 5.089976787567139 0
had 0 551 3 3.5520553588867188 4.147430896759033 0.9425458908081055
already 0 552 7 6.605597496032715 6.050729274749756 0
begun 0 553 5 6.416669845581055 4.144932270050049 1.905797004699707
to 0 554 2 1.0952502489089966 5.20334005355835 0
weaken 0 555 6 5.782871246337891 7.899137020111084 0
. 0 556 1 2.998694896697998 4.793583393096924 3.10555362701416
<eos> 0 557 5 0.06054339185357094 0.26180338859558105 4.531780004501343
<unk> 0 558 5 2.698429822921753 6.075625419616699 0
towards 0 559 7 16.46192169189453 7.454080104827881 0
the 0 560 3 1.2131946086883545 3.510650634765625 3.943429470062256
north 0 561 5 6.117208480834961 7.1563873291015625 0
was 0 562 3 6.282861709594727 4.373034954071045 2.7833523750305176
becoming 0 563 8 11.569680213928223 8.272644996643066 0
restricted 0 564 10 12.485433578491211 6.485750675201416 1.7868943214416504
and 0 565 3 4.709415912628174 3.243941307067871 3.241809368133545
arc 0 566 3 21.534530639648438 9.236510276794434 0
clouds 0 567 6 13.19834041595459 8.883343696594238 0.3531665802001953
began 0 568 5 5.473767280578613 7.122841835021973 1.7605018615722656
emanating 0 569 9 18.126953125 3.14542293548584 3.977418899536133
from 0 570 4 0.9557364583015442 4.18569278717041 0
the 0 571 3 0.9613127708435059 4.376266956329346 0
storm 0 572 5 5.6369805335998535 8.476430892944336 0
, 0 573 1 2.7467432022094727 3.771824836730957 4.704606056213379
a 0 574 1 8.021866798400879 5.97705602645874 0
sign 0 575 4 9.86548900604248 8.686725616455078 0
that 0 576 4 2.3004095554351807 4.631134510040283 4.055591106414795
dry 0 577 3 13.099371910095215 6.653803825378418 0
air 0 578 3 2.8908040523529053 5.920276641845703 0.7335271835327148
was 0 579 3 3.244954824447632 7.667227268218994 0
entering 0 580 8 11.616398811340332 8.899508476257324 0
the 0 581 3 1.065971851348877 4.309980869293213 4.589527606964111
system 0 582 6 5.556429386138916 7.317638874053955 0
. 0 583 1 0.9060815572738647 3.503667116165161 3.813971757888794
<eos> 0 584 5 0.06297877430915833 0.26981624960899353 3.2338508665561676
<unk> 0 585 5 2.6918792724609375 6.091015338897705 0
the 0 586 3 9.39985179901123 7.45795202255249 0
afternoon 0 587 9 15.578479766845703 9.499677658081055 0
hours 0 588 5 9.184162139892578 7.062963485717773 2.4367141723632812
, 0 589 1 2.637269973754883 6.015527248382568 1.047436237335205
the 0 590 3 3.6334266662597656 7.072993278503418 0
structure 0 591 9 13.1898832321167 9.535493850708008 0
of 0 592 2 1.27957022190094 5.333022594451904 4.2024712562561035
<unk> 0 593 5 3.259510040283203 3.4290809631347656 1.9039416313171387
began 0 594 5 8.615537643432617 7.0087127685546875 0
to 0 595 2 1.3017656803131104 5.016414165496826 1.9922986030578613
rapidly 0 596 7 7.969029426574707 8.214670181274414 0
deteriorate 0 597 11 3.1567938327789307 6.018928527832031 2.195741653442383
as 0 598 2 4.69081449508667 3.721885919570923 2.2970426082611084
strong 0 599 6 9.702476501464844 2.9347381591796875 0.7871477603912354
wind 0 600 4 3.3378710746765137 4.3728203773498535 0
shear 0 601 5 0.006328989285975695 0.05819309502840042 4.314627282321453
and 0 602 3 5.216732025146484 5.815133571624756 0
dry 0 603 3 5.839025497436523 7.864871025085449 0
air 0 604 3 0.795701801776886 3.5307490825653076 4.334121942520142
took 0 605 4 11.05386734008789 6.642351150512695 0
their 0 606 5 7.998258113861084 5.105714797973633 1.5366363525390625
toll 0 607 4 0.9781849980354309 5.112643718719482 0
. 0 608 1 1.5112321376800537 4.282721042633057 0.8299226760864258
<eos> 0 609 5 0.06062320992350578 0.2614354193210602 4.0212856233119965
<unk> 0 610 5 2.6854801177978516 6.077510356903076 0
the 0 611 3 9.423030853271484 7.446933746337891 0
late 0 612 4 12.119807243347168 9.500046730041504 0
night 0 613 5 6.883088111877441 6.583794593811035 2.9162521362304688
, 0 614 1 4.059825420379639 7.34538459777832 0
the 0 615 3 4.737278461456299 7.3034772872924805 0.041907310485839844
center 0 616 6 11.54690170288086 9.439193725585938 0
was 0 617 3 5.177306652069092 4.44365930557251 4.995534420013428
almost 0 618 6 9.498578071594238 9.344935417175293 0
completely 0 619 10 3.1084280014038086 7.7468647956848145 1.5980706214904785
exposed 0 620 7 8.598623275756836 7.658776760101318 0.0880880355834961
and 0 621 3 4.144454479217529 3.656675100326538 4.00210165977478
only 0 622 4 7.621158123016357 8.55587387084961 0
a 0 623 1 4.479496955871582 8.2216796875 0.3341941833496094
band 0 624 4 12.105677604675293 5.807906627655029 2.4137730598449707
of 0 625 2 1.6417105197906494 6.8612961769104 0
convection 0 626 10 7.416994094848633 9.718976020812988 0
persisted 0 627 9 4.94801664352417 7.047305583953857 2.671670436859131
near 0 628 4 5.85249662399292 4.799586772918701 2.2477188110351562
the 0 629 3 0.4175490438938141 2.0389719009399414 2.7606148719787598
center 0 630 6 1.1690499782562256 4.713632106781006 0
. 0 631 1 1.091878056526184 2.8703131675720215 1.8433189392089844
<eos> 0 632 5 0.06219983473420143 0.2686283588409424 2.601684808731079
<unk> 0 633 5 2.6902034282684326 6.092288494110107 0
continuing 0 634 10 17.865238189697266 7.437319755554199 0
effects 0 635 7 18.255165100097656 4.447844982147217 2.9894747734069824
from 0 636 4 4.470972537994385 6.126119136810303 0
the 0 637 3 1.495903730392456 5.602717876434326 0.5234012603759766
strong 0 638 6 11.453008651733398 9.196067810058594 0
wind 0 639 4 5.046950817108154 5.153702259063721 4.042365550994873
shear 0 640 5 0.6638392806053162 3.408890724182129 1.7448115348815918
, 0 641 1 3.6726908683776855 6.819788455963135 0
a 0 642 1 6.445926189422607 6.718454837799072 0.1013336181640625
large 0 643 5 4.927492618560791 8.119647026062012 0
, 0 644 1 6.119429111480713 7.438087463378906 0.6815595626831055
deep 0 645 4 6.435487747192383 7.773026943206787 0
burst 0 646 5 12.744843482971191 6.579014778137207 1.19401216506958
of 0 647 2 0.6783905029296875 3.723749876022339 2.855264902114868
convection 0 648 10 2.275541067123413 6.37333869934082 0
formed 0 649 6 4.136295795440674 6.731417655944824 0
in 0 650 2 3.7025084495544434 5.78730583190918 0.9441118240356445
the 0 651 3 0.5489218235015869 2.525400400161743 3.2619054317474365
northern 0 652 8 5.012716293334961 5.907596588134766 0
semicircle 0 653 10 3.6881885528564453 3.6246161460876465 2.282980442047119
of 0 654 2 0.6492276787757874 2.448887825012207 1.1757283210754395
<unk> 0 655 5 3.0590760707855225 1.5050128698349 0.9438749551773071
. 0 656 1 2.321479558944702 4.097353935241699 0
<eos> 0 657 5 0.06842420995235443 0.2890479564666748 3.8083059787750244
<unk> 0 658 5 2.6927144527435303 6.0838141441345215 0
center 0 659 6 13.878028869628906 7.437140464782715 0
was 0 660 3 2.796872615814209 6.576199531555176 0.8609409332275391
found 0 661 5 9.430171966552734 8.070564270019531 0
to 0 662 2 2.259930372238159 4.4242353439331055 3.646328926086426
have 0 663 4 2.559302806854248 2.929213047027588 1.4950222969055176
shifted 0 664 7 12.993110656738281 6.607173919677734 0
towards 0 665 7 7.2879862785339355 5.368629455566406 1.2385444641113281
the 0 666 3 0.9454931020736694 3.625516176223755 1.7431132793426514
new 0 667 3 7.177379608154297 8.133957862854004 0
convection 0 668 10 13.949589729309082 7.793667793273926 0.3402900695800781
leading 0 669 7 10.890172958374023 4.873001575469971 2.920666217803955
to 0 670 2 0.7257887125015259 3.1089303493499756 1.7640712261199951
an 0 671 2 3.981419086456299 5.100187301635742 0
increase 0 672 8 3.0921971797943115 7.647197246551514 0
in 0 673 2 0.3597794473171234 1.4937084913253784 6.153488755226135
intensity 0 674 9 6.096622467041016 6.691446781158447 0
. 0 675 1 1.8330790996551514 4.631379127502441 2.060067653656006
<eos> 0 676 5 0.06238151341676712 0.26737478375434875 4.364004343748093
<unk> 0 677 5 2.697521686553955 6.086358070373535 0
forecast 0 678 8 17.593307495117188 7.448787212371826 0
showed 0 679 6 16.729408264160156 5.542773723602295 1.9060134887695312
a 0 680 1 3.2931692600250244 5.312678813934326 0.23009490966796875
slight 0 681 6 7.81465482711792 7.9995341300964355 0
decrease 0 682 8 3.4464855194091797 5.546520233154297 2.4530138969421387
in 0 683 2 0.3805219829082489 1.7285693883895874 3.8179508447647095
wind 0 684 4 2.9452016353607178 6.135977745056152 0
shear 0 685 5 0.07182550430297852 0.41608351469039917 5.719894230365753
as 0 686 2 5.7548933029174805 4.2172675132751465 0
<unk> 0 687 5 5.062525272369385 3.308417797088623 0.9088497161865234
continued 0 688 9 5.287211894989014 6.6282525062561035 0
westward 0 689 8 6.67125940322876 2.2326667308807373 4.395585775375366
and 0 690 3 2.694918632507324 3.9727365970611572 0
no 0 691 2 10.555211067199707 7.613738059997559 0
change 0 692 6 11.003719329833984 6.2017741203308105 1.411963939666748
in 0 693 2 1.9753693342208862 4.664981365203857 1.5367927551269531
intensity 0 694 9 4.334619045257568 5.791258335113525 0
over 0 695 4 6.8740034103393555 4.838057518005371 0.9532008171081543
the 0 696 3 0.8349661231040955 3.229508399963379 1.6085491180419922
<unk> 0 697 5 2.8143157958984375 6.305294036865234 0
<unk> 0 698 5 3.507472038269043 4.967663288116455 1.3376307487487793
day 0 699 3 8.279230117797852 5.361858367919922 0
forecast 0 700 8 11.852958679199219 5.657556533813477 0
was 0 701 3 5.409196853637695 3.6574008464813232 2.0001556873321533
predicted 0 702 9 5.903435230255127 7.460965633392334 0
. 0 703 1 1.7712589502334595 2.895256996154785 4.565708637237549
<eos> 0 704 5 0.07077428698539734 0.29286685585975647 2.6023901402950287
<unk> 0 705 5 2.68288254737854 6.071284294128418 0
, 0 706 1 4.541329860687256 7.436140537261963 0
the 0 707 3 3.9480667114257812 5.942412853240967 1.493727684020996
convection 0 708 10 17.01182746887207 9.163347244262695 0
decreased 0 709 9 9.408527374267578 7.520684719085693 1.642662525177002
once 0 710 4 10.346708297729492 5.309191703796387 2.2114930152893066
more 0 711 4 2.9321651458740234 4.524142742156982 0.7850489616394043
and 0 712 3 4.740934371948242 3.8457579612731934 0.6783847808837891
the 0 713 3 2.966926336288452 7.047721862792969 0
low 0 714 3 5.4573974609375 6.527764797210693 0.5199570655822754
became 0 715 6 5.074033260345459 5.988251686096191 0.539513111114502
completely 0 716 10 12.135577201843262 5.327521324157715 0.6607303619384766
exposed 0 717 7 2.711214303970337 5.765665054321289 0
by 0 718 2 6.180534839630127 3.284233570098877 2.481431484222412
the 0 719 3 1.3826470375061035 4.762024879455566 0
late 0 720 4 7.820511817932129 6.482728004455566 0
morning 0 721 7 5.65597677230835 3.7879226207733154 2.694805383682251
hours 0 722 5 2.0870232582092285 4.522676944732666 0
and 0 723 3 5.209339141845703 3.4448747634887695 1.0778021812438965
<unk> 0 724 5 2.7502737045288086 6.823073387145996 0
weakened 0 725 8 6.411243438720703 5.008244514465332 1.814828872680664
again 0 726 5 7.658725738525391 4.247715473175049 0.7605290412902832
. 0 727 1 0.8149281144142151 2.941753625869751 1.3059618473052979
<eos> 0 728 5 0.06320447474718094 0.270040899515152 2.671712726354599
<unk> 0 729 5 2.692924976348877 6.064236164093018 0
the 0 730 3 9.357895851135254 7.436060428619385 0
afternoon 0 731 9 15.554950714111328 9.484504699707031 0
, 0 732 1 3.12003231048584 7.05631685256958 2.428187847137451
the 0 733 3 4.482583522796631 7.674256801605225 0
center 0 734 6 10.786626815795898 9.804859161376953 0
of 0 735 2 1.3868831396102905 6.172117710113525 3.6327414512634277
<unk> 0 736 5 2.814326763153076 4.567568778991699 1.6045489311218262
was 0 737 3 4.284939289093018 7.999566078186035 0
only 0 738 4 9.551301002502441 9.62940502166748 0
a 0 739 1 3.6731159687042236 8.495573997497559 1.1338310241699219
swirl 0 740 5 11.46889877319336 7.991872310638428 0.5037016868591309
of 0 741 2 0.17164136469364166 1.1862165927886963 6.8056557178497314
clouds 0 742 6 2.713653802871704 8.110464096069336 0
, 0 743 1 1.999346375465393 5.150999069213867 2.9594650268554688
devoid 0 744 6 13.140803337097168 5.109422206878662 0.04157686233520508
of 0 745 2 0.008959590457379818 0.09491641819477081 5.014505788683891
convection 0 746 10 2.5816962718963623 6.323690414428711 0
. 0 747 1 1.920303225517273 4.550973415374756 1.772716999053955
<eos> 0 748 5 0.06870776414871216 0.28868910670280457 4.262284308671951
<unk> 0 749 5 2.695629835128784 6.1044135093688965 0
the 0 750 3 9.372836112976074 7.432124137878418 0
overnight 0 751 9 18.876453399658203 9.484944343566895 0
hours 0 752 5 9.685453414916992 10.727413177490234 0
on 0 753 2 5.443127155303955 5.55261754989624 5.174795627593994
<unk> 0 754 5 1.1597354412078857 3.804320812225342 1.7482967376708984
<unk> 0 755 5 0.7573084235191345 3.2102198600769043 0.5941009521484375
into 0 756 4 11.697602272033691 3.221987009048462 0
the 0 757 3 1.2258414030075073 3.6234383583068848 0
morning 0 758 7 6.426738739013672 8.26247501373291 0
of 0 759 2 1.299660563468933 3.6176555156707764 4.644819498062134
<unk> 0 760 5 0.2817680537700653 1.6128867864608765 2.0047687292099
<unk> 0 761 5 0.20984910428524017 0.9950615763664246 0.6178252100944519
, 0 762 1 0.8547015190124512 2.633836269378662 0
convection 0 763 10 14.155669212341309 4.153954029083252 0
associated 0 764 10 7.057170391082764 6.6531476974487305 0
with 0 765 4 0.0041717649437487125 0.045055046677589417 6.608092650771141
<unk> 0 766 5 3.0998950004577637 4.114964962005615 0
began 0 767 5 4.45212984085083 6.8217949867248535 0
to 0 768 2 0.45092201232910156 2.5285425186157227 4.293252468109131
redevelop 0 769 9 8.059226989746094 5.813961505889893 0
somewhat 0 770 8 10.359651565551758 4.337470054626465 1.4764914512634277
, 0 771 1 4.1043548583984375 6.175881385803223 0
mostly 0 772 6 12.709135055541992 5.569034099578857 0.6068472862243652
to 0 773 2 3.165029525756836 5.872690200805664 0
the 0 774 3 1.2976998090744019 5.335134029388428 0.5375561714172363
north 0 775 5 2.3027045726776123 3.9551427364349365 1.3799912929534912
of 0 776 2 0.8312734365463257 2.490046977996826 1.4650957584381104
the 0 777 3 1.0127850770950317 2.1368391513824463 0.3532078266143799
circulation 0 778 11 6.804440021514893 5.919135093688965 0
, 0 779 1 2.7431368827819824 2.9810609817504883 2.9380741119384766
due 0 780 3 6.203663349151611 4.407951831817627 0
to 0 781 2 0.01214608084410429 0.12507303059101105 4.282878801226616
the 0 782 3 1.851953148841858 4.841663360595703 0
strong 0 783 6 5.316091060638428 7.56613302230835 0
southerly 0 784 9 6.777850151062012 5.0456624031066895 2.52047061920166
wind 0 785 4 1.3478375673294067 4.388803482055664 0.6568589210510254
shear 0 786 5 0.18246391415596008 1.2691856622695923 3.1196178197860718
. 0 787 1 1.0450876951217651 4.022504806518555 0
<eos> 0 788 5 0.06491590291261673 0.27741339802742004 3.7450914084911346
<unk> 0 789 5 2.7027885913848877 6.116410255432129 0
mid 0 790 3 17.767690658569336 7.4235758781433105 0
<unk> 0 791 5 0.07088989019393921 0.6788198947906494 6.744755983352661
morning 0 792 7 7.95154333114624 6.785228729248047 0
, 0 793 1 2.6118509769439697 6.9933366775512695 0
<unk> 0 794 5 2.1623942852020264 6.4914045333862305 0.5019321441650391
re 0 795 2 11.457036972045898 5.285658359527588 1.2057461738586426
<unk> 0 796 5 0.007919522002339363 0.0877973809838295 5.197860978543758
intensified 0 797 11 1.675853967666626 4.821313381195068 0
slightly 0 798 8 5.590237140655518 4.4325947761535645 0.3887186050415039
due 0 799 3 4.9239983558654785 4.3887104988098145 0.04388427734375
to 0 800 2 0.024017056450247765 0.21487046778202057 4.173840031027794
the 0 801 3 2.2766623497009277 5.108649730682373 0
redevelopment 0 802 13 12.395792961120605 7.298229694366455 0
of 0 803 2 0.49617135524749756 2.6519088745117188 4.646320819854736
some 0 804 4 11.66976547241211 2.3741488456726074 0.27776002883911133
convection 0 805 10 5.566143989562988 4.8200764656066895 0
. 0 806 1 2.002034902572632 4.364207744598389 0.4558687210083008
<eos> 0 807 5 0.06720538437366486 0.2845725119113922 4.0796352326869965
<unk> 0 808 5 2.6926677227020264 6.088780403137207 0
, 0 809 1 4.566871166229248 7.437530040740967 0
the 0 810 3 3.9797651767730713 5.944325923919678 1.493204116821289
redevelopment 0 811 13 18.399797439575195 9.168304443359375 0
was 0 812 3 5.679736614227295 4.08936882019043 5.078935623168945
short 0 813 5 10.585073471069336 8.643245697021484 0
lived 0 814 5 4.150288105010986 3.6909751892089844 4.9522705078125
and 0 815 3 3.042410135269165 3.313558578491211 0.37741661071777344
wind 0 816 4 16.05126953125 8.156335830688477 0
shear 0 817 5 2.389106035232544 6.557400226593018 1.598935604095459
again 0 818 5 11.138179779052734 6.7582597732543945 0
took 0 819 4 9.004373550415039 6.376657009124756 0.38160276412963867
its 0 820 3 4.941967010498047 4.500024795532227 1.8766322135925293
toll 0 821 4 1.2720372676849365 4.914722919464111 0
on 0 822 2 1.2740530967712402 3.661900043487549 1.2528228759765625
<unk> 0 823 5 2.3944787979125977 3.935448408126831 0
by 0 824 2 8.769844055175781 4.570603847503662 0
late 0 825 4 4.4619646072387695 4.917366981506348 0
morning 0 826 7 6.161070823669434 1.7731070518493652 3.1442599296569824
. 0 827 1 1.8684251308441162 3.836451768875122 0
<eos> 0 828 5 0.0654662624001503 0.2763548791408539 3.560096889734268
<unk> 0 829 5 2.6702122688293457 5.9984588623046875 0
convection 0 830 10 18.06376075744629 7.4459075927734375 0
around 0 831 6 8.7239990234375 7.286072731018066 0.1598348617553711
the 0 832 3 0.3738573491573334 1.634604573249817 5.6514681577682495
system 0 833 6 3.9618637561798096 5.489295959472656 0
became 0 834 6 4.4914231300354 6.559403896331787 0
dislocated 0 835 10 8.061363220214844 6.129940509796143 0.42946338653564453
from 0 836 4 6.500426769256592 4.6390557289123535 1.490884780883789
the 0 837 3 0.5896804332733154 2.5659210681915283 2.073134660720825
center 0 838 6 2.0965373516082764 6.122272968292236 0
and 0 839 3 4.1435160636901855 4.261834144592285 1.8604388236999512
<unk> 0 840 5 4.8092570304870605 7.3693013191223145 0
weakened 0 841 8 5.097199440002441 6.975629806518555 0.39367151260375977
slightly 0 842 8 4.8349151611328125 3.9665865898132324 3.0090432167053223
. 0 843 1 1.39586341381073 3.555081367492676 0.41150522232055664
<eos> 0 844 5 0.07100532203912735 0.29448655247688293 3.260594815015793
<unk> 0 845 5 2.6989526748657227 6.054940700531006 0
weakening 0 846 9 19.365455627441406 7.435693264007568 0
trend 0 847 5 8.841093063354492 7.3770952224731445 0.05859804153442383
continued 0 848 9 4.439073085784912 6.754416465759277 0.6226787567138672
through 0 849 7 6.509614944458008 5.148489952087402 1.605926513671875
the 0 850 3 0.5700247287750244 2.5063672065734863 2.642122745513916
afternoon 0 851 9 6.75435733795166 6.1613054275512695 0
as 0 852 2 6.110960483551025 3.066246509552002 3.0950589179992676
the 0 853 3 2.4524643421173096 3.4574782848358154 0
storm 0 854 5 1.7610280513763428 4.673332691192627 0
was 0 855 3 5.409368991851807 5.694821834564209 0
being 0 856 5 7.3633809089660645 7.741485118865967 0
affected 0 857 8 8.084507942199707 6.118953704833984 1.6225314140319824
by 0 858 2 0.31861644983291626 1.7564343214035034 4.362519383430481
strong 0 859 6 6.625547885894775 4.477316379547119 0
southerly 0 860 9 7.620880126953125 4.098520755767822 0.3787956237792969
shear 0 861 5 5.54180383682251 4.07582426071167 0.022696495056152344
. 0 862 1 1.4537733793258667 3.339535713195801 0.7362885475158691
<eos> 0 863 5 0.06644859164953232 0.2813940942287445 3.0581416189670563
<unk> 0 864 5 2.7105965614318848 6.103884220123291 0
became 0 865 6 7.819330215454102 7.43675422668457 0
almost 0 866 6 11.641180992126465 5.206729888916016 2.2300243377685547
fully 0 867 5 8.548516273498535 6.977783203125 0
devoid 0 868 6 9.648972511291504 8.3454008102417 0
of 0 869 2 0.001444618683308363 0.016336316242814064 8.329064493998885
any 0 870 3 6.633256435394287 9.083806037902832 0
convection 0 871 10 8.716066360473633 10.06535816192627 0
by 0 872 2 6.607581615447998 5.111193656921387 4.954164505004883
mid 0 873 3 7.615387439727783 5.384969711303711 0
<unk> 0 874 5 0.011251828633248806 0.11408671736717224 5.270882993936539
afternoon 0 875 9 6.277712345123291 0.7141581773757935 0
and 0 876 3 3.828712224960327 3.7633299827575684 0
the 0 877 3 3.9878182411193848 7.19493293762207 0
storm 0 878 5 3.429943561553955 6.349096298217773 0.8458366394042969
weakened 0 879 8 4.184571743011475 6.164328098297119 0.1847681999206543
to 0 880 2 1.5228912830352783 4.3737592697143555 1.7905688285827637
<unk> 0 881 5 9.830099105834961 1.564139723777771 2.8096195459365845
mph 0 882 3 0.8755183219909668 3.1508591175079346 0
( 0 883 1 0.004331238102167845 0.04038471356034279 3.110474403947592
<unk> 0 884 5 0.0022950018756091595 0.027349893003702164 0.013034820556640625
km 0 885 2 0.007220650091767311 0.0560358390212059 0
/ 0 886 1 0.0005421594250947237 0.005590628832578659 0.05044521018862724
h 0 887 1 6.603982910746709e-05 0.0007747457711957395 0.0048158830613829195
) 0 888 1 0.000539408705662936 0.005447742994874716 0
, 0 889 1 3.7402567863464355 4.374541759490967 0
barely 0 890 6 13.15186882019043 5.941050052642822 0
holding 0 891 7 15.040595054626465 7.234787464141846 0
on 0 892 2 4.402298927307129 5.694343566894531 1.5404438972473145
to 0 893 2 5.811541557312012 2.5076065063476562 3.186737060546875
tropical 0 894 8 7.847246170043945 2.99692702293396 0
storm 0 895 5 0.6415063142776489 1.9423085451126099 1.05461847782135
status 0 896 6 2.22040057182312 1.9303410053253174 0.01196753978729248
. 0 897 1 0.9984266757965088 3.296976327896118 0
<eos> 0 898 5 0.06193031743168831 0.2660734951496124 3.0309028327465057
<unk> 0 899 5 2.6934244632720947 6.066521644592285 0
regained 0 900 8 12.217570304870605 7.4436774253845215 0
a 0 901 1 4.396957874298096 4.503706932067871 2.9399704933166504
small 0 902 5 8.032559394836426 7.972940921783447 0
amount 0 903 6 4.860861301422119 8.393091201782227 0
of 0 904 2 0.1391022652387619 0.9357392191886902 7.457351982593536
convection 0 905 10 9.006203651428223 8.567351341247559 0
in 0 906 2 3.1058220863342285 5.112731456756592 3.454619884490967
the 0 907 3 0.7590240240097046 3.293196678161621 1.8195347785949707
late 0 908 4 7.3103742599487305 6.578207969665527 0
night 0 909 5 9.938587188720703 3.863342523574829 2.7148654460906982
hours 0 910 5 5.876503944396973 4.050693988800049 0
, 0 911 1 1.9367364645004272 3.5545246601104736 0.4961693286895752
but 0 912 3 3.3763248920440674 5.365692138671875 0
not 0 913 3 8.363499641418457 6.412542343139648 0
enough 0 914 6 3.878916025161743 7.796565055847168 0
to 0 915 2 0.993359386920929 4.430085182189941 3.3664798736572266
still 0 916 5 11.478788375854492 7.807712554931641 0
be 0 917 2 4.0479021072387695 7.577613353729248 0.23009920120239258
classified 0 918 10 4.067424297332764 7.746634483337402 0
a 0 919 1 7.002170562744141 2.717421770095825 5.029212713241577
tropical 0 920 8 0.9655353426933289 4.288924694061279 0
storm 0 921 5 2.162853717803955 1.6982592344284058 2.5906654596328735
. 0 922 1 0.6684650182723999 2.718839645385742 0
<eos> 0 923 5 0.06655321270227432 0.2803976833820343 2.438441962003708
<unk> 0 924 5 2.696013927459717 6.06485652923584 0
to 0 925 2 10.681638717651367 7.43353271484375 0
the 0 926 3 2.4711334705352783 5.46173095703125 1.9718017578125
lack 0 927 4 12.484289169311523 8.96790599822998 0
of 0 928 2 0.009853897616267204 0.1015491932630539 8.866356804966927
convection 0 929 10 10.977323532104492 9.715059280395508 0
, 0 930 1 2.004500389099121 5.536053657531738 4.1790056228637695
<unk> 0 931 5 3.1928207874298096 6.322964668273926 0
was 0 932 3 4.114004135131836 7.775149822235107 0
downgraded 0 933 10 5.268641948699951 8.084768295288086 0
to 0 934 2 0.3254406452178955 1.656839370727539 6.427928924560547
a 0 935 1 0.27219492197036743 1.1543329954147339 0.5025063753128052
<unk> 0 936 5 9.38427734375 1.5699543952941895 0
<unk> 0 937 5 3.3863492012023926 1.9474600553512573 0
at 0 938 2 11.310035705566406 3.2079639434814453 0
<unk> 0 939 5 0.7285680770874023 2.6058857440948486 0.6020781993865967
( 0 940 1 12.88205337524414 2.6838345527648926 0
<unk> 0 941 5 0.3476470410823822 2.406907558441162 0.27692699432373047
) 0 942 1 2.301255941390991 3.1014885902404785 0
with 0 943 4 7.209084987640381 5.722018718719482 0
winds 0 944 5 1.188034176826477 3.635817050933838 2.0862016677856445
of 0 945 2 0.06793174892663956 0.526965856552124 3.108851194381714
<unk> 0 946 5 0.04488600790500641 0.3150147795677185 0.21195107698440552
mph 0 947 3 0.6788252592086792 1.1133025884628296 0
( 0 948 1 0.0006989401299506426 0.007934744469821453 1.1053678439930081
<unk> 0 949 5 0.0003000785072799772 0.004115859512239695 0.0038188849575817585
km 0 950 2 0.0017887140857055783 0.01574341394007206 0
/ 0 951 1 3.852359805023298e-05 0.00046995203592814505 0.015273461904143915
h 0 952 1 0.00011556770914467052 0.0012389468029141426 0
) 0 953 1 0.0018187734531238675 0.015269902534782887 0
. 0 954 1 1.1066325902938843 2.836674213409424 0
<eos> 0 955 5 0.07199059426784515 0.299456924200058 2.537217289209366
<unk> 0 956 5 2.6993682384490967 6.0958685874938965 0
there 0 957 5 15.008005142211914 7.4434075355529785 0
was 0 958 3 2.375121593475342 4.5367631912231445 2.906644344329834
no 0 959 2 3.1192617416381836 5.702707290649414 0
convection 0 960 10 14.586044311523438 9.842735290527344 0
around 0 961 6 5.901284694671631 5.9619669914245605 3.880768299102783
the 0 962 3 0.4915979504585266 2.088531017303467 3.8734359741210938
system 0 963 6 2.965390682220459 4.890260696411133 0
, 0 964 1 1.403813123703003 3.7903544902801514 1.0999062061309814
it 0 965 2 9.614890098571777 4.3770294189453125 0
would 0 966 5 5.045897006988525 6.199093341827393 0
have 0 967 4 2.380396842956543 5.996392726898193 0.20270061492919922
normally 0 968 8 15.842323303222656 6.1533522605896 0
been 0 969 4 1.7239954471588135 6.193757057189941 0
classified 0 970 10 6.186336994171143 7.908973217010498 0
a 0 971 1 7.291395664215088 2.0189950466156006 5.8899781703948975
remnant 0 972 7 8.676228523254395 3.4215118885040283 0
low 0 973 3 0.6076767444610596 2.5959508419036865 0.8255610466003418
but 0 974 3 9.602486610412598 5.315262794494629 0
, 0 975 1 7.097440719604492 7.187880039215088 0
due 0 976 3 4.494934558868408 6.00759220123291 1.1802878379821777
to 0 977 2 0.008467092178761959 0.08926457911729813 5.918327622115612
the 0 978 3 2.049004077911377 4.8460588455200195 0
possibility 0 979 11 6.630535125732422 7.853702068328857 0
of 0 980 2 0.2470111846923828 0.9294523000717163 6.924249768257141
the 0 981 3 4.33695650100708 6.764204025268555 0
storm 0 982 5 4.753218173980713 8.000652313232422 0
regenerating 0 983 12 16.202625274658203 3.969442844390869 4.031209468841553
over 0 984 4 6.502162933349609 3.6151180267333984 0.3543248176574707
the 0 985 3 0.775677502155304 3.205235481262207 0.4098825454711914
next 0 986 4 5.144589900970459 6.2570672035217285 0
several 0 987 7 5.274965286254883 3.113701581954956 3.1433656215667725
days 0 988 4 0.843999981880188 2.4251632690429688 0.6885383129119873
, 0 989 1 0.1780143529176712 1.126112699508667 1.2990505695343018
it 0 990 2 2.945586681365967 6.691650390625 0
was 0 991 3 2.4616854190826416 6.207523822784424 0.48412656784057617
considered 0 992 10 5.334109306335449 7.32119083404541 0
a 0 993 1 1.4198172092437744 4.295222282409668 3.025968551635742
tropical 0 994 8 0.9961015582084656 4.287524223327637 0.00769805908203125
depression 0 995 10 0.5564423203468323 1.4269956350326538 2.860528588294983
. 0 996 1 1.1613149642944336 3.9477643966674805 0
<eos> 0 997 5 0.06008106470108032 0.26013609766960144 3.687628298997879
<unk> 0 998 5 2.699510097503662 6.060635089874268 0
next 0 999 4 12.43020248413086 7.41807746887207 0
morning 0 1000 7 14.045960426330566 8.568554878234863 0
, 0 1001 1 2.3594231605529785 6.880051612854004 1.6885032653808594
<unk> 0 1002 5 1.8159221410751343 6.214539527893066 0.6655120849609375
was 0 1003 3 4.501965045928955 7.08945369720459 0
downgraded 0 1004 10 10.265664100646973 9.005390167236328 0
to 0 1005 2 0.3789726793766022 1.8293766975402832 7.176013469696045
a 0 1006 1 0.24852465093135834 1.3537659645080566 0.47561073303222656
remnant 0 1007 7 9.270329475402832 1.877987265586853 0
low 0 1008 3 0.18810223042964935 1.0567505359649658 0.8212367296218872
as 0 1009 2 5.020801067352295 4.777621746063232 0
strong 0 1010 6 10.57806396484375 2.206670045852661 2.5709517002105713
wind 0 1011 4 3.6725025177001953 4.744052886962891 0
shear 0 1012 5 0.016196701675653458 0.13053269684314728 4.613520190119743
and 0 1013 3 6.051040172576904 5.633835792541504 0
dry 0 1014 3 6.271894931793213 7.716114521026611 0
air 0 1015 3 0.7366333603858948 3.3431854248046875 4.372929096221924
caused 0 1016 6 3.9217135906219482 6.184762477874756 0
the 0 1017 3 2.4720730781555176 6.0874552726745605 0.09730720520019531
demise 0 1018 6 14.216426849365234 5.016222953796387 1.0712323188781738
of 0 1019 2 0.05276421085000038 0.3416163921356201 4.674606561660767
the 0 1020 3 0.8371455073356628 3.0171961784362793 0
storm 0 1021 5 2.5852789878845215 5.398487091064453 0
. 0 1022 1 1.0381451845169067 2.892528533935547 2.5059585571289062
<eos> 0 1023 5 0.061701782047748566 0.2657782733440399 2.626750260591507
<unk> 0 1024 5 2.689789295196533 6.065648078918457 0
redevelopment 0 1025 13 20.434961318969727 7.446353435516357 0
was 0 1026 3 2.6611220836639404 6.808764934539795 0.6375885009765625
expected 0 1027 8 7.788075923919678 7.721772193908691 0
with 0 1028 4 8.38999080657959 2.444655418395996 5.277116775512695
<unk> 0 1029 5 3.166595458984375 5.825070858001709 0
as 0 1030 2 6.628409385681152 6.4332451820373535 0
it 0 1031 2 7.252176761627197 4.776656627655029 1.6565885543823242
began 0 1032 5 7.404800891876221 4.530327320098877 0.24632930755615234
to 0 1033 2 1.4205601215362549 5.164283752441406 0
move 0 1034 4 5.925015449523926 7.496411323547363 0
over 0 1035 4 5.7590742111206055 5.999680042266846 1.4967312812805176
colder 0 1036 6 14.88232707977295 4.3538007736206055 1.6458792686462402
waters 0 1037 6 2.259742021560669 5.5240559577941895 0
and 0 1038 3 3.277461051940918 3.931582450866699 1.5924735069274902
remain 0 1039 6 11.101068496704102 8.899347305297852 0
under 0 1040 5 5.859107494354248 7.163810729980469 1.7355365753173828
strong 0 1041 6 10.284335136413574 5.110595226287842 2.053215503692627
wind 0 1042 4 3.1862566471099854 5.811959743499756 0
shear 0 1043 5 0.1366313397884369 0.8561301827430725 4.955829560756683
until 0 1044 5 5.020125389099121 3.5099239349365234 0
it 0 1045 2 1.8801349401474 4.50370979309082 0
dissipated 0 1046 10 5.355092525482178 6.1774115562438965 0
. 0 1047 1 2.872572660446167 4.612314701080322 1.5650968551635742
<eos> 0 1048 5 0.06309697777032852 0.26916593313217163 4.343148767948151
<unk> 0 1049 5 2.683171510696411 6.051520347595215 0
, 0 1050 1 4.529059886932373 7.4381890296936035 0
the 0 1051 3 3.9410059452056885 5.963044166564941 1.475144863128662
remnant 0 1052 7 13.897296905517578 9.157851219177246 0
low 0 1053 3 4.695774555206299 7.60523796081543 1.5526132583618164
associated 0 1054 10 10.398294448852539 5.901307582855225 1.703930377960205
with 0 1055 4 0.03024144470691681 0.2806457579135895 5.620661824941635
<unk> 0 1056 5 3.119821786880493 3.0722296237945557 0
began 0 1057 5 8.907966613769531 4.073104381561279 0
to 0 1058 2 0.8496493101119995 3.7524516582489014 0.32065272331237793
show 0 1059 4 12.139262199401855 4.542077541351318 0
signs 0 1060 5 2.803388833999634 5.937198162078857 0
of 0 1061 2 0.17869402468204498 1.166836142539978 4.770362019538879
redevelopment 0 1062 13 10.907257080078125 7.442419052124023 0
during 0 1063 6 6.8148908615112305 4.573526859283447 2.868892192840576
the 0 1064 3 0.4421769678592682 2.1132633686065674 2.46026349067688
afternoon 0 1065 9 2.8640739917755127 5.3935699462890625 0
on 0 1066 2 5.824814319610596 3.13844633102417 2.2551236152648926
<unk> 0 1067 5 0.15723064541816711 0.7736278176307678 2.364818513393402
<unk> 0 1068 5 0.028769250959157944 0.18766151368618011 0.5859663039445877
. 0 1069 1 0.8420407772064209 2.283283233642578 0
<eos> 0 1070 5 0.06777767837047577 0.2849031388759613 1.9983800947666168
<unk> 0 1071 5 2.682157516479492 6.080954551696777 0
around 0 1072 6 15.81232738494873 7.437384605407715 0
the 0 1073 3 1.682111382484436 3.1113927364349365 4.325991868972778
system 0 1074 6 11.167461395263672 7.826740264892578 0
increased 0 1075 9 10.06563949584961 5.897409439086914 1.929330825805664
significantly 0 1076 13 6.365684509277344 5.665003776550293 0.2324056625366211
and 0 1077 3 3.294849157333374 4.272665977478027 1.3923377990722656
the 0 1078 3 3.3175344467163086 7.242799758911133 0
low 0 1079 3 6.799568176269531 5.76361083984375 1.4791889190673828
was 0 1080 3 5.750511169433594 5.863080978393555 0
no 0 1081 2 10.912041664123535 6.711316108703613 0
longer 0 1082 6 0.24197544157505035 1.3935580253601074 5.317758083343506
exposed 0 1083 7 6.463837146759033 7.097589015960693 0
. 0 1084 1 3.1145095825195312 2.455759286880493 4.6418297290802
<eos> 0 1085 5 0.06302553415298462 0.26931020617485046 2.1864490807056427
<unk> 0 1086 5 2.6928796768188477 6.0837788581848145 0
<unk> 0 1087 5 2.3993821144104004 7.4390764236450195 0
<unk> 0 1088 5 2.7133758068084717 6.284566879272461 1.1545095443725586
, 0 1089 1 3.0782899856567383 6.534553527832031 0
wind 0 1090 4 15.689729690551758 5.971602439880371 0.5629510879516602
shear 0 1091 5 7.726324558258057 7.245378494262695 0
took 0 1092 4 12.882277488708496 5.299504280090332 1.9458742141723633
over 0 1093 4 4.626266002655029 5.027298927307129 0.2722053527832031
the 0 1094 3 1.2153973579406738 4.535742282867432 0.49155664443969727
system 0 1095 6 3.0388948917388916 7.330827713012695 0
again 0 1096 5 9.411189079284668 4.42153787612915 2.909289836883545
. 0 1097 1 2.165374517440796 3.1530354022979736 1.2685024738311768
<eos> 0 1098 5 0.0676867663860321 0.28503188490867615 2.8680035173892975
<unk> 0 1099 5 2.684675455093384 6.071065902709961 0
around 0 1100 6 15.83997631072998 7.439227104187012 0
the 0 1101 3 1.6822572946548462 3.103891372680664 4.335335731506348
remnant 0 1102 7 15.523683547973633 7.794938087463379 0
low 0 1103 3 5.039068222045898 7.551348686218262 0.2435894012451172
was 0 1104 3 4.840359687805176 5.773665428161621 1.7776832580566406
torn 0 1105 4 13.974893569946289 7.505120754241943 0
away 0 1106 4 5.221287250518799 4.594217300415039 2.9109034538269043
and 0 1107 3 3.560607671737671 4.209819316864014 0.3843979835510254
the 0 1108 3 2.6729750633239746 7.9215874671936035 0
low 0 1109 3 7.559471130371094 7.3274006843566895 0.5941867828369141
was 0 1110 3 4.842148303985596 6.590320110321045 0.7370805740356445
exposed 0 1111 7 5.222187042236328 7.3147454261779785 0
once 0 1112 4 12.798365592956543 1.9703195095062256 5.344425916671753
more 0 1113 4 2.7054948806762695 5.332114219665527 0
. 0 1114 1 1.070741891860962 3.961509943008423 1.3706042766571045
<eos> 0 1115 5 0.06338603049516678 0.2705184817314148 3.690991461277008
<unk> 0 1116 5 2.6856026649475098 6.075186252593994 0
<unk> 0 1117 5 2.3902273178100586 7.431368827819824 0
<unk> 0 1118 5 2.716472864151001 6.286211967468262 1.1451568603515625
<unk> 0 1119 5 2.006983995437622 6.535643577575684 0
did 0 1120 3 10.759926795959473 4.3317131996154785 2.203930377960205
not 0 1121 3 0.4790651798248291 2.9434926509857178 1.3882205486297607
state 0 1122 5 11.358917236328125 8.493468284606934 0
the 0 1123 3 2.8242688179016113 5.303123474121094 3.19034481048584
chance 0 1124 6 12.034911155700684 10.280778884887695 0
of 0 1125 2 2.546827793121338 2.644399404525757 7.6363794803619385
regeneration 0 1126 12 14.536516189575195 8.331955909729004 0
once 0 1127 4 11.631630897521973 4.596261978149414 3.73569393157959
the 0 1128 3 2.4216794967651367 5.534689903259277 0
low 0 1129 3 10.927581787109375 8.98946475982666 0
became 0 1130 6 7.368701457977295 6.247500896453857 2.7419638633728027
exposed 0 1131 7 8.04608154296875 6.1862311363220215 0.06126976013183594
. 0 1132 1 2.339170455932617 3.308616876602173 2.8776142597198486
<eos> 0 1133 5 0.05887580290436745 0.25646570324897766 3.052151173353195
<unk> 0 1134 5 2.691765069961548 6.078487396240234 0
, 0 1135 1 4.526861190795898 7.453361988067627 0
on 0 1136 2 7.083301067352295 5.961653232574463 1.491708755493164
<unk> 0 1137 5 1.538987398147583 3.769627094268799 2.192026138305664
<unk> 0 1138 5 0.5931447744369507 2.5749566555023193 1.1946704387664795
, 0 1139 1 0.6413879990577698 1.4735651016235352 1.1013915538787842
wind 0 1140 4 16.697032928466797 3.92667818069458 0
shear 0 1141 5 3.334134101867676 5.626757621765137 0
and 0 1142 3 2.6950039863586426 4.807278156280518 0.8194794654846191
dry 0 1143 3 7.723410606384277 8.169672012329102 0
air 0 1144 3 1.2889453172683716 4.716505527496338 3.4531664848327637
led 0 1145 3 9.811651229858398 6.161664962768555 0
to 0 1146 2 0.577960729598999 2.3404173851013184 3.8212475776672363
the 0 1147 3 1.8835731744766235 4.682958126068115 0
remnants 0 1148 8 8.510049819946289 5.665066719055176 0
of 0 1149 2 0.032076843082904816 0.2811339795589447 5.383932739496231
<unk> 0 1150 5 2.503740072250366 4.05903434753418 0
deteriorating 0 1151 13 11.723320007324219 5.765810966491699 0
into 0 1152 4 4.293355464935303 4.384909629821777 1.3809013366699219
an 0 1153 2 4.791956901550293 1.8171741962432861 2.567735433578491
open 0 1154 4 6.507495880126953 2.0422656536102295 0
wave 0 1155 4 6.539341926574707 5.354529857635498 0
. 0 1156 1 0.9684411883354187 3.5861711502075195 1.7683587074279785
<eos> 0 1157 5 0.06377951055765152 0.27245864272117615 3.3137125074863434
<unk> 0 1158 5 2.6765687465667725 6.079946994781494 0
, 0 1159 1 4.511636257171631 7.439666748046875 0
on 0 1160 2 7.064113140106201 5.963812351226807 1.4758543968200684
<unk> 0 1161 5 1.5347360372543335 3.7577779293060303 2.2060344219207764
<unk> 0 1162 5 0.5921872854232788 2.573763132095337 1.1840147972106934
, 0 1163 1 0.6459640264511108 1.4776678085327148 1.096095323562622
the 0 1164 3 6.142238140106201 3.9021036624908447 0
remnants 0 1165 8 10.710552215576172 8.442608833312988 0
of 0 1166 2 0.079238660633564 0.6597073078155518 7.7829015254974365
<unk> 0 1167 5 1.2502120733261108 2.864790678024292 0
redeveloped 0 1168 11 13.542486190795898 6.178613185882568 0
and 0 1169 3 4.459628105163574 5.761112213134766 0.41750097274780273
global 0 1170 6 20.411787033081055 6.963906288146973 0
models 0 1171 6 7.5788254737854 6.8063764572143555 0.1575298309326172
picked 0 1172 6 13.000849723815918 6.027733325958252 0.7786431312561035
up 0 1173 2 0.3620632588863373 2.0906786918640137 3.9370546340942383
on 0 1174 2 5.354723930358887 5.863705635070801 0
the 0 1175 3 1.4169857501983643 4.298821449279785 1.5648841857910156
reformed 0 1176 8 16.100486755371094 7.375821113586426 0
system 0 1177 6 3.1336848735809326 5.258779525756836 2.11704158782959
. 0 1178 1 0.93174147605896 3.2083940505981445 2.0503854751586914
<eos> 0 1179 5 0.060598473995923996 0.2616114616394043 2.9467825889587402
<unk> 0 1180 5 2.6819374561309814 6.080807685852051 0
more 0 1181 4 13.615494728088379 7.44972038269043 0
, 0 1182 1 5.574374675750732 9.019091606140137 0
the 0 1183 3 4.312236785888672 7.888209342956543 1.1308822631835938
chance 0 1184 6 14.249367713928223 9.009989738464355 0
of 0 1185 2 2.400115489959717 2.6025636196136475 6.407426118850708
regeneration 0 1186 12 13.57442855834961 8.719366073608398 0
was 0 1187 3 3.114687204360962 5.701855182647705 3.0175108909606934
possible 0 1188 8 9.738747596740723 8.89593505859375 0
as 0 1189 2 4.9966959953308105 3.8660764694213867 5.029858589172363
the 0 1190 3 1.9024858474731445 5.042230129241943 0
remnants 0 1191 8 11.136218070983887 9.891557693481445 0
of 0 1192 2 0.6666955947875977 3.374743938446045 6.5168137550354
<unk> 0 1193 5 1.3353737592697144 3.133749485015869 0.24099445343017578
headed 0 1194 6 11.020387649536133 6.911016941070557 0
towards 0 1195 7 4.233343124389648 4.9697346687316895 1.9412822723388672
the 0 1196 3 0.8799843192100525 2.664536476135254 2.3051981925964355
<unk> 0 1197 5 2.0423531532287598 4.922167778015137 0
. 0 1198 1 2.9845566749572754 5.535580635070801 0
<eos> 0 1199 5 0.06883976608514786 0.28781718015670776 5.247763454914093
<unk> 0 1200 5 2.676098108291626 6.071024417877197 0
, 0 1201 1 4.528843879699707 7.457701683044434 0
on 0 1202 2 7.062789440155029 5.964476585388184 1.49322509765625
<unk> 0 1203 5 1.5313611030578613 3.757882833480835 2.2065937519073486
<unk> 0 1204 5 0.5913727283477783 2.567359685897827 1.1905231475830078
, 0 1205 1 0.6420125961303711 1.4730172157287598 1.0943424701690674
dry 0 1206 3 16.036632537841797 3.921558380126953 0
air 0 1207 3 4.819035053253174 6.568190097808838 0
and 0 1208 3 3.2718873023986816 6.284996032714844 0.28319406509399414
wind 0 1209 4 7.780014991760254 8.438583374023438 0
shear 0 1210 5 0.4927866756916046 2.7234010696411133 5.715182304382324
caused 0 1211 6 5.704909324645996 5.319182395935059 0
the 0 1212 3 2.048687696456909 5.267946720123291 0.05123567581176758
remnants 0 1213 8 8.899923324584961 4.842731475830078 0.4252152442932129
to 0 1214 2 2.3403592109680176 1.2159584760665894 3.6267729997634888
dissipate 0 1215 9 4.267803192138672 6.220789432525635 0
entirely 0 1216 8 12.71632194519043 4.271043300628662 1.9497461318969727
. 0 1217 1 1.11544930934906 3.510814666748047 0.7602286338806152
<eos> 0 1218 5 0.06920848786830902 0.28909438848495483 3.221720278263092
= 0 1219 1 3.8371777534484863 6.063418865203857 0
= 0 1220 1 0.1151374951004982 0.7781028151512146 5.285316050052643
<unk> 0 1221 5 5.480452537536621 5.762964725494385 0
= 0 1222 1 1.9734678268432617 6.950521945953369 0
= 0 1223 1 0.00031091112759895623 0.004488293547183275 6.946033652406186
<eos> 0 1224 5 20.871994018554688 5.095981597900391 0
<unk> 0 1225 5 2.1173830032348633 5.7831902503967285 0
<unk> 0 1226 5 1.5154231786727905 6.285748481750488 0
passed 0 1227 6 12.950604438781738 6.010942459106445 0.27480602264404297
to 0 1228 2 4.795413017272949 5.250034809112549 0.7609076499938965
the 0 1229 3 1.4778523445129395 4.2218523025512695 1.0281825065612793
south 0 1230 5 5.6235575675964355 7.248170375823975 0
of 0 1231 2 2.467707633972168 3.875204563140869 3.3729658126831055
the 0 1232 3 1.4336638450622559 2.4751577377319336 1.4000468254089355
<unk> 0 1233 5 2.2828660011291504 7.439149379730225 0
<unk> 0 1234 5 3.5238571166992188 7.089013576507568 0.35013580322265625
islands 0 1235 7 8.402565956115723 7.084207534790039 0.004806041717529297
on 0 1236 2 4.2061262130737305 4.481264591217041 2.602942943572998
<unk> 0 1237 5 0.40292930603027344 1.534388542175293 2.946876049041748
<unk> 0 1238 5 0.1320798248052597 0.6782352924346924 0.8561532497406006
, 0 1239 1 1.1850513219833374 2.450613260269165 0
outer 0 1240 5 20.849153518676758 3.9659969806671143 0
rain 0 1241 4 10.751734733581543 4.744683742523193 0
bands 0 1242 5 13.692829132080078 5.154669284820557 0
produced 0 1243 8 11.606393814086914 5.041695594787598 0.11297369003295898
minor 0 1244 5 9.97470760345459 3.0972580909729004 1.9444375038146973
rainfall 0 1245 8 4.6800689697265625 7.880517482757568 0
, 0 1246 1 2.9391794204711914 4.838014125823975 3.0425033569335938
totaling 0 1247 8 7.753523826599121 6.392194747924805 0
around 0 1248 6 5.736870765686035 3.6712303161621094 2.7209644317626953
<unk> 0 1249 5 0.10449109971523285 0.6030136346817017 3.0682166814804077
<unk> 0 1250 5 1.391843318939209 3.1890275478363037 0
<eos> 0 1251 5 0.5901509523391724 1.334877848625183 1.8541496992111206
@ 0 1252 1 0.0 8.771088687353767e-06 1.3348690775364958
<unk> 0 1253 5 0.00021736968483310193 0.0030230372212827206 0
inches 0 1254 6 0.7798601984977722 2.224301815032959 0
( 0 1255 1 0.002650053007528186 0.025758180767297745 2.1985436342656612
<unk> 0 1256 5 0.001340154092758894 0.01698574610054493 0.008772434666752815
mm 0 1257 2 0.08433754742145538 0.37800332903862 0
) 0 1258 1 0.0006219271454028785 0.006654289551079273 0.3713490394875407
. 0 1259 1 2.455185890197754 3.1851863861083984 0
<eos> 0 1260 5 0.06643480062484741 0.279607892036438 2.9055784940719604
<unk> 0 1261 5 2.677494764328003 6.071795463562012 0
were 0 1262 4 8.410633087158203 7.444201469421387 0
no 0 1263 2 9.552291870117188 9.361328125 0
reports 0 1264 7 17.341304779052734 3.4054222106933594 5.955905914306641
of 0 1265 2 0.5855996012687683 2.865115165710449 0.5403070449829102
damage 0 1266 6 6.169452667236328 8.120238304138184 0
or 0 1267 2 4.649414539337158 4.320662975311279 3.7995753288269043
flooding 0 1268 8 7.400407791137695 6.065500736236572 0
from 0 1269 4 5.9546613693237305 3.8907697200775146 2.1747310161590576
the 0 1270 3 1.3767114877700806 4.561654567718506 0
rain 0 1271 4 11.568781852722168 6.051453113555908 0
and 0 1272 3 3.980550765991211 3.6613471508026123 2.390105962753296
overall 0 1273 7 11.94453239440918 7.919680595397949 0
effects 0 1274 7 7.573367595672607 6.240006446838379 1.6796741485595703
were 0 1275 4 5.180652618408203 4.804327011108398 1.4356794357299805
minor 0 1276 5 4.919063091278076 7.090087890625 0
. 0 1277 1 0.8256515264511108 3.0009663105010986 4.089121580123901
<eos> 0 1278 5 0.06926093995571136 0.28825315833091736 2.7127131521701813
<unk> 0 1279 5 2.6893668174743652 6.104060649871826 0
days 0 1280 4 14.743682861328125 7.443624973297119 0
after 0 1281 5 3.200136423110962 3.9139957427978516 3.5296292304992676
the 0 1282 3 1.3024892807006836 4.611591339111328 0
low 0 1283 3 12.677584648132324 8.582329750061035 0
dissipated 0 1284 10 10.070107460021973 5.305895805358887 3.2764339447021484
, 0 1285 1 0.8009467124938965 3.169644355773926 2.136251449584961
the 0 1286 3 1.537172794342041 4.059647560119629 0
remnant 0 1287 7 8.875471115112305 5.820870399475098 0
moisture 0 1288 8 4.4455246925354 4.098674774169922 1.7221956253051758
from 0 1289 4 5.310047149658203 6.325333595275879 0
<unk> 0 1290 5 1.878554105758667 2.364593505859375 3.960740089416504
brought 0 1291 7 6.650536060333252 6.706879138946533 0
showers 0 1292 7 7.611583232879639 6.105271339416504 0.6016077995300293
and 0 1293 3 1.5741310119628906 4.086462497711182 2.0188088417053223
thunderstorms 0 1294 13 1.0090993642807007 4.22401762008667 0
to 0 1295 2 2.0353527069091797 4.218389987945557 0.005627632141113281
<unk> 0 1296 5 4.4275736808776855 1.5935307741165161 2.6248592138290405
<unk> 0 1297 5 3.2717690467834473 4.288543701171875 0
where 0 1298 5 9.503811836242676 3.620710611343384 0.6678330898284912
up 0 1299 2 15.387036323547363 3.7044386863708496 0
to 0 1300 2 0.05345214530825615 0.41835102438926697 3.2860876619815826
<unk> 0 1301 5 0.17656701803207397 1.1558774709701538 0
in 0 1302 2 9.094058990478516 2.7828369140625 0
( 0 1303 1 0.1024494394659996 0.6142089366912842 2.168627977371216
<unk> 0 1304 5 0.015340862795710564 0.16042296588420868 0.4537859708070755
<unk> 0 1305 5 2.6740880012512207 1.1507903337478638 0
<eos> 0 1306 5 0.8653314113616943 1.5618231296539307 0
@ 0 1307 1 0.0 3.628788181231357e-05 1.5617868417721184
<unk> 0 1308 5 7.429459219565615e-05 0.0011322333011776209 0
mm 0 1309 2 0.40223583579063416 1.1781823635101318 0
) 0 1310 1 0.0020693582482635975 0.021584587171673775 1.156597776338458
of 0 1311 2 1.4923334121704102 3.16276478767395 0
rain 0 1312 4 0.9585598111152649 1.6259022951126099 1.5368624925613403
fell 0 1313 4 0.7153432369232178 2.7424840927124023 0
. 0 1314 1 2.1099162101745605 4.243570327758789 0
<eos> 0 1315 5 0.08088696002960205 0.3233625292778015 3.9202077984809875
<unk> 0 1316 5 2.697073221206665 6.0783772468566895 0
heavy 0 1317 5 15.471336364746094 7.43355131149292 0
rains 0 1318 5 4.4126715660095215 7.718856334686279 0
led 0 1319 3 6.402220726013184 6.488824844360352 1.2300314903259277
to 0 1320 2 0.3502943217754364 1.9160290956497192 4.572795748710632
minor 0 1321 5 7.259772777557373 5.685526371002197 0
street 0 1322 6 17.019031524658203 2.2470240592956543 3.438502311706543
flooding 0 1323 8 0.5081716179847717 2.4365081787109375 0
and 0 1324 3 2.361968517303467 4.0332183837890625 0
some 0 1325 4 7.1510233879089355 7.498798370361328 0
urban 0 1326 5 10.134340286254883 6.959359169006348 0.5394392013549805
flooding 0 1327 8 2.8341448307037354 6.189314365386963 0.7700448036193848
. 0 1328 1 1.0831879377365112 3.8021302223205566 2.3871841430664062
<eos> 0 1329 5 0.0653148889541626 0.27598223090171814 3.5261479914188385
<unk> 0 1330 5 2.6822125911712646 6.0920491218566895 0
known 0 1331 5 13.916050910949707 7.460435390472412 0
damage 0 1332 6 15.548443794250488 4.238470554351807 3.2219648361206055
was 0 1333 3 2.3444440364837646 5.082604885101318 0
caused 0 1334 6 5.755631923675537 7.1120452880859375 0
by 0 1335 2 0.0708514079451561 0.5360139608383179 6.57603132724762
the 0 1336 3 2.1315226554870605 6.208716869354248 0
flood 0 1337 5 8.231284141540527 8.19802474975586 0
. 0 1338 1 4.942232608795166 6.5217204093933105 1.6763043403625488
<eos> 0 1339 5 0.06722458451986313 0.28257519006729126 6.239145219326019
=========================================================================================
| End of testing | test loss  3.27 | test ppl    26.22
=========================================================================================
