word sentid sentpos wlen surp entropy entred
= 0 0 1 5.7804718017578125 6.414806365966797 0
<unk> 0 1 5 3.4076271057128906 1.2797991037368774 5.135007262229919
<unk> 0 2 5 1.1077898740768433 5.199486255645752 0
= 0 3 1 0.6511468887329102 2.9034416675567627 2.2960445880889893
<eos> 0 4 5 17.4210147857666 1.2534013986587524 1.6500402688980103
= 0 5 1 10.349494934082031 1.1875195503234863 0.06588184833526611
<unk> 0 6 5 0.13270728290081024 1.1584210395812988 0.0290985107421875
<unk> 0 7 5 0.29183393716812134 2.1644346714019775 0
= 0 8 1 4.1555328369140625 3.624861240386963 0
<eos> 0 9 5 14.857640266418457 1.8500028848648071 1.7748583555221558
<unk> 0 10 5 0.18433919548988342 1.5370125770568848 0.31299030780792236
<unk> 0 11 5 0.36730408668518066 2.3202245235443115 0
( 0 12 1 1.9843770265579224 3.632478952407837 0
sometimes 0 13 9 8.602503776550293 2.2943949699401855 1.3380839824676514
referred 0 14 8 2.800196886062622 4.887608528137207 0
to 0 15 2 0.012184793129563332 0.09111928939819336 4.796489238739014
as 0 16 2 0.10865733027458191 0.5855368375778198 0
<unk> 0 17 5 0.7097283601760864 3.380377769470215 0
<unk> 0 18 5 1.8255820274353027 3.4567933082580566 0
<unk> 0 19 5 1.9938993453979492 3.0156543254852295 0.44113898277282715
) 0 20 1 0.8870700001716614 2.767390012741089 0.24826431274414062
is 0 21 2 0.9142130613327026 3.0604360103607178 0
a 0 22 1 0.5122029781341553 1.3157517910003662 1.7446842193603516
ruined 0 23 6 12.19515609741211 6.8286824226379395 0
chapel 0 24 6 9.34184741973877 6.793502330780029 0.035180091857910156
near 0 25 4 7.253983497619629 4.744136810302734 2.049365520477295
<unk> 0 26 5 1.1847760677337646 2.230398178100586 2.5137386322021484
<unk> 0 27 5 2.940866231918335 4.612622261047363 0
in 0 28 2 3.018547296524048 4.940807819366455 0
<unk> 0 29 5 1.318284273147583 2.6401383876800537 2.3006694316864014
, 0 30 1 1.1107218265533447 3.2717037200927734 0
north 0 31 5 5.2982707023620605 3.053999662399292 0.21770405769348145
<unk> 0 32 5 0.16750282049179077 0.8325141668319702 2.2214854955673218
, 0 33 1 1.6409595012664795 2.1709046363830566 0
dating 0 34 6 8.384838104248047 5.459167003631592 0
back 0 35 4 2.123011589050293 2.1903393268585205 3.2688276767730713
to 0 36 2 0.06983865052461624 0.44887110590934753 1.741468220949173
the 0 37 3 1.3098583221435547 2.16465163230896 0
first 0 38 5 6.57203483581543 5.637927532196045 0
half 0 39 4 3.205002546310425 5.20730447769165 0.43062305450439453
of 0 40 2 0.00808730348944664 0.07019613683223724 5.137108340859413
the 0 41 3 0.33453789353370667 1.2985084056854248 0
12th 0 42 4 3.902498245239258 4.203451156616211 0
century 0 43 7 0.025153420865535736 0.17660339176654816 4.026847764849663
. 0 44 1 0.4788958728313446 1.775367259979248 0
<eos> 0 45 5 0.055290378630161285 0.243225559592247 1.532141700387001
<unk> 0 46 5 2.6949901580810547 6.089783191680908 0
chapel 0 47 6 13.959973335266113 7.453897476196289 0
's 0 48 2 5.40301513671875 5.31889009475708 2.135007381439209
original 0 49 8 6.350098609924316 9.410293579101562 0
purpose 0 50 7 7.190206527709961 9.100364685058594 0.30992889404296875
is 0 51 2 2.055842161178589 3.3351852893829346 5.765179395675659
unknown 0 52 7 7.762819290161133 4.34317684173584 0
, 0 53 1 1.1992942094802856 3.0387613773345947 1.3044154644012451
but 0 54 3 1.2771100997924805 3.9756624698638916 0
it 0 55 2 2.6416068077087402 5.998941898345947 0
might 0 56 5 10.834729194641113 3.734877347946167 2.2640645503997803
have 0 57 4 1.4089423418045044 3.8027379512786865 0
been 0 58 4 0.4687228500843048 3.200427532196045 0.6023104190826416
used 0 59 4 5.184262752532959 7.848188877105713 0
as 0 60 2 2.2374584674835205 3.782674551010132 4.065514326095581
a 0 61 1 0.6025420427322388 2.663118600845337 1.119555950164795
memorial 0 62 8 6.191292762756348 9.57981014251709 0
chapel 0 63 6 7.024210453033447 4.792418479919434 4.787391662597656
or 0 64 2 5.162808895111084 3.9385602474212646 0.853858232498169
in 0 65 2 4.629237651824951 7.932945251464844 0
connection 0 66 10 10.311644554138184 4.913976192474365 3.0189690589904785
with 0 67 4 0.03725016489624977 0.19857873022556305 4.715397462248802
a 0 68 1 4.6948347091674805 4.220619201660156 0
local 0 69 5 6.851539611816406 9.48031997680664 0
royal 0 70 5 6.9414591789245605 8.707967758178711 0.7723522186279297
court 0 71 5 5.994729042053223 7.716723918914795 0.991243839263916
, 0 72 1 3.893930673599243 4.87417459487915 2.8425493240356445
or 0 73 2 5.418935298919678 6.548749923706055 0
as 0 74 2 6.515122413635254 7.381278038024902 0
a 0 75 1 1.1824687719345093 4.408901214599609 2.972376823425293
chapel 0 76 6 5.253779888153076 8.758880615234375 0
of 0 77 2 4.285380840301514 4.783792495727539 3.975088119506836
ease 0 78 4 10.458552360534668 5.490914821624756 0
in 0 79 2 3.654898166656494 3.9543890953063965 1.5365257263183594
a 0 80 1 5.843121528625488 3.9669084548950195 0
large 0 81 5 6.8591718673706055 9.398159980773926 0
parish 0 82 6 7.140491008758545 8.269917488098145 1.1282424926757812
with 0 83 4 6.623769760131836 4.499951362609863 3.7699661254882812
a 0 84 1 1.761710524559021 5.867401599884033 0
growing 0 85 7 11.330097198486328 9.657649993896484 0
population 0 86 10 3.9303483963012695 8.917418479919434 0.7402315139770508
. 0 87 1 2.2269978523254395 3.405153274536133 5.512265205383301
<eos> 0 88 5 0.061467938125133514 0.26445090770721436 3.1407023668289185
<unk> 0 89 5 2.6840121746063232 6.091353416442871 0
was 0 90 3 3.7305734157562256 7.450078010559082 0
used 0 91 4 7.949647426605225 8.619096755981445 0
for 0 92 3 2.656276226043701 3.3325037956237793 5.286592960357666
a 0 93 1 3.7552742958068848 7.9064154624938965 0
time 0 94 4 7.677923202514648 9.724623680114746 0
until 0 95 5 8.394332885742188 5.480042934417725 4.2445807456970215
the 0 96 3 1.9619656801223755 4.640504837036133 0.8395380973815918
early 0 97 5 5.043148994445801 8.234167098999023 0
18th 0 98 4 6.667121887207031 5.446042060852051 2.7881250381469727
century 0 99 7 0.021689120680093765 0.16523578763008118 5.28080627322197
as 0 100 2 8.014270782470703 2.4879047870635986 0
a 0 101 1 1.1714646816253662 3.974637508392334 0
private 0 102 7 8.311766624450684 9.568254470825195 0
place 0 103 5 6.504517555236816 9.439329147338867 0.12892532348632812
of 0 104 2 5.253840446472168 4.5375213623046875 4.90180778503418
worship 0 105 7 6.331670761108398 8.59482479095459 0
for 0 106 3 5.879485607147217 3.8631784915924072 4.731646299362183
a 0 107 1 4.382221221923828 6.296993255615234 0
nearby 0 108 6 10.736268997192383 8.442692756652832 0
house 0 109 5 7.742424964904785 7.644759654998779 0.7979331016540527
, 0 110 1 2.370457649230957 4.07423734664917 3.5705223083496094
then 0 111 4 9.882479667663574 6.6095709800720215 0
later 0 112 5 8.892935752868652 8.648473739624023 0
fell 0 113 4 10.56919002532959 7.361881256103516 1.2865924835205078
into 0 114 4 2.1251277923583984 4.28288459777832 3.0789966583251953
disrepair 0 115 9 1.4698779582977295 4.086348533630371 0.19653606414794922
. 0 116 1 0.8560444116592407 2.8361668586730957 1.2501816749572754
<eos> 0 117 5 0.05592333897948265 0.2467205971479416 2.589446261525154
<unk> 0 118 5 2.6996145248413086 6.083792209625244 0
walls 0 119 5 16.0391902923584 7.452524185180664 0
still 0 120 5 10.031241416931152 6.5094685554504395 0.9430556297302246
remain 0 121 6 6.946643352508545 8.70887565612793 0
, 0 122 1 5.969798564910889 6.628245830535889 2.080629825592041
with 0 123 4 4.080721855163574 5.751455307006836 0.8767905235290527
some 0 124 4 4.694464683532715 5.827712059020996 0
traces 0 125 6 10.933035850524902 8.790751457214355 0
of 0 126 2 0.2670409679412842 1.8720593452453613 6.918692111968994
render 0 127 6 19.363882064819336 6.184066295623779 0
on 0 128 2 6.454837799072266 6.481229305267334 0
them 0 129 4 7.422641754150391 4.691507339477539 1.789721965789795
internally 0 130 10 14.28447437286377 4.476521968841553 0.21498537063598633
, 0 131 1 2.229123592376709 4.68522310256958 0
but 0 132 3 3.6836509704589844 6.245142936706543 0
there 0 133 5 5.640045642852783 6.999288082122803 0
is 0 134 2 2.264141798019409 2.5633089542388916 4.435979127883911
no 0 135 2 1.5300401449203491 4.395641803741455 0
roof 0 136 4 10.948580741882324 7.1355156898498535 0
. 0 137 1 2.603217363357544 6.077612400054932 1.0579032897949219
<eos> 0 138 5 0.06392528861761093 0.2725786864757538 5.805033713579178
<unk> 0 139 5 2.6924338340759277 6.091879367828369 0
contains 0 140 8 12.7393798828125 7.459785461425781 0
a 0 141 1 2.5704829692840576 6.715142250061035 0.7446432113647461
16th 0 142 4 13.852753639221191 9.323546409606934 0
<unk> 0 143 5 0.4854147732257843 3.2504281997680664 6.073118209838867
century 0 144 7 0.0202553141862154 0.20919586718082428 3.041232332587242
side 0 145 4 13.128118515014648 9.144163131713867 0
chapel 0 146 6 12.652242660522461 5.871932029724121 3.272231101989746
with 0 147 4 4.21082067489624 5.129586219787598 0.7423458099365234
a 0 148 1 1.1611772775650024 4.777194499969482 0.35239171981811523
vault 0 149 5 10.297281265258789 8.847684860229492 0
beneath 0 150 7 8.920472145080566 6.335634231567383 2.5120506286621094
, 0 151 1 8.167034149169922 2.5475566387176514 3.7880775928497314
used 0 152 4 10.900215148925781 6.156582832336426 0
as 0 153 2 2.977949857711792 3.5558080673217773 2.6007747650146484
a 0 154 1 0.6259976029396057 2.9486618041992188 0.6071462631225586
burial 0 155 6 8.818864822387695 9.387784004211426 0
chamber 0 156 7 4.446542739868164 5.304007053375244 4.083776950836182
. 0 157 1 1.9155125617980957 4.009036064147949 1.294970989227295
<eos> 0 158 5 0.06518272310495377 0.2771088480949402 3.731927216053009
<unk> 0 159 5 2.6845762729644775 6.085387229919434 0
is 0 160 2 5.155450820922852 7.449709415435791 0
a 0 161 1 3.053805112838745 7.7368292808532715 0
<unk> 0 162 5 3.0230655670166016 9.644250869750977 0
<unk> 0 163 5 1.8382399082183838 7.5014567375183105 2.142794132232666
listed 0 164 6 10.995588302612305 7.209371089935303 0.2920856475830078
building 0 165 8 5.252663612365723 8.559553146362305 0
, 0 166 1 2.157599449157715 5.332233428955078 3.2273197174072266
a 0 167 1 3.721273899078369 6.525754928588867 0
national 0 168 8 5.620310306549072 9.285594940185547 0
designation 0 169 11 8.13828182220459 6.140192031860352 3.1454029083251953
given 0 170 5 6.183329105377197 4.213320732116699 1.9268712997436523
to 0 171 2 0.9627533555030823 2.6079182624816895 1.6054024696350098
" 0 172 1 4.498881816864014 4.423694610595703 0
buildings 0 173 9 11.054123878479004 7.701160430908203 0
of 0 174 2 1.7167706489562988 4.042829990386963 3.6583304405212402
special 0 175 7 4.619905471801758 7.341068744659424 0
interest 0 176 8 0.586565375328064 3.142270565032959 4.198798179626465
, 0 177 1 3.804858922958374 2.797023057937622 0.3452475070953369
which 0 178 5 4.980445384979248 7.851018905639648 0
warrant 0 179 7 9.071783065795898 5.7286810874938965 2.122337818145752
every 0 180 5 8.027779579162598 7.689172267913818 0
effort 0 181 6 7.008320331573486 9.633455276489258 0
being 0 182 5 8.168625831604004 3.8554961681365967 5.777959108352661
made 0 183 4 1.770972728729248 6.669167518615723 0
to 0 184 2 1.2681504487991333 3.857086658477783 2.8120808601379395
preserve 0 185 8 5.525896072387695 7.848298072814941 0
them 0 186 4 8.275413513183594 5.723823547363281 2.12447452545166
" 0 187 1 2.306201934814453 4.826633453369141 0.8971900939941406
, 0 188 1 3.833113670349121 1.5882346630096436 3.238398790359497
in 0 189 2 4.963870525360107 6.1239471435546875 0
particular 0 190 10 5.130297660827637 5.160079002380371 0.9638681411743164
because 0 191 7 6.2468061447143555 5.847262382507324 0
it 0 192 2 3.748584747314453 4.2454118728637695 1.6018505096435547
is 0 193 2 1.755398154258728 4.832500457763672 0
" 0 194 1 3.4643359184265137 7.227302551269531 0
a 0 195 1 2.311408281326294 7.3569865226745605 0
substantially 0 196 13 13.063462257385254 9.783492088317871 0
12th 0 197 4 18.134227752685547 8.231857299804688 1.5516347885131836
<unk> 0 198 5 0.8611831665039062 4.894855976104736 3.337001323699951
century 0 199 7 0.20696797966957092 1.481857180595398 3.4129987955093384
structure 0 200 9 7.304518699645996 8.502683639526367 0
" 0 201 1 1.6006906032562256 4.347589492797852 4.155094146728516
with 0 202 4 7.106785297393799 2.426597833633423 1.9209916591644287
the 0 203 3 2.437933921813965 6.122389793395996 0
" 0 204 1 4.526113033294678 9.491189956665039 0
unusual 0 205 7 9.862800598144531 9.463068962097168 0.028120994567871094
16th 0 206 4 12.754071235656738 8.783541679382324 0.6795272827148438
<unk> 0 207 5 1.6667280197143555 4.787682056427002 3.9958596229553223
century 0 208 7 0.027698831632733345 0.28007152676582336 4.507610529661179
vaulted 0 209 7 11.399391174316406 8.000223159790039 0
south 0 210 5 14.021721839904785 7.658968925476074 0.34125423431396484
chapel 0 211 6 8.543692588806152 5.86135721206665 1.7976117134094238
" 0 212 1 0.7874851226806641 3.265390157699585 2.5959670543670654
. 0 213 1 0.6492551565170288 2.518676996231079 0.7467131614685059
<eos> 0 214 5 0.0666714534163475 0.28036555647850037 2.2383114397525787
= 0 215 1 3.8198461532592773 6.0599822998046875 0
= 0 216 1 0.11406446993350983 0.771102249622345 5.2888800501823425
<unk> 0 217 5 5.530241012573242 5.74755334854126 0
and 0 218 3 4.085284233093262 6.985602855682373 0
location 0 219 8 14.801905632019043 6.584479808807373 0.401123046875
= 0 220 1 0.24659563601016998 1.8053267002105713 4.779153108596802
= 0 221 1 9.630707063479349e-05 0.0015423755394294858 1.8037843246711418
<eos> 0 222 5 23.99321174621582 5.002621173858643 0
<unk> 0 223 5 2.3660740852355957 5.441205978393555 0
oldest 0 224 6 17.964210510253906 6.548605442047119 0
parts 0 225 5 12.081072807312012 8.176762580871582 0
of 0 226 2 0.47619378566741943 2.5160887241363525 5.6606738567352295
<unk> 0 227 5 1.9213117361068726 2.65670108795166 0
<unk> 0 228 5 2.5379934310913086 6.374700546264648 0
date 0 229 4 9.821422576904297 6.063368320465088 0.31133222579956055
from 0 230 4 1.9114372730255127 4.5528130531311035 1.5105552673339844
the 0 231 3 1.5449957847595215 3.163557291030884 1.3892557621002197
first 0 232 5 6.020413875579834 5.331699848175049 0
half 0 233 4 3.6911633014678955 5.378185749053955 0
of 0 234 2 0.0168074369430542 0.1425466388463974 5.235639110207558
the 0 235 3 0.40316587686538696 1.5477248430252075 0
12th 0 236 4 3.7568717002868652 4.365269660949707 0
century 0 237 7 0.024666421115398407 0.17746880650520325 4.187800854444504
. 0 238 1 1.188378095626831 2.7544643878936768 0
<eos> 0 239 5 0.05537843331694603 0.24387243390083313 2.5105919539928436
<unk> 0 240 5 2.6985578536987305 6.1040425300598145 0
was 0 241 3 3.7192940711975098 7.457686424255371 0
a 0 242 1 4.256667137145996 8.610177993774414 0
time 0 243 4 10.074790000915527 9.211685180664062 0
when 0 244 4 4.155985355377197 6.335620880126953 2.8760643005371094
many 0 245 4 7.874056339263916 4.822790622711182 1.5128302574157715
churches 0 246 8 10.243465423583984 8.053313255310059 0
on 0 247 2 8.23862361907959 4.655423641204834 3.3978896141052246
<unk> 0 248 5 2.608520030975342 2.9774014949798584 1.6780221462249756
in 0 249 2 8.430405616760254 5.592290878295898 0
north 0 250 5 7.56589937210083 3.385378837585449 2.206912040710449
<unk> 0 251 5 0.06995972990989685 0.5361154079437256 2.8492634296417236
west 0 252 4 8.466483116149902 4.711886405944824 0
<unk> 0 253 5 2.796037435531616 4.695704460144043 0.01618194580078125
were 0 254 4 1.8788485527038574 6.247491359710693 0
first 0 255 5 10.185117721557617 9.271334648132324 0
built 0 256 5 3.539436101913452 7.670207977294922 1.6011266708374023
in 0 257 2 2.7334702014923096 3.6549623012542725 4.015245676040649
stone 0 258 5 8.783711433410645 3.3976757526397705 0.25728654861450195
following 0 259 9 11.084981918334961 5.082479000091553 0
the 0 260 3 0.8900240063667297 3.6550464630126953 1.4274325370788574
end 0 261 3 6.360955715179443 7.92341423034668 0
of 0 262 2 0.008568819612264633 0.07365813851356506 7.849756091833115
<unk> 0 263 5 2.74471378326416 1.9149460792541504 0
raids 0 264 5 16.76986312866211 3.2449116706848145 0
and 0 265 3 4.130792140960693 3.575066089630127 0
attempts 0 266 8 13.369060516357422 7.668912887573242 0
by 0 267 2 4.907256603240967 2.104496479034424 5.564416408538818
the 0 268 3 1.7365047931671143 5.225807189941406 0
<unk> 0 269 5 1.4810196161270142 6.505246639251709 0
to 0 270 2 1.6796581745147705 6.074265480041504 0.4309811592102051
gain 0 271 4 6.613914966583252 8.601887702941895 0
control 0 272 7 4.201431751251221 7.522870063781738 1.0790176391601562
of 0 273 2 0.4984497129917145 1.8547444343566895 5.668125629425049
the 0 274 3 0.7212828993797302 3.5097737312316895 0
island 0 275 6 5.502182960510254 7.4318647384643555 0
. 0 276 1 1.2446962594985962 4.126043319702148 3.305821418762207
<eos> 0 277 5 0.057398177683353424 0.25121164321899414 3.8748316764831543
<unk> 0 278 5 2.6956753730773926 6.087584495544434 0
reason 0 279 6 18.37254524230957 7.450697898864746 0
for 0 280 3 3.976472854614258 7.069295406341553 0.38140249252319336
its 0 281 3 6.246931552886963 6.4432783126831055 0.6260170936584473
construction 0 282 12 6.933766841888428 10.52177619934082 0
, 0 283 1 2.9386277198791504 5.327498912811279 5.194277286529541
and 0 284 3 4.384562969207764 7.492409706115723 0
the 0 285 3 2.129901885986328 7.6791582107543945 0
saint 0 286 5 14.356836318969727 10.099279403686523 0
to 0 287 2 8.107402801513672 3.687140941619873 6.41213846206665
whom 0 288 4 9.40438461303711 7.140101432800293 0
it 0 289 2 4.158180236816406 4.29268217086792 2.847419261932373
was 0 290 3 1.8037376403808594 5.740963935852051 0
dedicated 0 291 9 8.002408027648926 8.75245189666748 0
, 0 292 1 1.08542799949646 2.1775026321411133 6.574949264526367
are 0 293 3 8.973856925964355 6.10965633392334 0
unknown 0 294 7 7.031298637390137 8.837515830993652 0
. 0 295 1 0.7291817665100098 2.6979963779449463 6.139519453048706
<eos> 0 296 5 0.051834069192409515 0.23244889080524445 2.465547487139702
<unk> 0 297 5 2.6934216022491455 6.0997419357299805 0
<unk> 0 298 5 2.391857624053955 7.43882417678833 0
, 0 299 1 2.8333659172058105 6.2794718742370605 1.1593523025512695
author 0 300 6 6.5456061363220215 5.749005317687988 0.5304665565490723
of 0 301 2 0.05911518633365631 0.3880857527256012 5.360919564962387
a 0 302 1 5.755546569824219 3.861755847930908 0
<unk> 0 303 5 2.6092381477355957 8.903560638427734 0
guide 0 304 5 7.068558692932129 8.15869140625 0.7448692321777344
to 0 305 2 1.7564353942871094 4.516767501831055 3.6419239044189453
the 0 306 3 1.2257024049758911 3.7011334896087646 0.81563401222229
churches 0 307 8 13.83230972290039 7.441756725311279 0
of 0 308 2 1.3035569190979004 3.145188570022583 4.296568155288696
<unk> 0 309 5 0.4061073958873749 1.8308281898498535 1.3143603801727295
, 0 310 1 0.6605027914047241 2.95400333404541 0
suggests 0 311 8 7.1241679191589355 6.688068389892578 0
that 0 312 4 0.2128593921661377 1.1927669048309326 5.4953014850616455
it 0 313 2 4.637322425842285 4.533447265625 0
may 0 314 3 5.245436668395996 4.482772350311279 0.0506749153137207
originally 0 315 10 11.80825138092041 4.082849025726318 0.39992332458496094
have 0 316 4 1.8648864030838013 3.903869867324829 0.17897915840148926
been 0 317 4 0.30353984236717224 2.2724099159240723 1.6314599514007568
a 0 318 1 2.4118118286132812 7.1124138832092285 0
memorial 0 319 8 10.563652038574219 9.47319221496582 0
chapel 0 320 6 9.201401710510254 4.5379533767700195 4.935238838195801
, 0 321 1 2.0914080142974854 4.823198318481445 0
or 0 322 2 4.984105587005615 5.446813583374023 0
connected 0 323 9 12.893701553344727 7.344197750091553 0
to 0 324 2 0.7063973546028137 2.254432201385498 5.089765548706055
a 0 325 1 3.346369743347168 4.18449592590332 0
royal 0 326 5 7.301582336425781 8.87561321258545 0
court 0 327 5 5.887984275817871 7.528713703155518 1.3468995094299316
nearby 0 328 6 14.007136344909668 5.914463520050049 1.6142501831054688
. 0 329 1 1.9731885194778442 4.4437456130981445 1.4707179069519043
<eos> 0 330 5 0.06704023480415344 0.28251028060913086 4.161235332489014
<unk> 0 331 5 2.68295955657959 6.093094825744629 0
and 0 332 3 4.896894931793213 7.4524431228637695 0
<unk> 0 333 5 0.572094202041626 3.1031007766723633 4.349342346191406
, 0 334 1 4.742513656616211 8.0963134765625 0
authors 0 335 7 11.843677520751953 6.7218194007873535 1.3744940757751465
of 0 336 2 1.4612513780593872 3.8690078258514404 2.852811574935913
a 0 337 1 5.9914350509643555 2.7817509174346924 1.087256908416748
<unk> 0 338 5 2.651975154876709 8.491935729980469 0
guide 0 339 5 5.680658340454102 7.788398265838623 0.7035374641418457
to 0 340 2 2.346633195877075 4.912972927093506 2.875425338745117
ancient 0 341 7 13.51754379272461 3.7202634811401367 1.1927094459533691
<unk> 0 342 5 0.6540900468826294 3.7274227142333984 0
monuments 0 343 9 16.45553970336914 4.8004469871521 0
, 0 344 1 1.120211124420166 4.9316229820251465 0
note 0 345 4 11.857884407043457 7.929682731628418 0
that 0 346 4 0.30563387274742126 1.700926661491394 6.228756070137024
it 0 347 2 4.742025375366211 4.793250560760498 0
was 0 348 3 1.7635583877563477 4.057516574859619 0.7357339859008789
built 0 349 5 7.435579299926758 7.1707658767700195 0
in 0 350 2 1.670573353767395 4.535309791564941 2.635456085205078
the 0 351 3 1.7047181129455566 3.614861011505127 0.9204487800598145
large 0 352 5 11.603494644165039 6.269771099090576 0
parish 0 353 6 9.720481872558594 8.03282642364502 0
of 0 354 2 1.5140830278396606 4.926194190979004 3.1066322326660156
<unk> 0 355 5 0.32659366726875305 1.8738634586334229 3.052330732345581
<unk> 0 356 5 2.790447473526001 4.525106906890869 0
and 0 357 3 4.232228755950928 4.413209438323975 0.11189746856689453
was 0 358 3 3.3999829292297363 6.427250385284424 0
perhaps 0 359 7 8.484464645385742 7.938222408294678 0
intended 0 360 8 9.210906028747559 6.404029846191406 1.5341925621032715
to 0 361 2 0.5271832346916199 1.7772810459136963 4.62674880027771
serving 0 362 7 20.114208221435547 5.689169406890869 0
the 0 363 3 2.307987928390503 5.648169994354248 0.040999412536621094
expanding 0 364 9 12.77299976348877 8.970208168029785 0
population 0 365 10 6.5877461433410645 8.251375198364258 0.7188329696655273
in 0 366 2 4.2465596199035645 2.9995741844177246 5.251801013946533
medieval 0 367 8 9.320272445678711 4.03978967666626 0
times 0 368 5 2.765509843826294 2.8442070484161377 1.195582628250122
. 0 369 1 0.9325422644615173 3.1760027408599854 0
<eos> 0 370 5 0.06075809523463249 0.2610291838645935 2.914973556995392
<unk> 0 371 5 2.688030958175659 6.088762283325195 0
this 0 372 4 13.25866985321045 7.456148624420166 0
, 0 373 1 5.8558759689331055 9.905149459838867 0
it 0 374 2 6.875360012054443 7.622617721557617 2.28253173828125
seems 0 375 5 7.334639072418213 5.783052921295166 1.8395648002624512
to 0 376 2 1.509476661682129 4.7860107421875 0.997042179107666
have 0 377 4 1.8682200908660889 5.033156394958496 0
remained 0 378 8 8.954583168029785 5.124451160430908 0
as 0 379 2 6.4164276123046875 6.979759693145752 0
a 0 380 1 1.4137029647827148 5.021283149719238 1.9584765434265137
chapel 0 381 6 10.644759178161621 10.046767234802246 0
of 0 382 2 4.039011001586914 5.439075946807861 4.607691287994385
ease 0 383 4 10.879941940307617 6.397493362426758 0
rather 0 384 6 7.743489742279053 4.689885139465332 1.7076082229614258
than 0 385 4 0.0010236214147880673 0.013305633328855038 4.676579506136477
become 0 386 6 12.683990478515625 7.73439359664917 0
a 0 387 1 1.4860292673110962 4.966315269470215 2.768078327178955
parish 0 388 6 7.722293376922607 9.432143211364746 0
church 0 389 6 1.1098687648773193 3.7797534465789795 5.652389764785767
in 0 390 2 4.62633752822876 3.1750333309173584 0.6047201156616211
its 0 391 3 6.34168004989624 3.4587199687957764 0
own 0 392 3 3.6552655696868896 8.149971008300781 0
right 0 393 5 2.7303414344787598 7.688264846801758 0.46170616149902344
. 0 394 1 0.7703557014465332 2.4343841075897217 5.253880739212036
<eos> 0 395 5 0.0745798721909523 0.3054816424846649 2.1289024651050568
<unk> 0 396 5 2.7055773735046387 6.062771797180176 0
chapel 0 397 6 13.91396427154541 7.419998645782471 0
is 0 398 2 2.610217809677124 5.316115379333496 2.1038832664489746
sometimes 0 399 9 9.05562973022461 5.969808101654053 0
referred 0 400 8 3.9244983196258545 6.897915840148926 0
to 0 401 2 0.009567930363118649 0.07270670682191849 6.825209133327007
as 0 402 2 0.09703131020069122 0.588117241859436 0
" 0 403 1 2.410835027694702 3.7723541259765625 0
<unk> 0 404 5 1.5296108722686768 5.8848114013671875 0
<unk> 0 405 5 2.08150053024292 5.953487873077393 0
<unk> 0 406 5 2.3507704734802246 4.3090410232543945 1.644446849822998
" 0 407 1 0.8870369791984558 3.7194578647613525 0.589583158493042
( 0 408 1 3.5304489135742188 3.4540319442749023 0.2654259204864502
" 0 409 1 2.448620080947876 5.551176071166992 0
hen 0 410 3 16.24707794189453 7.491880893707275 0
" 0 411 1 3.058960437774658 6.753313064575195 0.7385678291320801
being 0 412 5 12.106026649475098 1.722015619277954 5.031297445297241
the 0 413 3 3.6675286293029785 7.467827796936035 0
<unk> 0 414 5 2.942122459411621 7.627989292144775 0
word 0 415 4 6.999754428863525 7.574814796447754 0.053174495697021484
for 0 416 3 2.3702471256256104 4.141878604888916 3.432936191558838
" 0 417 1 2.4464640617370605 5.453327655792236 0
old 0 418 3 7.601708889007568 8.136353492736816 0
" 0 419 1 3.892286539077759 6.840272903442383 1.2960805892944336
and 0 420 3 4.629333972930908 3.037053108215332 3.803219795227051
" 0 421 1 0.8376491069793701 4.111434459686279 0
<unk> 0 422 5 1.57741379737854 7.413591384887695 0
" 0 423 1 0.5915392637252808 3.2052664756774902 4.208324909210205
meaning 0 424 7 9.864663124084473 1.0646411180496216 2.1406253576278687
" 0 425 1 0.12341464310884476 0.8709668517112732 0.1936742663383484
chapel 0 426 6 10.89218521118164 7.676207065582275 0
" 0 427 1 0.811487078666687 3.4880623817443848 4.188144683837891
) 0 428 1 0.2669309079647064 1.3457345962524414 2.1423277854919434
. 0 429 1 1.3032819032669067 3.199552536010742 0
<eos> 0 430 5 0.059010688215494156 0.25659987330436707 2.942952662706375
<unk> 0 431 5 2.688509941101074 6.085336685180664 0
walls 0 432 5 16.10199737548828 7.455704689025879 0
were 0 433 4 3.2848782539367676 6.498891353607178 0.9568133354187012
partially 0 434 9 10.28598403930664 8.458524703979492 0
rebuilt 0 435 7 4.092705726623535 7.202054977416992 1.2564697265625
in 0 436 2 1.84694504737854 4.383369445800781 2.818685531616211
the 0 437 3 2.0134849548339844 2.5923144817352295 1.7910549640655518
14th 0 438 4 5.851858139038086 5.4724931716918945 0
century 0 439 7 0.060832295566797256 0.3366074860095978 5.135885685682297
, 0 440 1 1.665193796157837 3.540041923522949 0
and 0 441 3 1.8582271337509155 4.613680839538574 0
the 0 442 3 2.2301087379455566 6.9538068771362305 0
upper 0 443 5 7.038158893585205 8.817605972290039 0
parts 0 444 5 5.927781105041504 6.042212963104248 2.775393009185791
of 0 445 2 0.5948317050933838 2.164837121963501 3.877375841140747
the 0 446 3 0.18538345396518707 1.1585969924926758 1.0062401294708252
walls 0 447 5 5.325475692749023 7.634180068969727 0
date 0 448 4 9.802526473999023 3.7550196647644043 3.8791604042053223
from 0 449 4 1.5887398719787598 3.0982964038848877 0.6567232608795166
this 0 450 4 5.260980606079102 2.8356223106384277 0.26267409324645996
time 0 451 4 2.871614933013916 2.686199188232422 0.14942312240600586
. 0 452 1 0.5257578492164612 2.4860596656799316 0.20013952255249023
<eos> 0 453 5 0.06295128166675568 0.2691245377063751 2.2169351279735565
<unk> 0 454 5 2.689204692840576 6.084875583648682 0
chapel 0 455 6 13.9346923828125 7.448213577270508 0
was 0 456 3 1.9593584537506104 5.312427043914795 2.135786533355713
added 0 457 5 7.241209506988525 7.31847620010376 0
to 0 458 2 0.7497068047523499 2.584602117538452 4.733874082565308
the 0 459 3 0.4486353397369385 2.4646823406219482 0.1199197769165039
south 0 460 5 6.890702247619629 7.78031063079834 0
side 0 461 4 3.561887264251709 6.033658981323242 1.7466516494750977
of 0 462 2 0.2274903506040573 1.5070631504058838 4.526595830917358
the 0 463 3 0.5151307582855225 2.155359983444214 0
building 0 464 8 4.877972602844238 7.620774269104004 0
in 0 465 2 2.1530191898345947 4.2896270751953125 3.3311471939086914
the 0 466 3 3.1464569568634033 1.7160638570785522 2.5735632181167603
16th 0 467 4 5.048516273498535 5.7982354164123535 0
century 0 468 7 0.03754996880888939 0.25765442848205566 5.540580987930298
. 0 469 1 1.2199926376342773 2.8626110553741455 0
<eos> 0 470 5 0.05999857559800148 0.260672926902771 2.6019381284713745
<unk> 0 471 5 2.712726354598999 6.090744972229004 0
vault 0 472 5 20.815406799316406 7.4350199699401855 0
under 0 473 5 12.028162956237793 7.4947099685668945 0
the 0 474 3 1.0898141860961914 3.551314115524292 3.9433958530426025
south 0 475 5 8.378006935119629 8.436288833618164 0
chapel 0 476 6 8.998373031616211 4.667306423187256 3.768982410430908
was 0 477 3 2.409639358520508 6.436315059661865 0
used 0 478 4 6.729089736938477 6.692111968994141 0
to 0 479 2 3.0178372859954834 3.108729839324951 3.5833821296691895
bury 0 480 4 12.794386863708496 8.293962478637695 0
members 0 481 7 11.096770286560059 7.441794395446777 0.852168083190918
of 0 482 2 1.1515517234802246 4.058302879333496 3.3834915161132812
a 0 483 1 4.5462212562561035 3.0655837059020996 0.9927191734313965
local 0 484 5 6.28339147567749 9.069799423217773 0
family 0 485 6 5.175634860992432 7.990463733673096 1.0793356895446777
, 0 486 1 2.128525972366333 4.844703197479248 3.1457605361938477
the 0 487 3 5.48466682434082 6.800277233123779 0
<unk> 0 488 5 2.4074323177337646 9.045580863952637 0
<unk> 0 489 5 3.2490479946136475 7.154600143432617 1.8909807205200195
. 0 490 1 4.2374267578125 6.388845920562744 0.765754222869873
<eos> 0 491 5 0.05951973423361778 0.25831443071365356 6.130531489849091
<unk> 0 492 5 2.6836130619049072 6.090334415435791 0
<unk> 0 493 5 2.4146640300750732 7.455313205718994 0
, 0 494 1 2.8339521884918213 6.287597179412842 1.1677160263061523
the 0 495 3 2.997927188873291 5.748414993286133 0.539182186126709
vault 0 496 5 18.09047508239746 8.580496788024902 0
was 0 497 3 6.512110710144043 6.457625389099121 2.1228713989257812
used 0 498 4 5.690871715545654 8.55903434753418 0
to 0 499 2 2.62358021736145 3.616154670715332 4.942879676818848
record 0 500 6 10.238929748535156 8.689774513244629 0
some 0 501 4 7.8715715408325195 6.576161861419678 2.113612651824951
" 0 502 1 7.80049467086792 7.4131550788879395 0
atmospheres 0 503 11 20.440336227416992 10.114710807800293 0
" 0 504 1 0.5821914672851562 2.7181594371795654 7.3965513706207275
for 0 505 3 4.900470733642578 5.511528491973877 0
the 0 506 3 1.7329370975494385 7.259071350097656 0
album 0 507 5 6.358335971832275 9.548670768737793 0
" 0 508 1 7.402664661407471 3.5757930278778076 5.972877740859985
<unk> 0 509 5 2.4161651134490967 8.767121315002441 0
<unk> 0 510 5 2.1147096157073975 5.203904151916504 3.5632171630859375
<unk> 0 511 5 2.2914116382598877 4.716958999633789 0.48694515228271484
<unk> 0 512 5 2.2059831619262695 4.4727702140808105 0.24418878555297852
<unk> 0 513 5 1.78533136844635 3.8678369522094727 0.6049332618713379
<unk> 0 514 5 1.4476205110549927 3.6192922592163086 0.24854469299316406
<unk> 0 515 5 1.1444056034088135 3.334031820297241 0.2852604389190674
<unk> 0 516 5 0.9483880996704102 3.135011911392212 0.1990199089050293
" 0 517 1 2.1024203300476074 2.9629690647125244 0.1720428466796875
by 0 518 2 6.108741283416748 3.3042399883270264 0
<unk> 0 519 5 0.5943184494972229 3.519293785095215 0
<unk> 0 520 5 0.6953698396682739 3.523190498352051 0
, 0 521 1 1.8522889614105225 3.3963429927825928 0.126847505569458
a 0 522 1 4.5758957862854 5.611310005187988 0
collective 0 523 10 13.107792854309082 8.321878433227539 0
of 0 524 2 4.441934585571289 8.676277160644531 0
<unk> 0 525 5 1.8946832418441772 7.608216762542725 1.0680603981018066
musicians 0 526 9 3.8363537788391113 7.170372009277344 0.43784475326538086
including 0 527 9 6.9672040939331055 4.374912261962891 2.795459747314453
members 0 528 7 9.15937328338623 3.3840558528900146 0.990856409072876
of 0 529 2 0.07504770159721375 0.5113770961761475 2.872678756713867
<unk> 0 530 5 3.382389783859253 2.0666561126708984 0
and 0 531 3 3.9777579307556152 4.544699192047119 0
the 0 532 3 2.6365628242492676 3.8290224075317383 0.7156767845153809
<unk> 0 533 5 1.3220266103744507 6.367990016937256 0
, 0 534 1 3.7979519367218018 6.647556781768799 0
<unk> 0 535 5 2.4902565479278564 5.908742427825928 0.7388143539428711
<unk> 0 536 5 1.6860049962997437 4.517380714416504 1.3913617134094238
<unk> 0 537 5 3.8038241863250732 3.0530335903167725 1.4643471240997314
and 0 538 3 2.5429534912109375 3.9436721801757812 0
<unk> 0 539 5 0.43387371301651 2.64487361907959 1.2987985610961914
that 0 540 4 13.881514549255371 2.2123241424560547 0.43254947662353516
was 0 541 3 4.804467678070068 7.4454193115234375 0
described 0 542 9 7.30813455581665 8.059839248657227 0
by 0 543 2 2.154895782470703 1.3905272483825684 6.669312000274658
one 0 544 3 9.23752498626709 4.5455427169799805 0
journalist 0 545 10 4.942713737487793 5.493081092834473 0
as 0 546 2 1.054195761680603 3.1245944499969482 2.3684866428375244
" 0 547 1 0.9225891828536987 3.4026360511779785 0
possibly 0 548 8 9.838780403137207 6.804623126983643 0
the 0 549 3 2.2295804023742676 5.800244331359863 1.0043787956237793
<unk> 0 550 5 6.070964336395264 4.907645225524902 0.8925991058349609
pop 0 551 3 8.742034912109375 6.446777820587158 0
group 0 552 5 7.804198265075684 6.2098236083984375 0.2369542121887207
of 0 553 2 2.0406761169433594 6.237367153167725 0
all 0 554 3 2.9751126766204834 4.55105447769165 1.6863126754760742
time 0 555 4 1.4820845127105713 4.7688188552856445 0
" 0 556 1 0.7562861442565918 2.658996343612671 2.1098225116729736
. 0 557 1 0.361141562461853 1.657294750213623 1.0017015933990479
<eos> 0 558 5 0.06398583203554153 0.2711203098297119 1.3861744403839111
<unk> 0 559 5 2.6819965839385986 6.073410511016846 0
a 0 560 1 12.19416618347168 7.445537567138672 0
time 0 561 4 10.912211418151855 9.053926467895508 0
, 0 562 1 4.221901893615723 6.092475891113281 2.9614505767822266
<unk> 0 563 5 1.9764231443405151 6.175012111663818 0
<unk> 0 564 5 3.1874630451202393 8.031791687011719 0
was 0 565 3 3.5207505226135254 7.252768516540527 0.7790231704711914
used 0 566 4 7.903736591339111 8.473006248474121 0
as 0 567 2 1.5264904499053955 3.173548936843872 5.299457311630249
a 0 568 1 0.7691985368728638 3.032135486602783 0.14141345024108887
private 0 569 7 7.872522354125977 9.994975090026855 0
place 0 570 5 7.163172245025635 8.923869132995605 1.07110595703125
of 0 571 2 5.648012161254883 4.546082496643066 4.377786636352539
worship 0 572 7 6.345725059509277 7.1921772956848145 0
for 0 573 3 4.342418670654297 4.349856376647949 2.8423209190368652
<unk> 0 574 5 2.1621975898742676 5.081360340118408 0
<unk> 0 575 5 2.4603493213653564 5.244877338409424 0
, 0 576 1 2.147722005844116 4.15599250793457 1.0888848304748535
a 0 577 1 2.801140546798706 5.416488170623779 0
" 0 578 1 7.727722644805908 8.528396606445312 0
venerable 0 579 9 13.764894485473633 9.091123580932617 0
mansion 0 580 7 14.197358131408691 7.6689252853393555 1.4221982955932617
" 0 581 1 0.3980834484100342 2.3951144218444824 5.273810863494873
once 0 582 4 12.88824462890625 5.012643814086914 0
owned 0 583 5 6.205795764923096 7.300240993499756 0
by 0 584 2 0.18889470398426056 1.1671245098114014 6.1331164836883545
the 0 585 3 1.6651045083999634 3.533259153366089 0
<unk> 0 586 5 1.1378867626190186 5.858134746551514 0
family 0 587 6 3.620547294616699 6.5302815437316895 0
which 0 588 5 7.969301700592041 3.1732215881347656 3.357059955596924
came 0 589 4 8.428069114685059 6.311172962188721 0
into 0 590 4 3.5928263664245605 3.870004892349243 2.4411680698394775
the 0 591 3 2.152672529220581 6.002989768981934 0
possession 0 592 10 4.327763080596924 7.595754146575928 0
of 0 593 2 0.017806297168135643 0.15539313852787018 7.440361008048058
<unk> 0 594 5 1.6787612438201904 3.860266923904419 0
<unk> 0 595 5 1.1713862419128418 4.396454811096191 0
, 0 596 1 2.8308730125427246 3.8725266456604004 0.523928165435791
1st 0 597 3 7.6342010498046875 5.592250347137451 0
<unk> 0 598 5 6.535112380981445 1.8955005407333374 3.6967498064041138
<unk> 0 599 5 2.191265344619751 4.776483058929443 0
, 0 600 1 2.844752550125122 4.177372455596924 0.5991106033325195
in 0 601 2 3.8789379596710205 5.765332221984863 0
the 0 602 3 2.965095043182373 2.1027822494506836 3.6625499725341797
18th 0 603 4 7.647569179534912 7.217608451843262 0
century 0 604 7 0.12263323366641998 0.7319349050521851 6.485673546791077
. 0 605 1 0.7656062245368958 2.445164680480957 0
<eos> 0 606 5 0.0607689768075943 0.26217401027679443 2.1829906702041626
<unk> 0 607 5 2.694913148880005 6.08349084854126 0
the 0 608 3 9.45189094543457 7.442642688751221 0
early 0 609 5 11.367878913879395 9.485238075256348 0
part 0 610 4 7.581246376037598 9.638387680053711 0
of 0 611 2 0.05158650875091553 0.44841504096984863 9.189972639083862
the 0 612 3 0.7505103349685669 2.593198299407959 0
18th 0 613 4 8.487044334411621 8.763956069946289 0
century 0 614 7 0.2087869942188263 1.2811226844787598 7.482833385467529
, 0 615 1 1.1220300197601318 4.693546295166016 0
however 0 616 7 5.465378761291504 7.190656661987305 0
, 0 617 1 0.1850862354040146 1.312993049621582 5.877663612365723
the 0 618 3 4.073758602142334 7.862457275390625 0
chapel 0 619 6 11.363011360168457 9.66435718536377 0
became 0 620 6 5.139206409454346 5.3133063316345215 4.351050853729248
unused 0 621 6 15.1968355178833 6.057583332061768 0
and 0 622 3 3.4742228984832764 4.116608619689941 1.9409747123718262
began 0 623 5 8.177884101867676 7.932363986968994 0
to 0 624 2 0.594892144203186 3.4507603645324707 4.481603622436523
fall 0 625 4 6.4874138832092285 7.789132595062256 0
into 0 626 4 2.263784170150757 5.200523376464844 2.588609218597412
disrepair 0 627 9 0.4833097457885742 1.4069485664367676 3.793574810028076
. 0 628 1 1.0427430868148804 3.084390640258789 0
<eos> 0 629 5 0.05155082792043686 0.23241755366325378 2.8519730865955353
<unk> 0 630 5 2.6951911449432373 6.070284366607666 0
walls 0 631 5 16.06154441833496 7.464625358581543 0
remain 0 632 6 10.044380187988281 6.5207414627075195 0.9438838958740234
to 0 633 2 7.686123371124268 7.1701436042785645 0
gable 0 634 5 18.14174461364746 6.395902156829834 0.7742414474487305
level 0 635 5 10.4400053024292 7.499085903167725 0
, 0 636 1 2.337782144546509 6.421842575073242 1.0772433280944824
with 0 637 4 3.455974817276001 5.990117073059082 0.43172550201416016
some 0 638 4 5.054550647735596 7.116968154907227 0
traces 0 639 6 11.278074264526367 9.215659141540527 0
of 0 640 2 0.2907882034778595 2.0380051136016846 7.177654027938843
render 0 641 6 18.607831954956055 6.95545768737793 0
on 0 642 2 6.479923725128174 6.878872871398926 0.0765848159790039
the 0 643 3 0.8884610533714294 4.879040718078613 1.9998321533203125
inside 0 644 6 9.216288566589355 8.630599975585938 0
, 0 645 1 3.365173578262329 5.097787857055664 3.5328121185302734
but 0 646 3 4.4638991355896 6.257281303405762 0
the 0 647 3 2.5964908599853516 6.87512731552124 0
roof 0 648 4 6.521245002746582 9.896724700927734 0
has 0 649 3 4.084636211395264 5.75169563293457 4.145029067993164
gone 0 650 4 9.756860733032227 5.952170372009277 0
. 0 651 1 6.073843955993652 6.63263463973999 0
<eos> 0 652 5 0.06217249110341072 0.2670796811580658 6.365554958581924
<unk> 0 653 5 2.690308094024658 6.087280750274658 0
<unk> 0 654 5 2.40712833404541 7.455630779266357 0
is 0 655 2 5.234157085418701 6.2961859703063965 1.159444808959961
in 0 656 2 6.876960277557373 6.575220108032227 0
the 0 657 3 1.3100743293762207 5.067269325256348 1.507950782775879
<unk> 0 658 5 2.0760011672973633 7.890310287475586 0
countryside 0 659 11 12.453665733337402 7.7774763107299805 0.11283397674560547
near 0 660 4 7.341800212860107 5.0356974601745605 2.74177885055542
<unk> 0 661 5 1.0644227266311646 3.202850580215454 1.8328468799591064
; 0 662 1 6.333042144775391 4.007519245147705 0
the 0 663 3 2.6291112899780273 5.4790143966674805 0
parish 0 664 6 9.54702377319336 8.67639446258545 0
church 0 665 6 5.56083869934082 5.456031799316406 3.220362663269043
of 0 666 2 3.912665843963623 4.931511878967285 0.5245199203491211
<unk> 0 667 5 0.3359302878379822 1.6678457260131836 3.2636661529541016
<unk> 0 668 5 2.0287184715270996 5.231107234954834 0
, 0 669 1 2.6429123878479004 5.179601192474365 0.05150604248046875
<unk> 0 670 5 2.2726283073425293 5.960423469543457 0
is 0 671 2 6.014658451080322 4.661799430847168 1.298624038696289
about 0 672 5 9.017724990844727 6.257455825805664 0
<unk> 0 673 5 0.45987194776535034 2.4139413833618164 3.8435144424438477
<unk> 0 674 5 1.7331888675689697 4.4284563064575195 0
<eos> 0 675 5 2.047069549560547 2.166576862335205 2.2618794441223145
@ 0 676 1 0.0007897001341916621 0.008703532628715038 2.15787332970649
<unk> 0 677 5 0.0005311566055752337 0.007608707062900066 0.001094825565814972
miles 0 678 5 0.7460305094718933 2.5393102169036865 0
( 0 679 1 0.023062095046043396 0.19556128978729248 2.343748927116394
<unk> 0 680 5 0.0005584915052168071 0.007601521909236908 0.18795976787805557
<unk> 0 681 5 0.027376893907785416 0.1701756864786148 0
<eos> 0 682 5 0.00321953184902668 0.023495154455304146 0.14668053202331066
@ 0 683 1 5.503434294951148e-06 4.3510954128578305e-05 0.023451643501175568
<unk> 0 684 5 0.00011556770914467052 0.0015597271267324686 0
km 0 685 2 0.004732929635792971 0.040102727711200714 0
) 0 686 1 0.003136990126222372 0.026902291923761368 0.013200435787439346
away 0 687 4 5.0293450355529785 3.8753387928009033 0
. 0 688 1 1.5676782131195068 3.1839258670806885 0.6914129257202148
<eos> 0 689 5 0.06726578623056412 0.283238023519516 2.9006878435611725
<unk> 0 690 5 2.6625747680664062 6.0892534255981445 0
of 0 691 2 8.401002883911133 7.451335430145264 0
the 0 692 3 2.0880842208862305 3.66203236579895 3.7893030643463135
churchyard 0 693 10 14.655786514282227 7.651952743530273 0
wall 0 694 4 12.435224533081055 6.339632511138916 1.3123202323913574
remains 0 695 7 8.171566009521484 5.856127738952637 0.4835047721862793
, 0 696 1 5.587947368621826 6.827473163604736 0
showing 0 697 7 9.71314811706543 6.7465057373046875 0.08096742630004883
that 0 698 4 2.972933292388916 6.410913467407227 0.33559226989746094
it 0 699 2 4.256713390350342 5.448863506317139 0.9620499610900879
was 0 700 3 1.47073233127594 4.123950481414795 1.3249130249023438
originally 0 701 10 5.714592933654785 7.690617084503174 0
within 0 702 6 12.273639678955078 7.286998271942139 0.40361881256103516
a 0 703 1 2.7229888439178467 3.417006015777588 3.869992256164551
mainly 0 704 6 15.816997528076172 9.219021797180176 0
circular 0 705 8 5.557966232299805 7.9244771003723145 1.2945446968078613
enclosure 0 706 9 5.004275321960449 8.432269096374512 0
, 0 707 1 1.8041118383407593 4.653439998626709 3.7788290977478027
as 0 708 2 5.1766886711120605 5.735311985015869 0
often 0 709 5 11.605667114257812 5.2352705001831055 0.5000414848327637
found 0 710 5 10.692540168762207 5.7497687339782715 0
with 0 711 4 6.841029644012451 2.9102437496185303 2.839524984359741
early 0 712 5 10.788615226745605 6.8956298828125 0
churches 0 713 8 9.170697212219238 7.358885288238525 0
. 0 714 1 1.5337879657745361 3.6900806427001953 3.66880464553833
<eos> 0 715 5 0.06225501745939255 0.2672533392906189 3.4228273034095764
<unk> 0 716 5 2.6863980293273926 6.08645486831665 0
is 0 717 2 5.173491477966309 7.454806804656982 0
cared 0 718 5 15.361682891845703 7.743856430053711 0
for 0 719 3 0.08646459132432938 0.5586274862289429 7.185228943824768
by 0 720 2 0.4640532433986664 2.1995527744293213 0
<unk> 0 721 5 1.6972253322601318 5.067774295806885 0
, 0 722 1 2.0841078758239746 4.841034412384033 0.22673988342285156
the 0 723 3 4.917531490325928 4.566408157348633 0.2746262550354004
<unk> 0 724 5 3.0006625652313232 8.673166275024414 0
<unk> 0 725 5 2.2727560997009277 6.647149085998535 2.026017189025879
<unk> 0 726 5 2.585921287536621 5.177588939666748 1.469560146331787
body 0 727 4 14.661735534667969 5.184549331665039 0
responsible 0 728 11 8.268088340759277 4.69327974319458 0.491269588470459
for 0 729 3 0.01917669177055359 0.1509568989276886 4.5423228442668915
the 0 730 3 1.7363505363464355 6.793877601623535 0
built 0 731 5 15.896512985229492 9.714104652404785 0
heritage 0 732 8 11.29537582397461 5.676766872406006 4.037337779998779
of 0 733 2 2.3598015308380127 6.734054088592529 0
<unk> 0 734 5 1.1093542575836182 3.692162036895752 3.0418920516967773
, 0 735 1 2.1392178535461426 4.643368721008301 0
and 0 736 3 2.274315118789673 5.645721435546875 0
is 0 737 2 3.9079878330230713 7.1736063957214355 0
open 0 738 4 10.874377250671387 7.995101451873779 0
to 0 739 2 0.2312161922454834 1.4296982288360596 6.56540322303772
the 0 740 3 1.871595025062561 7.058857440948486 0
public 0 741 6 1.584550380706787 7.317646503448486 0
. 0 742 1 1.6779576539993286 4.87268590927124 2.444960594177246
<eos> 0 743 5 0.0587163008749485 0.256037175655365 4.616648733615875
= 0 744 1 3.8173117637634277 6.113084316253662 0
= 0 745 1 0.10973311215639114 0.7477949857711792 5.365289330482483
<unk> 0 746 5 5.5299906730651855 5.733813762664795 0
and 0 747 3 4.086522579193115 7.006240367889404 0
fittings 0 748 8 14.806142807006836 6.5777435302734375 0.4284968376159668
= 0 749 1 0.1170831173658371 0.8099648952484131 5.767778635025024
= 0 750 1 4.6778521209489554e-05 0.0007737143896520138 0.8091911808587611
<eos> 0 751 5 22.639244079589844 4.827390193939209 0
<unk> 0 752 5 2.3597121238708496 5.349062442779541 0
<unk> 0 753 5 1.5272170305252075 6.161238670349121 0
is 0 754 2 3.33465838432312 5.9864821434021 0.17475652694702148
built 0 755 5 8.184020042419434 5.617680549621582 0.3688015937805176
from 0 756 4 4.20776891708374 4.354288101196289 1.263392448425293
rubble 0 757 6 8.397913932800293 4.882321834564209 0
masonry 0 758 7 2.108736991882324 4.499666213989258 0.38265562057495117
; 0 759 1 7.010669231414795 4.70408821105957 0
at 0 760 2 6.667115211486816 6.072614669799805 0
about 0 761 5 6.195646286010742 3.811222553253174 2.261392116546631
<unk> 0 762 5 0.5045228600502014 1.9381238222122192 1.8730987310409546
feet 0 763 4 3.565467357635498 3.6320393085479736 0
( 0 764 1 0.2674177885055542 1.1715114116668701 2.4605278968811035
<unk> 0 765 5 0.0010650393087416887 0.013709092512726784 1.1578023191541433
<unk> 0 766 5 2.0784308910369873 0.8980259895324707 0
<eos> 0 767 5 0.004639503080397844 0.03248652443289757 0.8655394650995731
@ 0 768 1 0.0 5.159478746463719e-07 0.03248600848502292
<unk> 0 769 5 6.328822928480804e-05 0.0009576254524290562 0
m 0 770 1 0.002149041509255767 0.01960582844913006 0
) 0 771 1 0.003714853897690773 0.03206608071923256 0
up 0 772 2 13.16843318939209 4.488101959228516 0
the 0 773 3 3.2916035652160645 3.6807289123535156 0.807373046875
walls 0 774 5 6.467428207397461 7.6507568359375 0
, 0 775 1 0.9531636834144592 3.608548164367676 4.042208671569824
the 0 776 3 1.4897164106369019 5.264161109924316 0
style 0 777 5 10.990495681762695 9.194942474365234 0
changes 0 778 7 9.619226455688477 5.244051933288574 3.95089054107666
and 0 779 3 4.803218364715576 5.702500820159912 0
smaller 0 780 7 13.887852668762207 8.546375274658203 0
stones 0 781 6 8.21660041809082 9.309074401855469 0
are 0 782 3 2.7731776237487793 7.149380683898926 2.159693717956543
inserted 0 783 8 9.778169631958008 8.475614547729492 0
into 0 784 4 1.4774904251098633 4.1540141105651855 4.321600437164307
spaces 0 785 6 12.754316329956055 3.286409854888916 0.8676042556762695
between 0 786 7 5.918646812438965 5.083446979522705 0
the 0 787 3 1.0796685218811035 5.0573649406433105 0.02608203887939453
larger 0 788 6 9.845993995666504 8.71462631225586 0
blocks 0 789 6 7.50000524520874 8.331029891967773 0.38359642028808594
, 0 790 1 3.1176466941833496 3.559652805328369 4.771377086639404
showing 0 791 7 11.110770225524902 6.3198394775390625 0
where 0 792 5 12.425737380981445 5.907051086425781 0.41278839111328125
the 0 793 3 1.097988247871399 4.721494674682617 1.185556411743164
14th 0 794 4 13.543072700500488 9.597929954528809 0
<unk> 0 795 5 1.5003738403320312 5.580170154571533 4.017759799957275
century 0 796 7 0.164145827293396 1.379703402519226 4.200466752052307
rebuilding 0 797 10 12.132869720458984 8.670042991638184 0
started 0 798 7 9.382598876953125 7.124264240264893 1.545778751373291
. 0 799 1 1.2363351583480835 3.714600086212158 3.4096641540527344
<eos> 0 800 5 0.06327591091394424 0.2701035141944885 3.4444965720176697
<unk> 0 801 5 2.692610025405884 6.057991027832031 0
doorway 0 802 7 21.44976234436035 7.4347453117370605 0
is 0 803 2 3.3889784812927246 7.287517070770264 0.14722824096679688
on 0 804 2 7.5057148933410645 7.35274600982666 0
the 0 805 3 0.9235138297080994 3.5169620513916016 3.8357839584350586
south 0 806 5 4.24644136428833 7.227112770080566 0
side 0 807 4 0.4057936668395996 2.2600600719451904 4.967052698135376
, 0 808 1 3.937948703765869 1.319223165512085 0.9408369064331055
headed 0 809 6 13.485679626464844 6.304681777954102 0
by 0 810 2 0.1844121515750885 1.176059603691101 5.1286221742630005
a 0 811 1 2.935899257659912 3.870497703552246 0
plain 0 812 5 11.4585542678833 7.930474281311035 0
arch 0 813 4 8.018193244934082 8.13487720489502 0
, 0 814 1 2.0787172317504883 5.236049175262451 2.8988280296325684
and 0 815 3 2.2518320083618164 6.58717155456543 0
dates 0 816 5 8.886123657226562 6.93371057510376 0
from 0 817 4 1.3623943328857422 3.6763992309570312 3.2573113441467285
the 0 818 3 0.845981240272522 2.807504415512085 0.8688948154449463
12th 0 819 4 4.111260414123535 5.9627790451049805 0
century 0 820 7 0.12545114755630493 0.6795920133590698 5.283187031745911
. 0 821 1 1.0321627855300903 3.31244158744812 0
<eos> 0 822 5 0.05609108880162239 0.24647459387779236 3.0659669935703278
<unk> 0 823 5 2.7002458572387695 6.0860161781311035 0
is 0 824 2 5.18958044052124 7.446470260620117 0
a 0 825 1 3.0662100315093994 7.748942852020264 0
stone 0 826 5 12.80837631225586 9.640021324157715 0
<unk> 0 827 5 2.138644218444824 7.594211101531982 2.0458102226257324
at 0 828 2 7.156429290771484 7.826704978942871 0
the 0 829 3 1.2543768882751465 3.6381754875183105 4.1885294914245605
west 0 830 4 6.234806060791016 7.756112098693848 0
end 0 831 3 0.6191897392272949 2.778841733932495 4.9772703647613525
. 0 832 1 5.681285858154297 0.9828922748565674 1.7959494590759277
<eos> 0 833 5 0.05948672816157341 0.2605632543563843 0.7223290205001831
<unk> 0 834 5 2.691652297973633 6.082122325897217 0
is 0 835 2 5.174935817718506 7.4383649826049805 0
no 0 836 2 9.839426040649414 7.733641624450684 0
structural 0 837 10 17.257177352905273 1.2130444049835205 6.520597219467163
division 0 838 8 11.183162689208984 8.334753036499023 0
between 0 839 7 8.768915176391602 5.6665754318237305 2.668177604675293
the 0 840 3 1.485130786895752 4.108150959014893 1.558424472808838
nave 0 841 4 10.309990882873535 7.488460540771484 0
( 0 842 1 6.349673748016357 2.2251219749450684 5.263338565826416
where 0 843 5 8.80687141418457 6.205623626708984 0
the 0 844 3 1.362597942352295 5.015000820159912 1.1906228065490723
congregation 0 845 12 9.29040241241455 8.50333309173584 0
would 0 846 5 7.1501593589782715 6.923637866973877 1.579695224761963
have 0 847 4 3.019544839859009 5.217380046844482 1.7062578201293945
sat 0 848 3 9.501298904418945 6.570479393005371 0
) 0 849 1 3.565932273864746 5.650726318359375 0.9197530746459961
and 0 850 3 2.69893479347229 5.013315677642822 0.6374106407165527
the 0 851 3 2.1293790340423584 7.022395610809326 0
chancel 0 852 7 3.9770395755767822 8.681846618652344 0
( 0 853 1 3.7715671062469482 6.164416313171387 2.517430305480957
where 0 854 5 9.047062873840332 6.54005241394043 0
the 0 855 3 1.298259973526001 4.6109395027160645 1.9291129112243652
altar 0 856 5 6.154926300048828 8.268546104431152 0
would 0 857 5 6.936349391937256 5.386074066162109 2.882472038269043
have 0 858 4 2.716326951980591 4.183331489562988 1.202742576599121
been 0 859 4 1.5125930309295654 6.051567077636719 0
located 0 860 7 7.407493591308594 8.26059627532959 0
) 0 861 1 1.8842720985412598 4.652553558349609 3.6080427169799805
. 0 862 1 2.2729640007019043 5.080411911010742 0
<eos> 0 863 5 0.0641205683350563 0.2740160822868347 4.8063958287239075
<unk> 0 864 5 2.6853013038635254 6.070708751678467 0
are 0 865 3 9.075834274291992 7.42949914932251 0
no 0 866 2 9.171478271484375 9.076410293579102 0
window 0 867 6 21.826969146728516 2.7418158054351807 6.334594488143921
openings 0 868 8 11.27294921875 6.589047431945801 0
on 0 869 2 4.6156415939331055 4.543773174285889 2.045274257659912
the 0 870 3 0.5329412221908569 2.9731831550598145 1.5705900192260742
north 0 871 5 6.835253715515137 8.336036682128906 0
side 0 872 4 1.1591906547546387 4.123165607452393 4.212871074676514
, 0 873 1 2.576638698577881 2.423926591873169 1.6992390155792236
but 0 874 3 3.262442111968994 5.758013725280762 0
there 0 875 5 5.539808750152588 6.451611518859863 0
is 0 876 2 1.6803998947143555 2.006331443786621 4.445280075073242
a 0 877 1 1.751866102218628 4.1766133308410645 0
blocked 0 878 7 13.194302558898926 9.651135444641113 0
opening 0 879 7 9.407297134399414 8.578313827514648 1.0728216171264648
to 0 880 2 5.236600875854492 6.913624286651611 1.664689540863037
the 0 881 3 0.6086452007293701 3.4912822246551514 3.42234206199646
east 0 882 4 4.456797122955322 7.173947334289551 0
( 0 883 1 8.019325256347656 4.074219703674316 3.0997276306152344
about 0 884 5 8.741512298583984 7.5415568351745605 0
<unk> 0 885 5 0.6896408200263977 3.038543462753296 4.503013372421265
feet 0 886 4 3.3016610145568848 4.5459303855896 0
( 0 887 1 0.3157931864261627 1.29157555103302 3.2543548345565796
<unk> 0 888 5 0.0012989159440621734 0.01681695692241192 1.274758594110608
<unk> 0 889 5 2.0439465045928955 0.9717177152633667 0
<eos> 0 890 5 0.002713225083425641 0.021237386390566826 0.9504803288727999
@ 0 891 1 0.0 1.2038780141665484e-06 0.02123618251255266
<unk> 0 892 5 9.080398012883961e-05 0.001385170966386795 0
m 0 893 1 0.00706919701769948 0.05818929523229599 0
) 0 894 1 0.0011722733033820987 0.012011858634650707 0.04617743659764528
wide 0 895 4 5.01436185836792 4.814553260803223 0
) 0 896 1 3.1152167320251465 4.369946479797363 0.4446067810058594
and 0 897 3 3.442967414855957 3.669652223587036 0.7002942562103271
there 0 898 5 8.591459274291992 7.867201805114746 0
are 0 899 3 1.2992891073226929 2.3270254135131836 5.5401763916015625
the 0 900 3 5.964672088623047 6.738804340362549 0
remains 0 901 7 8.421161651611328 9.119277000427246 0
of 0 902 2 0.39291560649871826 2.3963701725006104 6.722906827926636
a 0 903 1 3.0027718544006348 4.039333820343018 0
window 0 904 6 8.625494003295898 8.838435173034668 0
on 0 905 2 4.514169216156006 6.408015727996826 2.430419445037842
the 0 906 3 0.36864006519317627 1.9420692920684814 4.465946435928345
south 0 907 5 4.507087230682373 7.026706218719482 0
wall 0 908 4 3.0391287803649902 3.153512477874756 3.8731937408447266
. 0 909 1 0.9149009585380554 2.8412067890167236 0.3123056888580322
<eos> 0 910 5 0.06232106685638428 0.26825258135795593 2.5729542076587677
<unk> 0 911 5 2.6841840744018555 6.079193115234375 0
is 0 912 2 5.164112091064453 7.442793846130371 0
a 0 913 1 3.0563037395477295 7.7389235496521 0
blocked 0 914 7 15.715270042419434 9.641315460205078 0
window 0 915 6 12.072312355041504 7.598087787628174 2.0432276725769043
in 0 916 2 4.290718078613281 5.6153950691223145 1.9826927185058594
the 0 917 3 0.9369229078292847 3.63702392578125 1.9783711433410645
south 0 918 5 6.488048076629639 9.298240661621094 0
wall 0 919 4 4.244519233703613 5.844840049743652 3.4534006118774414
of 0 920 2 1.8525103330612183 4.475409030914307 1.3694310188293457
the 0 921 3 0.3008017838001251 1.79440176486969 2.6810072660446167
south 0 922 5 8.08034610748291 8.20978832244873 0
chapel 0 923 6 9.671306610107422 5.8425726890563965 2.367215633392334
. 0 924 1 1.75918710231781 3.767975091934204 2.0745975971221924
<eos> 0 925 5 0.05831185728311539 0.2564164698123932 3.511558622121811
<unk> 0 926 5 2.699822187423706 6.081381320953369 0
vault 0 927 5 20.769245147705078 7.448604583740234 0
, 0 928 1 3.7606868743896484 7.487362384796143 0
which 0 929 5 3.7105889320373535 6.972040176391602 0.515322208404541
is 0 930 2 2.5695900917053223 6.217870235443115 0.7541699409484863
about 0 931 5 7.380508899688721 7.015092372894287 0
<unk> 0 932 5 0.7775404453277588 3.408543109893799 3.6065492630004883
square 0 933 6 5.9798903465271 4.666643142700195 0
feet 0 934 4 1.2026182413101196 2.189692974090576 2.476950168609619
( 0 935 1 0.01997191086411476 0.16984733939170837 2.019845634698868
<unk> 0 936 5 0.0005612421664409339 0.007719732355326414 0.16212760703638196
<unk> 0 937 5 0.04258301481604576 0.27256956696510315 0
<eos> 0 938 5 0.8088110089302063 1.4804198741912842 0
@ 0 939 1 0.0 6.7073078753310256e-06 1.4804131668834088
<unk> 0 940 5 3.026862941624131e-05 0.0004766571510117501 0
<unk> 0 941 5 0.3520030081272125 1.4298648834228516 0
) 0 942 1 0.025103900581598282 0.16691361367702484 1.2629512697458267
, 0 943 1 1.9425013065338135 5.452723503112793 0
is 0 944 2 1.4143028259277344 4.466531753540039 0.9861917495727539
reached 0 945 7 13.591211318969727 6.712567329406738 0
by 0 946 2 2.125281810760498 4.584871292114258 2.1276960372924805
stone 0 947 5 8.278619766235352 5.302765846252441 0
steps 0 948 5 8.557785034179688 8.218509674072266 0
from 0 949 4 6.205789089202881 4.900228977203369 3.3182806968688965
inside 0 950 6 10.956668853759766 3.286330461502075 1.613898515701294
the 0 951 3 1.3448989391326904 4.519115924835205 0
south 0 952 5 7.346868991851807 8.317089080810547 0
chapel 0 953 6 9.801092147827148 5.961010932922363 2.3560781478881836
. 0 954 1 1.7371926307678223 4.43717098236084 1.5238399505615234
<eos> 0 955 5 0.06032601743936539 0.2628094255924225 4.174361556768417
<unk> 0 956 5 2.6951565742492676 6.075558662414551 0
slabs 0 957 5 20.12267303466797 7.439798831939697 0
form 0 958 4 10.784876823425293 5.594722747802734 1.845076084136963
the 0 959 3 2.3613905906677246 5.166326999664307 0.42839574813842773
roof 0 960 4 8.233824729919434 9.38031005859375 0
of 0 961 2 0.87363600730896 3.9501707553863525 5.4301393032073975
the 0 962 3 0.5346294045448303 2.5403451919555664 1.4098255634307861
vault 0 963 5 10.718839645385742 8.797468185424805 0
and 0 964 3 3.1292312145233154 5.099531173706055 3.69793701171875
the 0 965 3 2.3281469345092773 7.805508136749268 0
floor 0 966 5 7.775295734405518 9.288722038269043 0
of 0 967 2 3.493317127227783 7.126943111419678 2.1617789268493652
the 0 968 3 0.30115118622779846 1.773484230041504 5.353458881378174
chapel 0 969 6 5.858917713165283 8.362909317016602 0
above 0 970 5 8.963774681091309 5.4189372062683105 2.943972110748291
. 0 971 1 4.838104724884033 3.1835219860076904 2.23541522026062
<eos> 0 972 5 0.0556536428630352 0.24615590274333954 2.937366083264351
<unk> 0 973 5 2.680832624435425 6.065387725830078 0
stone 0 974 5 13.077117919921875 7.42528772354126 0
in 0 975 2 6.770244121551514 6.647634506225586 0.7776532173156738
the 0 976 3 1.5306744575500488 3.974700689315796 2.67293381690979
nave 0 977 4 13.214582443237305 7.490229606628418 0
, 0 978 1 3.013607978820801 6.646850109100342 0.8433794975280762
about 0 979 5 10.470171928405762 7.407478332519531 0
<unk> 0 980 5 0.6240301132202148 2.747077465057373 4.660400867462158
square 0 981 6 6.716566562652588 5.046453952789307 0
feet 0 982 4 1.1148934364318848 2.1535112857818604 2.8929426670074463
( 0 983 1 0.022195417433977127 0.19146786630153656 1.9620434194803238
<unk> 0 984 5 0.00098512414842844 0.013040119782090187 0.17842774651944637
<unk> 0 985 5 0.04761587083339691 0.30072149634361267 0
<eos> 0 986 5 1.2796251773834229 1.618250846862793 0
@ 0 987 1 0.0 3.697579450090416e-05 1.618213871068292
<unk> 0 988 5 3.026862941624131e-05 0.00048559726565144956 0
<unk> 0 989 5 0.6024153232574463 1.8092806339263916 0
) 0 990 1 0.028040096163749695 0.18247346580028534 1.6268071681261063
with 0 991 4 8.392663955688477 5.231078147888184 0
a 0 992 1 1.8451701402664185 5.54171085357666 0
hole 0 993 4 11.745662689208984 8.613571166992188 0
in 0 994 2 1.9781017303466797 5.665034294128418 2.9485368728637695
the 0 995 3 0.869365394115448 3.8810994625091553 1.7839348316192627
top 0 996 3 6.016116619110107 8.558549880981445 0
, 0 997 1 2.3595592975616455 4.427490234375 4.131059646606445
might 0 998 5 12.703900337219238 6.472413063049316 0
once 0 999 4 12.211544036865234 3.565399169921875 2.9070138931274414
have 0 1000 4 2.245421886444092 4.258358001708984 0
been 0 1001 4 0.6271616220474243 3.682363271713257 0.5759947299957275
used 0 1002 4 4.593022346496582 8.010890007019043 0
as 0 1003 2 2.062237024307251 3.6239571571350098 4.386932849884033
a 0 1004 1 0.6817502379417419 3.0126078128814697 0.61134934425354
churchyard 0 1005 10 13.845041275024414 9.138589859008789 0
cross 0 1006 5 14.12572193145752 3.90803599357605 5.230553865432739
. 0 1007 1 1.4571497440338135 4.155821323394775 0
<eos> 0 1008 5 0.0682675689458847 0.28647851943969727 3.869342803955078
= 0 1009 1 3.8187081813812256 6.076019287109375 0
= 0 1010 1 0.11083102971315384 0.7563649415969849 5.31965434551239
<unk> 0 1011 5 5.55178689956665 5.731688499450684 0
= 0 1012 1 1.9944167137145996 7.002273082733154 0
= 0 1013 1 0.00031366225448437035 0.004548813682049513 6.997724269051105
<eos> 0 1014 5 20.806058883666992 5.095703125 0
<unk> 0 1015 5 2.103050708770752 5.786017894744873 0
<unk> 0 1016 5 1.5103750228881836 6.276012420654297 0
has 0 1017 3 5.483707904815674 6.003390312194824 0.27262210845947266
national 0 1018 8 14.964966773986816 6.242033958435059 0
recognition 0 1019 11 4.609590530395508 9.920903205871582 0
and 0 1020 3 2.738145351409912 5.360834121704102 4.5600690841674805
statutory 0 1021 9 7.509742259979248 10.203024864196777 0
protection 0 1022 10 4.0118088722229 8.445625305175781 1.757399559020996
from 0 1023 4 4.796989440917969 5.00999641418457 3.435628890991211
alteration 0 1024 10 8.434207916259766 6.683840274810791 0
as 0 1025 2 6.650838851928711 4.354052543640137 2.3297877311706543
it 0 1026 2 3.5467348098754883 5.515005111694336 0
has 0 1027 3 2.389829635620117 6.117556571960449 0
been 0 1028 4 1.234033226966858 5.453896522521973 0.6636600494384766
designated 0 1029 10 5.134232521057129 7.487527370452881 0
as 0 1030 2 1.1672186851501465 4.1924872398376465 3.2950401306152344
a 0 1031 1 1.4742419719696045 4.153720855712891 0.03876638412475586
<unk> 0 1032 5 3.141605854034424 7.363392353057861 0
<unk> 0 1033 5 2.220827102661133 6.9502081871032715 0.41318416595458984
listed 0 1034 6 7.6668243408203125 7.012104511260986 0
building 0 1035 8 2.7607810497283936 6.929856777191162 0.08224773406982422
 0 1036 1 10.792987823486328 3.8042714595794678 3.1255853176116943
the 0 1037 3 3.1774332523345947 7.024199962615967 0
lowest 0 1038 6 6.978292465209961 8.058187484741211 0
of 0 1039 2 4.0815653800964355 7.384613037109375 0.6735744476318359
the 0 1040 3 2.379169464111328 3.758446216583252 3.626166820526123
three 0 1041 5 5.472772598266602 7.749985218048096 0
grades 0 1042 6 5.264690399169922 8.884119987487793 0
of 0 1043 2 1.832515001296997 5.015192985534668 3.868927001953125
listing 0 1044 7 2.730713129043579 7.278103828430176 0
, 0 1045 1 3.579099178314209 4.2554755210876465 3.0226283073425293
designating 0 1046 11 2.3519108295440674 5.781552314758301 0
" 0 1047 1 2.9352567195892334 4.482930660247803 1.298621654510498
buildings 0 1048 9 9.125794410705566 8.493719100952148 0
of 0 1049 2 2.243699312210083 5.017876625061035 3.4758424758911133
special 0 1050 7 3.4932427406311035 7.4589996337890625 0
interest 0 1051 8 0.3766171932220459 2.121439218521118 5.337560415267944
, 0 1052 1 3.791459321975708 4.4512481689453125 0
which 0 1053 5 5.253974914550781 8.64957332611084 0
warrant 0 1054 7 6.529690265655518 5.135723114013672 3.513850212097168
every 0 1055 5 7.657055377960205 7.883734226226807 0
effort 0 1056 6 6.998316764831543 9.360754013061523 0
being 0 1057 5 7.88586950302124 4.070623397827148 5.290130615234375
made 0 1058 4 2.1096396446228027 7.190728187561035 0
to 0 1059 2 1.4464703798294067 4.099982738494873 3.090745449066162
preserve 0 1060 8 6.002559185028076 7.838055610656738 0
them 0 1061 4 7.981478214263916 5.933812618255615 1.904242992401123
" 0 1062 1 2.3621912002563477 4.867119312286377 1.0666933059692383
. 0 1063 1 0.31445035338401794 1.5791987180709839 3.287920594215393
<eos> 0 1064 5 0.06276967376470566 0.2681967318058014 1.3110019862651825
<unk> 0 1065 5 2.7130112648010254 6.086334228515625 0
was 0 1066 3 3.735690116882324 7.441680908203125 0
given 0 1067 5 6.656874656677246 8.608988761901855 0
this 0 1068 4 7.8734564781188965 4.338426113128662 4.270562648773193
status 0 1069 6 5.358880519866943 7.902056694030762 0
on 0 1070 2 5.156802177429199 4.318595886230469 3.583460807800293
<unk> 0 1071 5 0.6689424514770508 2.429283618927002 1.8893122673034668
<unk> 0 1072 5 0.2227299064397812 1.158230185508728 1.271053433418274
<unk> 0 1073 5 0.8904436230659485 2.1402840614318848 0
and 0 1074 3 3.501756429672241 3.200131416320801 0
has 0 1075 3 7.5659942626953125 6.997634410858154 0
been 0 1076 4 1.591066598892212 5.675893783569336 1.3217406272888184
listed 0 1077 6 6.30450439453125 8.310210227966309 0
because 0 1078 7 11.834131240844727 2.4522838592529297 5.857926368713379
it 0 1079 2 3.0400190353393555 3.304917573928833 0
is 0 1080 2 1.211254596710205 4.059958457946777 0
" 0 1081 1 4.765183925628662 6.877057075500488 0
important 0 1082 9 9.790397644042969 6.660515785217285 0.21654129028320312
as 0 1083 2 6.262398719787598 3.7159841060638428 2.9445316791534424
a 0 1084 1 1.1049349308013916 4.838515281677246 0
substantially 0 1085 13 15.531794548034668 9.775834083557129 0
12th 0 1086 4 17.441390991210938 8.477564811706543 1.298269271850586
<unk> 0 1087 5 0.7486749291419983 4.1702141761779785 4.3073506355285645
century 0 1088 7 0.24687089025974274 1.6829099655151367 2.487304210662842
structure 0 1089 9 8.58116340637207 8.4358491897583 0
, 0 1090 1 4.568321228027344 3.795570135116577 4.640279054641724
with 0 1091 4 5.16815710067749 6.677389621734619 0
some 0 1092 4 5.763821125030518 6.320253849029541 0.3571357727050781
architectural 0 1093 13 6.419146537780762 9.33115005493164 0
details 0 1094 7 4.458805561065674 7.378928184509277 1.9522218704223633
surviving 0 1095 9 13.213061332702637 3.8462295532226562 3.532698631286621
from 0 1096 4 3.8474857807159424 6.075553894042969 0
this 0 1097 4 6.4892120361328125 4.639516830444336 1.4360370635986328
early 0 1098 5 8.020387649536133 7.700656414031982 0
period 0 1099 6 1.703851342201233 6.408791542053223 1.2918648719787598
" 0 1100 1 2.3426430225372314 3.7594833374023438 2.649308204650879
, 0 1101 1 3.231066942214966 1.8482270240783691 1.9112563133239746
even 0 1102 4 8.155569076538086 5.519923686981201 0
though 0 1103 6 0.7621927261352539 3.591362953186035 1.928560733795166
it 0 1104 2 2.092400312423706 4.51224422454834 0
is 0 1105 2 2.1977593898773193 4.732451915740967 0
now 0 1106 3 4.116970062255859 7.419304847717285 0
in 0 1107 2 6.315922737121582 7.400899887084961 0.01840496063232422
a 0 1108 1 3.9154465198516846 5.577111721038818 1.8237881660461426
" 0 1109 1 5.6404876708984375 9.347506523132324 0
ruinous 0 1110 7 4.713260173797607 9.804665565490723 0
condition 0 1111 9 3.585751533508301 7.230088233947754 2.5745773315429688
" 0 1112 1 0.1850423663854599 1.0595293045043945 6.170558929443359
. 0 1113 1 0.8160425424575806 3.1656811237335205 0
<eos> 0 1114 5 0.062252216041088104 0.2665987014770508 2.8990824222564697
<unk> 0 1115 5 2.7021446228027344 6.090438365936279 0
( 0 1116 1 7.564070701599121 7.461666584014893 0
which 0 1117 5 8.2833251953125 4.655329704284668 2.8063368797302246
is 0 1118 2 3.2081520557403564 7.435422420501709 0
responsible 0 1119 11 9.36445140838623 8.00481128692627 0
for 0 1120 3 0.01500526163727045 0.13023683428764343 7.874574452638626
the 0 1121 3 1.6311289072036743 6.921135425567627 0
inclusion 0 1122 9 9.38487720489502 9.800315856933594 0
of 0 1123 2 0.010525373741984367 0.10297253727912903 9.697343319654465
<unk> 0 1124 5 2.1359970569610596 6.542736053466797 0
buildings 0 1125 9 11.435370445251465 6.473334789276123 0.06940126419067383
on 0 1126 2 5.614387512207031 3.345874309539795 3.127460479736328
the 0 1127 3 0.5721670389175415 3.069336175918579 0.2765381336212158
statutory 0 1128 9 9.404129981994629 7.863489627838135 0
lists 0 1129 5 5.049129962921143 8.822010040283203 0
) 0 1130 1 0.4684862196445465 2.3696608543395996 6.4523491859436035
also 0 1131 4 6.710754871368408 6.472875118255615 0
notes 0 1132 5 9.470780372619629 8.785172462463379 0
the 0 1133 3 2.7581655979156494 3.892667055130005 4.892505407333374
" 0 1134 1 5.01793909072876 9.874374389648438 0
unusual 0 1135 7 10.985201835632324 9.68062973022461 0.19374465942382812
16th 0 1136 4 14.022414207458496 8.708584785461426 0.9720449447631836
<unk> 0 1137 5 1.1368355751037598 4.150732040405273 4.557852745056152
century 0 1138 7 0.04799554497003555 0.4380623698234558 3.7126696705818176
vaulted 0 1139 7 14.529369354248047 8.124812126159668 0
south 0 1140 5 13.086349487304688 8.40472412109375 0
chapel 0 1141 6 7.705722332000732 6.159014701843262 2.2457094192504883
" 0 1142 1 0.840986967086792 3.65200138092041 2.5070133209228516
. 0 1143 1 1.6617059707641602 4.046335697174072 0
<eos> 0 1144 5 0.06166338920593262 0.26504167914390564 3.7812940180301666
<unk> 0 1145 5 2.6871588230133057 6.077491760253906 0
19th 0 1146 4 17.32652473449707 7.444453239440918 0
<unk> 0 1147 5 1.9199812412261963 5.720816135406494 1.7236371040344238
century 0 1148 7 0.04903838038444519 0.443163126707077 5.277653008699417
antiquarian 0 1149 11 6.208478927612305 6.289224147796631 0
<unk> 0 1150 5 0.288372278213501 2.0698609352111816 4.219363212585449
<unk> 0 1151 5 0.15532086789608002 1.2494499683380127 0.820410966873169
mentioned 0 1152 9 10.12865924835205 5.260604381561279 0
the 0 1153 3 2.3686275482177734 3.9301812648773193 1.33042311668396
church 0 1154 6 8.414444923400879 9.413124084472656 0
in 0 1155 2 3.454162836074829 4.742740631103516 4.670383453369141
her 0 1156 3 7.347246170043945 3.4087088108062744 1.3340318202972412
history 0 1157 7 8.075258255004883 8.856362342834473 0
of 0 1158 2 2.1611931324005127 4.038388252258301 4.817974090576172
<unk> 0 1159 5 1.433720350265503 3.8658506870269775 0.17253756523132324
. 0 1160 1 3.8284382820129395 5.563526153564453 0
<eos> 0 1161 5 0.062131140381097794 0.266548216342926 5.296977937221527
<unk> 0 1162 5 2.685412883758545 6.0841875076293945 0
said 0 1163 4 6.6280903816223145 7.453865051269531 0
that 0 1164 4 1.4473962783813477 3.768946647644043 3.6849184036254883
the 0 1165 3 2.151482105255127 4.87966775894165 0
architecture 0 1166 12 14.578350067138672 8.881245613098145 0
was 0 1167 3 2.2292349338531494 5.274909973144531 3.6063356399536133
of 0 1168 2 8.10499382019043 7.08509635925293 0
" 0 1169 1 3.8317019939422607 6.432163715362549 0.6529326438903809
the 0 1170 3 3.4728856086730957 7.828644752502441 0
<unk> 0 1171 5 3.4631705284118652 8.712282180786133 0
kind 0 1172 4 9.555079460144043 7.435480117797852 1.2768020629882812
, 0 1173 1 5.1588850021362305 1.7581837177276611 5.67729640007019
[ 0 1174 1 7.77577018737793 7.412031173706055 0
which 0 1175 5 6.552532196044922 6.54850959777832 0.8635215759277344
] 0 1176 1 0.1983276754617691 1.4372949600219727 5.111214637756348
bears 0 1177 5 10.05706787109375 8.072728157043457 0
testimony 0 1178 9 17.813020706176758 6.309916019439697 1.7628121376037598
to 0 1179 2 3.6300060749053955 5.134029388427734 1.175886631011963
its 0 1180 3 5.716026306152344 4.9985032081604 0.13552618026733398
great 0 1181 5 8.83958911895752 10.754180908203125 0
antiquity 0 1182 9 10.324116706848145 9.755553245544434 0.9986276626586914
. 0 1183 1 2.367671489715576 3.6474666595458984 6.108086585998535
" 0 1184 1 4.605177879333496 0.2734161615371704 3.374050498008728
<eos> 0 1185 5 0.0 1.943390816450119e-05 0.2733967276290059
<unk> 0 1186 5 2.010587453842163 6.281078815460205 0
recounted 0 1187 9 13.730233192443848 6.4127197265625 0
that 0 1188 4 1.4420017004013062 3.9297592639923096 2.4829604625701904
a 0 1189 1 6.43283748626709 4.777326583862305 0
fox 0 1190 3 14.686552047729492 9.887563705444336 0
had 0 1191 3 6.721951484680176 9.612724304199219 0.2748394012451172
once 0 1192 4 9.350907325744629 7.919754981994629 1.6929693222045898
taken 0 1193 5 8.543052673339844 8.074872970581055 0
shelter 0 1194 7 10.772829055786133 5.588936805725098 2.485936164855957
in 0 1195 2 1.4867802858352661 4.160734176635742 1.4282026290893555
the 0 1196 3 1.6141631603240967 4.094656467437744 0.06607770919799805
ruins 0 1197 5 9.310677528381348 9.280108451843262 0
, 0 1198 1 2.8997156620025635 3.271451234817505 6.008657217025757
and 0 1199 3 1.8504507541656494 5.530049800872803 0
when 0 1200 4 7.644217491149902 7.380325794219971 0
it 0 1201 2 4.450740337371826 4.7018351554870605 2.67849063873291
was 0 1202 3 1.0746357440948486 5.102045059204102 0
dug 0 1203 3 10.819023132324219 8.407648086547852 0
out 0 1204 3 4.358647346496582 5.124053478240967 3.2835946083068848
, 0 1205 1 2.0738577842712402 4.433783531188965 0.690269947052002
the 0 1206 3 2.3168153762817383 5.000148773193359 0
vault 0 1207 5 12.381887435913086 9.960895538330078 0
was 0 1208 3 1.19788658618927 5.483508110046387 4.477387428283691
discovered 0 1209 10 7.460995197296143 9.14442253112793 0
, 0 1210 1 3.1500232219696045 4.5186944007873535 4.625728130340576
" 0 1211 1 7.2859625816345215 5.859249591827393 0
containing 0 1212 10 12.773487091064453 8.268556594848633 0
several 0 1213 7 7.959458827972412 7.348874568939209 0.9196820259094238
human 0 1214 5 9.24396800994873 9.536602973937988 0
skeletons 0 1215 9 6.301825523376465 8.882288932800293 0.6543140411376953
, 0 1216 1 2.3621582984924316 4.837973594665527 4.044315338134766
which 0 1217 5 4.452003479003906 7.5384674072265625 0
crumbled 0 1218 8 15.570385932922363 7.044525623321533 0.4939417839050293
into 0 1219 4 3.908616781234741 6.05592679977417 0.9885988235473633
dust 0 1220 4 9.911917686462402 4.788854122161865 1.2670726776123047
, 0 1221 1 3.094698429107666 5.059690952301025 0
when 0 1222 4 8.578741073608398 8.191555976867676 0
exposed 0 1223 7 9.871559143066406 6.3020339012146 1.8895220756530762
to 0 1224 2 0.5160937309265137 2.5970299243927 3.7050039768218994
the 0 1225 3 1.909955382347107 7.198171615600586 0
air 0 1226 3 8.103204727172852 10.108025550842285 0
" 0 1227 1 4.805605411529541 6.145778656005859 3.962246894836426
. 0 1228 1 0.39460793137550354 2.1238088607788086 4.021969795227051
<eos> 0 1229 5 0.05742296949028969 0.2508760690689087 1.8729327917099
<unk> 0 1230 5 2.6961734294891357 6.103142738342285 0
added 0 1231 5 9.628379821777344 7.453132152557373 0
that 0 1232 4 1.4572200775146484 4.3834452629089355 3.0696868896484375
further 0 1233 7 12.469889640808105 5.128338813781738 0
exploration 0 1234 11 8.878026008605957 10.024084091186523 0
of 0 1235 2 1.3513667583465576 4.616154193878174 5.40792989730835
the 0 1236 3 0.7929336428642273 3.923466205596924 0.69268798828125
vault 0 1237 5 13.582161903381348 8.966692924499512 0
then 0 1238 4 14.149640083312988 5.597560405731201 3.3691325187683105
revealed 0 1239 8 8.123194694519043 8.324398040771484 0
" 0 1240 1 5.564962387084961 5.514827251434326 2.809570789337158
a 0 1241 1 4.038547515869141 8.627309799194336 0
large 0 1242 5 6.91542387008667 10.20976734161377 0
mass 0 1243 4 9.99367904663086 9.103812217712402 1.1059551239013672
of 0 1244 2 1.8659374713897705 6.3627424240112305 2.741069793701172
human 0 1245 5 7.961590766906738 9.939126014709473 0
bones 0 1246 5 8.016888618469238 9.120875358581543 0.8182506561279297
, 0 1247 1 2.649245500564575 5.107150077819824 4.013725280761719
several 0 1248 7 11.531933784484863 7.97079610824585 0
feet 0 1249 4 5.975720405578613 9.00606918334961 0
in 0 1250 2 4.452553749084473 4.844531536102295 4.1615376472473145
depth 0 1251 5 7.413156509399414 5.516651153564453 0
" 0 1252 1 3.7997047901153564 3.3449666500091553 2.171684503555298
. 0 1253 1 2.060701608657837 2.5450923442840576 0.7998743057250977
<eos> 0 1254 5 0.0655900165438652 0.2772069275379181 2.2678854167461395
<unk> 0 1255 5 2.6958954334259033 6.078240394592285 0
<unk> 0 1256 5 2.40425968170166 7.4461565017700195 0
book 0 1257 4 16.25875473022461 6.281786918640137 1.1643695831298828
about 0 1258 5 8.303796768188477 7.644798755645752 0
abandoned 0 1259 9 17.533493041992188 4.374270439147949 3.2705283164978027
churches 0 1260 8 11.125064849853516 9.370814323425293 0
in 0 1261 2 2.8786346912384033 6.145596981048584 3.225217342376709
<unk> 0 1262 5 1.0580964088439941 3.285487413406372 2.860109567642212
refers 0 1263 6 10.87555980682373 5.895510196685791 0
to 0 1264 2 0.013541282154619694 0.13633187115192413 5.759178325533867
the 0 1265 3 1.4700952768325806 4.80084753036499 0
ancient 0 1266 7 8.561811447143555 9.722111701965332 0
monuments 0 1267 9 9.327775001525879 7.346660137176514 2.3754515647888184
in 0 1268 2 3.9021666049957275 4.677624225616455 2.6690359115600586
this 0 1269 4 7.63377046585083 3.4985239505767822 1.1791002750396729
part 0 1270 4 8.065484046936035 6.375889301300049 0
of 0 1271 2 0.42381760478019714 1.7599868774414062 4.615902423858643
<unk> 0 1272 5 2.7731266021728516 2.262669801712036 0
, 0 1273 1 2.3724441528320312 5.117654800415039 0
and 0 1274 3 2.4646406173706055 5.972994804382324 0
calls 0 1275 5 12.270525932312012 7.286822319030762 0
<unk> 0 1276 5 3.3795223236083984 4.6743083000183105 2.612514019012451
<unk> 0 1277 5 2.5873055458068848 5.770103454589844 0
a 0 1278 1 5.621232509613037 5.105783939361572 0.6643195152282715
" 0 1279 1 1.7328145503997803 7.117096900939941 0
medieval 0 1280 8 9.108352661132812 8.997300148010254 0
gesture 0 1281 7 13.79382038116455 7.313358783721924 1.68394136428833
of 0 1282 2 2.391960859298706 2.7088539600372314 4.604504823684692
<unk> 0 1283 5 2.7554385662078857 8.41359806060791 0
power 0 1284 5 10.963454246520996 3.204545259475708 5.209052801132202
in 0 1285 2 5.902703285217285 1.9197365045547485 1.2848087549209595
a 0 1286 1 4.385070323944092 4.339314937591553 0
land 0 1287 4 10.26284408569336 9.607833862304688 0
so 0 1288 2 10.338347434997559 7.5209527015686035 2.086881160736084
obviously 0 1289 9 10.930096626281738 7.934586048126221 0
imbued 0 1290 6 11.853302955627441 8.883321762084961 0
with 0 1291 4 0.4919253885746002 2.0886070728302 6.794714689254761
the 0 1292 3 2.663520097732544 6.849233627319336 0
spirit 0 1293 6 7.048656463623047 9.996417045593262 0
of 0 1294 2 0.33928731083869934 1.8023173809051514 8.19409966468811
a 0 1295 1 3.6191835403442383 6.698747158050537 0
pagan 0 1296 5 9.554930686950684 9.541351318359375 0
past 0 1297 4 11.870119094848633 7.630277156829834 1.911074161529541
" 0 1298 1 1.5808438062667847 4.129094123840332 3.501183032989502
. 0 1299 1 0.3537449240684509 1.7258977890014648 2.403196334838867
<eos> 0 1300 5 0.06266231089830399 0.26756352186203003 1.4583342671394348
<unk> 0 1301 5 2.700310707092285 6.087884426116943 0
notes 0 1302 5 10.00607681274414 7.456585884094238 0
that 0 1303 4 0.3960472047328949 2.041489362716675 5.4150965213775635
" 0 1304 1 3.330200433731079 5.0148725509643555 0
the 0 1305 3 2.40482234954834 6.687043190002441 0
wheel 0 1306 5 14.274628639221191 10.237443923950195 0
has 0 1307 3 5.157276630401611 6.286281585693359 3.951162338256836
turned 0 1308 6 9.870940208435059 6.447458744049072 0
full 0 1309 4 10.59732437133789 6.2700347900390625 0.17742395401000977
circle 0 1310 6 11.564757347106934 5.601813793182373 0.6682209968566895
and 0 1311 3 3.7285261154174805 6.4441375732421875 0
<unk> 0 1312 5 3.5762059688568115 9.18764877319336 0
<unk> 0 1313 5 3.166455030441284 7.842409610748291 1.3452391624450684
today 0 1314 5 13.94020938873291 8.287196159362793 0
is 0 1315 2 5.060670852661133 6.978419780731201 1.3087763786315918
just 0 1316 4 6.883891582489014 7.8399434089660645 0
another 0 1317 7 7.0448222160339355 7.075772285461426 0.7641711235046387
ruined 0 1318 6 14.8023099899292 9.741636276245117 0
relic 0 1319 5 11.110217094421387 8.614144325256348 1.1274919509887695
of 0 1320 2 2.2826569080352783 4.543017387390137 4.071126937866211
a 0 1321 1 3.586581230163574 4.4042067527771 0.1388106346130371
former 0 1322 6 9.766738891601562 9.519121170043945 0
age 0 1323 3 10.986995697021484 8.353649139404297 1.1654720306396484
. 0 1324 1 2.215640068054199 5.254367351531982 3.0992817878723145
" 0 1325 1 4.598898410797119 0.27266907691955566 4.981698274612427
<eos> 0 1326 5 0.0 2.0293809939175844e-05 0.2726487831096165
<unk> 0 1327 5 2.012259006500244 6.285979747772217 0
authors 0 1328 7 15.954092979431152 6.401975154876709 0
describe 0 1329 8 9.920204162597656 7.107861518859863 0
the 0 1330 3 1.4742847681045532 4.44717264175415 2.660688877105713
chapel 0 1331 6 14.8280029296875 9.064550399780273 0
as 0 1332 2 0.2516835033893585 1.5956852436065674 7.468865156173706
a 0 1333 1 2.0733280181884766 3.3770217895507812 0
" 0 1334 1 0.5117212533950806 3.829557418823242 0
simple 0 1335 6 7.6418867111206055 9.571653366088867 0
, 0 1336 1 2.3741421699523926 7.098707675933838 2.4729456901550293
square 0 1337 6 9.926880836486816 9.204713821411133 0
building 0 1338 8 8.016796112060547 4.9133172035217285 4.291396617889404
" 0 1339 1 1.3142750263214111 3.8206984996795654 1.092618703842163
with 0 1340 4 6.209688186645508 3.405067205429077 0.4156312942504883
a 0 1341 1 1.8951387405395508 5.908602714538574 0
" 0 1342 1 2.1199185848236084 8.37055778503418 0
small 0 1343 5 7.453802585601807 9.735136032104492 0
and 0 1344 3 4.867622375488281 9.137362480163574 0.597773551940918
<unk> 0 1345 5 4.110834121704102 9.54277515411377 0
austere 0 1346 7 13.216792106628418 7.780196666717529 1.7625784873962402
south 0 1347 5 12.974387168884277 8.29270076751709 0
chapel 0 1348 6 6.865858554840088 5.791021823883057 2.501678943634033
" 0 1349 1 0.5773112773895264 2.5316171646118164 3.2594046592712402
, 0 1350 1 2.380369186401367 2.791464328765869 0
adding 0 1351 6 5.305909633636475 5.901766300201416 0
that 0 1352 4 0.5886319875717163 2.4207630157470703 3.4810032844543457
the 0 1353 3 2.030142307281494 3.4337615966796875 0
stone 0 1354 5 8.049484252929688 9.003746032714844 0
slabs 0 1355 5 9.187139511108398 7.830125331878662 1.1736207008361816
over 0 1356 4 9.747578620910645 6.159152507781982 1.6709728240966797
the 0 1357 3 0.606452226638794 3.277848720550537 2.8813037872314453
vault 0 1358 5 11.981184005737305 8.182157516479492 0
are 0 1359 3 2.8421783447265625 6.2996745109558105 1.8824830055236816
" 0 1360 1 2.7439308166503906 8.035263061523438 0
almost 0 1361 6 6.443851470947266 8.93417739868164 0
in 0 1362 2 7.660470485687256 7.347907066345215 1.5862703323364258
imitation 0 1363 9 8.6626615524292 7.026918888092041 0.32098817825317383
of 0 1364 2 0.7542883157730103 2.4912397861480713 4.53567910194397
the 0 1365 3 1.5098302364349365 5.3532185554504395 0
ancient 0 1366 7 8.674881935119629 9.080060958862305 0
burial 0 1367 6 11.8655424118042 7.045324325561523 2.0347366333007812
chambers 0 1368 8 6.698493003845215 6.100272178649902 0.9450521469116211
which 0 1369 5 7.222712516784668 3.800809383392334 2.2994627952575684
dot 0 1370 3 17.227645874023438 6.795554161071777 0
the 0 1371 3 3.8589136600494385 7.4294257164001465 0
surrounding 0 1372 11 12.110495567321777 9.42981243133545 0
landscape 0 1373 9 4.264206886291504 8.73591136932373 0.6939010620117188
. 0 1374 1 2.0161073207855225 4.814522743225098 3.921388626098633
" 0 1375 1 4.506740570068359 0.28737449645996094 4.527148246765137
<eos> 0 1376 5 0.0 1.8574006389826536e-05 0.2873559224535711
=========================================================================================
| End of testing | test loss  3.46 | test ppl    31.92
=========================================================================================
