word sentid sentpos wlen surp entropy entred
= 0 0 1 5.7804718017578125 6.414806365966797 0
<unk> 0 1 5 3.4076271057128906 1.2797991037368774 5.135007262229919
<unk> 0 2 5 1.1077898740768433 5.199486255645752 0
<unk> 0 3 5 3.332108736038208 2.9034416675567627 2.2960445880889893
( 0 4 1 5.023178577423096 3.0254788398742676 0
<unk> 0 5 5 0.32423824071884155 2.654242753982544 0.37123608589172363
highway 0 6 7 9.976554870605469 2.620255470275879 0.03398728370666504
) 0 7 1 0.26941293478012085 1.0620496273040771 1.5582058429718018
= 0 8 1 0.003362638410180807 0.0357181690633297 1.0263314582407475
<eos> 0 9 5 21.687288284301758 1.0115184783935547 0
<unk> 0 10 5 0.18306922912597656 1.4084199666976929 0
<unk> 0 11 5 0.13286679983139038 1.1593748331069946 0.24904513359069824
<unk> 0 12 5 1.9496889114379883 3.434628963470459 0
is 0 13 2 4.519065856933594 3.1501801013946533 0.28444886207580566
a 0 14 1 0.5385119915008545 1.5372360944747925 1.6129440069198608
state 0 15 5 5.256202697753906 6.141449451446533 0
<unk> 0 16 5 2.0099074840545654 3.1420187950134277 2.9994306564331055
in 0 17 2 7.581944465637207 4.381113529205322 0
the 0 18 3 2.8099076747894287 1.3040140867233276 3.0770994424819946
<unk> 0 19 5 1.1555830240249634 4.762418746948242 0
<unk> 0 20 5 2.522308588027954 5.040490627288818 0
in 0 21 2 8.279626846313477 5.218465805053711 0
the 0 22 3 1.8424570560455322 3.500260353088379 1.718205451965332
<unk> 0 23 5 1.6157262325286865 4.141816139221191 0
state 0 24 5 2.4516401290893555 5.3520331382751465 0
of 0 25 2 0.10137894749641418 0.6325396299362183 4.719493508338928
<unk> 0 26 5 0.2630096673965454 1.2039674520492554 0
that 0 27 4 5.7305402755737305 2.2785093784332275 0
travels 0 28 7 7.569420337677002 5.925671577453613 0
between 0 29 7 4.6907124519348145 4.885080814361572 1.040590763092041
<unk> 0 30 5 0.651423454284668 2.493729591369629 2.3913512229919434
and 0 31 3 0.33525335788726807 1.789305567741394 0.7044240236282349
<unk> 0 32 5 0.3414666950702667 2.0153024196624756 0
<unk> 0 33 5 4.3426127433776855 3.9374773502349854 0
. 0 34 1 2.04205584526062 4.5443806648254395 0
<eos> 0 35 5 0.06218072399497032 0.2664494216442108 4.277931243181229
<unk> 0 36 5 2.675708770751953 6.083434581756592 0
section 0 37 7 15.424785614013672 7.4485931396484375 0
between 0 38 7 10.28999137878418 5.7019782066345215 1.746614933013916
<unk> 0 39 5 0.6710006594657898 3.200535297393799 2.5014429092407227
and 0 40 3 0.2841786742210388 1.606165885925293 1.5943694114685059
<unk> 0 41 5 0.1286926120519638 1.0288017988204956 0.5773640871047974
<unk> 0 42 5 4.1665520668029785 5.667168140411377 0
travels 0 43 7 13.508952140808105 6.170463562011719 0
through 0 44 7 2.8677515983581543 5.397455215454102 0.7730083465576172
<unk> 0 45 5 1.5367653369903564 4.363807678222656 1.0336475372314453
and 0 46 3 2.376181125640869 4.580188751220703 0
along 0 47 5 9.8966064453125 5.566102981567383 0
the 0 48 3 0.796133816242218 2.970174789428711 2.595928192138672
southern 0 49 8 4.519184112548828 5.214138031005859 0
edge 0 50 4 1.613706350326538 4.31455135345459 0.8995866775512695
of 0 51 2 0.028378581628203392 0.2181576043367386 4.096393749117851
<unk> 0 52 5 1.4548327922821045 2.747602939605713 0
<unk> 0 53 5 4.314103603363037 4.734129905700684 0
<unk> 0 54 5 3.19851016998291 4.953033447265625 0
. 0 55 1 2.5926549434661865 5.234699249267578 0
<eos> 0 56 5 0.058146677911281586 0.25456860661506653 4.980130642652512
<unk> 0 57 5 2.6740715503692627 6.08395528793335 0
current 0 58 7 15.140010833740234 7.457668781280518 0
version 0 59 7 11.239249229431152 8.940138816833496 0
of 0 60 2 0.8007223010063171 3.763489246368408 5.176649570465088
<unk> 0 61 5 2.2347302436828613 4.151362895965576 0
<unk> 0 62 5 1.8641488552093506 6.197299957275391 0
<unk> 0 63 5 2.8138768672943115 6.240484714508057 0
is 0 64 2 4.264908313751221 6.3457112312316895 0
actually 0 65 8 11.679489135742188 6.2607855796813965 0.08492565155029297
the 0 66 3 2.314197063446045 6.600184917449951 0
second 0 67 6 3.703317642211914 6.874391555786133 0
in 0 68 2 7.3137383460998535 6.64269495010376 0.23169660568237305
the 0 69 3 1.4017356634140015 5.098389148712158 1.5443058013916016
state 0 70 5 10.32278823852539 5.730945587158203 0
; 0 71 1 6.5341796875 5.087460994720459 0.6434845924377441
the 0 72 3 2.4245879650115967 5.780174732208252 0
first 0 73 5 4.178651332855225 8.565543174743652 0
usage 0 74 5 10.200491905212402 8.645770072937012 0
appeared 0 75 8 9.237338066101074 5.080689430236816 3.5650806427001953
in 0 76 2 0.972037672996521 3.1556828022003174 1.925006628036499
the 0 77 3 1.5161535739898682 3.7395310401916504 0
<unk> 0 78 5 1.5185848474502563 6.477426528930664 0
<unk> 0 79 5 1.4749906063079834 6.476171016693115 0.0012555122375488281
by 0 80 2 8.664788246154785 6.169309616088867 0.30686140060424805
<unk> 0 81 5 0.4777373969554901 2.9222047328948975 3.2471048831939697
. 0 82 1 3.4896585941314697 4.094743251800537 0
<eos> 0 83 5 0.059808675199747086 0.258876234292984 3.835867017507553
<unk> 0 84 5 2.683022975921631 6.089324951171875 0
<unk> 0 85 5 2.4132673740386963 7.456029891967773 0
<unk> 0 86 5 2.726994037628174 6.29024076461792 1.1657891273498535
routing 0 87 7 19.990039825439453 6.550434589385986 0
has 0 88 3 6.803504467010498 6.788193702697754 0
been 0 89 4 1.4995744228363037 5.061742782592773 1.7264509201049805
in 0 90 2 8.274368286132812 6.70274019241333 0
use 0 91 3 2.3392696380615234 5.264800071716309 1.4379401206970215
since 0 92 5 0.5235730409622192 2.1768991947174072 3.0879008769989014
the 0 93 3 2.0287816524505615 3.8452556133270264 0
1920s 0 94 5 5.56377649307251 6.216325283050537 0
. 0 95 1 1.591505527496338 3.0915019512176514 3.1248233318328857
<eos> 0 96 5 0.061349764466285706 0.2642822265625 2.8272197246551514
<unk> 0 97 5 2.6981382369995117 6.094931602478027 0
extensions 0 98 10 18.97559356689453 7.4412078857421875 0
and 0 99 3 5.439685821533203 6.4363694190979 1.004838466644287
<unk> 0 100 5 1.8695958852767944 8.50208854675293 0
have 0 101 4 6.625994682312012 8.46082592010498 0.04126262664794922
shifted 0 102 7 12.146628379821777 5.37504243850708 3.0857834815979004
the 0 103 3 4.605244159698486 5.806856632232666 0
terminus 0 104 8 15.46045207977295 9.338448524475098 0
as 0 105 2 8.471100807189941 3.7686328887939453 5.569815635681152
far 0 106 3 5.275313377380371 5.869882106781006 0
west 0 107 4 4.001048564910889 2.9162638187408447 2.953618288040161
as 0 108 2 0.013092783279716969 0.11472839117050171 2.801535427570343
<unk> 0 109 5 0.7912302613258362 2.8297622203826904 0
<unk> 0 110 5 3.3852734565734863 4.338338851928711 0
or 0 111 2 10.029197692871094 4.17515230178833 0.16318655014038086
<unk> 0 112 5 0.7578545808792114 4.112299919128418 0.06285238265991211
in 0 113 2 5.696444988250732 3.9849014282226562 0.12739849090576172
the 0 114 3 1.9304790496826172 3.8721354007720947 0.11276602745056152
past 0 115 4 9.157828330993652 6.071922302246094 0
. 0 116 1 0.8191766738891602 3.404613733291626 2.6673085689544678
<eos> 0 117 5 0.058565039187669754 0.255927711725235 3.148686021566391
<unk> 0 118 5 2.697176456451416 6.091473579406738 0
current 0 119 7 15.153281211853027 7.434924125671387 0
route 0 120 5 9.140673637390137 8.92065715789795 0
was 0 121 3 6.397785186767578 1.8144186735153198 7.106238484382629
finalized 0 122 9 13.766818046569824 7.259842872619629 0
in 0 123 2 1.1457786560058594 3.506514310836792 3.753328561782837
the 0 124 3 4.173669338226318 1.2011200189590454 2.3053942918777466
late 0 125 4 2.4901821613311768 4.817412853240967 0
1970s 0 126 5 3.189389228820801 3.8621370792388916 0.9552757740020752
<eos> 0 127 5 13.275185585021973 3.324300527572632 0.5378365516662598
= 0 128 1 9.040765762329102 5.815557479858398 0
= 0 129 1 0.2801858186721802 1.5565441846847534 4.259013295173645
<unk> 0 130 5 3.4191458225250244 5.534052848815918 0
description 0 131 11 11.396125793457031 6.348921298980713 0
= 0 132 1 0.40662750601768494 1.9327943325042725 4.41612696647644
= 0 133 1 7.154300692491233e-05 0.001106112264096737 1.9316882202401757
<eos> 0 134 5 19.8110294342041 4.775152683258057 0
<unk> 0 135 5 2.176759719848633 5.127613544464111 0
<unk> 0 136 5 0.9386221170425415 5.012404918670654 0.11520862579345703
<unk> 0 137 5 2.829000473022461 5.842159271240234 0
begins 0 138 6 8.039608001708984 5.629452228546143 0.2127070426940918
at 0 139 2 2.0981099605560303 4.506622314453125 1.1228299140930176
a 0 140 1 2.635335683822632 3.7086777687072754 0.7979445457458496
junction 0 141 8 1.6538856029510498 6.264217853546143 0
with 0 142 4 0.19996777176856995 1.2738653421401978 4.990352511405945
<unk> 0 143 5 1.088336706161499 3.304121732711792 0
<unk> 0 144 5 0.23850007355213165 1.331491470336914 1.972630262374878
<unk> 0 145 5 4.909104347229004 4.028053283691406 0
and 0 146 3 3.727666139602661 5.188709259033203 0
<unk> 0 147 5 0.9378998875617981 4.284992218017578 0.903717041015625
<unk> 0 148 5 0.1886635422706604 1.387488842010498 2.89750337600708
<unk> 0 149 5 2.304683208465576 4.676466464996338 0
west 0 150 4 7.697976589202881 5.415895938873291 0
of 0 151 2 0.17989663779735565 1.0970818996429443 4.318814039230347
<unk> 0 152 5 0.6678265333175659 2.8815693855285645 0
. 0 153 1 1.9382169246673584 4.684218406677246 0
<eos> 0 154 5 0.06297317892313004 0.27006715536117554 4.414151251316071
<unk> 0 155 5 2.675959348678589 6.09148645401001 0
junction 0 156 8 15.649576187133789 7.452287673950195 0
is 0 157 2 3.2503812313079834 6.8463640213012695 0.6059236526489258
at 0 158 2 7.747091770172119 6.349621772766113 0.49674224853515625
a 0 159 1 3.9533445835113525 4.145923137664795 2.2036986351013184
<unk> 0 160 5 4.630022048950195 6.15712308883667 0
of 0 161 2 8.328536033630371 5.517420291900635 0.6397027969360352
county 0 162 6 11.288832664489746 4.4137983322143555 1.1036219596862793
lines 0 163 5 8.633291244506836 6.39626407623291 0
. 0 164 1 3.4081623554229736 5.069179534912109 1.3270845413208008
<eos> 0 165 5 0.06088736280798912 0.26330602169036865 4.805873513221741
<unk> 0 166 5 2.6826212406158447 6.109591484069824 0
<unk> 0 167 5 2.403456211090088 7.458083152770996 0
<unk> 0 168 5 2.7230300903320312 6.298891544342041 1.159191608428955
forms 0 169 5 12.102339744567871 6.552484035491943 0
the 0 170 3 1.9975069761276245 4.826315879821777 1.726168155670166
north 0 171 5 8.651540756225586 9.007866859436035 0
– 0 172 1 5.906595706939697 3.9360313415527344 5.071835517883301
south 0 173 5 1.2944403886795044 1.9660210609436035 1.9700102806091309
<unk> 0 174 5 2.0120458602905273 6.591964244842529 0
– 0 175 1 4.915245056152344 6.314458847045898 0.27750539779663086
<unk> 0 176 5 1.2017954587936401 3.042038679122925 3.2724201679229736
and 0 177 3 6.453812599182129 7.048430919647217 0
<unk> 0 178 5 0.7725391983985901 4.403504848480225 2.644926071166992
– 0 179 1 1.3172287940979004 5.294208526611328 0
<unk> 0 180 5 0.03400314226746559 0.34241461753845215 4.951793909072876
county 0 181 6 7.152856349945068 6.962333679199219 0
lines 0 182 5 6.813834190368652 4.962063312530518 2.000270366668701
. 0 183 1 2.1079556941986084 4.443987846374512 0.5180754661560059
<eos> 0 184 5 0.0625440701842308 0.26841306686401367 4.175574779510498
<unk> 0 185 5 2.6812329292297363 6.091566562652588 0
<unk> 0 186 5 2.404329776763916 7.447265625 0
<unk> 0 187 5 2.725740671157837 6.286320686340332 1.160944938659668
, 0 188 1 3.075761079788208 6.536431789398193 0
which 0 189 5 7.602560520172119 5.975996494293213 0.5604352951049805
forms 0 190 5 9.201229095458984 7.012754440307617 0
the 0 191 3 1.747790813446045 4.424201011657715 2.5885534286499023
east 0 192 4 8.391735076904297 8.318964958190918 0
– 0 193 1 6.119624137878418 4.83076286315918 3.4882020950317383
west 0 194 4 0.8917231559753418 2.0531773567199707 2.777585506439209
<unk> 0 195 5 2.4824581146240234 7.1778740882873535 0
– 0 196 1 4.628621578216553 6.55917501449585 0.6186990737915039
<unk> 0 197 5 1.2539902925491333 4.247617721557617 2.3115572929382324
county 0 198 6 6.968740940093994 7.4491424560546875 0
line 0 199 4 2.2607614994049072 5.801052093505859 1.6480903625488281
runs 0 200 4 10.868103981018066 3.4563026428222656 2.3447494506835938
due 0 201 3 10.949883460998535 5.121939182281494 0
west 0 202 4 3.732243776321411 2.855104923248291 2.266834259033203
of 0 203 2 2.6136410236358643 4.353936672210693 0
the 0 204 3 1.2306389808654785 3.476210117340088 0.8777265548706055
intersection 0 205 12 5.5624542236328125 6.391554832458496 0
. 0 206 1 5.311234474182129 2.6327309608459473 3.758823871612549
<eos> 0 207 5 0.06317681819200516 0.27167844772338867 2.3610525131225586
<unk> 0 208 5 2.6679351329803467 6.064422130584717 0
<unk> 0 209 5 2.3761825561523438 7.4106221199035645 0
<unk> 0 210 5 2.736175298690796 6.286165237426758 1.1244568824768066
exits 0 211 5 15.600398063659668 6.458321571350098 0
the 0 212 3 2.3014001846313477 5.899055004119873 0.5592665672302246
intersection 0 213 12 7.569432735443115 8.81920337677002 0
to 0 214 2 6.245575904846191 3.2061777114868164 5.613025665283203
the 0 215 3 1.386928677558899 5.046811103820801 0
east 0 216 4 2.835249662399292 4.920255184173584 0.1265559196472168
. 0 217 1 2.947105646133423 3.6782734394073486 1.2419817447662354
<eos> 0 218 5 0.059968385845422745 0.26147472858428955 3.416798710823059
<unk> 0 219 5 2.6784040927886963 6.109499454498291 0
highway 0 220 7 13.646041870117188 7.4585862159729 0
runs 0 221 4 5.231119155883789 6.197968482971191 1.260617733001709
along 0 222 5 2.963041067123413 4.775737285614014 1.4222311973571777
48th 0 223 4 22.90473747253418 3.241990566253662 1.5337467193603516
<unk> 0 224 5 7.32228946685791 1.3082919120788574 1.9336986541748047
through 0 225 7 8.688406944274902 5.712887287139893 0
rural 0 226 5 7.155314922332764 4.4102091789245605 1.302678108215332
farms 0 227 5 9.72174072265625 4.170813083648682 0.2393960952758789
into 0 228 4 7.566620349884033 4.144501209259033 0.026311874389648438
the 0 229 3 1.9388691186904907 4.909142971038818 0
community 0 230 9 4.1005425453186035 6.065587520599365 0
of 0 231 2 0.12957026064395905 0.8840130567550659 5.181574463844299
<unk> 0 232 5 0.3039497435092926 2.0331597328186035 0
. 0 233 1 1.6704000234603882 3.682539701461792 0
<eos> 0 234 5 0.06394173949956894 0.2729782462120056 3.4095614552497864
<unk> 0 235 5 2.681367874145508 6.097500324249268 0
road 0 236 4 11.638803482055664 7.462898254394531 0
, 0 237 1 3.4932703971862793 6.308607578277588 1.1542906761169434
now 0 238 3 6.075118064880371 6.185019016265869 0.12358856201171875
called 0 239 6 4.962453365325928 5.469402313232422 0.7156167030334473
<unk> 0 240 5 1.4768989086151123 3.656489372253418 1.812912940979004
<unk> 0 241 5 3.0376594066619873 5.476443290710449 0
, 0 242 1 0.953480064868927 3.977545976638794 1.4988973140716553
passes 0 243 6 7.494075298309326 3.955549955368042 0.021996021270751953
through 0 244 7 1.4738582372665405 4.697970390319824 0
the 0 245 3 1.6318401098251343 4.7284932136535645 0
downtown 0 246 8 6.401000499725342 6.630386829376221 0
area 0 247 4 0.35889342427253723 2.1586523056030273 4.471734523773193
and 0 248 3 3.923257350921631 3.3774948120117188 0
<unk> 0 249 5 4.703188896179199 6.483214855194092 0
<unk> 0 250 5 2.153956174850464 6.372433185577393 0.11078166961669922
<unk> 0 251 5 3.0704076290130615 6.343182563781738 0.029250621795654297
turns 0 252 5 9.03935718536377 6.935114860534668 0
south 0 253 5 3.782261848449707 4.683665752410889 2.2514491081237793
along 0 254 5 4.142209053039551 4.3573832511901855 0.3262825012207031
<unk> 0 255 5 2.121469259262085 3.9375555515289307 0.4198276996612549
<unk> 0 256 5 2.7002155780792236 3.4497804641723633 0.4877750873565674
out 0 257 3 13.823189735412598 4.438674449920654 0
of 0 258 2 0.6598327159881592 2.969554901123047 1.4691195487976074
town 0 259 4 4.076511859893799 4.098363876342773 0
. 0 260 1 0.6245858669281006 2.6590969562530518 1.4392669200897217
<eos> 0 261 5 0.06144321709871292 0.26619505882263184 2.39290189743042
<unk> 0 262 5 2.6879236698150635 6.099972248077393 0
highway 0 263 7 13.671451568603516 7.459770679473877 0
rounds 0 264 6 20.72323989868164 6.191306114196777 1.2684645652770996
a 0 265 1 8.47861385345459 6.320893287658691 0
curve 0 266 5 10.433178901672363 8.46092414855957 0
and 0 267 3 4.132264137268066 6.94491720199585 1.5160069465637207
transitions 0 268 11 13.206502914428711 7.644258499145508 0
to 0 269 2 3.095759153366089 5.260132789611816 2.3841257095336914
<unk> 0 270 5 3.5808863639831543 4.771195411682129 0.4889373779296875
<unk> 0 271 5 2.1083874702453613 6.772193908691406 0
running 0 272 7 11.782129287719727 6.0041375160217285 0.7680563926696777
eastward 0 273 8 7.679286956787109 6.52160120010376 0
through 0 274 7 4.5324859619140625 4.720625877380371 1.8009753227233887
more 0 275 4 8.64709758758545 4.598974704742432 0.12165117263793945
farm 0 276 4 10.258228302001953 6.91900110244751 0
land 0 277 4 7.005432605743408 5.356982707977295 1.5620183944702148
. 0 278 1 1.4045066833496094 3.9704039096832275 1.3865787982940674
<eos> 0 279 5 0.060942430049180984 0.2638620436191559 3.7065418660640717
<unk> 0 280 5 2.689730167388916 6.093167781829834 0
the 0 281 3 9.37104606628418 7.4474897384643555 0
<unk> 0 282 5 2.327596664428711 9.494569778442383 0
approaches 0 283 10 14.636067390441895 9.018756866455078 0.4758129119873047
<unk> 0 284 5 3.2287774085998535 7.496114253997803 1.5226426124572754
, 0 285 1 2.520298480987549 6.47402286529541 1.0220913887023926
the 0 286 3 4.122330665588379 6.592712879180908 0
terrain 0 287 7 15.54861068725586 8.993399620056152 0
becomes 0 288 7 9.975122451782227 5.947292804718018 3.0461068153381348
more 0 289 4 4.131766319274902 7.2626953125 0
wooded 0 290 6 7.153709411621094 8.971202850341797 0
near 0 291 4 10.505776405334473 2.8811867237091064 6.09001612663269
the 0 292 3 0.7598028779029846 3.3093156814575195 0
<unk> 0 293 5 2.712411403656006 7.6392436027526855 0
<unk> 0 294 5 3.3464479446411133 6.882515907287598 0.7567276954650879
. 0 295 1 3.7124176025390625 6.536515712738037 0.34600019454956055
<eos> 0 296 5 0.06458012759685516 0.27567240595817566 6.2608433067798615
<unk> 0 297 5 2.6722636222839355 6.09150505065918 0
<unk> 0 298 5 2.406705856323242 7.4477105140686035 0
<unk> 0 299 5 2.722766160964966 6.290384292602539 1.1573262214660645
follows 0 300 7 13.54417896270752 6.544063568115234 0
<unk> 0 301 5 1.980863094329834 4.381799221038818 2.162264347076416
<unk> 0 302 5 1.8088116645812988 5.483981609344482 0
east 0 303 4 12.137385368347168 4.688253402709961 0.7957282066345215
to 0 304 2 2.030721664428711 4.517756462097168 0.17049694061279297
a 0 305 1 3.610353469848633 4.454850673675537 0.06290578842163086
junction 0 306 8 2.797165632247925 8.053117752075195 0
with 0 307 4 0.1485544741153717 1.0078809261322021 7.045236825942993
<unk> 0 308 5 1.1564085483551025 3.4897236824035645 0
<unk> 0 309 5 0.275163859128952 1.5033949613571167 1.9863287210464478
<unk> 0 310 5 4.806014060974121 4.293436050415039 0
. 0 311 1 2.7896108627319336 5.221324443817139 0
<eos> 0 312 5 0.05644058808684349 0.24895860254764557 4.972365841269493
<unk> 0 313 5 2.6793289184570312 6.099193572998047 0
two 0 314 3 14.684005737304688 7.463460922241211 0
highways 0 315 8 11.502142906188965 9.007949829101562 0
merge 0 316 5 9.600305557250977 6.639199733734131 2.3687500953674316
and 0 317 3 4.7509284019470215 5.279388427734375 1.3598113059997559
run 0 318 3 4.27213716506958 7.453688144683838 0
concurrently 0 319 12 1.829603672027588 4.783997535705566 2.6696906089782715
over 0 320 4 7.278063774108887 4.573474407196045 0.21052312850952148
the 0 321 3 1.413160800933838 3.9366722106933594 0.6368021965026855
river 0 322 5 5.439486503601074 5.933775901794434 0
and 0 323 3 4.499370098114014 4.254542827606201 1.6792330741882324
into 0 324 4 7.121566295623779 7.620437145233154 0
downtown 0 325 8 5.554544448852539 4.145355224609375 3.4750819206237793
on 0 326 2 8.16801929473877 3.0988547801971436 1.0465004444122314
<unk> 0 327 5 3.1921796798706055 4.136744022369385 0
<unk> 0 328 5 3.2858123779296875 4.4873270988464355 0
. 0 329 1 1.2978911399841309 3.4238274097442627 1.0634996891021729
<eos> 0 330 5 0.06327871233224869 0.2703612148761749 3.1534661948680878
<unk> 0 331 5 2.684713840484619 6.113951206207275 0
of 0 332 2 8.39594554901123 7.459697723388672 0
downtown 0 333 8 14.543485641479492 3.6676580905914307 3.792039632797241
, 0 334 1 3.6100754737854004 5.975778579711914 0
<unk> 0 335 5 1.6633762121200562 6.1015095710754395 0
<unk> 0 336 5 2.4113783836364746 4.51090145111084 1.5906081199645996
<unk> 0 337 5 2.1434390544891357 4.152632236480713 0.35826921463012695
turns 0 338 5 14.340143203735352 4.448876857757568 0
east 0 339 4 3.666078567504883 5.9701690673828125 0
again 0 340 5 8.013703346252441 4.8795599937438965 1.090609073638916
, 0 341 1 1.8389101028442383 4.38818883895874 0.49137115478515625
independent 0 342 11 18.520803451538086 6.454967021942139 0
of 0 343 2 1.3964701890945435 5.575551509857178 0.8794155120849609
<unk> 0 344 5 1.4940834045410156 4.020282745361328 1.5552687644958496
<unk> 0 345 5 1.8880419731140137 5.353906631469727 0
<unk> 0 346 5 3.6094424724578857 5.362850189208984 0
, 0 347 1 2.6544766426086426 5.809458255767822 0
and 0 348 3 1.939039707183838 5.42379093170166 0.3856673240661621
runs 0 349 4 6.216406345367432 6.427143096923828 0
along 0 350 5 4.192983627319336 5.048741817474365 1.378401279449463
<unk> 0 351 5 2.4999563694000244 3.910304069519043 1.1384377479553223
<unk> 0 352 5 3.582486629486084 4.07363748550415 0
on 0 353 2 6.498470306396484 5.385176658630371 0
the 0 354 3 1.3574659824371338 4.227737903594971 1.1574387550354004
southern 0 355 8 5.281403064727783 5.757236003875732 0
edge 0 356 4 1.4643950462341309 3.959909439086914 1.7973265647888184
of 0 357 2 0.08123911917209625 0.47044724225997925 3.489462196826935
the 0 358 3 1.343718409538269 2.9918060302734375 0
<unk> 0 359 5 2.4877305030822754 5.7417683601379395 0
<unk> 0 360 5 3.839552640914917 5.765115261077881 0
<unk> 0 361 5 2.7531752586364746 6.39565372467041 0
. 0 362 1 3.564680337905884 7.082828998565674 0
<eos> 0 363 5 0.06292641907930374 0.2711200416088104 6.811708956956863
<unk> 0 364 5 2.671351432800293 6.093473434448242 0
east 0 365 4 15.102432250976562 7.4578633308410645 0
end 0 366 3 8.684167861938477 5.8171563148498535 1.640707015991211
of 0 367 2 2.4981086254119873 6.895165920257568 0
<unk> 0 368 5 1.4269030094146729 3.2732696533203125 3.621896266937256
<unk> 0 369 5 2.310387372970581 6.4823479652404785 0
<unk> 0 370 5 2.8385751247406006 6.28515625 0.19719171524047852
is 0 371 2 4.2186808586120605 6.490702152252197 0
at 0 372 2 7.381674289703369 5.893544673919678 0.5971574783325195
exit 0 373 4 7.871866226196289 3.9273056983947754 1.9662389755249023
<unk> 0 374 5 0.03512294217944145 0.3576279878616333 3.569677710533142
on 0 375 2 4.650149345397949 4.486043453216553 0
<unk> 0 376 5 1.6336041688919067 3.5216941833496094 0.9643492698669434
<unk> 0 377 5 1.3225107192993164 3.69301438331604 0
/ 0 378 1 7.485074520111084 3.154435634613037 0.5385787487030029
<unk> 0 379 5 0.19502834975719452 1.4142088890075684 1.7402267456054688
<unk> 0 380 5 1.2157604694366455 4.000096321105957 0
<unk> 0 381 5 3.606157064437866 3.701401710510254 0.2986946105957031
west 0 382 4 8.36776351928711 4.801430702209473 0
of 0 383 2 0.34368738532066345 1.5554472208023071 3.2459834814071655
<unk> 0 384 5 0.5083064436912537 2.4795444011688232 0
<unk> 0 385 5 3.780965566635132 3.722470283508301 0
. 0 386 1 1.7768751382827759 4.413328170776367 0
<eos> 0 387 5 0.06040848791599274 0.2617838978767395 4.151544272899628
<unk> 0 388 5 2.6724467277526855 6.074904441833496 0
<unk> 0 389 5 2.406909704208374 7.446430683135986 0
<unk> 0 390 5 2.7192893028259277 6.284221649169922 1.1622090339660645
of 0 391 2 4.8403801918029785 6.538349151611328 0
<unk> 0 392 5 1.170326828956604 3.3053975105285645 3.2329516410827637
( 0 393 1 9.20075798034668 7.005321502685547 0
<unk> 0 394 5 0.5911401510238647 3.672485113143921 3.332836389541626
) 0 395 1 0.7967308759689331 2.5686662197113037 1.1038188934326172
, 0 396 1 1.8231233358383179 6.001968860626221 0
as 0 397 2 7.224242687225342 6.856407642364502 0
a 0 398 1 4.5447916984558105 5.082590103149414 1.773817539215088
part 0 399 4 5.26437520980835 9.106243133544922 0
of 0 400 2 0.06866644322872162 0.4921989142894745 8.614044219255447
its 0 401 3 6.33207368850708 2.9003043174743652 0
maintenance 0 402 11 12.566787719726562 9.258357048034668 0
responsibilities 0 403 16 5.752532005310059 6.549831390380859 2.7085256576538086
, 0 404 1 0.6087085008621216 3.005641460418701 3.544189929962158
tracks 0 405 6 15.337295532226562 7.163677215576172 0
the 0 406 3 1.4913139343261719 5.345535755157471 1.8181414604187012
volume 0 407 6 10.800378799438477 9.231122970581055 0
of 0 408 2 1.2139843702316284 4.530875205993652 4.700247764587402
traffic 0 409 7 6.475322723388672 5.81942081451416 0
using 0 410 5 9.311076164245605 5.716352939605713 0.10306787490844727
its 0 411 3 5.603456020355225 5.740115165710449 0
roadways 0 412 8 7.4302449226379395 8.818182945251465 0
. 0 413 1 2.9080119132995605 4.8534626960754395 3.9647202491760254
<eos> 0 414 5 0.06039479747414589 0.2616712749004364 4.591791421175003
<unk> 0 415 5 2.6865837574005127 6.099662780761719 0
levels 0 416 6 15.15355110168457 7.449035167694092 0
are 0 417 3 2.390437602996826 6.435769081115723 1.0132660865783691
expressed 0 418 9 10.847588539123535 8.91492748260498 0
in 0 419 2 1.1248904466629028 3.929503917694092 4.985423564910889
terms 0 420 5 5.865532875061035 6.901001930236816 0
of 0 421 2 0.010982181876897812 0.11495868861675262 6.786043241620064
a 0 422 1 6.180027008056641 9.74516487121582 0
metric 0 423 6 10.27579402923584 8.581948280334473 1.1632165908813477
called 0 424 6 7.003418445587158 7.098216533660889 1.483731746673584
average 0 425 7 5.153119087219238 6.723687171936035 0.3745293617248535
annual 0 426 6 4.262170314788818 7.919327735900879 0
daily 0 427 5 2.97796893119812 7.115643501281738 0.8036842346191406
traffic 0 428 7 0.6297811269760132 3.4989781379699707 3.6166653633117676
( 0 429 1 1.5686578750610352 3.724973678588867 0
<unk> 0 430 5 0.259173721075058 2.025022506713867 1.699951171875
) 0 431 1 0.3453274071216583 1.650217890739441 0.37480461597442627
, 0 432 1 1.786682367324829 4.119729518890381 0
which 0 433 5 2.7846908569335938 6.250973701477051 0
is 0 434 2 1.485213279724121 5.6956634521484375 0.5553102493286133
a 0 435 1 3.975043296813965 7.8250322341918945 0
calculation 0 436 11 4.8305840492248535 7.207033634185791 0.6179986000061035
of 0 437 2 0.46246272325515747 2.784374237060547 4.422659397125244
the 0 438 3 1.1006489992141724 5.104576587677002 0
traffic 0 439 7 8.132036209106445 5.879035472869873 0
along 0 440 5 9.876348495483398 5.416919708251953 0.4621157646179199
a 0 441 1 6.074028015136719 2.8218882083892822 2.595031499862671
segment 0 442 7 5.885454177856445 8.059792518615723 0
of 0 443 2 0.49343341588974 2.7676713466644287 5.292121171951294
road 0 444 4 8.35521411895752 3.781726598739624 0
for 0 445 3 6.629795074462891 6.782851219177246 0
any 0 446 3 7.674526214599609 6.2176713943481445 0.5651798248291016
average 0 447 7 6.107484817504883 7.898431301116943 0
day 0 448 3 5.313798904418945 6.996428966522217 0.9020023345947266
of 0 449 2 1.8304017782211304 4.671159744262695 2.3252692222595215
the 0 450 3 1.0504975318908691 4.528913974761963 0.14224576950073242
year 0 451 4 0.7181226015090942 3.345339059829712 1.183574914932251
. 0 452 1 0.4522015154361725 1.9759294986724854 1.3694095611572266
<eos> 0 453 5 0.066822849214077 0.280973345041275 1.6949561536312103
<unk> 0 454 5 2.6828508377075195 6.101428508758545 0
<unk> 0 455 5 2.412290573120117 7.469042778015137 0
, 0 456 1 2.82926607131958 6.286555290222168 1.1824874877929688
the 0 457 3 2.997429132461548 5.752882957458496 0.5336723327636719
department 0 458 10 10.746790885925293 8.585334777832031 0
's 0 459 2 3.3072593212127686 2.2116787433624268 6.3736560344696045
measurements 0 460 12 21.74026870727539 7.991864204406738 0
indicated 0 461 9 10.275498390197754 6.700483798980713 1.2913804054260254
that 0 462 4 0.9032019972801208 3.609163999557495 3.0913197994232178
a 0 463 1 5.373719215393066 5.024656295776367 0
segment 0 464 7 10.986259460449219 9.972677230834961 0
of 0 465 2 0.608522891998291 3.202660322189331 6.77001690864563
<unk> 0 466 5 2.659714460372925 3.910849094390869 0
<unk> 0 467 5 0.5513970851898193 3.236579418182373 0.6742696762084961
<unk> 0 468 5 3.5622544288635254 5.6077961921691895 0
west 0 469 4 10.292281150817871 6.400979042053223 0
of 0 470 2 0.4449232518672943 2.256335973739624 4.144643068313599
<unk> 0 471 5 0.996324360370636 3.0569803714752197 0
had 0 472 3 5.720726013183594 5.280152320861816 0
the 0 473 3 6.532421112060547 4.056999206542969 1.2231531143188477
peak 0 474 4 10.8750638961792 7.302069664001465 0
volume 0 475 6 8.724409103393555 4.923340320587158 2.3787293434143066
for 0 476 3 7.111555576324463 2.1323041915893555 2.7910361289978027
the 0 477 3 2.1510448455810547 4.905834197998047 0
highway 0 478 7 6.547755241394043 7.313054084777832 0
at 0 479 2 5.784321308135986 4.404010772705078 2.909043312072754
<unk> 0 480 5 1.3209890127182007 3.6738297939300537 0.7301809787750244
<unk> 0 481 5 0.9749792814254761 3.6865787506103516 0
<unk> 0 482 5 1.8935908079147339 3.7289299964904785 0
vehicles 0 483 8 2.0547566413879395 4.295761585235596 0
daily 0 484 5 5.7739033699035645 3.754622459411621 0.5411391258239746
. 0 485 1 1.3815655708312988 3.7546846866607666 0
<eos> 0 486 5 0.06891404092311859 0.28722214698791504 3.4674625396728516
<unk> 0 487 5 2.6791484355926514 6.087170600891113 0
traffic 0 488 7 15.825506210327148 7.458373546600342 0
nadir 0 489 5 22.505428314208984 7.858370780944824 0
was 0 490 3 3.19911527633667 8.430667877197266 0
<unk> 0 491 5 4.741640090942383 8.545282363891602 0
<unk> 0 492 5 1.7995632886886597 5.559734344482422 2.9855480194091797
<unk> 0 493 5 2.624030113220215 2.2342309951782227 3.325503349304199
vehicles 0 494 8 4.529581546783447 5.812382221221924 0
east 0 495 4 12.4445161819458 5.052109718322754 0.7602725028991699
of 0 496 2 0.07585123181343079 0.5123372077941895 4.5397725105285645
<unk> 0 497 5 0.7928619384765625 2.572903633117676 0
. 0 498 1 2.680117130279541 4.149689674377441 0
<eos> 0 499 5 0.06890305876731873 0.2881802022457123 3.861509472131729
<unk> 0 500 5 2.6742186546325684 6.091006278991699 0
addition 0 501 8 17.180299758911133 7.456845760345459 0
, 0 502 1 3.892225980758667 7.578593730926514 0
<unk> 0 503 5 3.3581223487854004 7.6271071434021 0
has 0 504 3 7.883340835571289 5.966883182525635 1.6602239608764648
not 0 505 3 6.393725872039795 6.568877220153809 0
had 0 506 3 7.743791103363037 4.429494380950928 2.139382839202881
any 0 507 3 3.754448652267456 6.39420747756958 0
section 0 508 7 13.347047805786133 10.208911895751953 0
of 0 509 2 0.48536255955696106 2.5999433994293213 7.608968496322632
the 0 510 3 1.3644334077835083 5.794724464416504 0
highway 0 511 7 5.600555896759033 8.603189468383789 0
listed 0 512 6 13.901561737060547 5.12966251373291 3.473526954650879
on 0 513 2 3.6884734630584717 3.6129233837127686 1.5167391300201416
the 0 514 3 0.5431349873542786 2.795387029647827 0.8175363540649414
<unk> 0 515 5 1.8733725547790527 5.243341445922852 0
<unk> 0 516 5 2.865255832672119 6.370969295501709 0
<unk> 0 517 5 2.581019401550293 6.720374584197998 0
, 0 518 1 4.721650123596191 6.986445903778076 0
a 0 519 1 4.278589725494385 5.479767799377441 1.5066781044006348
network 0 520 7 2.4719600677490234 7.224851608276367 0
of 0 521 2 0.1698143184185028 1.2783286571502686 5.946522951126099
roads 0 522 5 0.7427999973297119 3.6882545948028564 0
important 0 523 9 2.6011385917663574 5.493010997772217 0
to 0 524 2 0.15965764224529266 0.8759307265281677 4.617080271244049
the 0 525 3 0.5464191436767578 3.23060941696167 0
country 0 526 7 1.6867618560791016 4.183293342590332 0
's 0 527 2 0.12597669661045074 0.7987225651741028 3.3845707774162292
economy 0 528 7 0.11677496880292892 0.964928388595581 0
, 0 529 1 1.540664553642273 2.3767330646514893 0
defense 0 530 7 0.7001317143440247 3.278243064880371 0
, 0 531 1 0.2663474678993225 0.8900547623634338 2.3881883025169373
and 0 532 3 0.2575255334377289 1.7713373899459839 0
mobility 0 533 8 0.19626937806606293 1.4330776929855347 0.3382596969604492
. 0 534 1 0.2677233815193176 1.215383529663086 0.21769416332244873
<eos> 0 535 5 0.06055988371372223 0.26151734590530396 0.953866183757782
= 0 536 1 3.7786405086517334 6.101954936981201 0
= 0 537 1 0.10695935040712357 0.731988787651062 5.369966149330139
<unk> 0 538 5 5.553898811340332 5.739696025848389 0
= 0 539 1 2.0124144554138184 7.0176215171813965 0
= 0 540 1 0.00031916447915136814 0.00461018830537796 7.0130113288760185
<eos> 0 541 5 20.79293441772461 5.100623607635498 0
= 0 542 1 3.273116111755371 5.788249492645264 0
= 0 543 1 0.2870693504810333 1.446075677871704 4.34217381477356
= 0 544 1 1.0594407320022583 5.686927795410156 0
<unk> 0 545 5 2.253920793533325 8.978560447692871 0
designation 0 546 11 12.523128509521484 6.103485584259033 2.875074863433838
= 0 547 1 0.3915700614452362 1.9687869548797607 4.1346986293792725
= 0 548 1 5.228177906246856e-05 0.0007367574726231396 1.9680501974071376
= 0 549 1 1.926192817336414e-05 0.00032569837640039623 0.0004110590962227434
<eos> 0 550 5 22.224607467651367 5.08217191696167 0
<unk> 0 551 5 2.218489408493042 5.479015827178955 0
first 0 552 5 9.11734390258789 5.729690074920654 0
usage 0 553 5 17.403226852416992 7.400301933288574 0
of 0 554 2 1.8939692974090576 6.353018283843994 1.04728364944458
<unk> 0 555 5 2.0422582626342773 5.376702785491943 0.9763154983520508
<unk> 0 556 5 1.742679476737976 6.445312023162842 0
<unk> 0 557 5 1.9812896251678467 5.892611503601074 0.5527005195617676
was 0 558 3 4.328529357910156 6.115603446960449 0
in 0 559 2 6.162487983703613 7.856308460235596 0
the 0 560 3 2.050854444503784 5.3160552978515625 2.540253162384033
<unk> 0 561 5 1.885082483291626 6.968981742858887 0
<unk> 0 562 5 2.1431350708007812 7.543993949890137 0
by 0 563 2 8.044095039367676 6.446547985076904 1.0974459648132324
<unk> 0 564 5 0.6984326243400574 3.4478132724761963 2.998734712600708
<unk> 0 565 5 0.6101311445236206 3.4176063537597656 0.030206918716430664
, 0 566 1 2.2356629371643066 3.9468460083007812 0
<unk> 0 567 5 2.620276689529419 5.490257740020752 0
. 0 568 1 2.8833813667297363 4.155245780944824 1.3350119590759277
<eos> 0 569 5 0.0641205683350563 0.272609144449234 3.88263663649559
<unk> 0 570 5 2.6872220039367676 6.080178737640381 0
<unk> 0 571 5 2.4141383171081543 7.4435811042785645 0
started 0 572 7 10.481420516967773 6.2869553565979 1.156625747680664
at 0 573 2 6.386955261230469 6.0841875076293945 0.20276784896850586
<unk> 0 574 5 1.6410200595855713 3.1348536014556885 2.949333906173706
<unk> 0 575 5 2.7269279956817627 6.013058185577393 0
<unk> 0 576 5 2.6300480365753174 5.276751518249512 0.7363066673278809
and 0 577 3 5.392935752868652 5.964310646057129 0
ran 0 578 3 7.7325944900512695 6.454620361328125 0
north 0 579 5 6.361983299255371 5.522228717803955 0.9323916435241699
of 0 580 2 4.1281328201293945 4.546483993530273 0.9757447242736816
<unk> 0 581 5 0.8572220802307129 2.6997127532958984 1.846771240234375
to 0 582 2 4.688863277435303 4.792553901672363 0
the 0 583 3 2.446530342102051 6.640939235687256 0
vicinity 0 584 8 9.087946891784668 5.1036505699157715 1.5372886657714844
of 0 585 2 0.07292336970567703 0.5038707256317139 4.599779844284058
<unk> 0 586 5 0.8950389623641968 2.6428685188293457 0
<unk> 0 587 5 3.1394662857055664 4.397268295288086 0
<unk> 0 588 5 3.627258539199829 4.015662670135498 0.3816056251525879
. 0 589 1 1.6563470363616943 4.381282329559326 0
<eos> 0 590 5 0.0625852420926094 0.26865434646606445 4.112627983093262
<unk> 0 591 5 2.682224988937378 6.07706880569458 0
was 0 592 3 3.723562002182007 7.456058979034424 0
later 0 593 5 6.825983047485352 8.615592002868652 0
replaced 0 594 8 6.057377338409424 8.279383659362793 0.3362083435058594
by 0 595 2 0.3766419589519501 1.4346923828125 6.844691276550293
<unk> 0 596 5 0.8145139217376709 4.036752700805664 0
<unk> 0 597 5 0.5244687795639038 3.072816848754883 0.9639358520507812
<unk> 0 598 5 3.123788356781006 3.7337241172790527 0
in 0 599 2 4.1100358963012695 4.123397350311279 0
<unk> 0 600 5 0.9634289145469666 3.0776755809783936 1.0457217693328857
. 0 601 1 1.658482313156128 3.3255484104156494 0
<eos> 0 602 5 0.052381813526153564 0.23414234817028046 3.091406062245369
= 0 603 1 3.804363489151001 6.087416648864746 0
= 0 604 1 0.11364886164665222 0.7707171440124512 5.316699504852295
= 0 605 1 1.1634763479232788 5.738124847412109 0
<unk> 0 606 5 2.29464054107666 8.879589080810547 0
designation 0 607 11 13.261568069458008 6.5698747634887695 2.3097143173217773
= 0 608 1 0.37719225883483887 1.8729454278945923 4.696929335594177
= 0 609 1 3.577194729587063e-05 0.0005002107936888933 1.8724452171009034
= 0 610 1 3.026862941624131e-05 0.0004512119048740715 4.899888881482184e-05
<eos> 0 611 5 23.079797744750977 4.973109722137451 0
<unk> 0 612 5 2.42128849029541 5.4147467613220215 0
current 0 613 7 13.077861785888672 5.874907970428467 0
<unk> 0 614 5 1.6835644245147705 6.57717227935791 0
<unk> 0 615 5 1.1387783288955688 5.263683795928955 1.313488483428955
<unk> 0 616 5 2.6444616317749023 6.0457024574279785 0
dates 0 617 5 12.482704162597656 5.578376293182373 0.46732616424560547
back 0 618 4 2.1313562393188477 4.404993534088135 1.1733827590942383
to 0 619 2 0.13405555486679077 0.8723177313804626 3.532675802707672
<unk> 0 620 5 0.8630006909370422 2.566619873046875 0
. 0 621 1 2.8900046348571777 4.2585248947143555 0
<eos> 0 622 5 0.05823207646608353 0.2538883090019226 4.004636585712433
<unk> 0 623 5 2.6966769695281982 6.094823837280273 0
ran 0 624 3 10.935521125793457 7.4533586502075195 0
from 0 625 4 4.440378665924072 5.70749044418335 1.74586820602417
<unk> 0 626 5 1.0685350894927979 4.309723854064941 1.3977665901184082
<unk> 0 627 5 2.6296517848968506 4.299105644226074 0.010618209838867188
in 0 628 2 4.004086494445801 4.071910858154297 0.22719478607177734
<unk> 0 629 5 0.5155435800552368 2.3452908992767334 1.7266199588775635
to 0 630 2 2.189124584197998 3.582690715789795 0
the 0 631 3 3.3780059814453125 3.4862842559814453 0.09640645980834961
northern 0 632 8 8.425089836120605 6.904786109924316 0
junction 0 633 8 9.730867385864258 6.464778423309326 0.44000768661499023
of 0 634 2 1.44551682472229 3.8176708221435547 2.6471076011657715
<unk> 0 635 5 1.2256584167480469 3.0774872303009033 0.7401835918426514
<unk> 0 636 5 1.4973030090332031 4.990718841552734 0
and 0 637 3 3.4665539264678955 5.130847930908203 0
<unk> 0 638 5 1.0116405487060547 5.024250030517578 0.106597900390625
<unk> 0 639 5 0.6063834428787231 3.1653616428375244 1.8588883876800537
<unk> 0 640 5 3.611659049987793 4.434075355529785 0
in 0 641 2 3.469099283218384 4.743997573852539 0
<unk> 0 642 5 0.5097648501396179 2.321009874343872 2.422987699508667
<unk> 0 643 5 3.7095847129821777 2.906818389892578 0
. 0 644 1 0.8927329778671265 2.868055820465088 0.038762569427490234
<eos> 0 645 5 0.05963541567325592 0.258912593126297 2.609143227338791
<unk> 0 646 5 2.686302900314331 6.087989330291748 0
highway 0 647 7 13.69542121887207 7.445043563842773 0
was 0 648 3 2.7601633071899414 6.186288833618164 1.2587547302246094
routed 0 649 6 7.252057075500488 7.091464042663574 0
through 0 650 7 4.433932781219482 5.108906269073486 1.982557773590088
<unk> 0 651 5 1.4115262031555176 3.74149227142334 1.3674139976501465
, 0 652 1 2.4289426803588867 4.86911153793335 0
<unk> 0 653 5 2.450338840484619 5.940762519836426 0
and 0 654 3 1.841989278793335 2.7287991046905518 3.211963415145874
<unk> 0 655 5 0.3812910318374634 2.5128235816955566 0.21597552299499512
, 0 656 1 1.8797345161437988 4.47096061706543 0
replacing 0 657 9 7.41981315612793 5.859133720397949 0
<unk> 0 658 5 2.0573997497558594 4.130809783935547 1.7283239364624023
<unk> 0 659 5 0.5529642105102539 2.6515345573425293 1.4792752265930176
<unk> 0 660 5 5.280571937561035 4.390746593475342 0
. 0 661 1 2.853365659713745 5.118320941925049 0
<eos> 0 662 5 0.060012269765138626 0.26021304726600647 4.858107894659042
<unk> 0 663 5 2.6818010807037354 6.090390205383301 0
late 0 664 4 16.012880325317383 7.455347537994385 0
<unk> 0 665 5 2.0268609523773193 6.416110038757324 1.0392374992370605
, 0 666 1 4.818630218505859 7.974668979644775 0
<unk> 0 667 5 2.234189510345459 6.782044410705566 1.192624568939209
<unk> 0 668 5 1.5084253549575806 5.252311706542969 1.5297327041625977
<unk> 0 669 5 2.6653707027435303 3.960557222366333 1.2917544841766357
was 0 670 3 4.998086929321289 4.394786834716797 0
extended 0 671 8 10.299478530883789 7.800558090209961 0
along 0 672 5 7.0957207679748535 4.815496444702148 2.9850616455078125
the 0 673 3 0.9018604755401611 3.1752352714538574 1.640261173248291
section 0 674 7 9.386536598205566 6.092667579650879 0
between 0 675 7 4.397508144378662 4.353991985321045 1.738675594329834
<unk> 0 676 5 0.4915401041507721 2.3097424507141113 2.0442495346069336
and 0 677 3 0.45532748103141785 2.136122465133667 0.17361998558044434
<unk> 0 678 5 0.2538132965564728 1.6689393520355225 0.46718311309814453
<unk> 0 679 5 4.643507957458496 3.993640899658203 0
, 0 680 1 2.0765130519866943 4.390510559082031 0
forming 0 681 7 9.814096450805664 6.045923709869385 0
a 0 682 1 1.6336426734924316 3.8758223056793213 2.1701014041900635
<unk> 0 683 5 4.262807369232178 7.31376314163208 0
<unk> 0 684 5 1.07771897315979 5.266948223114014 2.0468149185180664
<unk> 0 685 5 2.148996114730835 4.755247116088867 0.5117011070251465
/ 0 686 1 8.702194213867188 6.318992614746094 0
<unk> 0 687 5 0.3203664720058441 1.810670018196106 4.508322596549988
<unk> 0 688 5 2.061563014984131 6.886211395263672 0
<unk> 0 689 5 1.9573991298675537 5.851510047912598 1.0347013473510742
concurrency 0 690 11 7.6562066078186035 6.602077007293701 0
to 0 691 2 6.99800968170166 4.258630275726318 2.343446731567383
fill 0 692 4 10.800504684448242 5.848954677581787 0
a 0 693 1 3.681528091430664 4.072579383850098 1.7763752937316895
gap 0 694 3 3.872551202774048 7.785654067993164 0
in 0 695 2 2.253319501876831 3.9787821769714355 3.8068718910217285
the 0 696 3 0.6761147379875183 2.9130542278289795 1.065727949142456
<unk> 0 697 5 2.306039810180664 6.908337593078613 0
<unk> 0 698 5 3.133328437805176 6.515488624572754 0.3928489685058594
<unk> 0 699 5 2.116872549057007 6.302703380584717 0.2127852439880371
routing 0 700 7 8.81175708770752 6.888268947601318 0
. 0 701 1 1.9858547449111938 4.0566325187683105 2.831636428833008
<eos> 0 702 5 0.06415363401174545 0.273103803396225 3.7835287153720856
<unk> 0 703 5 2.683414936065674 6.097024440765381 0
concurrent 0 704 10 20.030210494995117 7.450855255126953 0
section 0 705 7 14.53827953338623 2.8804335594177246 4.5704216957092285
became 0 706 6 11.368459701538086 3.2259445190429688 0
just 0 707 4 11.201081275939941 4.884580135345459 0
<unk> 0 708 5 3.445424795150757 6.2995100021362305 0
<unk> 0 709 5 1.1571736335754395 4.778799533843994 1.5207104682922363
<unk> 0 710 5 2.934390068054199 1.8960942029953003 2.882705330848694
in 0 711 2 3.4688639640808105 5.671925067901611 0
<unk> 0 712 5 0.3604700267314911 1.8184843063354492 3.853440761566162
, 0 713 1 1.437989592552185 2.5183517932891846 0
shortening 0 714 10 13.290589332580566 5.426882743835449 0
<unk> 0 715 5 3.5176162719726562 3.5898420810699463 1.837040662765503
<unk> 0 716 5 1.297415018081665 4.892707824707031 0
<unk> 0 717 5 1.5049128532409668 3.5098869800567627 1.3828208446502686
back 0 718 4 13.673892974853516 5.715975761413574 0
to 0 719 2 1.1262964010238647 4.057016372680664 1.6589593887329102
the 0 720 3 2.5480260848999023 2.747915029525757 1.3091013431549072
northern 0 721 8 6.593154430389404 6.688424587249756 0
<unk> 0 722 5 3.947664976119995 4.921728134155273 1.7666964530944824
<unk> 0 723 5 3.690234422683716 6.731991767883301 0
<unk> 0 724 5 2.5377140045166016 6.202049255371094 0.529942512512207
junction 0 725 8 5.871171474456787 6.553761959075928 0
in 0 726 2 3.478466033935547 4.898940086364746 1.6548218727111816
<unk> 0 727 5 0.36502429842948914 1.7340785264968872 3.164861559867859
. 0 728 1 0.789928674697876 2.558943033218384 0
<eos> 0 729 5 0.06484438478946686 0.2755385637283325 2.2834044694900513
<unk> 0 730 5 2.687211036682129 6.099782943725586 0
highway 0 731 7 13.671019554138184 7.4544219970703125 0
was 0 732 3 2.7626922130584717 6.188435077667236 1.2659869194030762
moved 0 733 5 6.76728630065918 7.0911946296691895 0
to 0 734 2 1.451932668685913 4.147189617156982 2.944005012512207
a 0 735 1 3.9045565128326416 3.811704397201538 0.33548521995544434
new 0 736 3 2.2580316066741943 7.03756046295166 0
alignment 0 737 9 0.8074765205383301 3.6538264751434326 3.3837339878082275
west 0 738 4 7.4911322593688965 5.295801639556885 0
of 0 739 2 0.20630761981010437 1.1363434791564941 4.159458160400391
<unk> 0 740 5 0.8375087976455688 3.227119207382202 0
in 0 741 2 3.1256706714630127 5.220020294189453 0
late 0 742 4 6.1699724197387695 1.7162524461746216 3.5037678480148315
<unk> 0 743 5 0.08120595663785934 0.5014677047729492 1.2147847414016724
or 0 744 2 8.484396934509277 3.161914110183716 0
early 0 745 5 0.9821488857269287 4.1733503341674805 0
<unk> 0 746 5 0.32681936025619507 1.9324429035186768 2.2409074306488037
. 0 747 1 1.0261529684066772 2.90590763092041 0
<eos> 0 748 5 0.06406299024820328 0.2721708416938782 2.633736789226532
<unk> 0 749 5 2.6684772968292236 6.107241630554199 0
of 0 750 2 8.42493724822998 7.458139896392822 0
heading 0 751 7 21.54327964782715 3.664891242980957 3.7932486534118652
northwesterly 0 752 13 14.891823768615723 8.962505340576172 0
to 0 753 2 5.848053932189941 6.198798179626465 2.763707160949707
<unk> 0 754 5 1.6562671661376953 4.318076133728027 1.8807220458984375
, 0 755 1 1.775269627571106 5.791892051696777 0
it 0 756 2 7.579887866973877 4.646202087402344 1.1456899642944336
was 0 757 3 1.4709221124649048 5.943628311157227 0
continued 0 758 9 12.152396202087402 8.228973388671875 0
west 0 759 4 8.645620346069336 4.680317401885986 3.5486559867858887
to 0 760 2 4.295951843261719 3.0435521602630615 1.6367652416229248
end 0 761 3 8.547037124633789 4.673929691314697 0
in 0 762 2 3.1819405555725098 4.872910976409912 0
<unk> 0 763 5 1.0575116872787476 3.237699270248413 1.635211706161499
. 0 764 1 1.4893945455551147 3.554964780807495 0
<eos> 0 765 5 0.060383912175893784 0.26014813780784607 3.294816642999649
<unk> 0 766 5 2.6909327507019043 6.099048614501953 0
<unk> 0 767 5 2.414707899093628 7.453469276428223 0
in 0 768 2 7.03231954574585 6.287684440612793 1.1657848358154297
<unk> 0 769 5 1.6404242515563965 4.132534027099609 2.1551504135131836
and 0 770 3 4.86525297164917 6.679644584655762 0
<unk> 0 771 5 0.7103997468948364 3.99328875541687 2.6863558292388916
rerouted 0 772 8 21.70988655090332 4.656110763549805 0
the 0 773 3 1.8876429796218872 5.506899833679199 0
western 0 774 7 8.24184799194336 7.796383380889893 0
end 0 775 3 3.8800041675567627 6.478854656219482 1.3175287246704102
of 0 776 2 0.2398538589477539 1.3463749885559082 5.132479667663574
the 0 777 3 0.8354738354682922 2.7493255138397217 0
highway 0 778 7 4.041457653045654 7.229748725891113 0
again 0 779 5 9.16339111328125 4.9247822761535645 2.304966449737549
. 0 780 1 3.7165589332580566 3.7101101875305176 1.2146720886230469
<eos> 0 781 5 0.06151474267244339 0.2655754089355469 3.4445347785949707
<unk> 0 782 5 2.6876251697540283 6.076631546020508 0
time 0 783 4 13.521324157714844 7.441540718078613 0
it 0 784 2 10.563884735107422 7.706550598144531 0
was 0 785 3 1.5693142414093018 5.784422397613525 1.9221282005310059
realigned 0 786 9 13.475201606750488 8.406632423400879 0
to 0 787 2 1.6945464611053467 4.668089866638184 3.7385425567626953
run 0 788 3 4.793684959411621 6.714543342590332 0
from 0 789 4 2.629960060119629 5.621411323547363 1.0931320190429688
<unk> 0 790 5 0.9402993321418762 3.7153937816619873 1.906017541885376
to 0 791 2 1.2350088357925415 3.7387568950653076 0
<unk> 0 792 5 0.48570919036865234 2.4410505294799805 1.2977063655853271
<unk> 0 793 5 4.9656219482421875 4.215850353240967 0
, 0 794 1 2.0001251697540283 4.437572479248047 0
bypassing 0 795 9 8.824668884277344 5.689371109008789 0
<unk> 0 796 5 1.3415913581848145 3.456002950668335 2.233368158340454
. 0 797 1 2.8688769340515137 5.28493070602417 0
<eos> 0 798 5 0.06429674476385117 0.27411505579948425 5.010815650224686
<unk> 0 799 5 2.6812398433685303 6.097247123718262 0
larger 0 800 6 18.698223114013672 7.45558500289917 0
change 0 801 6 15.034669876098633 5.505664825439453 1.9499201774597168
around 0 802 6 12.365214347839355 6.791054725646973 0
<unk> 0 803 5 2.606644630432129 3.980703592300415 2.8103511333465576
reconfigured 0 804 12 19.946571350097656 6.890453338623047 0
the 0 805 3 3.3564560413360596 6.793377876281738 0.0970754623413086
highway 0 806 7 7.939241886138916 9.74406623840332 0
designations 0 807 12 10.100561141967773 6.0802154541015625 3.663850784301758
in 0 808 2 3.8556392192840576 5.425196647644043 0.6550188064575195
<unk> 0 809 5 1.1991291046142578 3.8428256511688232 1.5823709964752197
<unk> 0 810 5 3.613347291946411 4.104426383972168 0
. 0 811 1 1.8745778799057007 4.009113788604736 0.09531259536743164
<eos> 0 812 5 0.06286879628896713 0.26899296045303345 3.740120828151703
<unk> 0 813 5 2.6921448707580566 6.093481540679932 0
<unk> 0 814 5 2.4068832397460938 7.452549934387207 0
<unk> 0 815 5 2.7255632877349854 6.290868282318115 1.1616816520690918
replaced 0 816 8 10.831838607788086 6.550319671630859 0
<unk> 0 817 5 0.9878366589546204 3.450572967529297 3.0997467041015625
<unk> 0 818 5 2.0116028785705566 3.9308714866638184 0
<unk> 0 819 5 3.649277687072754 3.7075774669647217 0.22329401969909668
west 0 820 4 14.388257026672363 4.123134613037109 0
of 0 821 2 1.9473087787628174 4.3441972732543945 0
<unk> 0 822 5 1.1707946062088013 3.3381221294403076 1.006075143814087
, 0 823 1 2.598693609237671 5.6826066970825195 0
to 0 824 2 6.879440784454346 6.290670871734619 0
end 0 825 3 9.621454238891602 7.407994270324707 0
at 0 826 2 7.286970615386963 4.190075874328613 3.2179183959960938
<unk> 0 827 5 1.8090386390686035 3.2334141731262207 0.9566617012023926
<unk> 0 828 5 2.00677490234375 5.460010051727295 0
instead 0 829 7 11.314842224121094 5.000115394592285 0.45989465713500977
of 0 830 2 1.4435369968414307 2.696685314178467 2.3034300804138184
<unk> 0 831 5 1.6375625133514404 6.183120250701904 0
. 0 832 1 2.220059394836426 4.504340648651123 1.6787796020507812
<eos> 0 833 5 0.059825342148542404 0.2593282163143158 4.245012432336807
<unk> 0 834 5 2.6859657764434814 6.091123104095459 0
new 0 835 3 13.434479713439941 7.456575393676758 0
<unk> 0 836 5 0.8016193509101868 4.944068431854248 2.5125069618225098
<unk> 0 837 5 4.110319137573242 7.352431774139404 0
<unk> 0 838 5 2.1807799339294434 7.016324520111084 0.3361072540283203
designation 0 839 11 15.35085678100586 6.709344387054443 0.3069801330566406
replaced 0 840 8 10.160585403442383 5.725426197052002 0.9839181900024414
<unk> 0 841 5 1.4000420570373535 3.9246349334716797 1.8007912635803223
<unk> 0 842 5 1.029265284538269 4.2747697830200195 0
<unk> 0 843 5 3.2796595096588135 4.620213031768799 0
south 0 844 5 10.318375587463379 4.80580997467041 0
of 0 845 2 0.6040140390396118 2.619065046310425 2.1867449283599854
<unk> 0 846 5 0.867395281791687 2.8992388248443604 0
. 0 847 1 2.808135509490967 5.089438438415527 0
<eos> 0 848 5 0.06451418250799179 0.2749168276786804 4.814521610736847
<unk> 0 849 5 2.6768441200256348 6.087653160095215 0
<unk> 0 850 5 2.413297653198242 7.454604625701904 0
<unk> 0 851 5 2.723101854324341 6.2860565185546875 1.1685481071472168
now 0 852 3 12.395065307617188 6.545698165893555 0
ran 0 853 3 9.679902076721191 9.320806503295898 0
from 0 854 4 3.879394769668579 5.429191589355469 3.8916149139404297
<unk> 0 855 5 0.8389450907707214 3.7241928577423096 1.7049987316131592
to 0 856 2 1.4513615369796753 4.362254619598389 0
<unk> 0 857 5 0.141201913356781 1.1601641178131104 3.2020905017852783
only 0 858 4 14.736885070800781 3.539555788040161 0
. 0 859 1 6.236147403717041 5.5602335929870605 0
<eos> 0 860 5 0.05897486209869385 0.25691741704940796 5.303316175937653
<unk> 0 861 5 2.6864213943481445 6.083032608032227 0
length 0 862 6 17.580289840698242 7.441542625427246 0
of 0 863 2 2.476186752319336 6.922653675079346 0.5188889503479004
the 0 864 3 3.0759620666503906 3.8458123207092285 3.076841354370117
highway 0 865 7 9.420774459838867 9.507928848266602 0
was 0 866 3 2.6030163764953613 6.772212982177734 2.735715866088867
increased 0 867 9 9.391214370727539 7.619621276855469 0
in 0 868 2 3.2582128047943115 3.695805788040161 3.9238154888153076
<unk> 0 869 5 1.7833638191223145 5.161065101623535 0
when 0 870 4 5.757932186126709 3.8042383193969727 1.3568267822265625
the 0 871 3 1.302943229675293 4.213582515716553 0
eastern 0 872 7 9.109092712402344 6.394451141357422 0
end 0 873 3 4.757528781890869 4.563753128051758 1.830698013305664
was 0 874 3 4.248279571533203 1.2649495601654053 3.2988035678863525
moved 0 875 5 6.220664978027344 7.039006233215332 0
back 0 876 4 5.899376392364502 3.2335448265075684 3.8054614067077637
to 0 877 2 0.2451428323984146 1.2221447229385376 2.0114001035690308
<unk> 0 878 5 1.4796369075775146 3.633366346359253 0
<unk> 0 879 5 3.381558418273926 4.866168022155762 0
. 0 880 1 2.225482940673828 4.668964862823486 0.1972031593322754
<eos> 0 881 5 0.06172122806310654 0.2661106586456299 4.4028542041778564
<unk> 0 882 5 2.6822028160095215 6.086225986480713 0
<unk> 0 883 5 2.40765380859375 7.45320987701416 0
<unk> 0 884 5 2.717885971069336 6.28413200378418 1.1690778732299805
was 0 885 3 3.897873878479004 6.537572383880615 0
rerouted 0 886 8 9.184826850891113 7.916347503662109 0
to 0 887 2 1.271573781967163 4.198974132537842 3.7173733711242676
follow 0 888 6 2.0095291137695312 6.146438121795654 0
the 0 889 3 1.3356696367263794 4.181717872619629 1.9647202491760254
<unk> 0 890 5 2.49880051612854 6.762495517730713 0
<unk> 0 891 5 2.5067901611328125 6.037664890289307 0.7248306274414062
freeway 0 892 7 5.274480819702148 6.171774387359619 0
south 0 893 5 7.187369346618652 5.197682857513428 0.9740915298461914
of 0 894 2 0.4281928837299347 1.7643965482711792 3.4332863092422485
<unk> 0 895 5 0.9146091938018799 3.099933624267578 0
<unk> 0 896 5 3.550426483154297 5.06317138671875 0
to 0 897 2 4.279965877532959 4.77164888381958 0.2915225028991699
<unk> 0 898 5 1.4728785753250122 4.457338333129883 0.31431055068969727
<unk> 0 899 5 1.8897688388824463 4.905128002166748 0
, 0 900 1 2.7566864490509033 4.124640464782715 0.7804875373840332
and 0 901 3 3.6497979164123535 6.144520282745361 0
replaced 0 902 8 8.84347152709961 6.680075645446777 0
<unk> 0 903 5 2.58506441116333 4.293300151824951 2.386775493621826
<unk> 0 904 5 0.8255139589309692 3.343600273132324 0.949699878692627
<unk> 0 905 5 4.4484429359436035 4.497806549072266 0
between 0 906 7 4.621967792510986 5.1103835105896 0
<unk> 0 907 5 0.6829087734222412 2.774646282196045 2.3357372283935547
<unk> 0 908 5 3.1279847621917725 2.0794360637664795 0.6952102184295654
and 0 909 3 0.3400248885154724 1.7926886081695557 0.28674745559692383
<unk> 0 910 5 0.28601396083831787 1.7644665241241455 0.028222084045410156
. 0 911 1 2.3117799758911133 3.212967872619629 0
<eos> 0 912 5 0.06387855857610703 0.2727896571159363 2.9401782155036926
<unk> 0 913 5 2.683666944503784 6.097639083862305 0
freed 0 914 5 15.489426612854004 7.457374572753906 0
up 0 915 2 12.57018756866455 5.276902198791504 2.1804723739624023
the 0 916 3 2.0799801349639893 5.527884483337402 0
<unk> 0 917 5 3.465049982070923 10.313352584838867 0
to 0 918 2 6.130119323730469 8.798236846923828 1.515115737915039
<unk> 0 919 5 2.531357526779175 7.711253643035889 1.0869832038879395
<unk> 0 920 5 2.3347113132476807 6.355454921722412 1.3557987213134766
highway 0 921 7 14.128511428833008 5.501578330993652 0.8538765907287598
for 0 922 3 5.552596092224121 5.468472480773926 0.03310585021972656
a 0 923 1 3.0743191242218018 5.707624435424805 0
return 0 924 6 9.060813903808594 8.384770393371582 0
to 0 925 2 0.9528059363365173 3.436309576034546 4.948460817337036
the 0 926 3 1.8282980918884277 3.046905279159546 0.389404296875
<unk> 0 927 5 1.5602335929870605 7.017369270324707 0
<unk> 0 928 5 4.089715957641602 6.474576473236084 0.542792797088623
<unk> 0 929 5 2.5137534141540527 6.530920028686523 0
designation 0 930 11 11.350541114807129 7.090540885925293 0
. 0 931 1 1.9394276142120361 4.000707149505615 3.0898337364196777
<eos> 0 932 5 0.06015826389193535 0.2600741684436798 3.7406329810619354
<unk> 0 933 5 2.682589530944824 6.089158535003662 0
last 0 934 4 15.560132026672363 7.456780910491943 0
change 0 935 6 13.72006893157959 9.115653991699219 0
came 0 936 4 7.916543006896973 6.127542972564697 2.9881110191345215
in 0 937 2 2.3759002685546875 4.407715320587158 1.719827651977539
<unk> 0 938 5 1.2187845706939697 4.153631210327148 0.25408411026000977
when 0 939 4 2.6018993854522705 3.854438066482544 0.2991931438446045
the 0 940 3 1.8655481338500977 3.874396800994873 0
concurrency 0 941 11 15.04862117767334 8.542449951171875 0
with 0 942 4 2.882049560546875 5.185302257537842 3.357147693634033
<unk> 0 943 5 0.9763510227203369 3.579322576522827 1.6059796810150146
<unk> 0 944 5 0.7219198942184448 3.3385801315307617 0.24074244499206543
<unk> 0 945 5 5.482367992401123 4.426578044891357 0
was 0 946 3 1.5905189514160156 5.543490886688232 0
eliminated 0 947 10 6.798774242401123 6.281619548797607 0
in 0 948 2 3.2671666145324707 3.9739222526550293 2.307697296142578
favor 0 949 5 4.373692035675049 3.475684881210327 0.49823737144470215
of 0 950 2 0.0014198777498677373 0.015969140455126762 3.4597157407552004
<unk> 0 951 5 2.025256633758545 5.222999095916748 0
<unk> 0 952 5 1.6625137329101562 5.2012810707092285 0.02171802520751953
<unk> 0 953 5 3.89074969291687 4.642582893371582 0.5586981773376465
. 0 954 1 1.858546257019043 5.05070161819458 0
<eos> 0 955 5 0.05910973623394966 0.25715315341949463 4.7935484647750854
<unk> 0 956 5 2.67874813079834 6.105149745941162 0
<unk> 0 957 5 2.412604331970215 7.458057403564453 0
<unk> 0 958 5 2.717815637588501 6.288297176361084 1.1697602272033691
<unk> 0 959 5 2.01516056060791 6.548150062561035 0
designation 0 960 11 16.599082946777344 4.340344429016113 2.207805633544922
was 0 961 3 2.9665794372558594 5.556093692779541 0
truncated 0 962 9 6.628061294555664 7.379186630249023 0
at 0 963 2 4.638927936553955 4.3128767013549805 3.066309928894043
this 0 964 4 6.063979148864746 3.462313413619995 0.8505632877349854
time 0 965 4 1.5100435018539429 3.0899441242218018 0.37236928939819336
to 0 966 2 2.263341188430786 4.8922929763793945 0
the 0 967 3 1.5975784063339233 5.059004783630371 0
junction 0 968 8 8.20793628692627 6.361377239227295 0
west 0 969 4 11.50822639465332 2.6064138412475586 3.7549633979797363
of 0 970 2 0.18955236673355103 1.2092421054840088 1.3971717357635498
<unk> 0 971 5 0.6901676654815674 2.881786823272705 0
, 0 972 1 2.623913288116455 4.968703746795654 0
resulting 0 973 9 9.615489959716797 5.633323669433594 0
in 0 974 2 0.07525960355997086 0.45196354389190674 5.181360125541687
the 0 975 3 2.0596725940704346 4.484852313995361 0
current 0 976 7 6.307688236236572 7.60412073135376 0
highway 0 977 7 4.703213691711426 5.2015485763549805 2.4025721549987793
routing 0 978 7 7.5645952224731445 6.289266586303711 0
. 0 979 1 3.324862241744995 6.222347259521484 0.06691932678222656
<eos> 0 980 5 0.055664561688899994 0.24505765736103058 5.977289602160454
= 0 981 1 3.8221521377563477 6.0830979347229 0
= 0 982 1 0.11632079631090164 0.7862698435783386 5.296828091144562
<unk> 0 983 5 5.5372209548950195 5.753598690032959 0
intersections 0 984 13 14.258498191833496 6.991835117340088 0
= 0 985 1 0.03935518115758896 0.28307774662971497 6.708757370710373
= 0 986 1 2.201361166953575e-05 0.00030781610985286534 0.2827699305198621
<eos> 0 987 5 15.923704147338867 3.294752836227417 0
=========================================================================================
| End of testing | test loss  3.06 | test ppl    21.26
=========================================================================================
