word sentid sentpos wlen surp entropy entred
<unk> 0 0 5 2.1717803478240967 6.414806365966797 0
<unk> 0 1 5 2.119947671890259 6.545527458190918 0
who 0 2 3 9.034400939941406 5.667181491851807 0.8783459663391113
won 0 3 3 7.578627586364746 7.773732662200928 0
the 0 4 3 0.9981281161308289 3.9999983310699463 3.7737343311309814
<unk> 0 5 5 1.8008825778961182 6.940033912658691 0
<unk> 0 6 5 1.7670859098434448 6.519426345825195 0.4206075668334961
beauty 0 7 6 15.450712203979492 6.177497863769531 0.34192848205566406
pageant 0 8 7 4.557724475860596 4.201074600219727 1.9764232635498047
in 0 9 2 2.3046858310699463 4.551477432250977 0
<unk> 0 10 5 0.3699030876159668 1.9718873500823975 2.579590082168579
<unk> 0 11 5 3.315741539001465 3.1168110370635986 0
<eos> 0 12 5 7.549771308898926 3.2658724784851074 0
<unk> 0 13 5 3.190795421600342 3.1808321475982666 0.08504033088684082
<unk> 0 14 5 3.423893928527832 5.572085380554199 0
- 0 15 1 11.40354061126709 5.652264595031738 0
one 0 16 3 7.779566287994385 5.499596118927002 0.15266847610473633
of 0 17 2 0.47662025690078735 2.974836826324463 2.524759292602539
the 0 18 3 0.5564533472061157 2.29610538482666 0.6787314414978027
victims 0 19 7 9.855201721191406 6.2495436668396 0
of 0 20 2 0.8875157833099365 3.4996371269226074 2.749906539916992
the 0 21 3 0.9339152574539185 3.9317703247070312 0
<unk> 0 22 5 1.6743611097335815 8.040131568908691 0
civil 0 23 5 6.961589336395264 8.436639785766602 0
rights 0 24 6 7.044059753417969 0.5887151956558228 7.847924590110779
workers 0 25 7 16.002737045288086 5.2016801834106445 0
murders 0 26 7 12.990656852722168 4.271564960479736 0.9301152229309082
in 0 27 2 3.355114698410034 4.933432102203369 0
<unk> 0 28 5 0.42539700865745544 1.9953120946884155 2.9381200075149536
<unk> 0 29 5 3.325819730758667 3.1666676998138428 0
<eos> 0 30 5 7.8367815017700195 3.1410698890686035 0.025597810745239258
<unk> 0 31 5 1.7558274269104004 4.381006240844727 0
and 0 32 3 3.670581817626953 4.963207244873047 0
<unk> 0 33 5 0.9380813837051392 4.817442417144775 0.14576482772827148
<unk> 0 34 5 1.1211837530136108 4.835549831390381 0
, 0 35 1 2.9065535068511963 4.764503002166748 0.07104682922363281
known 0 36 5 9.772149085998535 6.20949125289917 0
as 0 37 2 0.529211163520813 2.0266664028167725 4.1828248500823975
" 0 38 1 3.2029898166656494 3.4498729705810547 0
<unk> 0 39 5 1.5001881122589111 6.248698711395264 0
<unk> 0 40 5 1.354344129562378 4.693397521972656 1.5553011894226074
<unk> 0 41 5 1.953377604484558 3.1339282989501953 1.559469223022461
" 0 42 1 0.6442538499832153 2.7665443420410156 0.3673839569091797
- 0 43 1 12.084370613098145 2.9878809452056885 0
holders 0 44 7 17.191070556640625 7.276752471923828 0
of 0 45 2 0.29243382811546326 1.867426872253418 5.40932559967041
the 0 46 3 1.2276203632354736 4.910289287567139 0
world 0 47 5 9.360413551330566 7.9783549308776855 0
flight 0 48 6 16.819902420043945 6.590980529785156 1.3873744010925293
endurance 0 49 9 14.084149360656738 7.169057369232178 0
record 0 50 6 7.860278606414795 7.629089832305908 0
- 0 51 1 11.154314994812012 5.099945068359375 2.529144763946533
are 0 52 3 6.8256516456604 6.1764817237854 0
<unk> 0 53 5 3.7375144958496094 8.14675235748291 0
natives 0 54 7 14.308265686035156 5.647868633270264 2.4988837242126465
. 0 55 1 2.4358012676239014 4.597155570983887 1.050713062286377
<eos> 0 56 5 0.058229103684425354 0.25405386090278625 4.3431017100811005
<unk> 0 57 5 2.6885151863098145 6.0899457931518555 0
<unk> 0 58 5 2.4058516025543213 7.4549994468688965 0
is 0 59 2 5.249189853668213 6.294159889221191 1.160839557647705
also 0 60 4 4.054551601409912 6.582724094390869 0
a 0 61 1 3.0369577407836914 6.897578239440918 0
former 0 62 6 7.174292087554932 9.291101455688477 0
mayor 0 63 5 8.295343399047852 8.012752532958984 1.2783489227294922
of 0 64 2 0.7476181983947754 2.7238922119140625 5.288860321044922
the 0 65 3 2.2478930950164795 1.8825753927230835 0.841316819190979
city 0 66 4 2.4108471870422363 5.83624792098999 0
. 0 67 1 2.231198310852051 3.556128740310669 2.2801191806793213
<eos> 0 68 5 0.0593794509768486 0.2582121789455414 3.2979165613651276
<unk> 0 69 5 2.677412271499634 6.091611862182617 0
<unk> 0 70 5 2.4079883098602295 7.450237274169922 0
, 0 71 1 2.828545093536377 6.295497417449951 1.1547398567199707
leader 0 72 6 9.441099166870117 5.752511978149414 0.5429854393005371
of 0 73 2 0.04122365638613701 0.3061400055885315 5.446371972560883
the 0 74 3 0.4583708345890045 2.3158023357391357 0
<unk> 0 75 5 0.9616595506668091 5.870461463928223 0
<unk> 0 76 5 2.279911994934082 7.613405704498291 0
<unk> 0 77 5 1.8853907585144043 6.746459007263184 0.8669466972351074
, 0 78 1 2.7345447540283203 7.78735876083374 0
<eos> 0 79 5 18.026697158813477 7.899810314178467 0
= 0 80 1 10.17569637298584 5.187018394470215 2.712791919708252
= 0 81 1 0.211772620677948 1.1238086223602295 4.063209772109985
<unk> 0 82 5 5.631796360015869 5.061884880065918 0
popular 0 83 7 14.104353904724121 7.078709602355957 0
culture 0 84 7 1.733082890510559 7.23431396484375 0
= 0 85 1 0.15791863203048706 0.9701244831085205 6.2641894817352295
= 0 86 1 0.00016234249051194638 0.0023921860847622156 0.9677322970237583
<eos> 0 87 5 23.210166931152344 5.157259464263916 0
= 0 88 1 3.1775500774383545 5.905343532562256 0
= 0 89 1 0.3088575303554535 1.5552886724472046 4.350054860115051
= 0 90 1 1.0804637670516968 5.615345001220703 0
<unk> 0 91 5 2.2124714851379395 8.611270904541016 0
characters 0 92 10 12.502607345581055 6.2053422927856445 2.405928611755371
= 0 93 1 0.20114262402057648 1.18389093875885 5.021451354026794
= 0 94 1 2.4765289708739147e-05 0.00040066393557935953 1.1834902748232707
= 0 95 1 3.852359805023298e-05 0.0006289753946475685 0
<eos> 0 96 5 23.122751235961914 5.405110836029053 0
<unk> 0 97 5 2.1602671146392822 5.956725120544434 0
<unk> 0 98 5 1.4745723009109497 6.042672157287598 0
, 0 99 1 3.09045672416687 6.050748825073242 0
the 0 100 3 3.2891626358032227 5.417993545532227 0.6327552795410156
protagonist 0 101 11 6.464331150054932 8.32924747467041 0
of 0 102 2 0.338291198015213 1.7152992486953735 6.613948225975037
the 0 103 3 0.7097971439361572 2.951052665710449 0
<unk> 0 104 5 1.6489132642745972 6.429413318634033 0
series 0 105 6 3.6975114345550537 6.871952056884766 0
<unk> 0 106 5 4.000118255615234 3.4281790256500244 3.443773031234741
on 0 107 2 10.007086753845215 4.455273628234863 0
<unk> 0 108 5 1.7069745063781738 3.444140672683716 1.0111329555511475
, 0 109 1 1.3356105089187622 4.252078533172607 0
hails 0 110 5 15.521764755249023 6.70754337310791 0
from 0 111 4 3.7433056831359863 4.192389488220215 2.5151538848876953
<unk> 0 112 5 2.0489447116851807 4.306164741516113 0
, 0 113 1 3.1286630630493164 5.2742695808410645 0
<unk> 0 114 5 2.1773223876953125 5.504793643951416 0
, 0 115 1 1.4143564701080322 3.531639575958252 1.973154067993164
where 0 116 5 8.758639335632324 3.4862706661224365 0.04536890983581543
he 0 117 2 1.8619489669799805 3.9415199756622314 0
was 0 118 3 4.669447422027588 7.2461018562316895 0
a 0 119 1 4.197178840637207 8.893256187438965 0
tobacco 0 120 7 16.31621742248535 9.102948188781738 0
farmer 0 121 6 6.181157112121582 7.508556365966797 1.5943918228149414
and 0 122 3 2.781372308731079 3.588409662246704 3.9201467037200928
later 0 123 5 7.226701259613037 8.208234786987305 0
a 0 124 1 4.234097480773926 8.435591697692871 0
<unk> 0 125 5 3.87420916557312 9.341388702392578 0
soldier 0 126 7 7.658604621887207 6.861485958099365 2.479902744293213
during 0 127 6 8.937003135681152 3.0166609287261963 3.844825029373169
the 0 128 3 0.884311318397522 3.0262889862060547 0
<unk> 0 129 5 2.009749412536621 7.6144890785217285 0
<unk> 0 130 5 2.846916675567627 6.65973424911499 0.9547548294067383
<unk> 0 131 5 1.8368091583251953 6.693665027618408 0
. 0 132 1 5.078954696655273 4.747031211853027 1.9466338157653809
<eos> 0 133 5 0.06586788594722748 0.2789139151573181 4.468117296695709
<unk> 0 134 5 2.6941990852355957 6.088268280029297 0
<unk> 0 135 5 2.41532301902771 7.462785243988037 0
, 0 136 1 2.8342769145965576 6.299670696258545 1.1631145477294922
one 0 137 3 6.624870777130127 5.742624282836914 0.5570464134216309
of 0 138 2 0.05467121675610542 0.5011835098266602 5.241440773010254
the 0 139 3 0.6225138902664185 2.346937417984009 0
characters 0 140 10 8.431280136108398 8.008625030517578 0
of 0 141 2 2.1758322715759277 5.185342788696289 2.823282241821289
the 0 142 3 1.2487839460372925 3.016115665435791 2.169227123260498
<unk> 0 143 5 1.8890657424926758 6.913573265075684 0
<unk> 0 144 5 2.3500425815582275 6.978893756866455 0
<unk> 0 145 5 2.0046229362487793 6.421482563018799 0.5574111938476562
winning 0 146 7 16.398996353149414 6.9681715965271 0
novel 0 147 5 7.930821895599365 8.10483169555664 0
<unk> 0 148 5 2.644761562347412 3.9861912727355957 4.118640422821045
<unk> 0 149 5 1.7227941751480103 4.459615707397461 0
a 0 150 1 9.960808753967285 3.3449528217315674 1.1146628856658936
<unk> 0 151 5 2.2368712425231934 8.9279203414917 0
( 0 152 1 5.120767116546631 6.672729969024658 2.255190372467041
<unk> 0 153 5 0.42388632893562317 3.130359411239624 3.542370557785034
) 0 154 1 0.21287333965301514 1.1252130270004272 2.0051463842391968
, 0 155 1 0.5311704874038696 3.0322420597076416 0
is 0 156 2 4.319279670715332 7.34751558303833 0
from 0 157 4 10.415155410766602 5.863323211669922 1.4841923713684082
<unk> 0 158 5 1.892664909362793 4.115329742431641 1.7479934692382812
, 0 159 1 2.6683835983276367 5.239116668701172 0
which 0 160 5 5.269498825073242 5.300825595855713 0
is 0 161 2 2.7755343914031982 6.8927459716796875 0
mentioned 0 162 9 8.155579566955566 7.1480255126953125 0
throughout 0 163 10 7.972182750701904 1.8278520107269287 5.320173501968384
when 0 164 4 12.360024452209473 2.970508098602295 0
referencing 0 165 11 15.895642280578613 5.388358116149902 0
<unk> 0 166 5 1.988662838935852 4.134759902954102 1.2535982131958008
's 0 167 2 1.5182710886001587 4.281070709228516 0
home 0 168 4 10.394147872924805 9.128971099853516 0
. 0 169 1 2.5161681175231934 6.731643199920654 2.3973278999328613
<eos> 0 170 5 0.06595052778720856 0.27808767557144165 6.453555524349213
=========================================================================================
| End of testing | test loss  3.29 | test ppl    26.91
=========================================================================================
