word sentid sentpos wlen surp entropy entred
= 0 0 1 5.583418369293213 6.484085559844971 0
<unk> 0 1 5 4.390162467956543 0.7552588582038879 5.728826701641083
<unk> 0 2 5 1.1133097410202026 5.448545932769775 0
<unk> 0 3 5 2.4918689727783203 3.1603407859802246 2.288205146789551
<unk> 0 4 5 2.0671887397766113 3.1421725749969482 0.018168210983276367
= 0 5 1 0.9124079942703247 2.440816879272461 0.7013556957244873
<eos> 0 6 5 18.50031852722168 1.456835389137268 0.9839814901351929
<unk> 0 7 5 0.09765313565731049 0.874729335308075 0.5821060538291931
<unk> 0 8 5 0.2703593373298645 1.9466530084609985 0
is 0 9 2 5.989717960357666 2.298586368560791 0
a 0 10 1 0.6721220016479492 1.688392996788025 0.6101933717727661
state 0 11 5 8.443180084228516 6.3529181480407715 0
highway 0 12 7 5.47714376449585 4.465587139129639 1.8873310089111328
in 0 13 2 0.7938389182090759 2.9600415229797363 1.5055456161499023
the 0 14 3 0.9876784682273865 2.300056219100952 0.6599853038787842
southern 0 15 8 6.670618057250977 3.067183494567871 0
part 0 16 4 2.0627379417419434 3.897684335708618 0
of 0 17 2 0.002495887689292431 0.027801575139164925 3.8698827605694532
the 0 18 3 1.2704564332962036 2.185126781463623 0
<unk> 0 19 5 1.9810805320739746 3.587506055831909 0
state 0 20 5 0.774199903011322 3.328533172607422 0.2589728832244873
of 0 21 2 0.1423383206129074 0.9414394497871399 2.387093722820282
<unk> 0 22 5 0.2450023591518402 1.3370414972305298 0
<unk> 0 23 5 6.576140403747559 2.4543323516845703 0
. 0 24 1 1.5448858737945557 3.6453959941864014 0
<eos> 0 25 5 4.402688500704244e-05 0.0004873165162280202 3.6449086776701733
<unk> 0 26 5 4.029740810394287 3.6149096488952637 0
runs 0 27 4 8.243585586547852 3.3570656776428223 0.2578439712524414
<unk> 0 28 5 5.4026713371276855 5.513591289520264 0
<unk> 0 29 5 1.3406447172164917 3.0894861221313477 2.424105167388916
<eos> 0 30 5 0.2137620747089386 0.704554557800293 2.3849315643310547
@ 0 31 1 0.0 2.407755118838395e-06 0.7045521500451741
<unk> 0 32 5 0.0001073131788871251 0.0015885886969044805 0
mi 0 33 2 3.3471455574035645 1.3916398286819458 0
( 0 34 1 0.004639503080397844 0.04505971446633339 1.3465801142156124
<unk> 0 35 5 0.0006301787798292935 0.007747444789856672 0.03731226967647672
<unk> 0 36 5 0.023926224559545517 0.1371365636587143 0
<eos> 0 37 5 0.0008421251550316811 0.00721756974235177 0.12991899391636252
@ 0 38 1 0.0 3.4396526871205424e-07 0.007217225777083058
<unk> 0 39 5 1.926192817336414e-05 0.0002785849792417139 0
km 0 40 2 0.0015245083486661315 0.014423900283873081 0
) 0 41 1 0.0003358430112712085 0.0037210292648524046 0.010702871019020677
from 0 42 4 1.6762806177139282 3.886279582977295 0
an 0 43 2 5.049875736236572 3.4562554359436035 0.4300241470336914
intersection 0 44 12 0.5332976579666138 2.2800941467285156 1.176161289215088
with 0 45 4 0.11895976215600967 0.7519548535346985 1.5281392931938171
<unk> 0 46 5 0.7201944589614868 3.0320992469787598 0
<unk> 0 47 5 0.879593551158905 2.6179935932159424 0.4141056537628174
<unk> 0 48 5 4.819662570953369 4.455936908721924 0
( 0 49 1 4.032345294952393 4.898733139038086 0
<unk> 0 50 5 0.8499438166618347 4.204506874084473 0.6942262649536133
<unk> 0 51 5 0.8822351694107056 3.369159698486328 0.8353471755981445
) 0 52 1 0.850593090057373 2.4919815063476562 0.8771781921386719
and 0 53 3 3.288410186767578 4.473650932312012 0
the 0 54 3 4.3385443687438965 3.9592370986938477 0.5144138336181641
<unk> 0 55 5 1.3643397092819214 5.234866619110107 0
<unk> 0 56 5 1.7823841571807861 5.563965797424316 0
<unk> 0 57 5 1.3455204963684082 4.499152660369873 1.0648131370544434
in 0 58 2 7.4410810470581055 4.80180025100708 0
<unk> 0 59 5 0.6575461626052856 2.8264877796173096 1.9753124713897705
<unk> 0 60 5 4.050918102264404 4.087118625640869 0
, 0 61 1 3.672333240509033 4.2149763107299805 0
<unk> 0 62 5 1.1346865892410278 4.446995735168457 0
<unk> 0 63 5 3.029693126678467 3.5530519485473633 0.8939437866210938
<unk> 0 64 5 2.376370906829834 3.576810836791992 0
to 0 65 2 5.9266486167907715 4.2079877853393555 0
an 0 66 2 6.168957233428955 2.7954280376434326 1.4125597476959229
intersection 0 67 12 0.5684645771980286 1.7057366371154785 1.089691400527954
with 0 68 4 0.07278585433959961 0.4730607271194458 1.2326759099960327
<unk> 0 69 5 0.7259896397590637 2.7739310264587402 0
<unk> 0 70 5 0.3631254732608795 1.4293707609176636 1.3445602655410767
and 0 71 3 3.9852919578552246 3.76591157913208 0
<unk> 0 72 5 0.8793293237686157 3.830836772918701 0
<unk> 0 73 5 0.17876559495925903 1.0413841009140015 2.7894526720046997
<unk> 0 74 5 5.511054515838623 3.3497655391693115 0
( 0 75 1 4.041691303253174 4.16919469833374 0
<unk> 0 76 5 0.8094604015350342 4.093990325927734 0.07520437240600586
<unk> 0 77 5 0.7799619436264038 3.232168436050415 0.8618218898773193
) 0 78 1 0.3908931612968445 1.6406450271606445 1.5915234088897705
in 0 79 2 3.2931017875671387 2.9848062992095947 0
<unk> 0 80 5 0.7943536043167114 2.8804209232330322 0.1043853759765625
<unk> 0 81 5 5.096569538116455 3.063011646270752 0
<unk> 0 82 5 3.9548168182373047 2.8027138710021973 0.2602977752685547
, 0 83 1 3.811397075653076 3.4109370708465576 0
<unk> 0 84 5 0.8669301271438599 3.7347187995910645 0
<unk> 0 85 5 2.899487257003784 2.752326726913452 0.9823920726776123
. 0 86 1 1.4124425649642944 3.466073989868164 0
<eos> 0 87 5 1.1006847671524156e-05 0.0001367197255603969 3.4659372701426037
<unk> 0 88 5 2.5311732292175293 4.409764289855957 0
route 0 89 5 5.783794403076172 0.9337702393531799 3.475994050502777
, 0 90 1 11.81016731262207 0.15443478524684906 0.7793354541063309
which 0 91 5 3.6659767627716064 6.4849958419799805 0
is 0 92 2 2.4921083450317383 5.279331207275391 1.2056646347045898
mostly 0 93 6 7.268182277679443 5.819578647613525 0
a 0 94 1 3.6998612880706787 6.81370210647583 0
two 0 95 3 4.660804271697998 6.603328704833984 0.2103734016418457
<unk> 0 96 5 0.016350600868463516 0.15426680445671082 6.449061900377274
lane 0 97 4 0.04433858394622803 0.3391561210155487 0
undivided 0 98 9 2.7942779064178467 4.392481803894043 0
road 0 99 4 1.4381272792816162 2.409226179122925 1.9832556247711182
, 0 100 1 0.44651922583580017 2.383432149887085 0.025794029235839844
passes 0 101 6 4.110330581665039 4.763980865478516 0
through 0 102 7 1.438011646270752 4.531479835510254 0.23250102996826172
mostly 0 103 6 7.401808738708496 4.943935871124268 0
rural 0 104 5 1.5211632251739502 3.447143316268921 1.4967925548553467
areas 0 105 5 0.577908456325531 2.830120325088501 0.6170229911804199
of 0 106 2 1.9613643884658813 4.013640880584717 0
<unk> 0 107 5 1.0513341426849365 3.8174703121185303 0.19617056846618652
and 0 108 3 1.6311136484146118 3.2308695316314697 0.5866007804870605
<unk> 0 109 5 0.6694638133049011 3.5648293495178223 0
<unk> 0 110 5 5.307612895965576 3.6521542072296143 0
counties 0 111 8 6.772377014160156 4.104713439941406 0
as 0 112 2 5.357760429382324 2.8738818168640137 1.2308316230773926
well 0 113 4 2.368781805038452 3.916489362716675 0
as 0 114 2 0.10827478766441345 0.4642965793609619 3.452192783355713
the 0 115 3 2.5946872234344482 6.635268211364746 0
communities 0 116 11 7.444721698760986 6.2242302894592285 0.4110379219055176
of 0 117 2 0.23821929097175598 1.5053366422653198 4.718893647193909
<unk> 0 118 5 0.5828009843826294 2.587235450744629 0
, 0 119 1 1.901671290397644 2.2077789306640625 0.3794565200805664
<unk> 0 120 5 0.11963394284248352 0.9449016451835632 1.2628772854804993
<unk> 0 121 5 6.918039321899414 1.0749245882034302 0
, 0 122 1 0.5253589153289795 1.6046128273010254 0
<unk> 0 123 5 0.910291850566864 1.8707304000854492 0
<unk> 0 124 5 1.7398672103881836 2.6339199542999268 0
, 0 125 1 0.4606301188468933 1.2398768663406372 1.3940430879592896
and 0 126 3 1.5312068462371826 1.7153654098510742 0
<unk> 0 127 5 0.2671784460544586 1.7546441555023193 0
<unk> 0 128 5 1.0509488582611084 2.8222134113311768 0
. 0 129 1 0.5531320571899414 2.2235028743743896 0.5987105369567871
<eos> 0 130 5 2.201361166953575e-05 0.00024918135022744536 2.223253693024162
<unk> 0 131 5 2.9545767307281494 4.844777584075928 0
<unk> 0 132 5 0.1838316172361374 1.184373378753662 3.6604042053222656
intersects 0 133 10 3.581911563873291 4.939173698425293 0
several 0 134 7 7.646673202514648 3.637406587600708 1.301767110824585
roads 0 135 5 4.091104030609131 5.948429107666016 0
, 0 136 1 2.4817728996276855 4.224165439605713 1.7242636680603027
including 0 137 9 0.8117361664772034 3.9983386993408203 0.22582674026489258
<unk> 0 138 5 1.226365566253662 4.6602277755737305 0
<unk> 0 139 5 1.5801050662994385 3.855038642883301 0.8051891326904297
in 0 140 2 5.171185493469238 3.163318157196045 0.6917204856872559
<unk> 0 141 5 0.8622329831123352 3.150939464569092 0.012378692626953125
, 0 142 1 1.5976885557174683 3.4260671138763428 0
<unk> 0 143 5 0.7278084754943848 3.16970157623291 0.2563655376434326
<unk> 0 144 5 2.5574920177459717 4.346937656402588 0
in 0 145 2 4.0570268630981445 3.9069409370422363 0.43999671936035156
<unk> 0 146 5 0.7291844487190247 2.8529043197631836 1.0540366172790527
<unk> 0 147 5 5.618505477905273 2.6912810802459717 0.16162323951721191
, 0 148 1 0.8132303357124329 2.4446539878845215 0.2466270923614502
and 0 149 3 0.8271071910858154 2.7916457653045654 0
<unk> 0 150 5 0.7188379168510437 3.4010918140411377 0
<unk> 0 151 5 0.45746004581451416 2.5498666763305664 0.8512251377105713
and 0 152 3 5.873403072357178 4.237087249755859 0
the 0 153 3 3.6094508171081543 4.09910249710083 0.1379847526550293
<unk> 0 154 5 1.594488263130188 5.679866790771484 0
<unk> 0 155 5 1.8307099342346191 5.8081135749816895 0
<unk> 0 156 5 1.7426121234893799 5.817527770996094 0
in 0 157 2 6.280287742614746 6.475538730621338 0
<unk> 0 158 5 0.7024129629135132 3.018416404724121 3.457122325897217
<unk> 0 159 5 4.4525604248046875 3.716653823852539 0
. 0 160 1 0.9524399042129517 3.5097594261169434 0.2068943977355957
<eos> 0 161 5 1.1006847671524156e-05 0.00016217051597777754 3.5095972556009656
<unk> 0 162 5 2.917703628540039 4.873083591461182 0
portion 0 163 7 15.451301574707031 1.0909957885742188 3.782087802886963
of 0 164 2 0.26078346371650696 1.6882734298706055 0
current 0 165 7 12.695089340209961 3.0015130043029785 0
<unk> 0 166 5 0.7599762678146362 2.9921810626983643 0.009331941604614258
<unk> 0 167 5 0.39841923117637634 1.7971644401550293 1.195016622543335
between 0 168 7 6.253173828125 5.091704845428467 0
<unk> 0 169 5 0.5698872208595276 2.5425095558166504 2.5491952896118164
and 0 170 3 0.35251495242118835 1.6953904628753662 0.8471190929412842
<unk> 0 171 5 0.2468487173318863 1.5834152698516846 0.11197519302368164
received 0 172 8 12.977449417114258 4.4818949699401855 0
funding 0 173 7 10.334327697753906 5.833250522613525 0
in 0 174 2 4.271632194519043 3.6580517292022705 2.175198793411255
<unk> 0 175 5 0.9200136065483093 2.7600479125976562 0.8980038166046143
to 0 176 2 4.95039701461792 3.6190268993377686 0
become 0 177 6 6.707657814025879 7.689136505126953 0
a 0 178 1 2.153536558151245 4.345846176147461 3.343290328979492
spur 0 179 4 6.632320880889893 7.059877395629883 0
of 0 180 2 2.1260414123535156 3.3044216632843018 3.755455732345581
the 0 181 3 2.0838863849639893 4.26997709274292 0
<unk> 0 182 5 1.6668957471847534 5.722230911254883 0
<unk> 0 183 5 2.10012149810791 5.8012919425964355 0
. 0 184 1 4.643914222717285 6.071686744689941 0
<eos> 0 185 5 1.651023922022432e-05 0.00020945965661667287 6.071477285033325
<unk> 0 186 5 3.015369176864624 4.59075927734375 0
<unk> 0 187 5 0.18652822077274323 1.3613494634628296 3.2294098138809204
, 0 188 1 4.355528354644775 4.120764255523682 0
what 0 189 4 12.462011337280273 5.052041053771973 0
is 0 190 2 1.1653296947479248 4.117233753204346 0.934807300567627
now 0 191 3 0.1494322270154953 0.9290550351142883 3.1881787180900574
<unk> 0 192 5 0.8860023021697998 3.6184022426605225 0
<unk> 0 193 5 0.23869264125823975 1.3298412561416626 2.28856098651886
was 0 194 3 7.899669647216797 3.2582969665527344 0
designated 0 195 10 3.3077657222747803 6.572163105010986 0
a 0 196 1 6.353118896484375 3.089754581451416 3.4824085235595703
part 0 197 4 4.244325637817383 6.7243123054504395 0
of 0 198 2 0.13198629021644592 0.7516632676124573 5.972649037837982
pre 0 199 3 10.658574104309082 3.177394390106201 0
<unk> 0 200 5 0.0018849018961191177 0.02017679437994957 3.1572175957262516
<unk> 0 201 5 0.4084877073764801 2.248056650161743 0
<unk> 0 202 5 2.4392313957214355 2.487968683242798 0
<unk> 0 203 5 0.9837985634803772 3.2036502361297607 0
, 0 204 1 1.88404381275177 3.61763334274292 0
a 0 205 1 4.520305633544922 5.708128452301025 0
route 0 206 5 3.903226137161255 6.645778179168701 0
that 0 207 4 1.8754942417144775 4.885185718536377 1.7605924606323242
was 0 208 3 1.7872684001922607 5.521164894104004 0
to 0 209 2 6.098642349243164 7.112579345703125 0
run 0 210 3 2.4572770595550537 3.37060809135437 3.741971254348755
from 0 211 4 1.1487505435943604 3.7022058963775635 0
<unk> 0 212 5 0.8138713836669922 3.1624245643615723 0.5397813320159912
<unk> 0 213 5 2.0361344814300537 3.8009133338928223 0
to 0 214 2 1.0576024055480957 3.507511615753174 0.29340171813964844
<unk> 0 215 5 0.636192798614502 2.8437952995300293 0.6637163162231445
<unk> 0 216 5 1.1826738119125366 3.611077308654785 0
<unk> 0 217 5 5.777774810791016 3.5364654064178467 0.07461190223693848
. 0 218 1 1.3922615051269531 3.962826728820801 0
<eos> 0 219 5 1.1006847671524156e-05 0.00013981512165628374 3.9626869136991445
<unk> 0 220 5 3.325387716293335 4.303907871246338 0
<unk> 0 221 5 0.20000341534614563 1.4444231986999512 2.8594846725463867
was 0 222 3 0.8290252089500427 3.415520429611206 0
designated 0 223 10 3.6487109661102295 5.6534342765808105 0
onto 0 224 4 6.388519763946533 3.965686798095703 1.6877474784851074
its 0 225 3 4.983940124511719 3.648973226547241 0.3167135715484619
current 0 226 7 0.5856298208236694 2.867659568786621 0.7813136577606201
alignment 0 227 9 0.20898236334323883 1.098390817642212 1.7692687511444092
in 0 228 2 1.9298186302185059 3.816680908203125 0
<unk> 0 229 5 0.1471841186285019 0.8054481148719788 3.0112327933311462
, 0 230 1 1.9701341390609741 3.445265531539917 0
replacing 0 231 9 4.765869140625 5.428697109222412 0
this 0 232 4 9.095621109008789 3.731854200363159 1.696842908859253
portion 0 233 7 3.049576997756958 5.1893510818481445 0
of 0 234 2 0.11313709616661072 0.7151882648468018 4.474162817001343
pre 0 235 3 10.021964073181152 3.5462210178375244 0
<unk> 0 236 5 0.0029332758858799934 0.02989867888391018 3.5163223389536142
<unk> 0 237 5 0.35790833830833435 1.8923118114471436 0
<unk> 0 238 5 3.0710983276367188 1.8251240253448486 0.06718778610229492
<unk> 0 239 5 0.9132086634635925 3.0229287147521973 0
. 0 240 1 1.4460713863372803 3.580705165863037 0
<eos> 0 241 5 1.1006847671524156e-05 0.0001678452972555533 3.5805373205657816
<unk> 0 242 5 3.3324294090270996 4.389745235443115 0
<unk> 0 243 5 0.18046888709068298 1.3259245157241821 3.063820719718933
, 0 244 1 5.322645664215088 2.751718282699585 0
a 0 245 1 2.415156602859497 5.189766883850098 0
freeway 0 246 7 8.608807563781738 5.422676086425781 0
was 0 247 3 7.19054651260376 5.787503242492676 0
proposed 0 248 8 6.4252471923828125 5.916013240814209 0
for 0 249 3 5.324880123138428 4.256442546844482 1.6595706939697266
<unk> 0 250 5 2.4181103706359863 4.5794572830200195 0
<unk> 0 251 5 0.31711116433143616 1.893028974533081 2.6864283084869385
, 0 252 1 1.7459349632263184 4.127914905548096 0
running 0 253 7 10.34733772277832 5.218103408813477 0
from 0 254 4 2.96895432472229 5.105220317840576 0.11288309097290039
the 0 255 3 2.326791763305664 3.0996451377868652 2.005575180053711
<unk> 0 256 5 1.8091281652450562 5.816138744354248 0
<unk> 0 257 5 3.238009452819824 5.878807067871094 0
<unk> 0 258 5 3.098367929458618 6.300443172454834 0
in 0 259 2 7.034224033355713 6.143331527709961 0.15711164474487305
<unk> 0 260 5 0.3306993246078491 1.7684972286224365 4.374834299087524
<unk> 0 261 5 5.58411169052124 2.994333505630493 0
to 0 262 2 0.7122091054916382 2.99867844581604 0
<unk> 0 263 5 1.1592098474502563 3.6118392944335938 0
<unk> 0 264 5 0.5919836163520813 2.8111884593963623 0.8006508350372314
in 0 265 2 2.6862781047821045 4.414987087249756 0
<unk> 0 266 5 0.49360397458076477 2.261789560317993 2.1531975269317627
<unk> 0 267 5 5.206821441650391 3.386761426925659 0
. 0 268 1 0.912438154220581 3.1099355220794678 0.2768259048461914
<eos> 0 269 5 1.651023922022432e-05 0.00020928769663441926 3.1097262343828334
<unk> 0 270 5 3.408074140548706 4.561842918395996 0
proposal 0 271 8 16.613178253173828 1.2985045909881592 3.263338327407837
was 0 272 3 0.7257614135742188 3.602607250213623 0
canceled 0 273 8 8.03464412689209 6.688800811767578 0
by 0 274 2 3.512328863143921 4.379692077636719 2.3091087341308594
the 0 275 3 1.958929181098938 2.9209718704223633 1.4587202072143555
mid 0 276 3 3.849332094192505 4.92345666885376 0
<unk> 0 277 5 0.0441155843436718 0.37801486253738403 4.545441806316376
1970s 0 278 5 2.6120779514312744 3.2786221504211426 0
due 0 279 3 5.282601356506348 3.978344678878784 0
to 0 280 2 0.008799944072961807 0.082034170627594 3.89631050825119
financial 0 281 9 6.434406280517578 6.684802055358887 0
and 0 282 3 10.932476043701172 2.4325432777404785 4.252258777618408
environmental 0 283 13 2.931993246078491 5.483762264251709 0
concerns 0 284 8 1.5437079668045044 3.409207344055176 2.074554920196533
as 0 285 2 7.253222465515137 3.2887609004974365 0.12044644355773926
well 0 286 4 3.922764778137207 5.215971946716309 0
as 0 287 2 1.120011568069458 1.702026605606079 3.5139453411102295
lack 0 288 4 9.530670166015625 7.033478260040283 0
of 0 289 2 0.009254052303731441 0.0867408961057663 6.946737363934517
traffic 0 290 7 6.984059810638428 7.3696370124816895 0
. 0 291 1 1.3599947690963745 4.48062801361084 2.8890089988708496
<eos> 0 292 5 6.053662218619138e-05 0.0006929236697033048 4.4799350899411365
<unk> 0 293 5 3.980992555618286 4.868819236755371 0
interchange 0 294 11 15.27245807647705 4.304748058319092 0.5640711784362793
between 0 295 7 5.181328296661377 5.630125999450684 0
<unk> 0 296 5 1.0017646551132202 3.1489460468292236 2.48117995262146
<unk> 0 297 5 1.8774946928024292 3.117783784866333 0.031162261962890625
and 0 298 3 0.20721305906772614 1.3183844089508057 1.7993993759155273
the 0 299 3 3.310119867324829 2.337733745574951 0
<unk> 0 300 5 1.1119105815887451 4.993250846862793 0
<unk> 0 301 5 2.3393397331237793 6.735422611236572 0
<unk> 0 302 5 2.694098711013794 6.66347074508667 0.07195186614990234
was 0 303 3 4.366284370422363 6.783332824707031 0
reconstructed 0 304 13 7.307875633239746 7.350644588470459 0
into 0 305 4 5.981856346130371 4.440389633178711 2.910254955291748
a 0 306 1 1.3074547052383423 3.7965848445892334 0.6438047885894775
full 0 307 4 6.46542501449585 6.986146926879883 0
interchange 0 308 11 4.5896735191345215 3.875481367111206 3.1106655597686768
, 0 309 1 3.6995255947113037 3.1099727153778076 0.7655086517333984
with 0 310 4 3.433995485305786 5.85324239730835 0
completion 0 311 10 10.089143753051758 4.89612340927124 0.9571189880371094
in 0 312 2 3.4915354251861572 6.0306806564331055 0
<unk> 0 313 5 0.24584990739822388 1.4020417928695679 4.628638863563538
<unk> 0 314 5 3.022282838821411 3.612287759780884 0
. 0 315 1 0.6663597822189331 2.661282539367676 0.951005220413208
<eos> 0 316 5 1.651023922022432e-05 0.0002055046206805855 2.661077034746995
= 0 317 1 2.6683506965637207 4.600714206695557 0
= 0 318 1 0.04272594302892685 0.28300580382347107 4.317708402872086
<unk> 0 319 5 5.4275922775268555 3.1293954849243164 0
description 0 320 11 6.760368347167969 3.8259034156799316 0
= 0 321 1 0.06461318582296371 0.3651479482650757 3.460755467414856
= 0 322 1 0.0 1.8058064597425982e-05 0.36512989020047826
<eos> 0 323 5 22.38941192626953 4.290134429931641 0
<unk> 0 324 5 0.674540638923645 3.299474000930786 0.9906604290008545
<unk> 0 325 5 0.3431701362133026 2.1089930534362793 1.1904809474945068
begins 0 326 6 3.6780154705047607 3.8570265769958496 0
at 0 327 2 1.0908489227294922 3.2026238441467285 0.6544027328491211
an 0 328 2 1.7048873901367188 2.719742774963379 0.4828810691833496
intersection 0 329 12 0.35982903838157654 1.15323007106781 1.5665127038955688
with 0 330 4 0.027090664952993393 0.20136207342147827 0.9518679976463318
<unk> 0 331 5 0.7646019458770752 3.0036487579345703 0
<unk> 0 332 5 0.14236855506896973 0.8917884230613708 2.1118603348731995
in 0 333 2 2.0523087978363037 3.944455146789551 0
the 0 334 3 2.1137025356292725 3.0785861015319824 0.8658690452575684
<unk> 0 335 5 2.547189712524414 4.687227249145508 0
section 0 336 7 10.739538192749023 5.656339168548584 0
of 0 337 2 0.10562481731176376 0.715753436088562 4.940585732460022
<unk> 0 338 5 0.8418757319450378 2.8425486087799072 0
<unk> 0 339 5 1.484325885772705 4.001664638519287 0
, 0 340 1 2.112447738647461 3.577402114868164 0.42426252365112305
<unk> 0 341 5 3.0200374126434326 5.410512924194336 0
<unk> 0 342 5 1.392913579940796 3.4086079597473145 2.0019049644470215
<unk> 0 343 5 4.065309524536133 3.4438488483428955 0
, 0 344 1 1.9561994075775146 3.5101938247680664 0
heading 0 345 7 9.959128379821777 4.575815677642822 0
to 0 346 2 3.4131815433502197 4.080642223358154 0.49517345428466797
the 0 347 3 0.5848290324211121 2.2529609203338623 1.827681303024292
north 0 348 5 2.4969570636749268 3.676967144012451 0
on 0 349 2 5.206589221954346 4.205589294433594 0
a 0 350 1 3.193999767303467 4.09992790222168 0.10566139221191406
two 0 351 3 4.260395526885986 7.8111066818237305 0
<unk> 0 352 5 0.056448858231306076 0.3680565357208252 7.443050146102905
lane 0 353 4 0.08490163087844849 0.39414915442466736 0
undivided 0 354 9 1.931395411491394 3.7707104682922363 0
road 0 355 4 0.9625772833824158 3.1152572631835938 0.6554532051086426
. 0 356 1 1.0360015630722046 3.708911895751953 0
<eos> 0 357 5 3.302028926555067e-05 0.000424046884290874 3.7084878488676623
<unk> 0 358 5 2.838632822036743 4.594444274902344 0
the 0 359 3 13.941579818725586 0.832991361618042 3.7614529132843018
southern 0 360 8 5.699078559875488 5.973711967468262 0
terminus 0 361 8 1.487808108329773 4.461882591247559 1.5118293762207031
, 0 362 1 6.0162529945373535 2.7464065551757812 1.7154760360717773
a 0 363 1 5.457657337188721 5.889614582061768 0
ramp 0 364 4 10.396203994750977 6.9601545333862305 0
provides 0 365 8 11.177652359008789 4.8740339279174805 2.08612060546875
access 0 366 6 0.36805665493011475 2.31980037689209 2.5542335510253906
to 0 367 2 0.22302699089050293 1.2687278985977173 1.0510724782943726
and 0 368 3 9.252582550048828 4.023505687713623 0
from 0 369 4 2.1340363025665283 6.073884963989258 0
the 0 370 3 1.6923946142196655 4.1009392738342285 1.9729456901550293
southbound 0 371 10 5.683585166931152 6.56383752822876 0
<unk> 0 372 5 3.3496482372283936 4.6861491203308105 1.8776884078979492
<unk> 0 373 5 1.7639504671096802 6.00588321685791 0
<unk> 0 374 5 3.101736068725586 6.735415935516357 0
. 0 375 1 4.150040626525879 6.841316223144531 0
<eos> 0 376 5 4.9530153773957863e-05 0.000574135803617537 6.840742087340914
<unk> 0 377 5 2.9518165588378906 5.053959369659424 0
road 0 378 4 6.819146156311035 1.3614779710769653 3.6924813985824585
heads 0 379 5 4.4671502113342285 5.5812602043151855 0
north 0 380 5 2.4582622051239014 4.5887322425842285 0.992527961730957
through 0 381 7 2.490473985671997 4.4916887283325195 0.09704351425170898
mostly 0 382 6 10.171887397766113 5.106701374053955 0
rural 0 383 5 1.6828240156173706 3.2983906269073486 1.8083107471466064
wooded 0 384 6 11.922065734863281 2.7387795448303223 0.5596110820770264
areas 0 385 5 0.27385419607162476 1.537578821182251 1.2012007236480713
with 0 386 4 4.256009101867676 4.059027671813965 0
some 0 387 4 3.6631712913513184 6.3033857345581055 0
buildings 0 388 9 8.291501998901367 6.4209136962890625 0
. 0 389 1 3.49729323387146 4.483231544494629 1.9376821517944336
<eos> 0 390 5 5.503339707502164e-05 0.0006478851428255439 4.482583659351803
<unk> 0 391 5 3.0666239261627197 5.061418533325195 0
intersects 0 392 10 11.485136032104492 1.3058515787124634 3.755566954612732
<unk> 0 393 5 2.2133395671844482 4.39479398727417 0
<unk> 0 394 5 0.5320978760719299 2.4374144077301025 1.9573795795440674
in 0 395 2 4.084984302520752 4.1073784828186035 0
<unk> 0 396 5 1.156017780303955 3.5190892219543457 0.5882892608642578
before 0 397 6 7.724981784820557 4.175220966339111 0
coming 0 398 6 4.556805610656738 5.444474220275879 0
to 0 399 2 0.7624197602272034 2.867927074432373 2.576547145843506
a 0 400 1 1.5463027954101562 3.331423044204712 0
junction 0 401 8 2.3583168983459473 6.7202324867248535 0
with 0 402 4 0.21150855720043182 1.20992112159729 5.5103113651275635
<unk> 0 403 5 1.1716338396072388 3.529935359954834 0
<unk> 0 404 5 0.17409318685531616 1.034715175628662 2.495220184326172
. 0 405 1 1.9723355770111084 4.041613578796387 0
<eos> 0 406 5 2.201361166953575e-05 0.00028391540399752557 4.041329663392389
<unk> 0 407 5 2.9042861461639404 4.894313335418701 0
, 0 408 1 8.154309272766113 0.7437838315963745 4.150529503822327
<unk> 0 409 5 1.6904780864715576 5.277373790740967 0
<unk> 0 410 5 2.437500476837158 3.2487761974334717 2.028597593307495
<unk> 0 411 5 4.2703776359558105 4.760714530944824 0
<unk> 0 412 5 3.5270562171936035 5.070539951324463 0
<unk> 0 413 5 1.988655924797058 5.0351128578186035 0.035427093505859375
in 0 414 2 7.434742450714111 5.081764221191406 0
an 0 415 2 6.127695083618164 3.3686089515686035 1.7131552696228027
area 0 416 4 4.460635662078857 4.597921848297119 0
of 0 417 2 0.3560948669910431 2.0450799465179443 2.552841901779175
marshland 0 418 9 10.318888664245605 5.273519039154053 0
. 0 419 1 4.767012596130371 4.381997585296631 0.8915214538574219
<eos> 0 420 5 4.402688500704244e-05 0.0005332196597009897 4.38146436563693
<unk> 0 421 5 2.8144795894622803 4.988264560699463 0
this 0 422 4 14.96306037902832 1.002608299255371 3.985656261444092
crossing 0 423 8 9.317414283752441 7.15117073059082 0
, 0 424 1 3.213256359100342 6.47242546081543 0.6787452697753906
the 0 425 3 2.788412570953369 5.9840521812438965 0.4883732795715332
road 0 426 4 3.480503559112549 5.767398357391357 0.21665382385253906
runs 0 427 4 5.287822723388672 6.060168266296387 0
closely 0 428 7 13.31331729888916 4.423216819763184 1.6369514465332031
parallel 0 429 8 5.492586612701416 4.180453300476074 0.24276351928710938
to 0 430 2 0.8007155060768127 3.0566580295562744 1.1237952709197998
a 0 431 1 4.683531761169434 3.2355709075927734 0
<unk> 0 432 5 3.132114887237549 7.66100549697876 0
<unk> 0 433 5 0.6691445708274841 3.8451013565063477 3.815904140472412
<unk> 0 434 5 2.2276182174682617 4.546913146972656 0
<unk> 0 435 5 0.5602809190750122 3.4597179889678955 1.0871951580047607
railroad 0 436 8 7.714840412139893 3.99936842918396 0
line 0 437 4 1.6894201040267944 5.727952480316162 0
before 0 438 6 5.269776821136475 4.213170528411865 1.5147819519042969
entering 0 439 8 3.2490577697753906 5.055357933044434 0
<unk> 0 440 5 1.7512595653533936 2.815563678741455 2.2397942543029785
, 0 441 1 4.1045241355896 4.522168159484863 0
where 0 442 5 2.0780017375946045 4.958263874053955 0
it 0 443 2 0.5764583945274353 1.934535264968872 3.023728609085083
splits 0 444 6 5.974715709686279 5.063174247741699 0
from 0 445 4 2.3008885383605957 4.4693603515625 0.5938138961791992
the 0 446 3 1.415221929550171 3.6819021701812744 0.7874581813812256
railroad 0 447 8 8.31383991241455 6.132115840911865 0
tracks 0 448 6 4.532140254974365 5.989785671234131 0.14233016967773438
and 0 449 3 3.3143863677978516 4.479426860809326 1.5103588104248047
comes 0 450 5 6.760258197784424 6.868561744689941 0
to 0 451 2 0.881090521812439 3.1094439029693604 3.759117841720581
a 0 452 1 1.4511346817016602 3.1576900482177734 0
<unk> 0 453 5 4.070652008056641 6.809252738952637 0
with 0 454 4 8.621692657470703 6.03050422668457 0.7787485122680664
<unk> 0 455 5 2.6456668376922607 5.312251091003418 0.7182531356811523
<unk> 0 456 5 0.6440901756286621 3.465698719024658 1.8465523719787598
. 0 457 1 1.947040319442749 5.139042854309082 0
<eos> 0 458 5 2.201361166953575e-05 0.00026929969317279756 5.138773554615909
<unk> 0 459 5 3.1597628593444824 5.075928211212158 0
leaving 0 460 7 18.657718658447266 1.1217474937438965 3.9541807174682617
<unk> 0 461 5 1.4706029891967773 4.142848014831543 0
, 0 462 1 4.075982093811035 4.980818271636963 0
<unk> 0 463 5 1.2334623336791992 4.058955192565918 0.9218630790710449
<unk> 0 464 5 0.9726939797401428 4.103215217590332 0
turns 0 465 5 3.4432742595672607 5.9817328453063965 0
to 0 466 2 3.2970175743103027 4.833026885986328 1.1487059593200684
the 0 467 3 0.37042587995529175 2.190512180328369 2.642514705657959
north 0 468 5 2.4681684970855713 3.065265417098999 0
again 0 469 5 7.752721786499023 3.90840744972229 0
and 0 470 3 2.0926215648651123 3.952777624130249 0
crosses 0 471 7 4.958013534545898 5.554169178009033 0
over 0 472 4 5.1914215087890625 3.342933416366577 2.211235761642456
the 0 473 3 1.4287837743759155 3.5889580249786377 0
<unk> 0 474 5 1.0297399759292603 4.909670352935791 0
<unk> 0 475 5 4.0831475257873535 3.289512872695923 1.6201574802398682
<unk> 0 476 5 2.8428332805633545 5.2824811935424805 0
<unk> 0 477 5 2.468761444091797 5.636469841003418 0
railroad 0 478 8 4.584933757781982 5.2748942375183105 0.3615756034851074
line 0 479 4 1.6691921949386597 4.798881530761719 0.4760127067565918
, 0 480 1 2.9528486728668213 3.7203917503356934 1.0784897804260254
intersecting 0 481 12 5.785301208496094 5.7469587326049805 0
<unk> 0 482 5 1.8077083826065063 3.3422670364379883 2.404691696166992
<unk> 0 483 5 0.32540497183799744 1.7199047803878784 1.6223622560501099
. 0 484 1 1.9141367673873901 4.085154056549072 0
<eos> 0 485 5 2.751696047198493e-05 0.0003528652305249125 4.084801191318547
<unk> 0 486 5 3.0217268466949463 4.996898174285889 0
continues 0 487 9 9.444185256958008 0.892545223236084 4.104352951049805
to 0 488 2 2.442464590072632 4.675412178039551 0
<unk> 0 489 5 2.520610809326172 5.515859603881836 0
and 0 490 3 2.787362813949585 4.354829788208008 1.1610298156738281
comes 0 491 5 6.543254852294922 5.8713884353637695 0
to 0 492 2 0.8440139293670654 3.1344308853149414 2.736957550048828
<unk> 0 493 5 2.907691478729248 3.1406335830688477 0
<unk> 0 494 5 1.5080897808074951 4.876276969909668 0
. 0 495 1 3.3904576301574707 5.135980606079102 0
<eos> 0 496 5 2.201361166953575e-05 0.0002684399369172752 5.135712166142184
<unk> 0 497 5 2.842928171157837 5.037358283996582 0
this 0 498 4 15.171896934509277 0.7916703820228577 4.245687901973724
intersection 0 499 12 5.278357982635498 7.078695297241211 0
, 0 500 1 2.8782026767730713 5.021317005157471 2.0573782920837402
the 0 501 3 4.064669609069824 6.239291191101074 0
route 0 502 5 3.247816801071167 6.4717230796813965 0
meets 0 503 5 7.812951564788818 6.656919956207275 0
<unk> 0 504 5 1.4797992706298828 3.9642186164855957 2.6927013397216797
<unk> 0 505 5 0.42329469323158264 2.3088362216949463 1.6553823947906494
and 0 506 3 2.8213987350463867 4.237704277038574 0
<unk> 0 507 5 1.9477474689483643 5.369292259216309 0
<unk> 0 508 5 0.17699897289276123 1.2752580642700195 4.094034194946289
. 0 509 1 2.2759385108947754 4.416196823120117 0
<eos> 0 510 5 2.751696047198493e-05 0.0003164133813697845 4.415880409738747
<unk> 0 511 5 2.7352795600891113 4.901771068572998 0
<unk> 0 512 5 0.09870968759059906 0.8231164813041687 4.078654587268829
forms 0 513 5 8.437779426574707 5.593131065368652 0
a 0 514 1 1.4320926666259766 3.4957172870635986 2.0974137783050537
concurrency 0 515 11 1.2594412565231323 5.399178981781006 0
with 0 516 4 0.23313690721988678 1.319570541381836 4.07960844039917
<unk> 0 517 5 1.1806292533874512 3.5252766609191895 0
<unk> 0 518 5 0.08861098438501358 0.5974957942962646 2.927780866622925
and 0 519 3 3.008598566055298 4.167707443237305 0
the 0 520 3 3.794517993927002 5.69881010055542 0
two 0 521 3 4.229741096496582 5.484090328216553 0.2147197723388672
routes 0 522 6 1.599705696105957 4.549620151519775 0.9344701766967773
head 0 523 4 7.739450454711914 7.134072303771973 0
north 0 524 5 2.39353346824646 4.503021717071533 2.6310505867004395
and 0 525 3 4.225905418395996 4.7176194190979 0
encounter 0 526 9 10.287853240966797 6.818237781524658 0
the 0 527 3 2.96347975730896 4.492237091064453 2.326000690460205
eastern 0 528 7 4.553396224975586 5.8405914306640625 0
terminus 0 529 8 0.782394528388977 2.621516704559326 3.2190747261047363
of 0 530 2 0.04075024276971817 0.30512240529060364 2.3163942992687225
<unk> 0 531 5 0.9081261157989502 2.9924299716949463 0
<unk> 0 532 5 0.052844129502773285 0.39164361357688904 2.6007863581180573
before 0 533 6 7.622064590454102 3.194629430770874 0
leaving 0 534 7 5.054261684417725 5.348069190979004 0
<unk> 0 535 5 1.3637866973876953 3.5156378746032715 1.8324313163757324
. 0 536 1 1.9820051193237305 3.1461870670318604 0.36945080757141113
<eos> 0 537 5 1.651023922022432e-05 0.00019621885439846665 3.145990848177462
<unk> 0 538 5 2.8628947734832764 4.895467758178711 0
far 0 539 3 20.7180233001709 0.7012304067611694 4.1942373514175415
after 0 540 5 12.950784683227539 4.582910537719727 0
<unk> 0 541 5 1.997410535812378 4.761542797088623 0
<unk> 0 542 5 0.8728022575378418 3.898855209350586 0.8626875877380371
, 0 543 1 2.4658596515655518 5.841409206390381 0
the 0 544 3 1.975180745124817 4.278072357177734 1.5633368492126465
road 0 545 4 3.987042188644409 5.373501777648926 0
crosses 0 546 7 4.563848495483398 5.385879039764404 0
the 0 547 3 1.6021161079406738 4.03208589553833 1.3537931442260742
<unk> 0 548 5 0.7909413576126099 4.206899642944336 0
<unk> 0 549 5 3.207973003387451 3.9811480045318604 0.22575163841247559
into 0 550 4 6.29340934753418 5.511559009552002 0
<unk> 0 551 5 1.3054336309432983 3.367948055267334 2.143610954284668
<unk> 0 552 5 3.8184235095977783 4.555081367492676 0
, 0 553 1 2.6695423126220703 4.5221147537231445 0.03296661376953125
<unk> 0 554 5 3.2095086574554443 4.810091495513916 0
<unk> 0 555 5 2.1516997814178467 4.033105850219727 0.7769856452941895
. 0 556 1 2.3235983848571777 4.112818717956543 0
<eos> 0 557 5 3.302028926555067e-05 0.0003984287614002824 4.112420289195143
<unk> 0 558 5 2.678382158279419 4.99713659286499 0
<unk> 0 559 5 0.08897969871759415 0.7543318271636963 4.242804765701294
<unk> 0 560 5 4.927669048309326 5.691993713378906 0
, 0 561 1 4.069235801696777 6.075301647186279 0
it 0 562 2 8.956923484802246 5.4134674072265625 0.6618342399597168
heads 0 563 5 3.180952548980713 5.249870300292969 0.16359710693359375
into 0 564 4 4.14198637008667 4.480617046356201 0.7692532539367676
residential 0 565 11 7.4491190910339355 4.201964378356934 0.2786526679992676
areas 0 566 5 1.196853518486023 3.9075937271118164 0.2943706512451172
, 0 567 1 1.8863193988800049 4.169186115264893 0
with 0 568 4 4.657045364379883 5.321519374847412 0
<unk> 0 569 5 1.9841349124908447 4.936040878295898 0.38547849655151367
<unk> 0 570 5 0.5387157201766968 3.0707905292510986 1.8652503490447998
looping 0 571 7 13.654850006103516 6.297194957733154 0
to 0 572 2 3.1340439319610596 5.714442253112793 0.5827527046203613
the 0 573 3 0.9529186487197876 3.16432523727417 2.550117015838623
west 0 574 4 2.9295167922973633 3.3540141582489014 0
of 0 575 2 3.0725209712982178 3.855827808380127 0
the 0 576 3 1.4514715671539307 2.805269479751587 1.05055832862854
route 0 577 5 8.231683731079102 5.901853084564209 0
. 0 578 1 1.3209148645401 4.007574558258057 1.8942785263061523
<eos> 0 579 5 4.402688500704244e-05 0.0005005546263419092 4.007074003631715
<unk> 0 580 5 2.736356735229492 5.076984882354736 0
<unk> 0 581 5 0.07753534615039825 0.676974892616272 4.400009989738464
and 0 582 3 6.231966018676758 5.609467029571533 0
<unk> 0 583 5 0.5588611364364624 2.531400680541992 3.078066349029541
<unk> 0 584 5 0.08155007660388947 0.7432898283004761 1.7881108522415161
continue 0 585 8 2.280184507369995 5.9784746170043945 0
northwest 0 586 9 6.4445271492004395 4.9004225730896 1.078052043914795
and 0 587 3 4.190435886383057 4.3511061668396 0.54931640625
intersect 0 588 9 5.3648762702941895 6.76182746887207 0
<unk> 0 589 5 1.0736862421035767 3.4244022369384766 3.3374252319335938
<unk> 0 590 5 0.44101575016975403 2.391134738922119 1.0332674980163574
, 0 591 1 3.004060745239258 4.297188758850098 0
where 0 592 5 2.80550217628479 4.440765380859375 0
the 0 593 3 1.6132935285568237 3.4076483249664307 1.0331170558929443
road 0 594 4 3.5700695514678955 4.988236427307129 0
turns 0 595 5 4.078237056732178 5.159054279327393 0
north 0 596 5 2.7012805938720703 4.769950866699219 0.38910341262817383
into 0 597 4 4.774888038635254 4.417482376098633 0.35246849060058594
more 0 598 4 9.360190391540527 3.6128244400024414 0.8046579360961914
forested 0 599 8 5.404475212097168 5.531274795532227 0
areas 0 600 5 0.4072686731815338 2.0036189556121826 3.527655839920044
. 0 601 1 1.0452362298965454 3.1250267028808594 0
<eos> 0 602 5 2.751696047198493e-05 0.0003502861363813281 3.124676416744478
<unk> 0 603 5 3.127380609512329 5.022996425628662 0
the 0 604 3 14.556669235229492 0.7064923048019409 4.316504120826721
junction 0 605 8 11.335416793823242 5.746880054473877 0
with 0 606 4 1.433504343032837 4.644662380218506 1.102217674255371
<unk> 0 607 5 1.1532936096191406 3.4055399894714355 1.2391223907470703
<unk> 0 608 5 0.21732276678085327 1.4841665029525757 1.9213734865188599
, 0 609 1 3.4990198612213135 6.0642266273498535 0
the 0 610 3 3.179628849029541 5.638982772827148 0.4252438545227051
route 0 611 5 3.526761531829834 6.539618492126465 0
turns 0 612 5 4.2433624267578125 6.3605780601501465 0.17904043197631836
to 0 613 2 3.252293825149536 4.797227382659912 1.5633506774902344
the 0 614 3 0.2692807912826538 1.6339974403381348 3.1632299423217773
northeast 0 615 9 2.3820643424987793 2.9668664932250977 0
and 0 616 3 1.8727948665618896 3.439013957977295 0
enters 0 617 6 3.6681175231933594 5.207374095916748 0
<unk> 0 618 5 0.8957352042198181 2.662760019302368 2.54461407661438
<unk> 0 619 5 4.202081203460693 4.411593914031982 0
, 0 620 1 3.421586513519287 4.5987725257873535 0
becoming 0 621 8 6.954221725463867 4.653986930847168 0
<unk> 0 622 5 3.2016193866729736 4.2095561027526855 0.4444308280944824
<unk> 0 623 5 0.9078180193901062 2.7427000999450684 1.4668560028076172
. 0 624 1 2.255925178527832 4.922663688659668 0
<eos> 0 625 5 3.302028926555067e-05 0.00037160664214752614 4.92229208201752
<unk> 0 626 5 2.82114839553833 4.943080902099609 0
<unk> 0 627 5 0.07806087285280228 0.6721605062484741 4.270920395851135
splits 0 628 6 6.136673927307129 5.546394348144531 0
from 0 629 4 1.2476145029067993 3.8113491535186768 1.7350451946258545
<unk> 0 630 5 1.6798962354660034 3.3167877197265625 0.49456143379211426
<unk> 0 631 5 0.21238891780376434 1.4456026554107666 1.871185064315796
by 0 632 2 6.743357181549072 4.91641092300415 0
heading 0 633 7 3.474442958831787 5.745107173919678 0
northwest 0 634 9 5.0916056632995605 4.789383411407471 0.955723762512207
on 0 635 2 5.044537544250488 4.414387226104736 0.3749961853027344
<unk> 0 636 5 1.7252941131591797 4.068422317504883 0.3459649085998535
<unk> 0 637 5 2.2099497318267822 4.146488189697266 0
<unk> 0 638 5 3.597527503967285 4.0983991622924805 0.048089027404785156
and 0 639 3 2.474794626235962 4.185359001159668 0
<unk> 0 640 5 2.906550884246826 6.685794830322266 0
<unk> 0 641 5 0.5933759212493896 3.2346410751342773 3.4511537551879883
heads 0 642 5 6.835472583770752 6.372182846069336 0
through 0 643 7 4.645102500915527 4.417760848999023 1.9544219970703125
some 0 644 4 8.103337287902832 5.359553813934326 0
agricultural 0 645 12 9.707801818847656 6.000735759735107 0
<unk> 0 646 5 7.377623558044434 3.557149887084961 2.4435858726501465
concurrent 0 647 10 15.371875762939453 5.2170939445495605 0
with 0 648 4 0.26126784086227417 1.5610642433166504 3.65602970123291
<unk> 0 649 5 1.0021800994873047 3.357668876647949 0
<unk> 0 650 5 0.3651755750179291 1.8011231422424316 1.5565457344055176
<unk> 0 651 5 6.419414520263672 2.7151710987091064 0
, 0 652 1 3.276296854019165 3.119647979736328 0
passing 0 653 7 7.2754411697387695 4.664432048797607 0
to 0 654 2 4.675535678863525 5.035756587982178 0
the 0 655 3 0.4838959574699402 2.006476402282715 3.029280185699463
west 0 656 4 3.1962685585021973 3.370572328567505 0
of 0 657 2 0.4824373424053192 1.9259240627288818 1.444648265838623
the 0 658 3 1.5736991167068481 2.310208797454834 0
<unk> 0 659 5 1.5674676895141602 5.398099899291992 0
<unk> 0 660 5 2.6393818855285645 6.516246318817139 0
<unk> 0 661 5 2.062213659286499 6.136878490447998 0.3793678283691406
, 0 662 1 5.177799224853516 6.673202037811279 0
which 0 663 5 4.339021682739258 4.619079113006592 2.0541229248046875
is 0 664 2 2.455782890319824 6.075100898742676 0
known 0 665 5 5.8284783363342285 6.683927536010742 0
as 0 666 2 0.21229258179664612 0.9973264336585999 5.686601102352142
a 0 667 1 4.98628044128418 2.694303512573242 0
breeding 0 668 8 14.9975004196167 7.484468460083008 0
ground 0 669 6 5.611057758331299 7.488744258880615 0
for 0 670 3 4.951143741607666 3.8484082221984863 3.640336036682129
several 0 671 7 5.318066596984863 5.251409530639648 0
species 0 672 7 7.648506164550781 6.160126209259033 0
of 0 673 2 2.9922256469726562 2.469259023666382 3.6908671855926514
birds 0 674 5 6.271846771240234 6.399507522583008 0
. 0 675 1 0.5642819404602051 2.36734676361084 4.032160758972168
<eos> 0 676 5 4.402688500704244e-05 0.000523936003446579 2.3668228276073933
<unk> 0 677 5 2.9016239643096924 5.273990154266357 0
route 0 678 5 7.382675647735596 3.674396276473999 1.5995938777923584
intersects 0 679 10 8.853456497192383 0.9401781558990479 2.734218120574951
<unk> 0 680 5 1.4352543354034424 4.054774761199951 0
<unk> 0 681 5 0.3698672652244568 2.1050548553466797 1.9497199058532715
, 0 682 1 2.3207147121429443 4.195006370544434 0
turning 0 683 7 10.59593677520752 4.747909069061279 0
to 0 684 2 3.461236000061035 5.209150791168213 0
the 0 685 3 0.8591070771217346 3.2009453773498535 2.0082054138183594
northeast 0 686 9 2.813619613647461 3.45745587348938 0
. 0 687 1 3.799715995788574 4.378582000732422 0
<eos> 0 688 5 2.201361166953575e-05 0.0002732545544859022 4.378308746177936
<unk> 0 689 5 2.837865114212036 5.109249114990234 0
passing 0 690 7 16.932804107666016 1.0298130512237549 4.0794360637664795
some 0 691 4 11.788337707519531 5.235938549041748 0
homes 0 692 5 7.718017101287842 5.76179838180542 0
and 0 693 3 2.1195554733276367 5.070918083190918 0.690880298614502
<unk> 0 694 5 2.578932046890259 6.730872631072998 0
<unk> 0 695 5 2.2131690979003906 7.348408222198486 0
, 0 696 1 4.182991027832031 7.642353057861328 0
the 0 697 3 4.280171871185303 6.284359455108643 1.3579936027526855
road 0 698 4 6.366690635681152 6.625821590423584 0
turns 0 699 5 5.877410888671875 6.964699745178223 0
to 0 700 2 3.4313125610351562 4.876966953277588 2.0877327919006348
the 0 701 3 0.2809647023677826 1.720020055770874 3.156946897506714
north 0 702 5 2.337268829345703 2.972384214401245 0
and 0 703 3 1.794640302658081 3.597365379333496 0
passes 0 704 6 3.799124240875244 6.160025596618652 0
to 0 705 2 4.878765106201172 4.280002117156982 1.88002347946167
the 0 706 3 0.41349029541015625 1.8005895614624023 2.47941255569458
west 0 707 4 2.9980263710021973 3.153327465057373 0
of 0 708 2 0.268840491771698 1.3749287128448486 1.7783987522125244
<unk> 0 709 5 1.0196670293807983 2.523402452468872 0
<unk> 0 710 5 2.5628137588500977 4.727407455444336 0
<unk> 0 711 5 4.142423629760742 3.7172412872314453 1.0101661682128906
<unk> 0 712 5 3.2753806114196777 4.120748519897461 0
. 0 713 1 2.2023439407348633 4.699774265289307 0
<eos> 0 714 5 1.1006847671524156e-05 0.0001668135228101164 4.6996074517664965
<unk> 0 715 5 3.0795845985412598 5.033284664154053 0
route 0 716 5 8.652250289916992 0.7393859028816223 4.29389876127243
crosses 0 717 7 10.155622482299805 0.3649747371673584 0.3744111657142639
the 0 718 3 1.601783037185669 4.543873310089111 0
<unk> 0 719 5 0.8975458145141602 4.5690693855285645 0
<unk> 0 720 5 2.9480769634246826 4.751000881195068 0
into 0 721 4 7.864943981170654 5.628185272216797 0
<unk> 0 722 5 1.2680761814117432 3.3773210048675537 2.250864267349243
<unk> 0 723 5 3.929945230484009 4.737756729125977 0
, 0 724 1 2.3334248065948486 5.076944828033447 0
passing 0 725 7 5.258882999420166 4.53233528137207 0.544609546661377
the 0 726 3 3.7523958683013916 4.675971031188965 0
residential 0 727 11 8.00533390045166 5.521312236785889 0
community 0 728 9 3.1473512649536133 5.918451309204102 0
of 0 729 2 0.881770133972168 3.64945650100708 2.2689948081970215
<unk> 0 730 5 0.39622873067855835 1.7717372179031372 1.8777192831039429
to 0 731 2 5.142202854156494 3.8516085147857666 0
the 0 732 3 1.0019571781158447 3.664468765258789 0.18713974952697754
east 0 733 4 2.2650609016418457 3.66792631149292 0
and 0 734 3 3.284161329269409 3.0330851078033447 0.6348412036895752
meeting 0 735 7 9.1102294921875 6.141819477081299 0
<unk> 0 736 5 2.025639295578003 5.109467506408691 1.0323519706726074
<unk> 0 737 5 0.9364358186721802 4.017838001251221 1.0916295051574707
. 0 738 1 2.021679401397705 4.7076802253723145 0
<eos> 0 739 5 2.201361166953575e-05 0.00026396921020932496 4.707416256162105
<unk> 0 740 5 3.099172830581665 4.953084468841553 0
soon 0 741 4 12.893260955810547 0.669827938079834 4.283256530761719
enters 0 742 6 4.024704933166504 5.499734878540039 0
<unk> 0 743 5 1.8072679042816162 3.3051161766052246 2.1946187019348145
<unk> 0 744 5 3.2558696269989014 4.416276454925537 0
, 0 745 1 1.8803234100341797 4.453468322753906 0
where 0 746 5 1.0922274589538574 4.074313163757324 0.37915515899658203
the 0 747 3 2.1524112224578857 2.693988800048828 1.380324363708496
name 0 748 4 10.373308181762695 4.53392219543457 0
of 0 749 2 3.530647039413452 4.705894947052002 0
the 0 750 3 0.9579103589057922 2.633664846420288 2.072230100631714
road 0 751 4 3.8685061931610107 6.144457817077637 0
becomes 0 752 7 3.3470919132232666 5.822690486907959 0.32176733016967773
<unk> 0 753 5 2.2726075649261475 5.987734317779541 0
<unk> 0 754 5 0.9798580408096313 3.1544981002807617 2.8332362174987793
and 0 755 3 3.358001232147217 3.706970453262329 0
it 0 756 2 7.713753700256348 5.574878215789795 0
comes 0 757 5 5.416479587554932 4.83970832824707 0.7351698875427246
to 0 758 2 0.5052905082702637 2.3090012073516846 2.5307071208953857
a 0 759 1 1.3753795623779297 2.775609016418457 0
junction 0 760 8 2.2505595684051514 6.737418174743652 0
with 0 761 4 0.1917646825313568 1.0888813734054565 5.648536801338196
<unk> 0 762 5 1.2030091285705566 3.6453940868377686 0
<unk> 0 763 5 0.17262664437294006 1.0047271251678467 2.640666961669922
( 0 764 1 2.8615520000457764 3.543416976928711 0
<unk> 0 765 5 1.0659319162368774 4.671148300170898 0
<unk> 0 766 5 1.7889938354492188 3.4795522689819336 1.1915960311889648
) 0 767 1 0.3231540024280548 1.5128587484359741 1.9666935205459595
. 0 768 1 1.1529991626739502 3.2190473079681396 0
<eos> 0 769 5 1.1006847671524156e-05 0.00012708957365248352 3.218920218394487
<unk> 0 770 5 2.7994511127471924 4.8371453285217285 0
<unk> 0 771 5 0.07008916139602661 0.6150689125061035 4.222076416015625
<unk> 0 772 5 5.488475322723389 5.236555099487305 0
heads 0 773 5 4.463120460510254 5.718820571899414 0
to 0 774 2 4.735774993896484 4.384778022766113 1.3340425491333008
the 0 775 3 0.5026681423187256 2.225278854370117 2.159499168395996
west 0 776 4 3.333425521850586 3.0016915798187256 0
on 0 777 2 5.862186908721924 3.7253904342651367 0
<unk> 0 778 5 1.5651466846466064 3.7506120204925537 0
<unk> 0 779 5 2.6382882595062256 3.6444382667541504 0.10617375373840332
at 0 780 2 5.899926662445068 3.8121066093444824 0
this 0 781 4 7.4257073402404785 2.951174259185791 0.8609323501586914
point 0 782 5 0.5355237722396851 1.8320050239562988 1.1191692352294922
while 0 783 5 7.088029861450195 4.12184476852417 0
<unk> 0 784 5 1.5046857595443726 4.378993988037109 0
<unk> 0 785 5 0.12825223803520203 0.987533688545227 3.3914602994918823
heads 0 786 5 4.01900053024292 5.278738021850586 0
east 0 787 4 2.8820273876190186 4.547179698944092 0.7315583229064941
on 0 788 2 4.590701103210449 4.627116680145264 0
<unk> 0 789 5 1.9689054489135742 4.008706092834473 0.618410587310791
<unk> 0 790 5 2.874999523162842 3.740579605102539 0.2681264877319336
, 0 791 1 2.4299111366271973 4.341181755065918 0
and 0 792 3 3.545632839202881 5.770584583282471 0
<unk> 0 793 5 2.657749652862549 5.863140106201172 0
<unk> 0 794 5 0.2358776479959488 1.773476481437683 4.089663624763489
continues 0 795 9 2.911005973815918 5.9725728034973145 0
north 0 796 5 2.596087694168091 4.32717752456665 1.645395278930664
. 0 797 1 4.248178005218506 4.552040100097656 0
<eos> 0 798 5 1.651023922022432e-05 0.00020412895537447184 4.551835971142282
<unk> 0 799 5 2.9347147941589355 4.787927627563477 0
<unk> 0 800 5 0.058193426579236984 0.5231719017028809 4.264755725860596
and 0 801 3 6.269461154937744 5.403180122375488 0
<unk> 0 802 5 0.4362911581993103 2.154625177383423 3.2485549449920654
<unk> 0 803 5 0.06759601831436157 0.6273024082183838 1.527322769165039
follow 0 804 6 5.9047698974609375 5.889542579650879 0
the 0 805 3 1.7296032905578613 4.04882287979126 1.8407196998596191
<unk> 0 806 5 1.971185326576233 6.260910987854004 0
<unk> 0 807 5 2.5152297019958496 6.465829372406006 0
, 0 808 1 4.913386344909668 6.29556941986084 0.17025995254516602
a 0 809 1 2.5522074699401855 5.237635135650635 1.057934284210205
two 0 810 3 5.321876525878906 7.583947658538818 0
<unk> 0 811 5 0.04167485609650612 0.26946815848350525 7.314479500055313
lane 0 812 4 0.05855942517518997 0.3063681125640869 0
undivided 0 813 9 2.159127950668335 3.1263818740844727 0
road 0 814 4 0.7832062840461731 2.9301695823669434 0.1962122917175293
, 0 815 1 2.809979200363159 4.839864253997803 0
turning 0 816 7 7.767662525177002 6.255482196807861 0
to 0 817 2 3.654818534851074 4.898616313934326 1.3568658828735352
the 0 818 3 0.6709442734718323 2.6178455352783203 2.280770778656006
northeast 0 819 9 2.180109977722168 3.0604636669158936 0
and 0 820 3 2.667649030685425 4.223144054412842 0
crossing 0 821 8 3.3626227378845215 6.092869281768799 0
the 0 822 3 1.5442417860031128 3.883582830429077 2.2092864513397217
<unk> 0 823 5 0.7067770957946777 3.912292957305908 0
<unk> 0 824 5 3.0477638244628906 3.722160577774048 0.19013237953186035
<unk> 0 825 5 2.2561042308807373 5.63916540145874 0
<unk> 0 826 5 2.9403860569000244 6.056728363037109 0
. 0 827 1 6.033512115478516 5.56252908706665 0.494199275970459
<eos> 0 828 5 2.201361166953575e-05 0.000277037441264838 5.5622520496253856
<unk> 0 829 5 2.519665479660034 4.58549690246582 0
passing 0 830 7 17.20738410949707 0.7393345832824707 3.8461623191833496
over 0 831 4 3.6369900703430176 5.001737594604492 0
the 0 832 3 1.3113126754760742 3.5423367023468018 1.4594008922576904
river 0 833 5 5.484408378601074 5.420015811920166 0
, 0 834 1 3.910306215286255 4.089761257171631 1.3302545547485352
enters 0 835 6 9.09660816192627 6.606602191925049 0
<unk> 0 836 5 1.2186442613601685 2.83907151222229 3.767530679702759
<unk> 0 837 5 3.7826690673828125 4.430669784545898 0
and 0 838 3 2.6245927810668945 4.594799041748047 0
turns 0 839 5 4.8321661949157715 5.262397766113281 0
north 0 840 5 2.612105369567871 4.6652069091796875 0.5971908569335938
, 0 841 1 3.8822097778320312 4.447417736053467 0.2177891731262207
encountering 0 842 12 9.438922882080078 5.101304531097412 0
<unk> 0 843 5 2.0028865337371826 4.920998573303223 0.18030595779418945
<unk> 0 844 5 0.718543529510498 3.6080198287963867 1.312978744506836
before 0 845 6 5.459539890289307 5.105801105499268 0
passing 0 846 7 5.277740478515625 5.255557537078857 0
over 0 847 4 3.408583402633667 3.9366745948791504 1.318882942199707
an 0 848 2 5.9039716720581055 3.323495864868164 0.6131787300109863
abandoned 0 849 9 7.853560447692871 5.579817295074463 0
railroad 0 850 8 2.888650894165039 5.914000511169434 0
line 0 851 4 0.5280143022537231 2.679950475692749 3.2340500354766846
and 0 852 3 3.9807682037353516 3.1685633659362793 0
heading 0 853 7 4.666874408721924 5.924351692199707 0
into 0 854 4 3.087980031967163 4.631265640258789 1.293086051940918
the 0 855 3 1.6564515829086304 4.022279739379883 0.6089859008789062
downtown 0 856 8 6.991063117980957 4.75648307800293 0
area 0 857 4 1.682771921157837 4.557604789733887 0.19887828826904297
of 0 858 2 2.221482038497925 2.4121387004852295 2.1454660892486572
<unk> 0 859 5 0.4582718014717102 2.0254228115081787 0.3867158889770508
<unk> 0 860 5 5.410915374755859 2.2877197265625 0
. 0 861 1 0.8081643581390381 3.144200563430786 0
<eos> 0 862 5 1.1006847671524156e-05 0.00013826742360834032 3.144062296007178
<unk> 0 863 5 3.1162073612213135 4.9201812744140625 0
, 0 864 1 8.564165115356445 0.5468149185180664 4.373366355895996
the 0 865 3 2.787266492843628 4.782841205596924 0
road 0 866 4 4.432397365570068 6.455018997192383 0
crosses 0 867 7 5.535238265991211 6.597024917602539 0
<unk> 0 868 5 2.373269557952881 3.913909673690796 2.683115243911743
<unk> 0 869 5 1.1074938774108887 4.13198184967041 0
, 0 870 1 2.105311155319214 4.8725972175598145 0
and 0 871 3 3.086062431335449 5.486530780792236 0
<unk> 0 872 5 3.5766806602478027 5.895188331604004 0
<unk> 0 873 5 0.2728798985481262 1.9225603342056274 3.9726279973983765
splits 0 874 6 5.376236915588379 6.098832130432129 0
from 0 875 4 1.5338019132614136 4.109389781951904 1.9894423484802246
<unk> 0 876 5 1.6901023387908936 3.3066341876983643 0.80275559425354
<unk> 0 877 5 0.25673577189445496 1.6577551364898682 1.648879051208496
by 0 878 2 6.655827522277832 4.964259147644043 0
turning 0 879 7 5.001973628997803 5.58834171295166 0
east 0 880 4 3.795255422592163 5.257687568664551 0.3306541442871094
along 0 881 5 4.677009105682373 4.431624889373779 0.8260626792907715
that 0 882 4 10.382767677307129 3.629655122756958 0.8019697666168213
road 0 883 4 3.470022439956665 5.494825839996338 0
. 0 884 1 1.2850735187530518 3.9725914001464844 1.5222344398498535
<eos> 0 885 5 2.201361166953575e-05 0.0002980151621159166 3.9722933849843685
<unk> 0 886 5 2.960843801498413 4.953476428985596 0
, 0 887 1 8.50428581237793 0.6435550451278687 4.309921383857727
<unk> 0 888 5 1.431165337562561 4.912259578704834 0
<unk> 0 889 5 2.6372272968292236 3.0284831523895264 1.8837764263153076
continues 0 890 9 3.5377120971679688 4.650073051452637 0
north 0 891 5 2.4800586700439453 4.475431442260742 0.17464160919189453
on 0 892 2 4.632015705108643 4.346329689025879 0.12910175323486328
<unk> 0 893 5 1.8978863954544067 4.0299458503723145 0.31638383865356445
<unk> 0 894 5 2.583845376968384 4.315149307250977 0
<unk> 0 895 5 3.5767781734466553 4.185141086578369 0.13000822067260742
, 0 896 1 1.9500603675842285 4.416306018829346 0
passing 0 897 7 4.768016815185547 5.079928398132324 0
through 0 898 7 1.691450834274292 4.609421253204346 0.4705071449279785
developed 0 899 9 17.625944137573242 5.034560203552246 0
areas 0 900 5 1.9776160717010498 5.9188737869262695 0
. 0 901 1 3.4075982570648193 4.257037162780762 1.6618366241455078
<eos> 0 902 5 1.651023922022432e-05 0.0002075681259157136 4.256829594654846
<unk> 0 903 5 2.8406567573547363 5.12497615814209 0
leaves 0 904 6 14.672017097473145 0.7121661305427551 4.412810027599335
<unk> 0 905 5 2.1544952392578125 4.667441368103027 0
<unk> 0 906 5 2.3753678798675537 5.111401557922363 0
and 0 907 3 2.500349760055542 5.10951566696167 0.0018858909606933594
heads 0 908 5 4.029208183288574 5.340477466583252 0
into 0 909 4 4.3040571212768555 4.210840225219727 1.1296372413635254
back 0 910 4 13.751692771911621 4.410489082336426 0
into 0 911 4 4.8130269050598145 4.758121490478516 0
forests 0 912 7 10.131448745727539 4.053140640258789 0.7049808502197266
. 0 913 1 1.922515630722046 3.8158230781555176 0.23731756210327148
<eos> 0 914 5 4.9530153773957863e-05 0.0005605545011349022 3.8152625236543827
<unk> 0 915 5 2.9020326137542725 5.005069255828857 0
route 0 916 5 8.634841918945312 0.7207009196281433 4.284368336200714
turns 0 917 5 10.13480281829834 0.41950079798698425 0.30120012164115906
to 0 918 2 2.9876744747161865 4.933181285858154 0
the 0 919 3 0.29183676838874817 1.769615888595581 3.1635653972625732
northeast 0 920 9 2.349984645843506 2.9975059032440186 0
, 0 921 1 1.4967279434204102 3.308866500854492 0
passing 0 922 7 2.341919422149658 5.103776931762695 0
near 0 923 4 6.634488105773926 4.448423862457275 0.6553530693054199
the 0 924 3 1.7991009950637817 3.3576500415802 1.0907738208770752
<unk> 0 925 5 1.8393090963363647 5.686132907867432 0
<unk> 0 926 5 2.696707248687744 6.858486652374268 0
<unk> 0 927 5 2.020556688308716 6.636316776275635 0.2221698760986328
residential 0 928 11 10.991100311279297 6.850729942321777 0
development 0 929 11 6.045165538787842 4.736142635345459 2.1145873069763184
, 0 930 1 6.410825252532959 4.278219223022461 0.45792341232299805
before 0 931 6 5.195260047912598 5.334792613983154 0
coming 0 932 6 4.385953903198242 5.070070266723633 0.2647223472595215
to 0 933 2 0.6447367668151855 2.5725479125976562 2.4975223541259766
an 0 934 2 2.0852279663085938 3.3465993404388428 0
interchange 0 935 11 2.1782937049865723 1.7850165367126465 1.5615828037261963
with 0 936 4 0.1675083339214325 0.9451084733009338 0.8399080634117126
<unk> 0 937 5 1.052973985671997 3.404367685317993 0
<unk> 0 938 5 0.21176162362098694 1.165196418762207 2.239171266555786
( 0 939 1 2.5875160694122314 3.14567232131958 0
<unk> 0 940 5 0.8744698762893677 4.288216590881348 0
<unk> 0 941 5 1.791283369064331 3.475216865539551 0.8129997253417969
<unk> 0 942 5 4.79072380065918 1.577857255935669 1.8973596096038818
) 0 943 1 0.19598038494586945 1.0985757112503052 0.47928154468536377
. 0 944 1 0.9999345541000366 3.031485080718994 0
<eos> 0 945 5 5.503434294951148e-06 7.859392644604668e-05 3.031406486792548
<unk> 0 946 5 2.885180950164795 4.926848888397217 0
this 0 947 4 15.816840171813965 0.6378419399261475 4.289006948471069
interchange 0 948 11 5.391942501068115 6.992990493774414 0
, 0 949 1 3.2454750537872314 5.412205219268799 1.5807852745056152
<unk> 0 950 5 4.0179853439331055 6.24919319152832 0
<unk> 0 951 5 0.24464184045791626 1.4938803911209106 4.75531280040741
widens 0 952 6 12.339698791503906 3.9708874225616455 0
to 0 953 2 1.5093969106674194 4.029473304748535 0
a 0 954 1 2.2957370281219482 3.6011295318603516 0.4283437728881836
four 0 955 4 2.232208251953125 4.7430243492126465 0
<unk> 0 956 5 0.45832687616348267 1.1969687938690186 3.546055555343628
lane 0 957 4 0.07392776012420654 0.3502139151096344 0.8467548787593842
divided 0 958 7 0.709570050239563 1.8081634044647217 0
highway 0 959 7 0.13544799387454987 0.8418432474136353 0.9663201570510864
and 0 960 3 2.860987901687622 4.085334777832031 0
reaches 0 961 7 6.814887046813965 5.385196685791016 0
a 0 962 1 2.993230104446411 3.164130687713623 2.2210659980773926
full 0 963 4 8.832115173339844 6.7297844886779785 0
interchange 0 964 11 1.4036177396774292 3.745077133178711 2.9847073554992676
with 0 965 4 0.14396733045578003 0.8863804340362549 2.858696699142456
the 0 966 3 2.9995508193969727 3.0946571826934814 0
<unk> 0 967 5 1.9314779043197632 5.521114826202393 0
<unk> 0 968 5 2.0462207794189453 6.090002059936523 0
<unk> 0 969 5 2.3138394355773926 6.193587779998779 0
. 0 970 1 4.037571907043457 6.5694098472595215 0
<eos> 0 971 5 5.503434294951148e-06 8.564481686335057e-05 6.569324202442658
<unk> 0 972 5 2.9314634799957275 4.8485307693481445 0
route 0 973 5 8.447953224182129 0.6414616107940674 4.207069158554077
becomes 0 974 7 11.269176483154297 0.2447800189256668 0.3966815918684006
a 0 975 1 1.944841742515564 4.967496871948242 0
two 0 976 3 2.9793477058410645 6.287219524383545 0
<unk> 0 977 5 0.029380081221461296 0.22014978528022766 6.067069739103317
lane 0 978 4 0.027888789772987366 0.1736922264099121 0.04645755887031555
undivided 0 979 9 2.0590038299560547 2.347710609436035 0
road 0 980 4 0.545151948928833 2.0608575344085693 0.2868530750274658
again 0 981 5 6.733315944671631 4.427524566650391 0
and 0 982 3 3.3134920597076416 4.62861967086792 0
continues 0 983 9 4.281048774719238 5.299304485321045 0
through 0 984 7 3.760801076889038 4.563767910003662 0.7355365753173828
inhabited 0 985 9 16.270023345947266 5.2817840576171875 0
areas 0 986 5 0.6931092739105225 3.0986781120300293 2.183105945587158
, 0 987 1 3.386385202407837 4.4181742668151855 0
crossing 0 988 8 3.108905553817749 5.537143707275391 0
into 0 989 4 3.13649845123291 4.694204330444336 0.8429393768310547
<unk> 0 990 5 1.1180744171142578 3.613802671432495 1.0804016590118408
<unk> 0 991 5 4.3098907470703125 4.165928840637207 0
, 0 992 1 3.077589750289917 4.254847049713135 0
where 0 993 5 1.9346203804016113 4.934133529663086 0
there 0 994 5 7.181533336639404 2.3815054893493652 2.5526280403137207
is 0 995 2 1.4789434671401978 2.796206474304199 0
an 0 996 2 3.3576819896698 3.071288585662842 0
intersection 0 997 12 2.0337650775909424 4.141351699829102 0
with 0 998 4 0.09036929160356522 0.5621892213821411 3.5791624784469604
<unk> 0 999 5 0.8466746807098389 3.1681020259857178 0
<unk> 0 1000 5 0.23372308909893036 1.2250685691833496 1.9430334568023682
. 0 1001 1 1.188295602798462 3.387835741043091 0
<eos> 0 1002 5 5.503434294951148e-06 9.905860497383401e-05 3.387736682438117
<unk> 0 1003 5 3.129368782043457 4.999224662780762 0
short 0 1004 5 19.78905487060547 0.6975339651107788 4.301690697669983
distance 0 1005 8 5.230856418609619 6.652218818664551 0
later 0 1006 5 7.575436592102051 6.845978736877441 0
, 0 1007 1 1.7930114269256592 5.224920749664307 1.6210579872131348
the 0 1008 3 1.630094289779663 4.503744125366211 0.7211766242980957
road 0 1009 4 2.814049005508423 4.546103477478027 0
crosses 0 1010 7 4.1793599128723145 5.148524761199951 0
<unk> 0 1011 5 2.4151978492736816 4.194089889526367 0.954434871673584
<unk> 0 1012 5 1.3530025482177734 4.569136142730713 0
<unk> 0 1013 5 3.472951650619507 5.3559064865112305 0
 0 1014 1 11.828315734863281 5.8097310066223145 0
s 0 1015 1 0.14282815158367157 0.8085154891014099 5.0012155175209045
<unk> 0 1016 5 2.4587934017181396 6.870045185089111 0
<unk> 0 1017 5 1.5774468183517456 5.298144817352295 1.5719003677368164
<unk> 0 1018 5 1.6988818645477295 5.328070163726807 0
near 0 1019 4 10.518631935119629 4.630326747894287 0.6977434158325195
the 0 1020 3 1.7506154775619507 2.858454704284668 1.7718720436096191
<unk> 0 1021 5 1.1161949634552002 4.740654468536377 0
<unk> 0 1022 5 2.4648759365081787 4.049710273742676 0.6909441947937012
<unk> 0 1023 5 2.262523889541626 5.289749622344971 0
<unk> 0 1024 5 2.475518226623535 5.885868072509766 0
and 0 1025 3 7.3549275398254395 4.937676906585693 0.9481911659240723
enters 0 1026 6 5.416556358337402 4.932161331176758 0.005515575408935547
<unk> 0 1027 5 1.044991374015808 2.860417366027832 2.071743965148926
<unk> 0 1028 5 3.95694637298584 4.382740497589111 0
<unk> 0 1029 5 3.531691312789917 4.290904998779297 0.09183549880981445
, 0 1030 1 3.2300047874450684 4.6499409675598145 0
turning 0 1031 7 8.328927040100098 4.553882598876953 0.09605836868286133
into 0 1032 4 6.120450019836426 4.43198299407959 0.12189960479736328
<unk> 0 1033 5 2.6025211811065674 3.621957302093506 0.810025691986084
<unk> 0 1034 5 2.6734771728515625 4.85515022277832 0
. 0 1035 1 1.7514479160308838 4.444471836090088 0.4106783866882324
<eos> 0 1036 5 1.651023922022432e-05 0.00022923466167412698 4.444242601428414
<unk> 0 1037 5 3.095093250274658 5.016232490539551 0
block 0 1038 5 17.384218215942383 0.855013370513916 4.161219120025635
after 0 1039 5 12.59756851196289 6.561217784881592 0
the 0 1040 3 2.1949045658111572 5.530369758605957 1.0308480262756348
railroad 0 1041 8 9.667548179626465 7.104398250579834 0
crossing 0 1042 8 5.406795978546143 6.967517852783203 0.13688039779663086
, 0 1043 1 3.6872172355651855 6.355279922485352 0.6122379302978516
<unk> 0 1044 5 1.9064759016036987 4.920571804046631 1.4347081184387207
<unk> 0 1045 5 0.42350655794143677 2.6869957447052 2.2335760593414307
ends 0 1046 4 6.730630397796631 5.476362228393555 0
at 0 1047 2 0.6174341440200806 2.5416793823242188 2.934682846069336
an 0 1048 2 2.3632616996765137 3.0245859622955322 0
intersection 0 1049 12 0.35354962944984436 1.0422797203063965 1.9823062419891357
with 0 1050 4 0.029022447764873505 0.22148682177066803 0.8207928985357285
<unk> 0 1051 5 0.762441873550415 2.814830780029297 0
<unk> 0 1052 5 0.15227478742599487 0.9226455688476562 1.8921852111816406
and 0 1053 3 3.4128732681274414 3.7399144172668457 0
<unk> 0 1054 5 1.6362566947937012 5.242409706115723 0
<unk> 0 1055 5 0.14269885420799255 1.0459693670272827 4.19644033908844
( 0 1056 1 3.8926331996917725 3.8867719173431396 0
<unk> 0 1057 5 0.8058750033378601 4.299044609069824 0
<unk> 0 1058 5 1.2348382472991943 3.7307605743408203 0.5682840347290039
<unk> 0 1059 5 3.633448600769043 2.034921407699585 1.6958391666412354
) 0 1060 1 0.34999439120292664 1.6713659763336182 0.3635554313659668
, 0 1061 1 2.557960033416748 3.51310396194458 0
with 0 1062 4 4.66593074798584 5.639967441558838 0
<unk> 0 1063 5 2.173624038696289 4.513553142547607 1.1264142990112305
<unk> 0 1064 5 0.4295109510421753 2.5784695148468018 1.9350836277008057
continuing 0 1065 10 2.0817482471466064 5.891448020935059 0
north 0 1066 5 2.3788557052612305 4.153496742248535 1.7379512786865234
on 0 1067 2 4.7524309158325195 4.580135345458984 0
<unk> 0 1068 5 1.9285873174667358 4.0374226570129395 0.5427126884460449
<unk> 0 1069 5 2.49320912361145 3.7486512660980225 0.288771390914917
at 0 1070 2 6.09934139251709 3.81748628616333 0
this 0 1071 4 7.943126201629639 3.1304571628570557 0.6870291233062744
point 0 1072 5 0.7832144498825073 2.1995749473571777 0.9308822154998779
. 0 1073 1 0.5603305101394653 2.5020663738250732 0
<eos> 0 1074 5 7.154300692491233e-05 0.0007814494310878217 2.5012849243939854
<unk> 0 1075 5 2.591982126235962 4.76317834854126 0
<unk> 0 1076 5 0.09208915382623672 0.7636070251464844 3.9995713233947754
is 0 1077 2 3.9578850269317627 5.477392673492432 0
an 0 1078 2 5.310393810272217 6.5510406494140625 0
important 0 1079 9 3.7600884437561035 5.773308277130127 0.7777323722839355
route 0 1080 5 4.555733680725098 7.020802974700928 0
linking 0 1081 7 8.580245018005371 4.869101047515869 2.1517019271850586
the 0 1082 3 1.4717340469360352 3.6276657581329346 1.2414352893829346
<unk> 0 1083 5 1.7029516696929932 5.959527015686035 0
<unk> 0 1084 5 3.146178960800171 6.301978588104248 0
<unk> 0 1085 5 1.7857427597045898 5.872593879699707 0.429384708404541
with 0 1086 4 5.86846923828125 6.591788291931152 0
the 0 1087 3 1.458597183227539 3.7517735958099365 2.840014696121216
<unk> 0 1088 5 1.0606913566589355 5.3960652351379395 0
<unk> 0 1089 5 2.443810224533081 6.666924476623535 0
resorts 0 1090 7 17.845497131347656 6.225394248962402 0.4415302276611328
in 0 1091 2 4.051261901855469 4.820984363555908 1.4044098854064941
<unk> 0 1092 5 0.8791642189025879 3.1977102756500244 1.6232740879058838
<unk> 0 1093 5 4.961191654205322 3.279111385345459 0
<unk> 0 1094 5 3.572916269302368 3.8407981395721436 0
, 0 1095 1 2.1956613063812256 4.08173942565918 0
serving 0 1096 7 9.753081321716309 4.939378261566162 0
as 0 1097 2 1.4564701318740845 4.115194797515869 0.824183464050293
an 0 1098 2 3.575606107711792 3.2486648559570312 0.8665299415588379
alternate 0 1099 9 3.0583481788635254 6.148297309875488 0
to 0 1100 2 8.112951278686523 3.148752212524414 2.999545097351074
more 0 1101 4 10.935630798339844 4.740207672119141 0
congested 0 1102 9 10.473320960998535 6.393768787384033 0
routes 0 1103 6 5.218179225921631 6.582789897918701 0
. 0 1104 1 1.5184581279754639 4.060388565063477 2.5224013328552246
<eos> 0 1105 5 1.1006847671524156e-05 0.0001442862267140299 4.0602442788367625
<unk> 0 1106 5 2.6668167114257812 4.67921781539917 0
also 0 1107 4 12.071032524108887 0.9999322295188904 3.6792855858802795
serves 0 1108 6 2.8394694328308105 5.7731852531433105 0
as 0 1109 2 0.8561268448829651 3.247952461242676 2.5252327919006348
evacuation 0 1110 10 18.534278869628906 3.0148766040802 0.23307585716247559
route 0 1111 5 4.818272590637207 6.380086421966553 0
from 0 1112 4 5.271089553833008 4.338914394378662 2.0411720275878906
<unk> 0 1113 5 1.0843464136123657 3.515650749206543 0.8232636451721191
<unk> 0 1114 5 1.7758599519729614 3.080124616622925 0.43552613258361816
<unk> 0 1115 5 6.409942150115967 3.371917724609375 0
to 0 1116 2 1.4008276462554932 4.064143657684326 0
inland 0 1117 6 14.522162437438965 3.6096200942993164 0.45452356338500977
areas 0 1118 5 8.577896118164062 4.883645534515381 0
in 0 1119 2 3.80273175239563 3.9687225818634033 0.9149229526519775
the 0 1120 3 1.5812993049621582 3.4485998153686523 0.520122766494751
event 0 1121 5 17.271526336669922 5.535201072692871 0
of 0 1122 2 0.3883230686187744 1.6206731796264648 3.9145278930664062
a 0 1123 1 2.7979540824890137 4.8491668701171875 0
hurricane 0 1124 9 10.34373664855957 7.809714317321777 0
. 0 1125 1 2.085172653198242 5.177702903747559 2.6320114135742188
<eos> 0 1126 5 6.603982910746709e-05 0.0007424299838021398 5.1769604737637565
= 0 1127 1 2.773361921310425 4.863074779510498 0
= 0 1128 1 0.024583913385868073 0.17174747586250305 4.691327303647995
<unk> 0 1129 5 5.050665378570557 3.2836203575134277 0
= 0 1130 1 0.7925759553909302 3.5010557174682617 0
= 0 1131 1 3.852359805023298e-05 0.0005639928276650608 3.5004917246405967
<eos> 0 1132 5 20.310842514038086 4.505009651184082 0
<unk> 0 1133 5 1.5386654138565063 5.069024562835693 0
portion 0 1134 7 15.017826080322266 1.813297152519226 3.2557274103164673
of 0 1135 2 0.2686203718185425 1.5314160585403442 0.28188109397888184
current 0 1136 7 11.177072525024414 3.0015265941619873 0
<unk> 0 1137 5 1.1387948989868164 2.8254153728485107 0.17611122131347656
<unk> 0 1138 5 0.2893052101135254 1.1968739032745361 1.6285414695739746
between 0 1139 7 5.909310340881348 4.341157913208008 0
<unk> 0 1140 5 0.4311041533946991 2.114548683166504 2.226609230041504
and 0 1141 3 0.270122766494751 1.2731235027313232 0.8414251804351807
<unk> 0 1142 5 0.2222181111574173 1.4809919595718384 0
received 0 1143 8 12.078509330749512 3.2443370819091797 0
funding 0 1144 7 9.517330169677734 5.977377891540527 0
to 0 1145 2 4.438107013702393 3.101036310195923 2.8763415813446045
become 0 1146 6 7.356410980224609 7.514074802398682 0
a 0 1147 1 2.131836414337158 4.857605457305908 2.6564693450927734
spur 0 1148 4 7.796332836151123 7.2045745849609375 0
of 0 1149 2 1.9031682014465332 3.633453130722046 3.5711214542388916
the 0 1150 3 1.7060362100601196 4.347705841064453 0
<unk> 0 1151 5 1.6888681650161743 5.702735424041748 0
<unk> 0 1152 5 1.8021209239959717 5.3806538581848145 0.3220815658569336
in 0 1153 2 5.77434778213501 5.70456075668335 0
<unk> 0 1154 5 0.41534772515296936 1.9057668447494507 3.798793911933899
. 0 1155 1 0.8993619084358215 2.892662286758423 0
<eos> 0 1156 5 0.00010456165909999982 0.0011014722986146808 2.891560814459808
<unk> 0 1157 5 3.4632256031036377 4.122062683105469 0
modern 0 1158 6 13.573888778686523 1.8452131748199463 2.2768495082855225
<unk> 0 1159 5 0.7641093730926514 3.8349084854125977 0
day 0 1160 3 6.231509208679199 2.8161184787750244 1.0187900066375732
alignment 0 1161 9 7.791862487792969 2.1339728832244873 0.6821455955505371
of 0 1162 2 2.951535940170288 4.81092643737793 0
<unk> 0 1163 5 1.0949102640151978 2.80804443359375 2.0028820037841797
<unk> 0 1164 5 0.15364788472652435 1.027237892150879 1.780806541442871
was 0 1165 3 2.9432451725006104 5.2343854904174805 0
legislated 0 1166 10 6.035186290740967 6.352832794189453 0
as 0 1167 2 1.8178703784942627 3.379293203353882 2.9735395908355713
part 0 1168 4 1.8531033992767334 3.284933090209961 0.0943601131439209
of 0 1169 2 0.0007181927212513983 0.008298157714307308 3.2766349324956536
pre 0 1170 3 9.090546607971191 2.9661858081817627 0
<unk> 0 1171 5 0.0016427026130259037 0.01854166015982628 2.9476441480219364
<unk> 0 1172 5 0.3420391082763672 2.0100927352905273 0
<unk> 0 1173 5 2.104759454727173 2.830049991607666 0
<unk> 0 1174 5 1.2291367053985596 3.50108003616333 0
in 0 1175 2 2.6455416679382324 3.784623146057129 0
<unk> 0 1176 5 0.418063759803772 1.6656560897827148 2.118967056274414
, 0 1177 1 2.6168081760406494 2.82513689994812 0
a 0 1178 1 5.24507999420166 5.9191999435424805 0
route 0 1179 5 5.422425746917725 7.2202630043029785 0
that 0 1180 4 1.9408626556396484 5.0459723472595215 2.174290657043457
was 0 1181 3 1.9002459049224854 5.846800804138184 0
to 0 1182 2 5.625743865966797 7.043612957000732 0
run 0 1183 3 3.349424123764038 3.692873477935791 3.3507394790649414
from 0 1184 4 1.2260133028030396 3.775327444076538 0
<unk> 0 1185 5 0.8933494091033936 3.4056713581085205 0.3696560859680176
<unk> 0 1186 5 2.091043472290039 3.938913106918335 0
to 0 1187 2 1.0673574209213257 3.6800153255462646 0.2588977813720703
<unk> 0 1188 5 0.6313936710357666 2.857027292251587 0.8229880332946777
<unk> 0 1189 5 1.1035370826721191 3.7071588039398193 0
<unk> 0 1190 5 5.337979793548584 3.9230871200561523 0
. 0 1191 1 1.6663413047790527 4.586700439453125 0
<eos> 0 1192 5 3.852359805023298e-05 0.0004326434573158622 4.586267795995809
<unk> 0 1193 5 3.190635919570923 4.276947498321533 0
the 0 1194 3 10.062278747558594 2.2537355422973633 2.02321195602417
<unk> 0 1195 5 1.9291582107543945 6.315382480621338 0
<unk> 0 1196 5 2.3127002716064453 6.757954120635986 0
<unk> 0 1197 5 2.876389265060425 5.50009822845459 1.2578558921813965
state 0 1198 5 6.198807716369629 5.685636520385742 0
highway 0 1199 7 1.3408786058425903 3.2951669692993164 2.390469551086426
renumbering 0 1200 11 8.011561393737793 5.586803913116455 0
, 0 1201 1 3.508197069168091 5.2594404220581055 0.3273634910583496
the 0 1202 3 3.1485509872436523 6.235378265380859 0
portion 0 1203 7 5.230531692504883 6.348689556121826 0
of 0 1204 2 0.29658621549606323 1.4864405393600464 4.86224901676178
pre 0 1205 3 10.639646530151367 3.9889748096466064 0
<unk> 0 1206 5 0.005943670868873596 0.05386342108249664 3.93511138856411
<unk> 0 1207 5 0.2961128354072571 1.6545753479003906 0
<unk> 0 1208 5 2.306793689727783 2.314565896987915 0
<unk> 0 1209 5 2.035583972930908 4.940162658691406 0
between 0 1210 7 3.7476725578308105 5.3323564529418945 0
<unk> 0 1211 5 0.5396209955215454 2.669651508331299 2.6627049446105957
and 0 1212 3 0.21042431890964508 1.1155675649642944 1.5540839433670044
<unk> 0 1213 5 0.2342623919248581 1.5439773797988892 0
<unk> 0 1214 5 4.3079094886779785 4.288135528564453 0
<unk> 0 1215 5 3.9258975982666016 4.508194923400879 0
was 0 1216 3 4.24416446685791 4.1415252685546875 0.3666696548461914
designated 0 1217 10 3.1666903495788574 6.390283584594727 0
as 0 1218 2 1.055984377861023 3.529714584350586 2.8605690002441406
<unk> 0 1219 5 2.0961079597473145 3.291139602661133 0.23857498168945312
<unk> 0 1220 5 0.1491653472185135 0.8395059704780579 2.451633632183075
, 0 1221 1 3.009382724761963 3.0193445682525635 0
the 0 1222 3 3.8234288692474365 5.420583724975586 0
highest 0 1223 7 8.841146469116211 6.531641006469727 0
state 0 1224 5 5.394801139831543 6.4193644523620605 0.11227655410766602
route 0 1225 5 2.858491897583008 2.662954330444336 3.7564101219177246
number 0 1226 6 11.504233360290527 4.73048734664917 0
assigned 0 1227 8 7.828652858734131 4.471610069274902 0.2588772773742676
in 0 1228 2 3.0189337730407715 2.695732831954956 1.7758772373199463
the 0 1229 3 1.6687381267547607 2.1925530433654785 0.5031797885894775
renumbering 0 1230 11 9.067800521850586 5.025874614715576 0
. 0 1231 1 1.039435625076294 3.2990055084228516 1.7268691062927246
<eos> 0 1232 5 4.9530153773957863e-05 0.0005402683163993061 3.2984652401064523
<unk> 0 1233 5 3.7042806148529053 4.2081298828125 0
<unk> 0 1234 5 0.36189278960227966 2.3406894207000732 1.8674404621124268
retained 0 1235 8 12.919707298278809 4.033358097076416 0
its 0 1236 3 1.4161217212677002 3.8613455295562744 0.1720125675201416
current 0 1237 7 2.296985149383545 5.887517929077148 0
routing 0 1238 7 2.85876727104187 3.640923500061035 2.2465944290161133
in 0 1239 2 3.1519713401794434 4.785833835601807 0
the 0 1240 3 2.7888431549072266 2.0386834144592285 2.747150421142578
<unk> 0 1241 5 3.4910523891448975 5.613149642944336 0
<unk> 0 1242 5 5.0132036209106445 5.361971378326416 0.2511782646179199
<unk> 0 1243 5 3.5708467960357666 5.877012252807617 0
state 0 1244 5 4.506186008453369 5.508415222167969 0.36859703063964844
highway 0 1245 7 3.095828056335449 4.045533657073975 1.4628815650939941
renumbering 0 1246 11 0.40222764015197754 1.1969139575958252 2.8486196994781494
. 0 1247 1 1.4401193857192993 3.0821220874786377 0
<eos> 0 1248 5 4.402688500704244e-05 0.0005242798360995948 3.081597807642538
<unk> 0 1249 5 3.8618621826171875 4.37847375869751 0
freeway 0 1250 7 12.874414443969727 1.9000216722488403 2.4784520864486694
was 0 1251 3 1.1032370328903198 4.6084723472595215 0
proposed 0 1252 8 7.788442134857178 6.122201442718506 0
for 0 1253 3 6.0297088623046875 3.8471713066101074 2.2750301361083984
<unk> 0 1254 5 2.988670587539673 5.242950916290283 0
<unk> 0 1255 5 0.37703824043273926 2.2736728191375732 2.96927809715271
around 0 1256 6 12.11453914642334 4.1355695724487305 0
<unk> 0 1257 5 0.66511070728302 2.05507493019104 2.0804946422576904
, 0 1258 1 1.7925188541412354 3.7662909030914307 0
running 0 1259 7 7.939998626708984 5.794755935668945 0
from 0 1260 4 3.2461423873901367 5.159572124481201 0.6351838111877441
the 0 1261 3 2.20586895942688 3.442108631134033 1.717463493347168
<unk> 0 1262 5 1.7511439323425293 5.902636528015137 0
<unk> 0 1263 5 3.4359381198883057 5.8464179039001465 0.056218624114990234
<unk> 0 1264 5 3.12338924407959 6.520529747009277 0
in 0 1265 2 6.426120758056641 6.198690414428711 0.3218393325805664
<unk> 0 1266 5 0.3250691890716553 1.7719428539276123 4.426747560501099
<unk> 0 1267 5 5.497528553009033 3.104978322982788 0
north 0 1268 5 6.686253547668457 2.866945743560791 0.23803257942199707
to 0 1269 2 0.26314711570739746 1.3006563186645508 1.5662894248962402
<unk> 0 1270 5 0.7724028825759888 3.155625104904175 0
<unk> 0 1271 5 1.567185640335083 4.301036357879639 0
in 0 1272 2 1.5222996473312378 4.032653331756592 0.2683830261230469
<unk> 0 1273 5 0.42338281869888306 2.125915288925171 1.906738042831421
<unk> 0 1274 5 5.341353416442871 3.5820040702819824 0
. 0 1275 1 1.016921043395996 3.3483927249908447 0.2336113452911377
<eos> 0 1276 5 1.651023922022432e-05 0.00020670834055636078 3.3481860166502884
<unk> 0 1277 5 3.765824317932129 4.6364569664001465 0
proposed 0 1278 8 9.337929725646973 2.1867775917053223 2.449679374694824
freeway 0 1279 7 11.435914993286133 4.543612957000732 0
was 0 1280 3 7.118359088897705 6.567863464355469 0
intended 0 1281 8 7.868979454040527 7.228463649749756 0
to 0 1282 2 0.4249787926673889 1.7249983549118042 5.503465294837952
provide 0 1283 7 5.718967914581299 5.850235939025879 0
economic 0 1284 8 12.475257873535156 4.8504815101623535 0.9997544288635254
development 0 1285 11 4.237269878387451 6.4989519119262695 0
to 0 1286 2 1.7211391925811768 4.329473495483398 2.169478416442871
the 0 1287 3 1.022399663925171 4.805144786834717 0
region 0 1288 6 7.8753814697265625 7.012938499450684 0
as 0 1289 2 4.546687126159668 4.652055740356445 2.3608827590942383
well 0 1290 4 3.512953519821167 4.069931983947754 0.5821237564086914
as 0 1291 2 0.21877841651439667 0.8355644345283508 3.234367549419403
provide 0 1292 7 10.683981895446777 7.2061448097229 0
a 0 1293 1 3.9373996257781982 6.723611354827881 0.48253345489501953
better 0 1294 6 9.98427677154541 7.626778602600098 0
route 0 1295 5 4.8235297203063965 7.540496826171875 0.08628177642822266
to 0 1296 2 1.5838942527770996 4.196047306060791 3.344449520111084
the 0 1297 3 1.3433151245117188 4.979714393615723 0
<unk> 0 1298 5 2.9102065563201904 6.6948676109313965 0
<unk> 0 1299 5 3.2884624004364014 6.838258743286133 0
resorts 0 1300 7 14.904693603515625 6.4650678634643555 0.37319087982177734
of 0 1301 2 5.888560771942139 4.063129425048828 2.4019384384155273
<unk> 0 1302 5 1.5262718200683594 3.535273313522339 0.5278561115264893
<unk> 0 1303 5 3.6481592655181885 3.1311097145080566 0.4041635990142822
<unk> 0 1304 5 2.7523250579833984 3.7943804264068604 0
for 0 1305 3 8.85954475402832 4.178689479827881 0
travelers 0 1306 9 11.149909973144531 7.163944721221924 0
from 0 1307 4 4.769564628601074 4.6757097244262695 2.4882349967956543
the 0 1308 3 1.7098073959350586 4.114433765411377 0.5612759590148926
<unk> 0 1309 5 1.7225947380065918 6.024381637573242 0
<unk> 0 1310 5 3.541783094406128 6.77951192855835 0
. 0 1311 1 4.563136100769043 6.574576377868652 0.20493555068969727
<eos> 0 1312 5 0.00031916447915136814 0.0030680017080157995 6.5715083761606365
<unk> 0 1313 5 4.054438591003418 5.362300872802734 0
, 0 1314 1 4.2690606117248535 5.866600513458252 0
this 0 1315 4 6.955422878265381 6.321497440338135 0
freeway 0 1316 7 7.572203636169434 6.953794002532959 0
was 0 1317 3 1.601296067237854 5.641815185546875 1.311978816986084
canceled 0 1318 8 9.452194213867188 7.598834037780762 0
by 0 1319 2 3.424074172973633 4.444235324859619 3.1545987129211426
the 0 1320 3 1.5149264335632324 3.460536479949951 0.983698844909668
mid 0 1321 3 5.2184834480285645 5.86098575592041 0
<unk> 0 1322 5 0.028805160894989967 0.26352638006210327 5.597459375858307
1970s 0 1323 5 2.7606518268585205 3.697956085205078 0
due 0 1324 3 6.175536632537842 4.057586193084717 0
to 0 1325 2 0.011799500323832035 0.10801741480827332 3.9495687782764435
financial 0 1326 9 5.8831329345703125 7.075173854827881 0
and 0 1327 3 10.328609466552734 2.62607741355896 4.449096441268921
environmental 0 1328 13 2.7409701347351074 4.735939979553223 0
concerns 0 1329 8 1.6247599124908447 3.3510847091674805 1.3848552703857422
as 0 1330 2 7.301717281341553 3.3718225955963135 0
well 0 1331 4 3.5236644744873047 5.531545162200928 0
as 0 1332 2 1.1366759538650513 1.7702224254608154 3.7613227367401123
lack 0 1333 4 9.188005447387695 7.620218753814697 0
of 0 1334 2 0.01044290792196989 0.09834698587656021 7.521871767938137
traffic 0 1335 7 6.304716110229492 7.426236152648926 0
along 0 1336 5 7.3257317543029785 4.707259654998779 2.7189764976501465
<unk> 0 1337 5 3.647413492202759 3.5350098609924316 1.1722497940063477
<unk> 0 1338 5 2.270298957824707 5.127738952636719 0
. 0 1339 1 1.6880083084106445 4.208242893218994 0.9194960594177246
<eos> 0 1340 5 0.00021461838332470506 0.0021669010166078806 4.206075992202386
<unk> 0 1341 5 4.024019718170166 5.334942817687988 0
<unk> 0 1342 5 1.4101874828338623 5.9933366775512695 0
<unk> 0 1343 5 3.0673861503601074 5.641117572784424 0.3522191047668457
, 0 1344 1 3.041555881500244 5.748855113983154 0
<unk> 0 1345 5 3.4511029720306396 4.678295612335205 1.0705595016479492
, 0 1346 1 3.0323140621185303 4.587769031524658 0.09052658081054688
construction 0 1347 12 12.48744010925293 6.145813465118408 0
began 0 1348 5 5.502687931060791 7.206294059753418 0
on 0 1349 2 1.8770543336868286 3.3134942054748535 3.8927998542785645
making 0 1350 6 18.72785186767578 1.5367072820663452 1.7767869234085083
the 0 1351 3 1.8834521770477295 5.754652976989746 0
interchange 0 1352 11 6.5157856941223145 7.383148193359375 0
with 0 1353 4 2.1252970695495605 5.752363681793213 1.630784511566162
the 0 1354 3 2.244178295135498 4.6463775634765625 1.1059861183166504
<unk> 0 1355 5 2.176914930343628 6.798529148101807 0
<unk> 0 1356 5 2.7820932865142822 6.527263164520264 0.27126598358154297
<unk> 0 1357 5 2.836111068725586 6.215791702270508 0.31147146224975586
a 0 1358 1 10.58004379272461 6.519832134246826 0
full 0 1359 4 10.190888404846191 6.828144550323486 0
interchange 0 1360 11 4.3291168212890625 5.988752365112305 0.8393921852111816
as 0 1361 2 6.512004852294922 3.715587615966797 2.273164749145508
part 0 1362 4 2.2287464141845703 4.68196964263916 0
of 0 1363 2 0.002168446546420455 0.022640250623226166 4.659329392015934
a 0 1364 1 2.034693717956543 3.1685450077056885 0
series 0 1365 6 7.258460521697998 7.200663089752197 0
of 0 1366 2 0.01710183173418045 0.1670660376548767 7.033597052097321
improvements 0 1367 12 4.63427209854126 7.397214412689209 0
set 0 1368 3 14.85139274597168 3.8355846405029297 3.5616297721862793
for 0 1369 3 4.805850028991699 4.139603137969971 0
the 0 1370 3 1.9482277631759644 6.41206693649292 0
<unk> 0 1371 5 2.709017038345337 7.160585403442383 0
<unk> 0 1372 5 2.927419900894165 6.361456871032715 0.799128532409668
<unk> 0 1373 5 3.3219096660614014 6.06507682800293 0.29638004302978516
. 0 1374 1 6.643483638763428 5.432040214538574 0.6330366134643555
<eos> 0 1375 5 4.402688500704244e-05 0.0005254832794889808 5.431514731259085
<unk> 0 1376 5 3.8872385025024414 4.993011474609375 0
project 0 1377 7 10.318036079406738 5.125729560852051 0
was 0 1378 3 2.331003189086914 7.071089744567871 0
completed 0 1379 9 2.494992256164551 7.145217418670654 0
on 0 1380 2 2.8637616634368896 3.269362449645996 3.875854969024658
<unk> 0 1381 5 0.1919381469488144 0.9394530653953552 2.329909384250641
<unk> 0 1382 5 0.02677973359823227 0.1711578518152237 0.7682952135801315
, 0 1383 1 0.2248982936143875 0.9558908939361572 0
<unk> 0 1384 5 0.025180969387292862 0.23382195830345154 0.7220689356327057
. 0 1385 1 1.6697864532470703 2.207308053970337 0
<eos> 0 1386 5 6.603982910746709e-05 0.0007768084178678691 2.206531245552469
= 0 1387 1 2.973275899887085 4.881656646728516 0
= 0 1388 1 0.08459074795246124 0.5268906950950623 4.354765951633453
<unk> 0 1389 5 4.893990516662598 4.205511093139648 0
intersections 0 1390 13 8.253485679626465 4.955258369445801 0
= 0 1391 1 0.06716680526733398 0.4838092625141144 4.471449106931686
= 0 1392 1 2.751719648586004e-06 4.815433931071311e-05 0.48376110817480367
<eos> 0 1393 5 20.401201248168945 3.754850387573242 0
=========================================================================================
| End of testing | test loss  2.44 | test ppl    11.43
=========================================================================================
