word sentid sentpos wlen surp entropy entred
= 0 0 1 5.583418369293213 6.484085559844971 0
<unk> 0 1 5 4.390162467956543 0.7552588582038879 5.728826701641083
<unk> 0 2 5 1.1133097410202026 5.448545932769775 0
<unk> 0 3 5 2.4918689727783203 3.1603407859802246 2.288205146789551
( 0 4 1 4.536679267883301 3.1421725749969482 0.018168210983276367
<unk> 0 5 5 0.8950706124305725 5.170201778411865 0
) 0 6 1 1.1481671333312988 3.3746848106384277 1.7955169677734375
= 0 7 1 0.007710323669016361 0.07644310593605042 3.2982417047023773
<eos> 0 8 5 20.15790367126465 2.043307304382324 0
<unk> 0 9 5 0.2745227515697479 2.122138738632202 0
<unk> 0 10 5 1.050631046295166 3.3397600650787354 0
<unk> 0 11 5 1.1553298234939575 2.8061509132385254 0.53360915184021
was 0 12 3 1.8880283832550049 2.6778321266174316 0.12831878662109375
the 0 13 3 2.163759231567383 2.104858160018921 0.5729739665985107
tenth 0 14 5 7.423036575317383 5.646175384521484 0
tropical 0 15 8 11.110214233398438 4.030026912689209 1.6161484718322754
storm 0 16 5 2.896751880645752 4.212378025054932 0
of 0 17 2 0.36244311928749084 1.6537830829620361 2.5585949420928955
the 0 18 3 0.17849040031433105 0.814319908618927 0.8394631743431091
<unk> 0 19 5 0.1618315428495407 1.115425705909729 0
<unk> 0 20 5 0.20590314269065857 1.2283018827438354 0
hurricane 0 21 9 9.18835163116455 2.250479221343994 0
season 0 22 6 1.5000381469726562 2.5173943042755127 0
. 0 23 1 0.659574031829834 1.9514046907424927 0.56598961353302
<eos> 0 24 5 5.503434294951148e-06 0.00010628136078594252 1.9512984093817067
<unk> 0 25 5 3.523108720779419 4.205930709838867 0
developed 0 26 9 5.077981948852539 3.3470568656921387 0.8588738441467285
out 0 27 3 7.666433334350586 4.459844589233398 0
of 0 28 2 0.009424754418432713 0.08837498724460602 4.371469601988792
a 0 29 1 1.2590038776397705 3.4421932697296143 0
strong 0 30 6 6.91579532623291 7.216330051422119 0
tropical 0 31 8 2.4628217220306396 6.684725761413574 0.5316042900085449
wave 0 32 4 1.2596174478530884 2.3771281242370605 4.307597637176514
which 0 33 5 10.038625717163086 4.287670135498047 0
moved 0 34 5 3.3598227500915527 5.9798665046691895 0
off 0 35 3 3.436744213104248 5.157846927642822 0.8220195770263672
the 0 36 3 0.4248136579990387 2.0863935947418213 3.071453332901001
<unk> 0 37 5 3.08650803565979 3.3443310260772705 0
coast 0 38 5 0.7095618844032288 2.7936248779296875 0.550706148147583
on 0 39 2 3.1526236534118652 4.185428142547607 0
<unk> 0 40 5 0.19450272619724274 0.9143021106719971 3.2711260318756104
<unk> 0 41 5 0.03744540736079216 0.2509373724460602 0.6633647382259369
. 0 42 1 1.297830581665039 2.5320286750793457 0
<eos> 0 43 5 0.0013537280028685927 0.011053352616727352 2.5209753224626184
<unk> 0 44 5 4.0437331199646 4.577835559844971 0
wave 0 45 4 17.669137954711914 6.134667873382568 0
quickly 0 46 7 7.071263313293457 7.018854141235352 0
became 0 47 6 4.363590717315674 5.08896017074585 1.929893970489502
organized 0 48 9 6.77543830871582 4.51563024520874 0.5733299255371094
and 0 49 3 3.360816240310669 3.9730145931243896 0.5426156520843506
was 0 50 3 4.843968391418457 7.22322940826416 0
declared 0 51 8 5.80277156829834 7.074358940124512 0.14887046813964844
<unk> 0 52 5 7.333629131317139 3.3183019161224365 3.756057024002075
<unk> 0 53 5 2.9428653717041016 4.762030601501465 0
<unk> 0 54 5 1.7820236682891846 4.875006675720215 0
while 0 55 5 8.126224517822266 4.388469219207764 0.48653745651245117
located 0 56 7 5.617918014526367 5.836501121520996 0
<unk> 0 57 5 3.1341705322265625 5.051023006439209 0.7854781150817871
mi 0 58 2 1.6425608396530151 2.149155616760254 2.901867389678955
( 0 59 1 0.015162009745836258 0.13292986154556274 2.016225755214691
<unk> 0 60 5 0.0001595910725882277 0.0022541345097124577 0.1306757270358503
km 0 61 2 0.37872785329818726 0.8303815126419067 0
) 0 62 1 0.00041820117621682584 0.004522925708442926 0.8258585869334638
to 0 63 2 6.770830154418945 3.3329129219055176 0
the 0 64 3 0.18260151147842407 0.8455485105514526 2.487364411354065
south 0 65 5 1.8336048126220703 2.8961315155029297 0
<unk> 0 66 5 3.7672483921051025 1.4772027730941772 1.4189287424087524
southeast 0 67 9 1.8415544033050537 2.6934566497802734 0
of 0 68 2 0.138692244887352 0.7395447492599487 1.9539119005203247
the 0 69 3 3.13053560256958 1.3157559633255005 0
<unk> 0 70 5 0.9511273503303528 3.8797028064727783 0
<unk> 0 71 5 3.4636728763580322 4.488840103149414 0
<unk> 0 72 5 2.7932748794555664 4.1726603507995605 0.3161797523498535
on 0 73 2 8.457762718200684 3.847069501876831 0.3255908489227295
<unk> 0 74 5 0.2646139860153198 1.2020636796951294 2.6450058221817017
<unk> 0 75 5 0.022277891635894775 0.15821735560894012 1.0438463240861893
. 0 76 1 0.1947615146636963 0.864761471748352 0
<eos> 0 77 5 0.0014088816242292523 0.011320597492158413 0.8534408742561936
<unk> 0 78 5 3.9786410331726074 5.044996738433838 0
depression 0 79 10 14.97879409790039 6.363154411315918 0
was 0 80 3 3.065685749053955 6.773521423339844 0
quickly 0 81 7 6.69041109085083 6.949831962585449 0
upgraded 0 82 8 4.333616256713867 7.210964202880859 0
to 0 83 2 0.7884951233863831 2.5820648670196533 4.628899335861206
<unk> 0 84 5 9.092480659484863 1.8214609622955322 0.7606039047241211
<unk> 0 85 5 2.8942697048187256 5.125926494598389 0
<unk> 0 86 5 2.1260247230529785 4.461581707000732 0.6643447875976562
around 0 87 6 11.65535831451416 5.903255462646484 0
noon 0 88 4 11.058828353881836 1.7785265445709229 4.1247289180755615
the 0 89 3 8.372756958007812 3.249833583831787 0
same 0 90 4 4.947646617889404 2.4165139198303223 0.8333196640014648
day 0 91 3 0.1429409235715866 0.8293268084526062 1.587187111377716
. 0 92 1 1.1043872833251953 2.496680498123169 0
<eos> 0 93 5 0.0010291209910064936 0.008613611571490765 2.488066886551678
<unk> 0 94 5 4.1933674812316895 5.191060543060303 0
the 0 95 3 10.760943412780762 6.347272872924805 0
next 0 96 4 2.9607555866241455 5.937263011932373 0.41000986099243164
several 0 97 7 12.8788423538208 1.0436031818389893 4.893659830093384
days 0 98 4 1.3283417224884033 3.8202383518218994 0
, 0 99 1 1.85454261302948 5.147393226623535 0
<unk> 0 100 5 3.0215506553649902 5.3730268478393555 0
moved 0 101 5 3.796130418777466 6.428616523742676 0
in 0 102 2 8.292275428771973 5.329809665679932 1.0988068580627441
a 0 103 1 3.1115293502807617 4.406411647796631 0.9233980178833008
general 0 104 7 8.486045837402344 7.701236724853516 0
west 0 105 4 9.422181129455566 5.869009971618652 1.8322267532348633
<unk> 0 106 5 0.43492621183395386 2.311453342437744 3.557556629180908
northwest 0 107 9 1.7277129888534546 4.187807083129883 0
direction 0 108 9 2.387599468231201 5.672513484954834 0
and 0 109 3 3.676870822906494 4.192076206207275 1.4804372787475586
reached 0 110 7 6.126441478729248 7.007331371307373 0
its 0 111 3 1.653097152709961 3.4732675552368164 3.5340638160705566
peak 0 112 4 0.18962672352790833 1.2507517337799072 2.222515821456909
intensity 0 113 9 0.24634526669979095 1.2297661304473877 0.02098560333251953
early 0 114 5 8.099960327148438 3.731105327606201 0
on 0 115 2 0.16707904636859894 0.8637841939926147 2.8673211336135864
<unk> 0 116 5 0.22865431010723114 0.9593807458877563 0
<unk> 0 117 5 0.021111125126481056 0.1352904736995697 0.8240902721881866
. 0 118 1 0.5194096565246582 1.9567466974258423 0
<eos> 0 119 5 0.001183271175250411 0.00974679458886385 1.9469999028369784
<unk> 0 120 5 3.9969594478607178 5.292942047119141 0
wind 0 121 4 11.169442176818848 6.256891250610352 0
shear 0 122 5 0.12776531279087067 0.9272075891494751 5.3296836614608765
, 0 123 1 3.2292699813842773 6.330417633056641 0
some 0 124 4 10.702617645263672 6.413707256317139 0
due 0 125 3 10.716864585876465 5.910593032836914 0.5031142234802246
to 0 126 2 0.04951174184679985 0.41016650199890137 5.500426530838013
the 0 127 3 1.2586915493011475 4.464383602142334 0
outflow 0 128 7 8.830381393432617 7.5947489738464355 0
of 0 129 2 0.9407534003257751 3.2974681854248047 4.297280788421631
<unk> 0 130 5 3.3121533393859863 2.9964120388031006 0.3010561466217041
<unk> 0 131 5 3.8376455307006836 3.6577930450439453 0
, 0 132 1 1.103143572807312 3.8984546661376953 0
and 0 133 3 4.061496734619141 6.66055154800415 0
dry 0 134 3 9.681447982788086 6.089046001434326 0.5715055465698242
air 0 135 3 0.7161964178085327 3.460530996322632 2.6285150051116943
caused 0 136 6 5.108278274536133 6.060519218444824 0
the 0 137 3 1.5912716388702393 4.686995983123779 1.373523235321045
storm 0 138 5 1.5127153396606445 4.737170696258545 0
to 0 139 2 0.10129638761281967 0.7621830701828003 3.9749876260757446
weaken 0 140 6 2.427921772003174 5.897266387939453 0
. 0 141 1 2.313648223876953 4.8243513107299805 1.0729150772094727
<eos> 0 142 5 0.00047339056618511677 0.004347870592027903 4.820003440137953
<unk> 0 143 5 3.9504690170288086 5.484714508056641 0
<unk> 0 144 5 4.967509746551514 6.3133440017700195 0
<unk> 0 145 5 2.7551991939544678 6.8937859535217285 0
, 0 146 1 3.2077434062957764 7.51597261428833 0
the 0 147 3 2.552089214324951 5.222951412200928 2.2930212020874023
combination 0 148 11 9.837246894836426 6.704000473022461 0
of 0 149 2 0.08420273661613464 0.7239975929260254 5.9800028800964355
wind 0 150 4 5.481806755065918 6.271742343902588 0
shear 0 151 5 0.07976145297288895 0.5677356719970703 5.704006671905518
, 0 152 1 2.2654242515563965 2.419710636138916 0
dry 0 153 3 5.706960678100586 7.296282768249512 0
air 0 154 3 0.9782813191413879 3.2664613723754883 4.029821395874023
, 0 155 1 0.8541429042816162 1.8975863456726074 1.3688750267028809
and 0 156 3 0.42368823289871216 2.591564655303955 0
cooling 0 157 7 11.415112495422363 7.13847017288208 0
waters 0 158 6 8.094120979309082 7.441455364227295 0
caused 0 159 6 3.808488368988037 6.275218963623047 1.166236400604248
<unk> 0 160 5 3.026369094848633 5.065799236297607 1.2094197273254395
to 0 161 2 0.26712900400161743 1.7259879112243652 3.339811325073242
weaken 0 162 6 2.940127372741699 6.227759838104248 0
into 0 163 4 4.258158206939697 4.615786552429199 1.6119732856750488
a 0 164 1 0.44952136278152466 1.7842411994934082 2.831545352935791
tropical 0 165 8 1.0979288816452026 3.7670540809631348 0
depression 0 166 10 2.1657211780548096 1.2862913608551025 2.4807627201080322
. 0 167 1 1.2549421787261963 3.6428139209747314 0
<eos> 0 168 5 0.00019811041420325637 0.0019716371316462755 3.640842283843085
<unk> 0 169 5 3.7102160453796387 5.4065704345703125 0
deteriorated 0 170 12 10.65046215057373 6.1894850730896 0
into 0 171 4 2.361987829208374 4.741167068481445 1.4483180046081543
a 0 172 1 0.319285124540329 1.3197557926177979 3.4214112758636475
remnant 0 173 7 3.364528179168701 3.8355391025543213 0
low 0 174 3 0.1499771624803543 0.895216703414917 2.9403223991394043
shortly 0 175 7 8.131903648376465 4.51854944229126 0
after 0 176 5 1.7641128301620483 1.897678017616272 2.620871424674988
as 0 177 2 8.089144706726074 5.62001895904541 0
convection 0 178 10 8.736844062805176 3.541193723678589 2.0788252353668213
continued 0 179 9 5.31056022644043 5.977366924285889 0
to 0 180 2 1.004909873008728 3.1082167625427246 2.869150161743164
dissipate 0 181 9 6.72196102142334 6.315354347229004 0
around 0 182 6 7.967697620391846 3.577455759048462 2.737898588180542
the 0 183 3 0.8557636737823486 2.194580554962158 1.3828752040863037
storm 0 184 5 5.579381465911865 4.883238315582275 0
. 0 185 1 1.2945506572723389 2.9902303218841553 1.8930079936981201
<eos> 0 186 5 0.0003961936163250357 0.0037210292648524046 2.986509292619303
<unk> 0 187 5 3.6868979930877686 5.448302268981934 0
low 0 188 3 15.644248962402344 6.060944557189941 0
ultimately 0 189 10 12.308746337890625 5.922098159790039 0.13884639739990234
dissipated 0 190 10 3.9604907035827637 6.401329040527344 0
while 0 191 5 5.509994029998779 4.878693580627441 1.5226354598999023
located 0 192 7 3.7824268341064453 5.883135795593262 0
<unk> 0 193 5 2.765866279602051 4.811202049255371 1.0719337463378906
mi 0 194 2 0.9216315746307373 1.9213926792144775 2.8898093700408936
( 0 195 1 0.011392263695597649 0.10389845818281174 1.8174942210316658
<unk> 0 196 5 0.00023387745022773743 0.0031179413199424744 0.10078051686286926
km 0 197 2 0.20620028674602509 0.6007055640220642 0
) 0 198 1 0.0006274282350204885 0.006441482808440924 0.5942640812136233
east 0 199 4 2.420046329498291 3.2697036266326904 0
of 0 200 2 0.5900572538375854 1.0733593702316284 2.196344256401062
<unk> 0 201 5 0.4626553952693939 1.5465952157974243 0
on 0 202 2 4.995186805725098 2.9031662940979004 0
<unk> 0 203 5 0.18915057182312012 0.8887099027633667 2.0144563913345337
<unk> 0 204 5 0.017451388761401176 0.13420209288597107 0.7545078098773956
. 0 205 1 0.3412686586380005 1.3594013452529907 0
<eos> 0 206 5 0.000968625012319535 0.008162038400769234 1.3512393068522215
<unk> 0 207 5 3.6117072105407715 5.425888538360596 0
, 0 208 1 5.499330997467041 6.435848236083984 0
the 0 209 3 2.785574197769165 5.891783714294434 0.5440645217895508
remnant 0 210 7 7.597461223602295 6.877588748931885 0
moisture 0 211 8 5.172526836395264 4.471851348876953 2.4057374000549316
led 0 212 3 11.718438148498535 5.126055717468262 0
to 0 213 2 0.9053001403808594 2.2837371826171875 2.842318534851074
minor 0 214 5 7.787543773651123 5.3371052742004395 0
flooding 0 215 8 2.96984601020813 5.524755477905273 0
on 0 216 2 5.565977573394775 3.6738362312316895 1.850919246673584
the 0 217 3 0.9966601729393005 2.7697746753692627 0.9040615558624268
island 0 218 6 1.2792152166366577 4.292699813842773 0
of 0 219 2 2.3629398345947266 2.6013569831848145 1.691342830657959
<unk> 0 220 5 0.13805395364761353 0.9233623147010803 1.6779946684837341
<unk> 0 221 5 5.339073657989502 2.809368371963501 0
. 0 222 1 2.8915841579437256 3.886354923248291 0
<eos> 0 223 5 0.0008254525018855929 0.007061495911329985 3.879293427336961
= 0 224 1 3.2085165977478027 5.857215404510498 0
= 0 225 1 0.08055666834115982 0.5046274662017822 5.352587938308716
<unk> 0 226 5 8.779287338256836 2.7563395500183105 0
history 0 227 7 9.243145942687988 4.293280124664307 0
= 0 228 1 0.08868247270584106 0.5333019495010376 3.759978175163269
= 0 229 1 8.255143256974407e-06 0.000136031856527552 0.53316591764451
<eos> 0 230 5 24.18405532836914 4.580197811126709 0
<unk> 0 231 5 2.037632465362549 5.138036727905273 0
<unk> 0 232 5 2.355429172515869 5.59160852432251 0
<unk> 0 233 5 1.5672558546066284 5.110697269439697 0.4809112548828125
formed 0 234 6 7.650864124298096 5.96091890335083 0
as 0 235 2 6.203683853149414 3.992546319961548 1.9683725833892822
a 0 236 1 1.0371242761611938 3.126563787460327 0.8659825325012207
tropical 0 237 8 1.0283187627792358 4.3244123458862305 0
wave 0 238 4 3.769796371459961 2.1898961067199707 2.1345162391662598
that 0 239 4 3.8186533451080322 4.6216630935668945 0
emerged 0 240 7 4.258196830749512 5.685032844543457 0
off 0 241 3 5.413133144378662 3.398305654525757 2.2867271900177
the 0 242 3 0.3740994334220886 1.4037237167358398 1.994581937789917
west 0 243 4 4.719528675079346 2.8072896003723145 0
coast 0 244 5 0.01821359433233738 0.1385418027639389 2.6687477976083755
of 0 245 2 0.007418797817081213 0.07030687481164932 0.06823492795228958
<unk> 0 246 5 0.31364133954048157 1.178421139717102 0
near 0 247 4 7.6416707038879395 2.727484941482544 0
the 0 248 3 2.020655870437622 1.8867658376693726 0.8407191038131714
end 0 249 3 5.002570629119873 4.7477922439575195 0
of 0 250 2 0.0017612307565286756 0.01814345456659794 4.729648789390922
<unk> 0 251 5 0.4608144462108612 1.2986901998519897 0
<unk> 0 252 5 1.209893822669983 2.290642499923706 0
. 0 253 1 0.41070830821990967 1.6643059253692627 0.6263365745544434
<eos> 0 254 5 0.00033016889938153327 0.003173027653247118 1.6611328977160156
<unk> 0 255 5 4.287684440612793 5.174195289611816 0
tracked 0 256 7 6.123257637023926 6.2388153076171875 0
south 0 257 5 5.715891361236572 5.426449775695801 0.8123655319213867
of 0 258 2 6.165580749511719 1.6520030498504639 3.774446725845337
<unk> 0 259 5 0.7033485174179077 1.9714161157608032 0
<unk> 0 260 5 2.9544363021850586 3.9771249294281006 0
and 0 261 3 3.4068620204925537 4.4083757400512695 0
slowly 0 262 6 8.07426643371582 6.716992378234863 0
developed 0 263 9 5.971820831298828 5.530726909637451 1.186265468597412
, 0 264 1 3.1604108810424805 5.192386150360107 0.33834075927734375
and 0 265 3 1.970699667930603 5.645759582519531 0
on 0 266 2 5.0015788078308105 7.014982223510742 0
<unk> 0 267 5 0.23672795295715332 1.0576210021972656 5.957361221313477
<unk> 0 268 5 0.012776262126863003 0.10274048149585724 0.9548805207014084
the 0 269 3 2.776333808898926 3.1504945755004883 0
disturbance 0 270 11 7.400025367736816 5.097444534301758 0
became 0 271 6 2.935460329055786 5.625415802001953 0
<unk> 0 272 5 6.227100849151611 5.013280868530273 0.6121349334716797
<unk> 0 273 5 2.9896390438079834 4.626140594482422 0.38714027404785156
<unk> 0 274 5 2.4916982650756836 4.617739200592041 0.00840139389038086
while 0 275 5 7.453213691711426 3.8903982639312744 0.7273409366607666
located 0 276 7 3.0347728729248047 6.227177619934082 0
south 0 277 5 6.130666732788086 4.755330562591553 1.4718470573425293
<unk> 0 278 5 5.84597110748291 0.28044822812080383 4.474882334470749
southeast 0 279 9 1.320978045463562 2.6338276863098145 0
of 0 280 2 0.4987057149410248 1.9194977283477783 0.7143299579620361
the 0 281 3 2.5634467601776123 1.8267245292663574 0.0927731990814209
<unk> 0 282 5 1.0069433450698853 4.044519424438477 0
<unk> 0 283 5 3.756279945373535 4.347790718078613 0
islands 0 284 7 3.8004753589630127 3.833831787109375 0.5139589309692383
. 0 285 1 0.3384398818016052 1.552868127822876 2.280963659286499
<eos> 0 286 5 0.0006549332174472511 0.005735898390412331 1.5471322294324636
<unk> 0 287 5 3.6300833225250244 5.378076553344727 0
the 0 288 3 12.092469215393066 6.321509838104248 0
depression 0 289 10 6.031859397888184 6.1800947189331055 0.14141511917114258
became 0 290 6 4.984533309936523 6.470497131347656 0
more 0 291 4 5.129246234893799 4.517649173736572 1.952847957611084
organized 0 292 9 2.243825912475586 5.644576072692871 0
, 0 293 1 2.6456544399261475 4.4281086921691895 1.2164673805236816
an 0 294 2 10.020694732666016 4.699642658233643 0
eye 0 295 3 2.6571402549743652 5.001489162445068 0
<unk> 0 296 5 4.405653476715088 7.103026390075684 0
like 0 297 4 5.709222793579102 7.005213737487793 0.09781265258789062
feature 0 298 7 4.288333892822266 7.864245891571045 0
developed 0 299 9 5.901858329772949 5.598188400268555 2.2660574913024902
in 0 300 2 2.749859571456909 4.743343830108643 0.8548445701599121
the 0 301 3 1.0742255449295044 3.052967071533203 1.6903767585754395
upper 0 302 5 6.479857921600342 6.249940395355225 0
levels 0 303 6 8.680476188659668 3.7323384284973145 2.51760196685791
of 0 304 2 0.6133066415786743 2.175459384918213 1.5568790435791016
the 0 305 3 1.097447395324707 3.060702323913574 0
system 0 306 6 3.8146109580993652 5.270796298980713 0
. 0 307 1 0.6459860801696777 2.3087499141693115 2.9620463848114014
<eos> 0 308 5 0.00037968772812746465 0.0035707526840269566 2.3051791614852846
<unk> 0 309 5 4.065825462341309 5.622379302978516 0
depression 0 310 10 12.539631843566895 6.512213230133057 0
was 0 311 3 3.672157049179077 6.997889995574951 0
upgraded 0 312 8 5.033264636993408 7.196197032928467 0
to 0 313 2 0.5860534906387329 2.417888879776001 4.778308153152466
<unk> 0 314 5 9.179901123046875 1.7193603515625 0.698528528213501
<unk> 0 315 5 2.7469329833984375 5.168021202087402 0
<unk> 0 316 5 1.857324481010437 4.4000678062438965 0.7679533958435059
six 0 317 3 12.789097785949707 5.736433029174805 0
hours 0 318 5 0.5807097554206848 1.8598158359527588 3.876617193222046
after 0 319 5 3.1047987937927246 1.3903533220291138 0.469462513923645
forming 0 320 7 6.629455089569092 4.434619903564453 0
. 0 321 1 2.4571807384490967 4.19703483581543 0.23758506774902344
<eos> 0 322 5 0.0004073693708050996 0.0037917019799351692 4.1932431338354945
<unk> 0 323 5 3.9911117553710938 5.432832717895508 0
was 0 324 3 3.8035519123077393 6.410065650939941 0
located 0 325 7 4.959964752197266 6.983893394470215 0
in 0 326 2 4.102725982666016 4.9485015869140625 2.0353918075561523
an 0 327 2 3.717039108276367 3.3506886959075928 1.5978128910064697
area 0 328 4 0.5170706510543823 2.758289337158203 0.5923993587493896
which 0 329 5 7.849830150604248 2.0696065425872803 0.6886827945709229
was 0 330 3 2.176462411880493 6.550926685333252 0
supportive 0 331 10 17.766496658325195 7.652118682861328 0
for 0 332 3 8.941702842712402 0.5703463554382324 7.081772327423096
rapid 0 333 5 9.883318901062012 5.232183456420898 0
intensification 0 334 15 1.021816372871399 4.220410346984863 1.0117731094360352
but 0 335 3 8.669946670532227 3.0398919582366943 1.180518388748169
was 0 336 3 3.1379830837249756 6.828613758087158 0
not 0 337 3 3.0610737800598145 7.474173545837402 0
forecast 0 338 8 7.752686023712158 8.230793952941895 0
to 0 339 2 0.18705661594867706 1.1438230276107788 7.086970925331116
intensify 0 340 9 3.677299976348877 6.712290287017822 0
quickly 0 341 7 7.607070446014404 4.495007514953613 2.217282772064209
. 0 342 1 0.7209320068359375 2.694549322128296 1.8004581928253174
<eos> 0 343 5 0.0005282339989207685 0.004763270728290081 2.689786051400006
<unk> 0 344 5 4.004703998565674 5.797654151916504 0
continued 0 345 9 3.9586360454559326 6.590697288513184 0
to 0 346 2 0.3882431983947754 2.2231624126434326 4.367534875869751
intensify 0 347 9 1.616868019104004 4.790914058685303 0
throughout 0 348 10 6.9459967613220215 4.438796043395996 0.35211801528930664
the 0 349 3 0.7135876417160034 2.258894443511963 2.179901599884033
afternoon 0 350 9 5.129824161529541 4.874029636383057 0
as 0 351 2 7.052342414855957 3.008484363555908 1.8655452728271484
the 0 352 3 2.9108312129974365 3.709829807281494 0
storm 0 353 5 1.901247501373291 4.514674186706543 0
became 0 354 6 4.906348705291748 5.527547836303711 0
more 0 355 4 2.9574906826019287 5.445915222167969 0.08163261413574219
symmetrical 0 356 11 5.217421054840088 6.159208297729492 0
. 0 357 1 2.097200393676758 3.339080333709717 2.8201279640197754
<eos> 0 358 5 0.00048422187683172524 0.004443201702088118 3.3346371320076287
<unk> 0 359 5 3.9955861568450928 5.720107078552246 0
, 0 360 1 6.424846649169922 6.354414463043213 0
due 0 361 3 8.92258358001709 6.248607158660889 0.10580730438232422
to 0 362 2 0.016292953863739967 0.14893780648708344 6.099669352173805
the 0 363 3 1.6528935432434082 4.91664981842041 0
location 0 364 8 8.575643539428711 7.779487133026123 0
of 0 365 2 0.2830504775047302 1.7077107429504395 6.071776390075684
the 0 366 3 0.9329991340637207 3.2129526138305664 0
storm 0 367 5 1.8434090614318848 4.969598770141602 0
, 0 368 1 0.5404025316238403 2.242793321609497 2.7268054485321045
there 0 369 5 13.350963592529297 6.8033366203308105 0
was 0 370 3 0.6960922479629517 2.453155994415283 4.350180625915527
a 0 371 1 1.4897716045379639 3.763658046722412 0
lack 0 372 4 5.005931854248047 7.8523149490356445 0
of 0 373 2 0.004920107778161764 0.050191592425107956 7.802123356610537
accurate 0 374 8 9.21580696105957 7.897737503051758 0
wind 0 375 4 4.925400257110596 7.5929365158081055 0.30480098724365234
speed 0 376 5 5.090953350067139 2.5881762504577637 5.004760265350342
readings 0 377 8 11.699183464050293 4.844568729400635 0
, 0 378 1 2.5683557987213135 4.249167442321777 0.5954012870788574
and 0 379 3 1.6741700172424316 5.186953544616699 0
the 0 380 3 2.0473544597625732 6.413926601409912 0
<unk> 0 381 5 2.4566566944122314 6.1520161628723145 0.26191043853759766
<unk> 0 382 5 4.334587574005127 6.988625526428223 0
<unk> 0 383 5 1.9627952575683594 6.752002239227295 0.23662328720092773
was 0 384 3 7.238509178161621 8.029679298400879 0
uncertain 0 385 9 10.842020034790039 7.692152500152588 0.337526798248291
of 0 386 2 8.80477523803711 4.004229545593262 3.687922954559326
its 0 387 3 3.5191006660461426 4.598078727722168 0
actual 0 388 6 8.931139945983887 6.381146430969238 0
intensity 0 389 9 2.5755763053894043 5.834298133850098 0.5468482971191406
. 0 390 1 0.6775868535041809 2.653738260269165 3.1805598735809326
<eos> 0 391 5 0.000798122666310519 0.006855767220258713 2.6468824930489063
<unk> 0 392 5 4.0242838859558105 5.763655185699463 0
the 0 393 3 11.655707359313965 6.638421058654785 0
lack 0 394 4 11.420783042907715 6.390510559082031 0.2479104995727539
of 0 395 2 0.01271301694214344 0.12637552618980408 6.264135032892227
wind 0 396 4 5.053933143615723 7.200850486755371 0
shear 0 397 5 0.37372252345085144 2.4452807903289795 4.755569696426392
around 0 398 6 8.810334205627441 6.445243835449219 0
the 0 399 3 0.7565888166427612 2.3993513584136963 4.0458924770355225
storm 0 400 5 3.2927989959716797 5.092707633972168 0
, 0 401 1 6.401971817016602 6.127684116363525 0
the 0 402 3 3.9717798233032227 6.33828592300415 0
center 0 403 6 6.338643550872803 6.6420722007751465 0
became 0 404 6 7.121211528778076 4.783638000488281 1.8584342002868652
slightly 0 405 8 7.967796802520752 6.662170886993408 0
exposed 0 406 7 7.986392974853516 5.128857612609863 1.533313274383545
and 0 407 3 3.2355029582977295 3.856159210205078 1.2726984024047852
ceased 0 408 6 13.285787582397461 7.196932315826416 0
further 0 409 7 9.443613052368164 2.0295403003692627 5.167392015457153
intensification 0 410 15 4.448976516723633 5.083179950714111 0
. 0 411 1 0.9496056437492371 3.2301266193389893 1.853053331375122
<eos> 0 412 5 0.0008089515031315386 0.006959833204746246 3.223166786134243
<unk> 0 413 5 4.034075736999512 5.725448131561279 0
storm 0 414 5 14.213964462280273 6.394914627075195 0
was 0 415 3 4.042519569396973 7.123174667358398 0
also 0 416 4 6.125124931335449 7.1456217765808105 0
heading 0 417 7 11.863829612731934 7.369575023651123 0
into 0 418 4 3.4700071811676025 4.785828113555908 2.583746910095215
an 0 419 2 5.568052291870117 2.9138338565826416 1.8719942569732666
area 0 420 4 1.5741419792175293 5.042083263397217 0
where 0 421 5 6.673741340637207 1.8722882270812988 3.169795036315918
shear 0 422 5 9.384864807128906 4.919529914855957 0
was 0 423 3 3.1463193893432617 6.667190074920654 0
<unk> 0 424 5 7.603823661804199 8.428653717041016 0
to 0 425 2 3.5025904178619385 4.812630653381348 3.616023063659668
significantly 0 426 13 12.53276252746582 4.593085289001465 0.2195453643798828
increase 0 427 8 2.541149616241455 5.486982822418213 0
due 0 428 3 6.826329708099365 4.7587690353393555 0.7282137870788574
to 0 429 2 0.006890342570841312 0.07020465284585953 4.688564382493496
an 0 430 2 5.061715126037598 5.406269550323486 0
upper 0 431 5 4.451249599456787 4.9696736335754395 0.4365959167480469
<unk> 0 432 5 0.83958899974823 2.5108840465545654 2.458789587020874
level 0 433 5 0.030090032145380974 0.22470049560070038 2.286183550953865
trough 0 434 6 1.3943390846252441 3.912944793701172 0
diving 0 435 6 22.169353485107422 4.522040367126465 0
southward 0 436 9 9.511222839355469 5.3628997802734375 0
. 0 437 1 0.8828874230384827 3.260516881942749 2.1023828983306885
<eos> 0 438 5 0.000412699329899624 0.0038664876483380795 3.256650394294411
<unk> 0 439 5 4.125929832458496 5.78709602355957 0
convection 0 440 10 10.81887149810791 6.466188430786133 0
being 0 441 5 13.477104187011719 6.510422706604004 0
partially 0 442 9 9.13510799407959 7.975385665893555 0
removed 0 443 7 7.275343418121338 7.4671950340271 0.5081906318664551
from 0 444 4 1.028002142906189 3.1889841556549072 4.278210878372192
the 0 445 3 0.4654318690299988 2.3455748558044434 0.8434092998504639
center 0 446 6 2.871259927749634 5.066415309906006 0
of 0 447 2 1.7269287109375 4.202455520629883 0.863959789276123
<unk> 0 448 5 3.0937917232513428 2.0902559757232666 2.112199544906616
, 0 449 1 1.8801418542861938 4.468801021575928 0
the 0 450 3 4.771005153656006 4.910305023193359 0
storm 0 451 5 4.678416728973389 6.537595272064209 0
intensified 0 452 11 6.9249420166015625 6.907338619232178 0
slightly 0 453 8 4.693703651428223 3.5811052322387695 3.326233386993408
in 0 454 2 5.188581943511963 5.008904933929443 0
the 0 455 3 1.4535340070724487 4.328030109405518 0.6808748245239258
early 0 456 5 4.98362398147583 6.321002960205078 0
morning 0 457 7 3.0253095626831055 3.257857322692871 3.063145637512207
hours 0 458 5 1.6690654754638672 2.9932122230529785 0.2646450996398926
on 0 459 2 7.446019172668457 2.4575788974761963 0.5356333255767822
<unk> 0 460 5 0.4011845886707306 1.62195885181427 0.8356200456619263
<unk> 0 461 5 0.024916786700487137 0.17642991244792938 1.4455289393663406
as 0 462 2 6.059020519256592 2.3055641651153564 0
thunderstorm 0 463 12 13.759305953979492 3.314298391342163 0
activity 0 464 8 0.16770371794700623 1.175012469291687 2.139285922050476
to 0 465 2 9.054340362548828 6.218540668487549 0
the 0 466 3 0.521539568901062 2.877150774002075 3.3413898944854736
south 0 467 5 2.425511360168457 3.013834238052368 0
of 0 468 2 2.105637311935425 4.731196880340576 0
the 0 469 3 0.9389124512672424 2.046882390975952 2.684314489364624
center 0 470 6 3.8710598945617676 5.5391082763671875 0
became 0 471 6 4.129647254943848 4.747879505157471 0.7912287712097168
more 0 472 4 3.3175811767578125 6.624966621398926 0
organized 0 473 9 4.4916157722473145 6.3905720710754395 0.23439455032348633
. 0 474 1 0.5842704772949219 2.3017752170562744 4.088796854019165
<eos> 0 475 5 0.00025863872724585235 0.002532112877815962 2.2992431041784585
<unk> 0 476 5 4.143884658813477 5.718596458435059 0
intensification 0 477 15 12.812257766723633 6.300356388092041 0
was 0 478 3 3.4321861267089844 6.329775333404541 0
forecast 0 479 8 5.419470310211182 7.518917560577393 0
to 0 480 2 0.37027180194854736 1.8491374254226685 5.669780135154724
be 0 481 2 3.0208628177642822 6.347959518432617 0
short 0 482 5 10.80363655090332 7.7631001472473145 0
in 0 483 2 6.725449085235596 4.535861015319824 3.2272391319274902
duration 0 484 8 10.743103981018066 5.190053462982178 0
as 0 485 2 5.474372863769531 3.1531362533569336 2.036917209625244
the 0 486 3 2.5541515350341797 4.80610990524292 0
trough 0 487 6 9.875869750976562 5.39520788192749 0
to 0 488 2 9.830605506896973 6.5782036781311035 0
the 0 489 3 0.6167573928833008 3.1185381412506104 3.459665536880493
north 0 490 5 1.9113738536834717 3.014517068862915 0.10402107238769531
was 0 491 3 3.07816743850708 5.551423072814941 0
deepening 0 492 9 14.303406715393066 8.27560806274414 0
, 0 493 1 2.508849859237671 4.372063636779785 3.9035444259643555
causing 0 494 7 6.225284576416016 4.602330684661865 0
the 0 495 3 2.2455403804779053 5.439599514007568 0
wind 0 496 4 8.051820755004883 5.23099422454834 0.20860528945922852
shear 0 497 5 3.189854383468628 2.2044787406921387 3.026515483856201
to 0 498 2 0.630584716796875 3.41542649269104 0
the 0 499 3 7.559179782867432 5.558333396911621 0
west 0 500 4 4.797820568084717 6.3002142906188965 0
to 0 501 2 4.287571430206299 3.5112295150756836 2.788984775543213
become 0 502 6 3.1452298164367676 6.246608734130859 0
stronger 0 503 8 7.396888732910156 4.198436260223389 2.0481724739074707
. 0 504 1 0.9117612838745117 3.0863044261932373 1.1121318340301514
<eos> 0 505 5 0.00014858535723760724 0.0015659118071198463 3.0847385143861175
<unk> 0 506 5 4.373427867889404 5.702906131744385 0
reached 0 507 7 6.625507831573486 6.328721046447754 0
its 0 508 3 1.4352213144302368 3.5109639167785645 2.8177571296691895
peak 0 509 4 0.14322982728481293 0.9088264107704163 2.602137506008148
intensity 0 510 9 0.17731550335884094 0.9266006946563721 0
of 0 511 2 2.246764898300171 3.520805835723877 0
<unk> 0 512 5 0.04513655975461006 0.36019471287727356 3.1606111228466034
mph 0 513 3 0.585456371307373 1.5596566200256348 0
( 0 514 1 0.0027709014248102903 0.026280447840690613 1.5333761721849442
<unk> 0 515 5 0.00023387745022773743 0.0032806198578327894 0.022999827982857823
km 0 516 2 0.0036158717703074217 0.02904604561626911 0
/ 0 517 1 1.1006847671524156e-05 0.0001489292917540297 0.028897116324515082
h 0 518 1 1.651023922022432e-05 0.00023972390044946223 0
) 0 519 1 0.0014006345300003886 0.013015065342187881 0
around 0 520 6 9.40176010131836 4.321741104125977 0
<unk> 0 521 5 0.3531121015548706 1.4140613079071045 2.907679796218872
a.m. 0 522 4 10.073331832885742 1.5633289813995361 0
( 0 523 1 4.972521781921387 3.5839364528656006 0
<unk> 0 524 5 0.02476278506219387 0.2414793074131012 3.3424571454524994
) 0 525 1 2.675469398498535 2.3991026878356934 0
as 0 526 2 6.6986403465271 3.3747730255126953 0
it 0 527 2 2.5080904960632324 3.941983699798584 0
continued 0 528 9 7.370840549468994 4.953293800354004 0
to 0 529 2 0.5039146542549133 2.621504545211792 2.331789255142212
become 0 530 6 8.262197494506836 5.263851165771484 0
more 0 531 4 4.305542945861816 4.553393363952637 0.7104578018188477
organized 0 532 9 3.2285821437835693 6.584503173828125 0
. 0 533 1 2.0123867988586426 4.158769607543945 2.4257335662841797
<eos> 0 534 5 0.0003026577178388834 0.002917142119258642 4.155852465424687
<unk> 0 535 5 4.210039138793945 5.6465654373168945 0
, 0 536 1 7.122206211090088 6.207676410675049 0
there 0 537 5 10.370110511779785 6.090571880340576 0.11710453033447266
were 0 538 4 2.182894468307495 2.8254897594451904 3.2650821208953857
indications 0 539 11 8.131038665771484 6.171970367431641 0
that 0 540 4 0.8432459831237793 1.5023577213287354 4.669612646102905
it 0 541 2 3.7376480102539062 4.356649398803711 0
had 0 542 3 2.183183431625366 3.800072193145752 0.556577205657959
already 0 543 7 5.973147392272949 6.686582088470459 0
begun 0 544 5 4.5184712409973145 6.301537990570068 0.3850440979003906
to 0 545 2 0.7931592464447021 3.645564079284668 2.6559739112854004
weaken 0 546 6 2.6225357055664062 6.367749214172363 0
. 0 547 1 2.4113755226135254 4.825584411621094 1.5421648025512695
<eos> 0 548 5 0.0007539468933828175 0.0065628704614937305 4.8190215411596
<unk> 0 549 5 4.159037113189697 5.678461074829102 0
towards 0 550 7 13.005182266235352 6.379401683807373 0
the 0 551 3 0.9156328439712524 3.0859363079071045 3.2934653759002686
north 0 552 5 3.6708996295928955 5.64035177230835 0
was 0 553 3 6.995486736297607 2.9963557720184326 2.643996000289917
becoming 0 554 8 10.757039070129395 7.088614463806152 0
restricted 0 555 10 13.20447063446045 5.06063985824585 2.0279746055603027
and 0 556 3 4.7414984703063965 3.162203073501587 1.8984367847442627
arc 0 557 3 27.749046325683594 7.583075523376465 0
clouds 0 558 6 12.263187408447266 6.8090739250183105 0.7740015983581543
began 0 559 5 3.702237606048584 6.960205078125 0
emanating 0 560 9 18.480175018310547 2.6754491329193115 4.2847559452056885
from 0 561 4 0.3519783318042755 1.779259204864502 0.8961899280548096
the 0 562 3 0.40584054589271545 2.199918031692505 0
storm 0 563 5 2.6622776985168457 5.63405704498291 0
, 0 564 1 2.6675968170166016 3.8415799140930176 1.7924771308898926
a 0 565 1 7.4382429122924805 5.494133472442627 0
sign 0 566 4 10.59237003326416 8.209516525268555 0
that 0 567 4 1.2573142051696777 4.009428977966309 4.200087547302246
dry 0 568 3 10.340415954589844 6.874658584594727 0
air 0 569 3 1.260530948638916 4.787163257598877 2.0874953269958496
was 0 570 3 2.878389596939087 6.825716972351074 0
entering 0 571 8 9.763049125671387 8.35455322265625 0
the 0 572 3 0.9923729300498962 3.9299843311309814 4.4245688915252686
system 0 573 6 3.975553512573242 6.370266437530518 0
. 0 574 1 0.7606531381607056 3.242445945739746 3.1278204917907715
<eos> 0 575 5 0.0011612753150984645 0.00955784972757101 3.232888096012175
<unk> 0 576 5 3.9705193042755127 5.601871013641357 0
the 0 577 3 11.606011390686035 6.382565021514893 0
afternoon 0 578 9 11.977804183959961 6.347124099731445 0.035440921783447266
hours 0 579 5 6.7031474113464355 5.889819622039795 0.4573044776916504
, 0 580 1 5.118610858917236 4.714028835296631 1.175790786743164
the 0 581 3 2.607691764831543 6.333558082580566 0
structure 0 582 9 8.850679397583008 6.460628509521484 0
of 0 583 2 2.290489673614502 5.914794921875 0.5458335876464844
<unk> 0 584 5 2.84446382522583 2.672802686691284 3.241992235183716
began 0 585 5 4.374964714050293 6.3547282218933105 0
to 0 586 2 0.3901804983615875 2.327751874923706 4.0269763469696045
rapidly 0 587 7 5.461811065673828 6.252349376678467 0
deteriorate 0 588 11 4.274209022521973 3.913698434829712 2.338650941848755
as 0 589 2 4.47127103805542 3.654391288757324 0.2593071460723877
strong 0 590 6 10.62977123260498 2.5686943531036377 1.0856969356536865
wind 0 591 4 3.393465280532837 4.642413139343262 0
shear 0 592 5 0.0032222773879766464 0.03306720778346062 4.609345931559801
and 0 593 3 3.8441011905670166 6.306522369384766 0
dry 0 594 3 5.351359844207764 7.040355682373047 0
air 0 595 3 0.2704474627971649 1.8143526315689087 5.226003050804138
took 0 596 4 9.225074768066406 6.726042747497559 0
their 0 597 5 10.684016227722168 3.5323171615600586 3.1937255859375
toll 0 598 4 0.40909579396247864 2.576683282852173 0.9556338787078857
. 0 599 1 2.256464719772339 3.141275405883789 0
<eos> 0 600 5 0.0010291209910064936 0.008677548728883266 3.132597857154906
<unk> 0 601 5 3.8710997104644775 5.695050239562988 0
the 0 602 3 12.020689964294434 6.286484718322754 0
late 0 603 4 13.322142601013184 6.531087875366211 0
night 0 604 5 7.231401443481445 5.757552623748779 0.7735352516174316
, 0 605 1 4.151236057281494 6.276379585266113 0
the 0 606 3 3.0962188243865967 7.195637226104736 0
center 0 607 6 5.25848913192749 6.505875110626221 0.6897621154785156
was 0 608 3 3.983990430831909 3.734469413757324 2.7714056968688965
almost 0 609 6 7.988032817840576 8.245420455932617 0
completely 0 610 10 2.5216386318206787 6.308165073394775 1.9372553825378418
exposed 0 611 7 4.492956161499023 6.926982402801514 0
and 0 612 3 3.5422868728637695 3.8054168224334717 3.121565580368042
only 0 613 4 9.267030715942383 7.036505222320557 0
a 0 614 1 3.281007766723633 7.155109882354736 0
band 0 615 4 14.774194717407227 6.318419456481934 0.8366904258728027
of 0 616 2 1.3480467796325684 5.7500410079956055 0.5683784484863281
convection 0 617 10 2.8967766761779785 5.863641738891602 0
persisted 0 618 9 3.9413249492645264 6.860092639923096 0
near 0 619 4 7.089928150177002 4.1666154861450195 2.693477153778076
the 0 620 3 0.7373267412185669 2.5241000652313232 1.6425154209136963
center 0 621 6 1.5493049621582031 5.365297317504883 0
. 0 622 1 1.1203171014785767 2.552725315093994 2.8125720024108887
<eos> 0 623 5 0.0012492568930611014 0.010254225693643093 2.542471089400351
<unk> 0 624 5 3.944803237915039 5.660043716430664 0
continuing 0 625 10 16.213590621948242 6.396172523498535 0
effects 0 626 7 17.108205795288086 3.7425320148468018 2.6536405086517334
from 0 627 4 5.030440330505371 4.670324325561523 0
the 0 628 3 1.099547028541565 3.7962281703948975 0.874096155166626
strong 0 629 6 9.034290313720703 6.12375020980835 0
wind 0 630 4 3.322232961654663 5.790663242340088 0.3330869674682617
shear 0 631 5 0.25671085715293884 1.7129567861557007 4.077706456184387
, 0 632 1 3.1645936965942383 6.5691399574279785 0
a 0 633 1 5.073605060577393 6.224107265472412 0.3450326919555664
large 0 634 5 4.619024753570557 7.855668544769287 0
, 0 635 1 3.7273099422454834 6.725650310516357 1.1300182342529297
deep 0 636 4 5.321774959564209 7.507752895355225 0
burst 0 637 5 11.323402404785156 5.345092296600342 2.162660598754883
of 0 638 2 1.6435432434082031 5.689849853515625 0
convection 0 639 10 1.7806644439697266 5.369869232177734 0.3199806213378906
formed 0 640 6 6.032722473144531 6.5512518882751465 0
in 0 641 2 3.3046562671661377 5.706960678100586 0.8442912101745605
the 0 642 3 0.5372434854507446 2.764139413833618 2.9428212642669678
northern 0 643 8 5.901481628417969 5.782547950744629 0
semicircle 0 644 10 3.587759017944336 4.767870903015137 1.0146770477294922
of 0 645 2 0.9008947014808655 2.719311475753784 2.0485594272613525
<unk> 0 646 5 2.9255623817443848 1.7012830972671509 1.0180283784866333
. 0 647 1 1.5151231288909912 3.528149127960205 0
<eos> 0 648 5 0.0004403803322929889 0.004110543057322502 3.5240385849028826
<unk> 0 649 5 3.8225016593933105 5.687853813171387 0
center 0 650 6 12.032163619995117 6.4289140701293945 0
was 0 651 3 4.182333469390869 7.28900671005249 0
found 0 652 5 8.852652549743652 7.410524368286133 0
to 0 653 2 1.7860000133514404 5.290772914886475 2.119751453399658
have 0 654 4 0.5392000079154968 1.5458400249481201 3.7449328899383545
shifted 0 655 7 10.288431167602539 6.268642902374268 0
towards 0 656 7 7.110907554626465 5.861519813537598 0.4071230888366699
the 0 657 3 0.644808292388916 2.661381244659424 3.200138568878174
new 0 658 3 11.202567100524902 4.82932710647583 0
convection 0 659 10 7.972053527832031 3.6829917430877686 1.1463353633880615
leading 0 660 7 15.143239974975586 4.580763816833496 0
to 0 661 2 0.593285083770752 2.7385518550872803 1.8422119617462158
an 0 662 2 4.894815921783447 4.944015979766846 0
increase 0 663 8 2.9547197818756104 6.017022132873535 0
in 0 664 2 0.4951917827129364 2.2074029445648193 3.809619188308716
intensity 0 665 9 5.110146522521973 5.526003360748291 0
. 0 666 1 1.3806877136230469 3.428743362426758 2.097259998321533
<eos> 0 667 5 0.0004073693708050996 0.0037997637409716845 3.424943598685786
<unk> 0 668 5 4.104337215423584 5.856629848480225 0
forecast 0 669 8 10.921998023986816 6.563138008117676 0
showed 0 670 6 11.732722282409668 6.460788249969482 0.10234975814819336
a 0 671 1 3.610050678253174 4.533195972442627 1.9275922775268555
slight 0 672 6 4.471771717071533 7.45366907119751 0
decrease 0 673 8 3.178638458251953 4.619905948638916 2.8337631225585938
in 0 674 2 0.2828412652015686 1.411258578300476 3.20864737033844
wind 0 675 4 2.882411241531372 5.351893901824951 0
shear 0 676 5 0.03821052238345146 0.29776445031166077 5.05412945151329
as 0 677 2 5.989240646362305 3.8828186988830566 0
<unk> 0 678 5 5.348132133483887 3.969477891921997 0
continued 0 679 9 6.102907657623291 5.871541500091553 0
westward 0 680 8 6.001985549926758 2.200828790664673 3.67071270942688
and 0 681 3 3.1133346557617188 3.6478357315063477 0
no 0 682 2 10.90712833404541 7.453113079071045 0
change 0 683 6 9.005719184875488 6.02787446975708 1.4252386093139648
in 0 684 2 4.672738552093506 5.342930793762207 0.684943675994873
intensity 0 685 9 5.054030895233154 5.712510585784912 0
over 0 686 4 8.12999153137207 5.9058051109313965 0
the 0 687 3 0.6571030616760254 3.2052361965179443 2.700568914413452
<unk> 0 688 5 2.5081934928894043 6.262951374053955 0
<unk> 0 689 5 3.91383957862854 6.762521743774414 0
day 0 690 3 11.221394538879395 6.608463764190674 0.15405797958374023
forecast 0 691 8 6.947429180145264 6.1501078605651855 0.4583559036254883
was 0 692 3 3.085623264312744 5.248429775238037 0.9016780853271484
predicted 0 693 9 5.426137924194336 8.061755180358887 0
. 0 694 1 1.5505790710449219 2.4723262786865234 5.589428901672363
<eos> 0 695 5 0.0016346286283805966 0.01296955719590187 2.4593567214906216
<unk> 0 696 5 3.9266459941864014 5.741916179656982 0
, 0 697 1 6.693380355834961 6.639947414398193 0
the 0 698 3 2.489928960800171 6.049798011779785 0.5901494026184082
convection 0 699 10 5.871516704559326 6.70962381362915 0
decreased 0 700 9 6.868018627166748 7.118977069854736 0
once 0 701 4 8.175640106201172 5.480251312255859 1.638725757598877
more 0 702 4 2.106294870376587 3.9706437587738037 1.5096075534820557
and 0 703 3 4.591477394104004 3.845500946044922 0.12514281272888184
the 0 704 3 1.879338264465332 6.164740085601807 0
low 0 705 3 5.885656356811523 5.50335168838501 0.6613883972167969
became 0 706 6 6.097296714782715 5.981762886047363 0
completely 0 707 10 10.414105415344238 5.799314022064209 0.1824488639831543
exposed 0 708 7 4.984009265899658 6.081116199493408 0
by 0 709 2 3.586129903793335 3.7412893772125244 2.339826822280884
the 0 710 3 1.4982593059539795 4.761929035186768 0
late 0 711 4 10.454002380371094 6.894406318664551 0
morning 0 712 7 5.6535115242004395 4.435438632965088 2.458967685699463
hours 0 713 5 3.696962356567383 4.667516708374023 0
and 0 714 3 5.317747592926025 2.7255148887634277 1.9420018196105957
<unk> 0 715 5 2.703704833984375 6.057650089263916 0
weakened 0 716 8 5.474780082702637 7.455772399902344 0
again 0 717 5 6.752143383026123 4.118142604827881 3.337629795074463
. 0 718 1 0.8892879486083984 3.2281088829040527 0.8900337219238281
<eos> 0 719 5 0.00026414115563966334 0.0026157191023230553 3.2254931638017297
<unk> 0 720 5 3.8992180824279785 5.742292881011963 0
the 0 721 3 11.524832725524902 6.403689861297607 0
afternoon 0 722 9 12.758784294128418 6.195358753204346 0.20833110809326172
, 0 723 1 6.054426193237305 6.0888800621032715 0.10647869110107422
the 0 724 3 3.2679193019866943 6.8914265632629395 0
center 0 725 6 4.734965801239014 6.445796012878418 0.4456305503845215
of 0 726 2 0.837731659412384 4.165213584899902 2.2805824279785156
<unk> 0 727 5 2.667069911956787 2.995871067047119 1.1693425178527832
was 0 728 3 3.8072266578674316 6.214098930358887 0
only 0 729 4 8.202507972717285 7.811622619628906 0
a 0 730 1 3.311915397644043 7.176366806030273 0.6352558135986328
swirl 0 731 5 10.188319206237793 6.531302452087402 0.6450643539428711
of 0 732 2 0.03505680710077286 0.3095209002494812 6.221781551837921
clouds 0 733 6 5.034661293029785 4.848381042480469 0
, 0 734 1 1.686783790588379 4.725890159606934 0.12249088287353516
devoid 0 735 6 10.50002670288086 4.654215335845947 0.07167482376098633
of 0 736 2 0.030789026990532875 0.2832414209842682 4.370973914861679
convection 0 737 10 1.0381972789764404 4.677060604095459 0
. 0 738 1 1.8649495840072632 3.9383766651153564 0.7386839389801025
<eos> 0 739 5 0.00025313624064438045 0.002497089561074972 3.9358795755542815
<unk> 0 740 5 4.103751182556152 5.8027024269104 0
the 0 741 3 11.023698806762695 6.619899749755859 0
overnight 0 742 9 14.92054557800293 6.30047607421875 0.3194236755371094
hours 0 743 5 8.359030723571777 7.200189113616943 0
on 0 744 2 5.955994606018066 5.470205783843994 1.7299833297729492
<unk> 0 745 5 0.5128276348114014 1.858215093612671 3.6119906902313232
<unk> 0 746 5 0.08739760518074036 0.6779482960700989 1.180266797542572
into 0 747 4 8.868704795837402 6.280158519744873 0
the 0 748 3 0.9789801836013794 3.293626070022583 2.98653244972229
morning 0 749 7 8.63074016571045 6.705623626708984 0
of 0 750 2 0.7600752711296082 3.1712779998779297 3.5343456268310547
<unk> 0 751 5 0.16924746334552765 0.9311476945877075 2.240130305290222
<unk> 0 752 5 0.0741644948720932 0.5163290500640869 0.4148186445236206
, 0 753 1 0.839536726474762 3.1189494132995605 0
convection 0 754 10 12.837343215942383 5.642960548400879 0
associated 0 755 10 6.609749794006348 6.5888543128967285 0
with 0 756 4 0.017842140048742294 0.174067422747612 6.4147868901491165
<unk> 0 757 5 2.626147508621216 3.522118091583252 0
began 0 758 5 4.108547210693359 6.681098937988281 0
to 0 759 2 0.45941922068595886 2.5916409492492676 4.089457988739014
redevelop 0 760 9 8.54552173614502 6.55418586730957 0
somewhat 0 761 8 10.088519096374512 4.570585250854492 1.9836006164550781
, 0 762 1 2.797766923904419 4.782017707824707 0
mostly 0 763 6 13.6293306350708 5.183056831359863 0
to 0 764 2 4.32774543762207 6.234216690063477 0
the 0 765 3 0.6292445659637451 3.393037796020508 2.8411788940429688
north 0 766 5 2.178574323654175 3.326138734817505 0.06689906120300293
of 0 767 2 2.2442057132720947 3.0186469554901123 0.3074917793273926
the 0 768 3 0.8695361614227295 2.211259365081787 0.8073875904083252
circulation 0 769 11 5.6704840660095215 5.980628967285156 0
, 0 770 1 3.0346269607543945 2.2761120796203613 3.704516887664795
due 0 771 3 7.541531562805176 5.243271827697754 0
to 0 772 2 0.011405914090573788 0.11245398223400116 5.130817845463753
the 0 773 3 1.4531364440917969 4.870898723602295 0
strong 0 774 6 6.671384334564209 7.641880035400391 0
southerly 0 775 9 8.73338508605957 5.461782932281494 2.1800971031188965
wind 0 776 4 1.571428894996643 4.952401638031006 0.5093812942504883
shear 0 777 5 0.11969725787639618 0.9332181811332703 4.019183456897736
. 0 778 1 1.4476535320281982 4.427099227905273 0
<eos> 0 779 5 0.00023662872263230383 0.0023616235703229904 4.4247376043349504
<unk> 0 780 5 4.021340847015381 5.784165859222412 0
mid 0 781 3 16.59193992614746 6.268223285675049 0
<unk> 0 782 5 0.08948345482349396 0.6758002042770386 5.59242308139801
morning 0 783 7 9.736358642578125 3.338977336883545 0
, 0 784 1 3.2575221061706543 7.280112266540527 0
<unk> 0 785 5 2.334151268005371 6.42742919921875 0.8526830673217773
re 0 786 2 6.643202781677246 7.157474994659424 0
<unk> 0 787 5 0.0067253317683935165 0.07890816032886505 7.078566834330559
intensified 0 788 11 0.6720669269561768 2.751793622970581 0
slightly 0 789 8 6.213228225708008 4.358389377593994 0
due 0 790 3 6.031409740447998 4.8806586265563965 0
to 0 791 2 0.008266180753707886 0.07732704281806946 4.803331583738327
the 0 792 3 2.0293595790863037 5.399061679840088 0
redevelopment 0 793 13 13.734682083129883 7.398505210876465 0
of 0 794 2 0.6075803637504578 2.4631316661834717 4.935373544692993
some 0 795 4 11.078812599182129 2.9943411350250244 0
convection 0 796 10 4.406216144561768 6.444039344787598 0
. 0 797 1 1.4998427629470825 3.635467767715454 2.8085715770721436
<eos> 0 798 5 0.00029715540586039424 0.0028857325669378042 3.6325820351485163
<unk> 0 799 5 3.8495192527770996 5.636693477630615 0
, 0 800 1 6.1746602058410645 6.389410018920898 0
the 0 801 3 2.5035018920898438 5.97206449508667 0.4173455238342285
redevelopment 0 802 13 14.963604927062988 6.714688301086426 0
was 0 803 3 5.064130783081055 4.342258453369141 2.372429847717285
short 0 804 5 9.74130630493164 8.538046836853027 0
lived 0 805 5 3.6631011962890625 5.009313583374023 3.528733253479004
and 0 806 3 2.5375559329986572 3.1722660064697266 1.8370475769042969
wind 0 807 4 9.555460929870605 6.650538921356201 0
shear 0 808 5 0.10593023896217346 0.823984682559967 5.826554238796234
again 0 809 5 9.904516220092773 6.377629280090332 0
took 0 810 4 7.614973545074463 6.844443321228027 0
its 0 811 3 6.487449645996094 1.7549749612808228 5.089468359947205
toll 0 812 4 0.36683765053749084 2.162360191345215 0
on 0 813 2 0.7086372375488281 3.0082008838653564 0
<unk> 0 814 5 1.6940152645111084 3.7050538063049316 0
by 0 815 2 6.9847588539123535 4.015724182128906 0
late 0 816 4 7.163575649261475 5.898868560791016 0
morning 0 817 7 8.515528678894043 2.1074419021606445 3.791426658630371
. 0 818 1 1.202010154724121 3.4212234020233154 0
<eos> 0 819 5 0.00037968772812746465 0.003590138629078865 3.4176332633942366
<unk> 0 820 5 3.655207872390747 5.561069488525391 0
convection 0 821 10 11.136964797973633 6.443583965301514 0
around 0 822 6 7.16018533706665 6.562314510345459 0
the 0 823 3 0.6189504861831665 2.2413463592529297 4.320968151092529
system 0 824 6 4.1465373039245605 4.531704902648926 0
became 0 825 6 4.501513481140137 6.730249881744385 0
dislocated 0 826 10 11.73422622680664 6.138672828674316 0.5915770530700684
from 0 827 4 3.678054094314575 4.734304428100586 1.4043684005737305
the 0 828 3 0.6573095321655273 3.0349135398864746 1.6993908882141113
center 0 829 6 4.4500250816345215 5.722325325012207 0
and 0 830 3 3.352771520614624 4.029750823974609 1.6925745010375977
<unk> 0 831 5 4.649691104888916 7.380384922027588 0
weakened 0 832 8 3.3867263793945312 6.916109561920166 0.4642753601074219
slightly 0 833 8 5.21855354309082 4.755265712738037 2.160843849182129
. 0 834 1 1.6292893886566162 4.195327281951904 0.5599384307861328
<eos> 0 835 5 0.00018160224135499448 0.0018354346975684166 4.193491847254336
<unk> 0 836 5 3.853264331817627 5.668861389160156 0
weakening 0 837 9 12.356301307678223 6.250123500823975 0
trend 0 838 5 10.218623161315918 5.91846227645874 0.3316612243652344
continued 0 839 9 5.24522590637207 6.079116344451904 0
through 0 840 7 7.173090934753418 3.702582836151123 2.3765335083007812
the 0 841 3 1.0744155645370483 3.398841381072998 0.303741455078125
afternoon 0 842 9 5.863112926483154 6.325608253479004 0
as 0 843 2 6.3028435707092285 3.579176425933838 2.746431827545166
the 0 844 3 2.329162359237671 4.1963114738464355 0
storm 0 845 5 2.1867361068725586 4.991806507110596 0
was 0 846 3 4.700442790985107 5.556102275848389 0
being 0 847 5 8.088308334350586 7.719860076904297 0
affected 0 848 8 8.179150581359863 7.970266342163086 0
by 0 849 2 0.22280964255332947 1.2967355251312256 6.67353081703186
strong 0 850 6 6.405176162719727 5.499599933624268 0
southerly 0 851 9 8.612998962402344 2.682992458343506 2.8166074752807617
shear 0 852 5 4.055768966674805 2.152341365814209 0.5306510925292969
. 0 853 1 1.5013093948364258 3.2733206748962402 0
<eos> 0 854 5 0.0001871049898909405 0.0018833560170605779 3.2714373188791797
<unk> 0 855 5 3.8176708221435547 5.743399620056152 0
became 0 856 6 5.502382755279541 6.308429718017578 0
almost 0 857 6 10.876443862915039 4.171225070953369 2.137204647064209
fully 0 858 5 10.193831443786621 1.4824707508087158 2.6887543201446533
devoid 0 859 6 6.512058258056641 5.376777648925781 0
of 0 860 2 0.018651166930794716 0.1512451320886612 5.22553251683712
any 0 861 3 6.692934513092041 5.243488788604736 0
convection 0 862 10 2.1367413997650146 7.15334939956665 0
by 0 863 2 7.182223796844482 4.188709259033203 2.9646401405334473
mid 0 864 3 7.739975929260254 5.754867076873779 0
<unk> 0 865 5 0.04285266622900963 0.3871656656265259 5.367701411247253
afternoon 0 866 9 6.992988109588623 1.9825340509414673 0
and 0 867 3 2.6470937728881836 4.448963165283203 0
the 0 868 3 3.67031192779541 7.343120574951172 0
storm 0 869 5 2.787655830383301 6.118826389312744 1.2242941856384277
weakened 0 870 8 4.040860652923584 6.306643009185791 0
to 0 871 2 1.9050999879837036 4.928103446960449 1.3785395622253418
<unk> 0 872 5 8.732040405273438 2.081897020339966 2.8462064266204834
mph 0 873 3 0.9696217179298401 2.8835268020629883 0
( 0 874 1 0.011537974700331688 0.09693547338247299 2.7865913286805153
<unk> 0 875 5 0.0006659351056441665 0.00865583773702383 0.08827963564544916
km 0 876 2 0.006810578517615795 0.05206400901079178 0
/ 0 877 1 3.302028926555067e-05 0.00038708100328221917 0.05167692800750956
h 0 878 1 1.1006847671524156e-05 0.0001803985214792192 0.00020668248180299997
) 0 879 1 0.002217902336269617 0.019269520416855812 0
, 0 880 1 3.165388822555542 4.722081184387207 0
barely 0 881 6 13.53536605834961 5.463472366333008 0
holding 0 882 7 12.12205696105957 7.546933174133301 0
on 0 883 2 7.169960975646973 5.071072101593018 2.475861072540283
to 0 884 2 4.833954811096191 3.8390696048736572 1.2320024967193604
tropical 0 885 8 8.944972038269043 3.7170984745025635 0.12197113037109375
storm 0 886 5 0.5462636947631836 1.4269192218780518 2.2901792526245117
status 0 887 6 2.0366268157958984 2.2772140502929688 0
. 0 888 1 0.6846917867660522 2.8441100120544434 0
<eos> 0 889 5 0.0004292048397473991 0.003968368284404278 2.840141643770039
<unk> 0 890 5 3.768483877182007 5.768233299255371 0
regained 0 891 8 9.304469108581543 6.000860691070557 0
a 0 892 1 4.6603474617004395 3.602379560470581 2.3984811305999756
small 0 893 5 5.382601737976074 6.932661056518555 0
amount 0 894 6 9.553289413452148 5.071467876434326 1.8611931800842285
of 0 895 2 0.052882593125104904 0.4160218834877014 4.655445992946625
convection 0 896 10 1.6896593570709229 5.538956642150879 0
in 0 897 2 3.3653180599212646 4.789298057556152 0.7496585845947266
the 0 898 3 0.7117055058479309 2.983463764190674 1.8058342933654785
late 0 899 4 6.170648097991943 6.712318420410156 0
night 0 900 5 9.99828815460205 3.2959203720092773 3.416398048400879
hours 0 901 5 4.274831295013428 2.765423536300659 0.5304968357086182
, 0 902 1 2.393888473510742 2.8316643238067627 0
but 0 903 3 4.388826847076416 4.717245578765869 0
not 0 904 3 8.514198303222656 6.25727653503418 0
enough 0 905 6 6.035322666168213 7.44488000869751 0
to 0 906 2 0.613181471824646 3.3833441734313965 4.061535835266113
still 0 907 5 12.964902877807617 7.560667037963867 0
be 0 908 2 4.958444118499756 7.999785423278809 0
classified 0 909 10 4.611479759216309 6.8455491065979 1.1542363166809082
a 0 910 1 7.3547210693359375 3.48785400390625 3.3576951026916504
tropical 0 911 8 1.5358738899230957 5.175939083099365 0
storm 0 912 5 2.6067614555358887 1.1982611417770386 3.9776779413223267
. 0 913 1 0.7274067401885986 2.8143880367279053 0
<eos> 0 914 5 0.0002751460124272853 0.0026656745467334986 2.8117223621811718
<unk> 0 915 5 3.829035520553589 5.707174777984619 0
to 0 916 2 10.212340354919434 6.09673547744751 0
the 0 917 3 1.0727506875991821 4.151094436645508 1.945641040802002
lack 0 918 4 27.28847885131836 2.917245864868164 1.2338485717773438
of 0 919 2 0.006084110122174025 0.06214646250009537 2.8550994023680687
convection 0 920 10 2.9646122455596924 7.108052730560303 0
, 0 921 1 2.242945432662964 5.5921735763549805 1.5158791542053223
<unk> 0 922 5 3.600593090057373 6.140675067901611 0
was 0 923 3 4.199032306671143 6.9304423332214355 0
downgraded 0 924 10 3.114274263381958 7.049439430236816 0
to 0 925 2 0.2969026267528534 1.3351969718933105 5.714242458343506
a 0 926 1 0.31777721643447876 1.3986265659332275 0
<unk> 0 927 5 8.418413162231445 2.079073190689087 0
<unk> 0 928 5 2.590034008026123 4.652327060699463 0
at 0 929 2 8.844157218933105 5.345901966094971 0
<unk> 0 930 5 0.2951139509677887 1.4398893117904663 3.9060126543045044
( 0 931 1 13.396434783935547 1.9097881317138672 0
<unk> 0 932 5 0.1801222264766693 1.4812185764312744 0.4285695552825928
) 0 933 1 1.0474348068237305 2.124492645263672 0
with 0 934 4 6.5893378257751465 3.5434067249298096 0
winds 0 935 5 1.4076380729675293 3.6964945793151855 0
of 0 936 2 0.08470086753368378 0.663259744644165 3.0332348346710205
<unk> 0 937 5 0.058746520429849625 0.39913055300712585 0.2641291916370392
mph 0 938 3 0.9355360865592957 1.1670862436294556 0
( 0 939 1 0.0007924503297545016 0.008448285050690174 1.1586379585787654
<unk> 0 940 5 0.00015408822218887508 0.002279891399666667 0.006168393651023507
km 0 941 2 0.0016841026954352856 0.014923390932381153 0
/ 0 942 1 1.651023922022432e-05 0.00022080882627051324 0.01470258210611064
h 0 943 1 2.751696047198493e-05 0.000357507640728727 0
) 0 944 1 0.0010703668231144547 0.00990770198404789 0
. 0 945 1 1.4498164653778076 3.2204010486602783 0
<eos> 0 946 5 0.000974124763160944 0.008151264861226082 3.2122497837990522
<unk> 0 947 5 3.798565626144409 5.703197479248047 0
there 0 948 5 16.54726219177246 5.856791973114014 0
was 0 949 3 1.066606044769287 3.934520721435547 1.9222712516784668
no 0 950 2 2.8728229999542236 3.579066276550293 0.3554544448852539
convection 0 951 10 6.23244047164917 8.343042373657227 0
around 0 952 6 5.903979778289795 5.631640911102295 2.7114014625549316
the 0 953 3 0.49858179688453674 2.126190185546875 3.50545072555542
system 0 954 6 4.7635931968688965 4.402022361755371 0
, 0 955 1 1.3239802122116089 3.316533088684082 1.085489273071289
it 0 956 2 9.294670104980469 4.530579566955566 0
would 0 957 5 7.319075107574463 6.171095371246338 0
have 0 958 4 1.5089538097381592 4.858096599578857 1.3129987716674805
normally 0 959 8 17.753679275512695 7.0380024909973145 0
been 0 960 4 3.8301966190338135 7.60382080078125 0
classified 0 961 10 5.376989364624023 7.624999523162842 0
a 0 962 1 10.211297035217285 1.577135443687439 6.047864079475403
remnant 0 963 7 7.383431434631348 5.577910900115967 0
low 0 964 3 0.9594210386276245 3.186889171600342 2.391021728515625
but 0 965 3 11.41169261932373 4.726041316986084 0
, 0 966 1 10.215609550476074 7.025062084197998 0
due 0 967 3 4.286092281341553 5.911144733428955 1.113917350769043
to 0 968 2 0.014996921643614769 0.14488893747329712 5.766255795955658
the 0 969 3 1.4596565961837769 4.74606466293335 0
possibility 0 970 11 6.647653579711914 7.66778039932251 0
of 0 971 2 0.14307580888271332 0.6763222217559814 6.991458177566528
the 0 972 3 3.918469190597534 6.197066307067871 0
storm 0 973 5 2.5197906494140625 6.190543174743652 0.00652313232421875
regenerating 0 974 12 14.861579895019531 4.241033554077148 1.949509620666504
over 0 975 4 6.164963245391846 4.346429824829102 0
the 0 976 3 1.4121921062469482 4.261709213256836 0.08472061157226562
next 0 977 4 3.9684884548187256 5.938639163970947 0
several 0 978 7 4.882408618927002 3.051405191421509 2.8872339725494385
days 0 979 4 0.5578898191452026 1.4722505807876587 1.57915461063385
, 0 980 1 0.30847081542015076 1.6739227771759033 0
it 0 981 2 2.354282855987549 5.239345073699951 0
was 0 982 3 1.8469945192337036 5.446385860443115 0
considered 0 983 10 6.0978593826293945 7.336752414703369 0
a 0 984 1 1.8220722675323486 4.701563835144043 2.635188579559326
tropical 0 985 8 1.802603840827942 5.867173194885254 0
depression 0 986 10 2.297407627105713 1.7497979402542114 4.1173752546310425
. 0 987 1 0.8378086686134338 3.4288883209228516 0
<eos> 0 988 5 0.00029715540586039424 0.002870113356038928 3.4260182075668126
<unk> 0 989 5 3.956956148147583 5.684433937072754 0
next 0 990 4 10.947688102722168 6.285170555114746 0
morning 0 991 7 9.346185684204102 6.7529449462890625 0
, 0 992 1 2.4366350173950195 5.869628429412842 0.8833165168762207
<unk> 0 993 5 2.0179083347320557 4.227578639984131 1.642049789428711
was 0 994 3 3.8924765586853027 6.345877170562744 0
downgraded 0 995 10 2.172363758087158 5.73393440246582 0.6119427680969238
to 0 996 2 0.20549871027469635 1.0013923645019531 4.732542037963867
a 0 997 1 0.2088337242603302 0.9420799612998962 0.059312403202056885
remnant 0 998 7 6.878230094909668 1.8417943716049194 0
low 0 999 3 0.08549061417579651 0.5868008136749268 1.2549935579299927
as 0 1000 2 4.817099094390869 4.304727077484131 0
strong 0 1001 6 9.766894340515137 2.7344884872436523 1.5702385902404785
wind 0 1002 4 2.200134038925171 4.795433521270752 0
shear 0 1003 5 0.005544714629650116 0.054432254284620285 4.741001266986132
and 0 1004 3 3.2457969188690186 5.7523674964904785 0
dry 0 1005 3 5.990149974822998 6.711095809936523 0
air 0 1006 3 0.3766832947731018 2.257983922958374 4.453111886978149
caused 0 1007 6 5.574141979217529 6.408420085906982 0
the 0 1008 3 1.941413164138794 4.7194600105285645 1.688960075378418
demise 0 1009 6 14.042186737060547 4.516923427581787 0.20253658294677734
of 0 1010 2 0.17910954356193542 0.7905648946762085 3.7263585329055786
the 0 1011 3 1.1436570882797241 3.783513069152832 0
storm 0 1012 5 2.5435380935668945 5.381592750549316 0
. 0 1013 1 2.801206588745117 2.442324638366699 2.939268112182617
<eos> 0 1014 5 0.001838182914070785 0.014214961789548397 2.428109676577151
<unk> 0 1015 5 3.6380412578582764 5.63627290725708 0
redevelopment 0 1016 13 20.534523010253906 6.055018424987793 0
was 0 1017 3 2.6756510734558105 6.525432109832764 0
expected 0 1018 8 4.862846374511719 7.348582744598389 0
with 0 1019 4 9.141352653503418 1.0407270193099976 6.307855725288391
<unk> 0 1020 5 4.400250434875488 4.907350063323975 0
as 0 1021 2 4.772120952606201 6.4992547035217285 0
it 0 1022 2 3.504769802093506 3.8602235317230225 2.639031171798706
began 0 1023 5 5.970170021057129 5.345479488372803 0
to 0 1024 2 0.5119525194168091 2.6361942291259766 2.709285259246826
move 0 1025 4 3.804858922958374 5.928332328796387 0
over 0 1026 4 5.005177021026611 6.02640438079834 0
colder 0 1027 6 7.541217803955078 4.0017571449279785 2.0246472358703613
waters 0 1028 6 0.32829415798187256 1.6327569484710693 2.369000196456909
and 0 1029 3 3.004030704498291 3.054839849472046 0
remain 0 1030 6 12.096043586730957 7.759823322296143 0
under 0 1031 5 7.226688861846924 7.166003704071045 0.5938196182250977
strong 0 1032 6 7.606512069702148 4.862084865570068 2.3039188385009766
wind 0 1033 4 2.095205545425415 4.779026508331299 0.08305835723876953
shear 0 1034 5 0.18098068237304688 1.0726723670959473 3.7063541412353516
until 0 1035 5 7.309545993804932 2.331545114517212 0
it 0 1036 2 1.8726270198822021 3.5714149475097656 0
dissipated 0 1037 10 3.5381977558135986 5.4791789054870605 0
. 0 1038 1 2.4991941452026367 3.6394197940826416 1.839759111404419
<eos> 0 1039 5 8.805243123788387e-05 0.0009498913423158228 3.638469902740326
<unk> 0 1040 5 3.923698902130127 5.1927995681762695 0
, 0 1041 1 4.497068405151367 6.809350967407227 0
the 0 1042 3 3.1378743648529053 5.903835296630859 0.9055156707763672
remnant 0 1043 7 7.860172748565674 6.836483955383301 0
low 0 1044 3 1.6767510175704956 4.442349910736084 2.394134044647217
associated 0 1045 10 10.766264915466309 4.763786792755127 0
with 0 1046 4 0.08626922965049744 0.6893823146820068 4.07440447807312
<unk> 0 1047 5 1.7342647314071655 4.316219806671143 0
began 0 1048 5 11.25480842590332 2.9982969760894775 1.317922830581665
to 0 1049 2 0.9724944829940796 4.176772594451904 0
show 0 1050 4 10.368121147155762 6.872344017028809 0
signs 0 1051 5 3.9568376541137695 6.480695724487305 0.3916482925415039
of 0 1052 2 0.596793532371521 2.5242557525634766 3.956439971923828
redevelopment 0 1053 13 10.952736854553223 7.5190582275390625 0
during 0 1054 6 7.475931644439697 4.25624942779541 3.2628087997436523
the 0 1055 3 0.48275110125541687 2.2586402893066406 1.9976091384887695
afternoon 0 1056 9 3.4105300903320312 5.425288200378418 0
on 0 1057 2 6.576305866241455 3.010356903076172 2.414931297302246
<unk> 0 1058 5 0.40390607714653015 1.710544228553772 1.2998126745224
<unk> 0 1059 5 0.035951193422079086 0.2688044011592865 1.4417398273944855
. 0 1060 1 0.9656096696853638 2.261544942855835 0
<eos> 0 1061 5 0.0006549332174472511 0.005799792241305113 2.25574515061453
<unk> 0 1062 5 3.643583059310913 5.6981306076049805 0
around 0 1063 6 13.186812400817871 6.807708263397217 0
the 0 1064 3 1.716700553894043 2.6150975227355957 4.192610740661621
system 0 1065 6 7.129100322723389 5.987092971801758 0
increased 0 1066 9 9.464064598083496 6.240474224090576 0
significantly 0 1067 13 7.259753704071045 6.031861305236816 0.20861291885375977
and 0 1068 3 4.389503479003906 4.606326103210449 1.4255352020263672
the 0 1069 3 2.4889962673187256 6.870994567871094 0
low 0 1070 3 5.94494104385376 5.379035949707031 1.4919586181640625
was 0 1071 3 5.215071201324463 6.461148738861084 0
no 0 1072 2 9.008264541625977 6.789383411407471 0
longer 0 1073 6 0.09483799338340759 0.7236472368240356 6.065736174583435
exposed 0 1074 7 6.71152400970459 7.28836727142334 0
. 0 1075 1 2.4095208644866943 3.9556407928466797 3.33272647857666
<eos> 0 1076 5 0.00022562358935829252 0.002226488199084997 3.9534143046475947
<unk> 0 1077 5 3.897784471511841 5.807557582855225 0
<unk> 0 1078 5 4.9786553382873535 6.6820502281188965 0
<unk> 0 1079 5 2.453150987625122 6.716938018798828 0
, 0 1080 1 2.871558666229248 7.567899227142334 0
wind 0 1081 4 8.402997016906738 5.327646732330322 2.2402524948120117
shear 0 1082 5 0.9097580909729004 3.605720281600952 1.7219264507293701
took 0 1083 4 9.373579025268555 5.829350471496582 0
over 0 1084 4 3.4028735160827637 3.7576022148132324 2.0717482566833496
the 0 1085 3 1.9009283781051636 5.568821430206299 0
system 0 1086 6 4.417506694793701 7.235750198364258 0
again 0 1087 5 9.060790061950684 4.387043476104736 2.8487067222595215
. 0 1088 1 2.421722173690796 4.0759172439575195 0.3111262321472168
<eos> 0 1089 5 0.0003961936163250357 0.0037112515419721603 4.072205992415547
<unk> 0 1090 5 3.7460105419158936 5.784355640411377 0
around 0 1091 6 12.666030883789062 6.787904739379883 0
the 0 1092 3 1.5984811782836914 2.6566648483276367 4.131239891052246
remnant 0 1093 7 12.201971054077148 5.9589457511901855 0
low 0 1094 3 2.3373844623565674 5.849707126617432 0.1092386245727539
was 0 1095 3 5.113890647888184 6.552103042602539 0
torn 0 1096 4 17.982006072998047 7.832362174987793 0
away 0 1097 4 4.569810390472412 4.896143913269043 2.93621826171875
and 0 1098 3 3.712893486022949 4.224899768829346 0.6712441444396973
the 0 1099 3 2.2710747718811035 6.713484287261963 0
low 0 1100 3 6.54036283493042 6.16486930847168 0.5486149787902832
was 0 1101 3 5.6288862228393555 5.895829677581787 0.2690396308898926
exposed 0 1102 7 6.523329257965088 7.804267406463623 0
once 0 1103 4 11.410041809082031 2.445007801055908 5.359259605407715
more 0 1104 4 2.1218364238739014 3.859560966491699 0
. 0 1105 1 1.55029296875 4.254838943481445 0
<eos> 0 1106 5 0.00040186746628023684 0.0037839829456061125 4.251054960535839
<unk> 0 1107 5 3.890099048614502 5.812256813049316 0
<unk> 0 1108 5 4.77156925201416 6.858574390411377 0
<unk> 0 1109 5 2.435168504714966 6.807192325592041 0.05138206481933594
<unk> 0 1110 5 3.421966314315796 7.569523334503174 0
did 0 1111 3 7.477486610412598 7.44621467590332 0.12330865859985352
not 0 1112 3 0.4375678300857544 2.8586628437042236 4.587551832199097
state 0 1113 5 10.81026554107666 8.139558792114258 0
the 0 1114 3 2.4694244861602783 5.2031426429748535 2.9364161491394043
chance 0 1115 6 8.97776985168457 6.52663516998291 0
of 0 1116 2 2.4823176860809326 2.8731913566589355 3.6534438133239746
regeneration 0 1117 12 8.871323585510254 7.141491413116455 0
once 0 1118 4 10.994922637939453 4.534091472625732 2.6073999404907227
the 0 1119 3 2.2441258430480957 5.094051837921143 0
low 0 1120 3 6.426552772521973 4.879706382751465 0.21434545516967773
became 0 1121 6 6.720490455627441 6.255979061126709 0
exposed 0 1122 7 6.9071879386901855 5.778319835662842 0.4776592254638672
. 0 1123 1 2.093716621398926 3.9515559673309326 1.8267638683319092
<eos> 0 1124 5 9.905860497383401e-05 0.0010616021463647485 3.950494365184568
<unk> 0 1125 5 3.8258049488067627 5.773665428161621 0
, 0 1126 1 4.35919189453125 6.92625093460083 0
on 0 1127 2 5.87346076965332 6.187962055206299 0.7382888793945312
<unk> 0 1128 5 0.8214991092681885 2.3196709156036377 3.868291139602661
<unk> 0 1129 5 0.10750970989465714 0.6015280485153198 1.7181428670883179
, 0 1130 1 0.1053386703133583 0.7606706023216248 0
wind 0 1131 4 11.902677536010742 7.256962776184082 0
shear 0 1132 5 0.4627516269683838 2.8299238681793213 4.427038908004761
and 0 1133 3 2.408552408218384 5.915695667266846 0
dry 0 1134 3 5.874217510223389 7.488951683044434 0
air 0 1135 3 0.4234020411968231 2.407376289367676 5.081575393676758
led 0 1136 3 10.824187278747559 5.735002040863037 0
to 0 1137 2 0.631503701210022 2.315561532974243 3.419440507888794
the 0 1138 3 2.0944557189941406 5.5190935134887695 0
remnants 0 1139 8 7.791391849517822 7.068542003631592 0
of 0 1140 2 0.07474220544099808 0.5941246747970581 6.474417328834534
<unk> 0 1141 5 2.085885524749756 4.352690696716309 0
deteriorating 0 1142 13 13.154069900512695 5.642658710479736 0
into 0 1143 4 6.186458110809326 4.4981794357299805 1.1444792747497559
an 0 1144 2 3.9907665252685547 2.97750186920166 1.5206775665283203
open 0 1145 4 6.762716770172119 2.477418899536133 0.5000829696655273
wave 0 1146 4 8.626385688781738 5.620157241821289 0
. 0 1147 1 1.462829351425171 3.6260013580322266 1.9941558837890625
<eos> 0 1148 5 0.00022562358935829252 0.0022409125231206417 3.623760445509106
<unk> 0 1149 5 3.9343783855438232 5.635981559753418 0
, 0 1150 1 6.34541130065918 6.376699924468994 0
on 0 1151 2 5.7186198234558105 5.918543338775635 0.4581565856933594
<unk> 0 1152 5 0.7009545564651489 2.030212879180908 3.8883304595947266
<unk> 0 1153 5 0.03877735882997513 0.2549060583114624 1.7753068208694458
, 0 1154 1 0.10908649116754532 0.7753466367721558 0
the 0 1155 3 5.613301753997803 7.029804706573486 0
remnants 0 1156 8 5.762617111206055 5.893290996551514 1.1365137100219727
of 0 1157 2 0.10730073601007462 0.8571181297302246 5.036172866821289
<unk> 0 1158 5 1.083111047744751 3.0781311988830566 0
redeveloped 0 1159 11 12.30636215209961 5.953396320343018 0
and 0 1160 3 3.496469259262085 5.27933931350708 0.6740570068359375
global 0 1161 6 18.713157653808594 7.443392753601074 0
models 0 1162 6 7.941792964935303 6.999645233154297 0.44374752044677734
picked 0 1163 6 13.66640567779541 6.52091121673584 0.47873401641845703
up 0 1164 2 0.5584841370582581 2.586127519607544 3.934783697128296
on 0 1165 2 4.8086323738098145 5.675294876098633 0
the 0 1166 3 1.744757056236267 3.2880325317382812 2.3872623443603516
reformed 0 1167 8 19.533445358276367 6.672909736633301 0
system 0 1168 6 4.520693302154541 6.6151556968688965 0.0577540397644043
. 0 1169 1 0.7941030859947205 2.78047776222229 3.8346779346466064
<eos> 0 1170 5 0.0004512119048740715 0.004201089031994343 2.7762766731902957
<unk> 0 1171 5 3.7158942222595215 5.626344203948975 0
more 0 1172 4 13.290409088134766 6.5456719398498535 0
, 0 1173 1 5.374924182891846 7.529360771179199 0
the 0 1174 3 2.8093008995056152 6.654158592224121 0.8752021789550781
chance 0 1175 6 13.055545806884766 6.310790061950684 0.3433685302734375
of 0 1176 2 2.659407615661621 4.4112229347229 1.8995671272277832
regeneration 0 1177 12 7.323400974273682 6.471470832824707 0
was 0 1178 3 2.428476333618164 6.156445026397705 0.31502580642700195
possible 0 1179 8 10.339921951293945 8.270187377929688 0
as 0 1180 2 4.733396053314209 3.777754068374634 4.492433309555054
the 0 1181 3 1.9632617235183716 4.646556377410889 0
remnants 0 1182 8 7.31376314163208 4.985764980316162 0
of 0 1183 2 0.7933656573295593 3.539604425430298 1.4461605548858643
<unk> 0 1184 5 1.4246327877044678 3.3822720050811768 0.1573324203491211
headed 0 1185 6 12.23490047454834 6.455491065979004 0
towards 0 1186 7 4.122623443603516 5.65514612197876 0.8003449440002441
the 0 1187 3 0.49246472120285034 2.1282196044921875 3.5269265174865723
<unk> 0 1188 5 3.300586462020874 4.052720069885254 0
. 0 1189 1 4.191525459289551 4.980984210968018 0
<eos> 0 1190 5 0.0011282807681709528 0.009352477267384529 4.971631733700633
<unk> 0 1191 5 3.838365316390991 5.673557758331299 0
, 0 1192 1 5.505692958831787 6.678900718688965 0
on 0 1193 2 5.742020606994629 5.953135967254639 0.7257647514343262
<unk> 0 1194 5 0.8569138646125793 2.202298164367676 3.750837802886963
<unk> 0 1195 5 0.061360642313957214 0.38178056478500366 1.8205175995826721
, 0 1196 1 0.1105944961309433 0.786345899105072 0
dry 0 1197 3 14.539636611938477 7.123620510101318 0
air 0 1198 3 3.0926733016967773 5.985854148864746 1.1377663612365723
and 0 1199 3 2.99975848197937 4.84246826171875 1.143385887145996
wind 0 1200 4 5.783949851989746 7.70353364944458 0
shear 0 1201 5 0.1073831170797348 0.8017065525054932 6.901827096939087
caused 0 1202 6 6.047446250915527 4.606414318084717 0
the 0 1203 3 1.5918878316879272 4.679975509643555 0
remnants 0 1204 8 8.902214050292969 5.591665267944336 0
to 0 1205 2 1.326049566268921 1.1976861953735352 4.393979072570801
dissipate 0 1206 9 4.9951605796813965 6.506516456604004 0
entirely 0 1207 8 14.048259735107422 4.898292541503906 1.6082239151000977
. 0 1208 1 1.7738070487976074 3.964848041534424 0.9334444999694824
<eos> 0 1209 5 0.00013207663141656667 0.0014016653876751661 3.9634463761467487
= 0 1210 1 4.594385623931885 5.626450538635254 0
= 0 1211 1 0.023816099390387535 0.17113234102725983 5.455318197607994
<unk> 0 1212 5 7.751681804656982 2.3595404624938965 0
= 0 1213 1 1.144463300704956 4.273426055908203 0
= 0 1214 1 4.402688500704244e-05 0.0006343045388348401 4.272791751369368
<eos> 0 1215 5 23.193572998046875 4.485569477081299 0
<unk> 0 1216 5 1.8472903966903687 5.28562068939209 0
<unk> 0 1217 5 2.568856716156006 6.06365442276001 0
passed 0 1218 6 8.368480682373047 5.4777512550354 0.5859031677246094
to 0 1219 2 5.537790298461914 5.271780967712402 0.20597028732299805
the 0 1220 3 0.669381320476532 2.463338613510132 2.8084423542022705
south 0 1221 5 2.5228946208953857 3.153925895690918 0
of 0 1222 2 0.5100620985031128 1.7143579721450806 1.4395679235458374
the 0 1223 3 1.5394237041473389 1.6311529874801636 0.08320498466491699
<unk> 0 1224 5 1.3088319301605225 4.852692127227783 0
<unk> 0 1225 5 3.396350383758545 4.984586715698242 0
islands 0 1226 7 4.106576919555664 4.492950916290283 0.491635799407959
on 0 1227 2 1.9674127101898193 3.8876099586486816 0.6053409576416016
<unk> 0 1228 5 0.1570875197649002 0.7533174753189087 3.134292483329773
<unk> 0 1229 5 0.02185412310063839 0.15254294872283936 0.6007745265960693
, 0 1230 1 1.4577414989471436 2.3689630031585693 0
outer 0 1231 5 19.87251091003418 5.555020809173584 0
rain 0 1232 4 12.144433975219727 3.042867422103882 2.512153387069702
bands 0 1233 5 10.365280151367188 5.377259254455566 0
produced 0 1234 8 9.498029708862305 5.968771934509277 0
minor 0 1235 5 10.124995231628418 3.8111464977264404 2.157625436782837
rainfall 0 1236 8 4.672154903411865 7.119876861572266 0
, 0 1237 1 2.4263834953308105 3.896493434906006 3.2233834266662598
totaling 0 1238 8 8.932428359985352 5.661984443664551 0
around 0 1239 6 5.593395709991455 3.9529268741607666 1.7090575695037842
<unk> 0 1240 5 0.07393886893987656 0.5077592134475708 3.445167660713196
<unk> 0 1241 5 1.5740182399749756 3.1418066024780273 0
<eos> 0 1242 5 0.20199300348758698 0.8526989221572876 2.2891076803207397
@ 0 1243 1 0.0 2.3905389753053896e-05 0.8526750167675345
<unk> 0 1244 5 0.00041820117621682584 0.0055925133638083935 0
inches 0 1245 6 2.3405985832214355 2.329802989959717 0
( 0 1246 1 0.002600440289825201 0.02674613706767559 2.303056852892041
<unk> 0 1247 5 0.00039911651401780546 0.005148047581315041 0.02159808948636055
mm 0 1248 2 0.13181018829345703 0.5121375322341919 0
) 0 1249 1 0.0004952250164933503 0.0053985691629350185 0.5067389630712569
. 0 1250 1 1.7300684452056885 3.367842674255371 0
<eos> 0 1251 5 0.0005008985172025859 0.004512296058237553 3.3633303781971335
<unk> 0 1252 5 4.2181525230407715 5.68570613861084 0
were 0 1253 4 8.132043838500977 6.73276424407959 0
no 0 1254 2 7.508326530456543 7.778526306152344 0
reports 0 1255 7 13.15869426727295 1.6543422937393188 6.124184012413025
of 0 1256 2 0.3064124584197998 1.6909663677215576 0
damage 0 1257 6 3.845240354537964 7.048533916473389 0
or 0 1258 2 3.519235610961914 4.3184003829956055 2.730133533477783
flooding 0 1259 8 6.088748455047607 7.206842422485352 0
from 0 1260 4 5.572493553161621 4.437067985534668 2.7697744369506836
the 0 1261 3 1.490198016166687 4.820159912109375 0
rain 0 1262 4 10.485361099243164 4.943160533905029 0
and 0 1263 3 4.145819187164307 3.9249489307403564 1.0182116031646729
overall 0 1264 7 11.28286075592041 8.017277717590332 0
effects 0 1265 7 6.759680271148682 7.202835559844971 0.8144421577453613
were 0 1266 4 2.7744462490081787 4.668561935424805 2.534273624420166
minor 0 1267 5 7.1381964683532715 6.550700664520264 0
. 0 1268 1 1.0446529388427734 3.39350962638855 3.157191038131714
<eos> 0 1269 5 0.00044571017497219145 0.0040825894102454185 3.3894270369783044
<unk> 0 1270 5 4.800689220428467 6.073019027709961 0
days 0 1271 4 12.674739837646484 6.7613301277160645 0
after 0 1272 5 3.1916871070861816 3.9868037700653076 2.774526357650757
the 0 1273 3 1.5630388259887695 5.148777484893799 0
low 0 1274 3 9.626672744750977 3.1661434173583984 1.9826340675354004
dissipated 0 1275 10 6.916538238525391 5.214357376098633 0
, 0 1276 1 0.8443081974983215 2.9274020195007324 2.2869553565979004
the 0 1277 3 1.252418875694275 4.073390483856201 0
remnant 0 1278 7 8.68414306640625 5.6263041496276855 0
moisture 0 1279 8 2.601778268814087 4.511079788208008 1.1152243614196777
from 0 1280 4 2.951615810394287 6.944833278656006 0
<unk> 0 1281 5 1.9189451932907104 3.3671066761016846 3.5777266025543213
brought 0 1282 7 5.720252990722656 6.897859573364258 0
showers 0 1283 7 6.377058982849121 6.299410820007324 0.5984487533569336
and 0 1284 3 2.7468738555908203 4.27904748916626 2.0203633308410645
thunderstorms 0 1285 13 1.430213212966919 5.786447048187256 0
to 0 1286 2 1.592947244644165 4.106727600097656 1.6797194480895996
<unk> 0 1287 5 2.039430856704712 5.228055477142334 0
<unk> 0 1288 5 4.479180812835693 3.5352609157562256 1.6927945613861084
where 0 1289 5 9.41296672821045 4.12691593170166 0
up 0 1290 2 13.145153045654297 5.126379489898682 0
to 0 1291 2 0.1102202758193016 0.8746529221534729 4.251726567745209
<unk> 0 1292 5 0.06867742538452148 0.532842755317688 0.3418101668357849
in 0 1293 2 7.014701843261719 3.6423916816711426 0
( 0 1294 1 0.013169814832508564 0.12890920042991638 3.513482481241226
<unk> 0 1295 5 0.0031644473783671856 0.03872411698102951 0.09018508344888687
<unk> 0 1296 5 4.2170257568359375 0.6708729267120361 0
<eos> 0 1297 5 0.38804513216018677 1.1766102313995361 0
@ 0 1298 1 0.0 2.6829044145415537e-05 1.1765834023553907
<unk> 0 1299 5 4.6778521209489554e-05 0.0007513684686273336 0
mm 0 1300 2 0.46056950092315674 1.473007321357727 0
) 0 1301 1 0.001541001140139997 0.013860360719263554 1.4591469606384635
of 0 1302 2 0.5078002214431763 2.7348248958587646 0
rain 0 1303 4 0.6845129728317261 1.747116208076477 0.9877086877822876
fell 0 1304 4 0.9827115535736084 3.5124237537384033 0
. 0 1305 1 1.8792805671691895 4.284215927124023 0
<eos> 0 1306 5 2.201361166953575e-05 0.0002785849792417139 4.283937342144782
<unk> 0 1307 5 4.61057710647583 6.228917121887207 0
heavy 0 1308 5 10.363334655761719 6.862243175506592 0
rains 0 1309 5 0.8409181237220764 1.7286055088043213 5.1336376667022705
led 0 1310 3 6.927802562713623 5.824631214141846 0
to 0 1311 2 0.2220667004585266 1.3539464473724365 4.470684766769409
minor 0 1312 5 6.448639392852783 5.708168029785156 0
street 0 1313 6 13.911415100097656 2.470824956893921 3.2373430728912354
flooding 0 1314 8 0.15479803085327148 0.907465934753418 1.563359022140503
and 0 1315 3 2.834568500518799 3.864236831665039 0
some 0 1316 4 7.8688788414001465 6.103240489959717 0
urban 0 1317 5 10.788854598999023 7.105561256408691 0
flooding 0 1318 8 2.9194729328155518 4.118709564208984 2.986851692199707
. 0 1319 1 1.4759082794189453 4.2448201179504395 0
<eos> 0 1320 5 0.00022562358935829252 0.002195407170802355 4.242624710779637
<unk> 0 1321 5 4.724339962005615 6.564085960388184 0
known 0 1322 5 15.58662223815918 6.819547653198242 0
damage 0 1323 6 10.127092361450195 3.2541229724884033 3.565424680709839
was 0 1324 3 2.906721353530884 4.8981828689575195 0
caused 0 1325 6 5.03163480758667 6.2534685134887695 0
by 0 1326 2 0.10264742374420166 0.7393492460250854 5.514119267463684
the 0 1327 3 2.4331114292144775 5.980913162231445 0
flood 0 1328 5 8.536014556884766 5.726205825805664 0.25470733642578125
. 0 1329 1 3.8812355995178223 5.751384258270264 0
<eos> 0 1330 5 0.0006769368192180991 0.005873103626072407 5.745511154644191
=========================================================================================
| End of testing | test loss  3.02 | test ppl    20.56
=========================================================================================
