word sentid sentpos wlen surp entropy entred
= 0 0 1 5.583418369293213 6.484085559844971 0
<unk> 0 1 5 4.390162467956543 0.7552588582038879 5.728826701641083
<unk> 0 2 5 1.1133097410202026 5.448545932769775 0
<unk> 0 3 5 2.4918689727783203 3.1603407859802246 2.288205146789551
<unk> 0 4 5 2.0671887397766113 3.1421725749969482 0.018168210983276367
= 0 5 1 0.9124079942703247 2.440816879272461 0.7013556957244873
<eos> 0 6 5 18.50031852722168 1.456835389137268 0.9839814901351929
<unk> 0 7 5 0.09765313565731049 0.874729335308075 0.5821060538291931
<unk> 0 8 5 0.2703593373298645 1.9466530084609985 0
<unk> 0 9 5 0.5490924119949341 2.298586368560791 0
<unk> 0 10 5 1.340050220489502 2.794943332672119 0
is 0 11 2 5.642037868499756 2.4821197986602783 0.3128235340118408
a 0 12 1 0.6307113170623779 1.5153793096542358 0.9667404890060425
<unk> 0 13 5 1.6201523542404175 6.180875778198242 0
<unk> 0 14 5 1.261192798614502 6.5988688468933105 0
silent 0 15 6 6.40922212600708 6.11727237701416 0.4815964698791504
short 0 16 5 3.4312658309936523 6.7929301261901855 0
comedy 0 17 6 5.192913055419922 3.48954176902771 3.3033883571624756
produced 0 18 8 7.6912689208984375 3.868354082107544 0
by 0 19 2 0.17088472843170166 0.9733598232269287 2.8949942588806152
the 0 20 3 2.2831053733825684 2.786407232284546 0
<unk> 0 21 5 0.8640628457069397 4.792172908782959 0
<unk> 0 22 5 2.508208751678467 6.7146782875061035 0
. 0 23 1 4.551043510437012 5.997888088226318 0.7167901992797852
<eos> 0 24 5 0.0035635472740978003 0.02529318630695343 5.972594901919365
<unk> 0 25 5 4.14940881729126 3.8232157230377197 0
film 0 26 4 8.082026481628418 4.731186389923096 0
is 0 27 2 5.879642486572266 7.143249034881592 0
a 0 28 1 1.6501941680908203 4.90410852432251 2.239140510559082
comedy 0 29 6 5.683801174163818 7.093563556671143 0
of 0 30 2 7.485090732574463 5.18161678314209 1.9119467735290527
circumstances 0 31 13 19.740859985351562 5.998785018920898 0
, 0 32 1 2.7309000492095947 5.559497833251953 0.4392871856689453
in 0 33 2 5.427761554718018 7.1779327392578125 0
which 0 34 5 0.34092745184898376 1.8970648050308228 5.28086793422699
the 0 35 3 2.0071310997009277 5.323585033416748 0
<unk> 0 36 5 4.019948482513428 7.341713905334473 0
family 0 37 6 6.213781356811523 8.222211837768555 0
is 0 38 2 2.585759162902832 7.66256046295166 0.5596513748168945
going 0 39 5 9.661805152893066 8.829718589782715 0
to 0 40 2 0.18981385231018066 1.1801636219024658 7.649554967880249
host 0 41 4 11.44755744934082 8.014534950256348 0
a 0 42 1 2.1442906856536865 3.973503589630127 4.041031360626221
dinner 0 43 6 9.48205280303955 9.342782974243164 0
. 0 44 1 4.094919204711914 5.799225330352783 3.543557643890381
<eos> 0 45 5 0.002228892408311367 0.016970278695225716 5.7822550516575575
<unk> 0 46 5 2.9121809005737305 5.4501423835754395 0
focus 0 47 5 16.31563377380371 5.653158664703369 0
of 0 48 2 8.30338191986084 2.6269097328186035 3.0262489318847656
the 0 49 3 1.24235999584198 5.375844478607178 0
humor 0 50 5 11.647909164428711 8.916261672973633 0
is 0 51 2 6.758813381195068 5.147388935089111 3.7688727378845215
in 0 52 2 5.877729892730713 8.199387550354004 0
a 0 53 1 3.0534143447875977 5.89906120300293 2.300326347351074
<unk> 0 54 5 4.131916046142578 10.013409614562988 0
pie 0 55 3 12.892404556274414 8.81869125366211 1.194718360900879
that 0 56 4 4.444382190704346 6.250162124633789 2.5685291290283203
brandy 0 57 6 20.851594924926758 7.509459972381592 0
is 0 58 2 4.02305793762207 8.015850067138672 0
added 0 59 5 11.833306312561035 8.870455741882324 0
to 0 60 2 0.5594830513000488 2.397193193435669 6.473262548446655
in 0 61 2 7.220715045928955 6.529516696929932 0
an 0 62 2 5.4134016036987305 5.364341735839844 1.165174961090088
attempt 0 63 7 3.0206756591796875 8.104288101196289 0
to 0 64 2 0.11044315993785858 0.6641324758529663 7.440155625343323
make 0 65 4 5.353141784667969 8.647510528564453 0
it 0 66 2 3.3215956687927246 5.276293754577637 3.3712167739868164
more 0 67 4 4.850821495056152 7.096460819244385 0
appreciable 0 68 11 19.8593807220459 8.716136932373047 0
, 0 69 1 3.5035839080810547 3.073374032974243 5.642762899398804
but 0 70 3 3.247560739517212 6.07535457611084 0
three 0 71 5 12.166661262512207 6.797276020050049 0
people 0 72 6 5.476377487182617 8.714606285095215 0
each 0 73 4 8.443968772888184 7.224996566772461 1.489609718322754
add 0 74 3 10.960079193115234 8.101887702941895 0
brandy 0 75 6 17.109830856323242 6.185175895690918 1.9167118072509766
to 0 76 2 2.238909959793091 4.72590446472168 1.4592714309692383
the 0 77 3 1.6320905685424805 6.33965539932251 0
pie 0 78 3 9.692931175231934 10.054632186889648 0
. 0 79 1 1.0943806171417236 4.334348201751709 5.7202839851379395
<eos> 0 80 5 0.02063513547182083 0.10886084288358688 4.225487358868122
<unk> 0 81 5 2.5837764739990234 5.543082237243652 0
becomes 0 82 7 9.873456954956055 6.719776153564453 0
<unk> 0 83 5 3.8144872188568115 6.106282711029053 0.6134934425354004
upon 0 84 4 10.422748565673828 4.985374927520752 1.1209077835083008
eating 0 85 6 9.402054786682129 6.519558906555176 0
the 0 86 3 2.6996543407440186 6.779930114746094 0
pie 0 87 3 6.341278076171875 9.770734786987305 0
, 0 88 1 1.6395918130874634 4.727997779846191 5.042737007141113
including 0 89 9 8.269614219665527 6.172356128692627 0
the 0 90 3 2.4651098251342773 6.541266441345215 0
family 0 91 6 8.83924388885498 9.723553657531738 0
cat 0 92 3 10.275249481201172 6.737834453582764 2.9857192039489746
, 0 93 1 1.3493537902832031 4.019177436828613 2.7186570167541504
and 0 94 3 2.8485279083251953 6.365121841430664 0
the 0 95 3 2.8070321083068848 7.468358993530273 0
film 0 96 4 9.54099178314209 9.753503799438477 0
concludes 0 97 9 8.424234390258789 6.677681922912598 3.075821876525879
. 0 98 1 4.77183198928833 3.298347234725952 3.3793346881866455
<eos> 0 99 5 0.06957170367240906 0.27864229679107666 3.0197049379348755
<unk> 0 100 5 2.215348482131958 5.596608638763428 0
cast 0 101 4 13.978912353515625 6.843761920928955 0
or 0 102 2 13.060117721557617 5.570005893707275 1.2737560272216797
staff 0 103 5 11.60879135131836 9.274961471557617 0
credits 0 104 7 10.675651550292969 6.897419452667236 2.377542018890381
for 0 105 3 3.0217695236206055 5.922986030578613 0.974433422088623
this 0 106 4 5.882901668548584 5.008319854736328 0.9146661758422852
film 0 107 4 3.4607765674591064 8.123154640197754 0
are 0 108 3 5.790856838226318 4.9832234382629395 3.1399312019348145
known 0 109 5 7.280926704406738 8.942895889282227 0
. 0 110 1 6.06059455871582 2.8377251625061035 6.105170726776123
<eos> 0 111 5 0.0292535200715065 0.145840585231781 2.6918845772743225
<unk> 0 112 5 2.3145065307617188 5.915297985076904 0
film 0 113 4 10.290682792663574 6.500825881958008 0
was 0 114 3 6.001209259033203 8.09770679473877 0
released 0 115 8 3.5042524337768555 7.321666240692139 0.7760405540466309
on 0 116 2 1.875230073928833 3.5212149620056152 3.8004512786865234
<unk> 0 117 5 0.2848913073539734 1.4265049695968628 2.0947099924087524
<unk> 0 118 5 0.39112424850463867 1.9639290571212769 0
, 0 119 1 0.8006797432899475 1.8725016117095947 0.09142744541168213
<unk> 0 120 5 0.017280783504247665 0.16859056055545807 1.7039110511541367
, 0 121 1 1.5357474088668823 3.055842876434326 0
to 0 122 2 6.34481954574585 4.790073871612549 0
mixed 0 123 5 6.206796169281006 6.927102088928223 0
reviews 0 124 7 0.5103592872619629 2.627539873123169 4.299562215805054
in 0 125 2 6.273639678955078 2.7017951011657715 0
trade 0 126 5 12.064095497131348 5.6414031982421875 0
publications 0 127 12 2.540248394012451 5.382326602935791 0.2590765953063965
. 0 128 1 0.839481770992279 2.4132497310638428 2.9690768718719482
<eos> 0 129 5 0.00850282609462738 0.05270800366997719 2.3605417273938656
<unk> 0 130 5 2.386479377746582 5.146402359008789 0
mentioned 0 131 9 12.25843620300293 5.466296672821045 0
that 0 132 4 1.5208756923675537 3.743696928024292 1.722599744796753
the 0 133 3 1.5070908069610596 4.5070719718933105 0
film 0 134 4 0.5574123859405518 3.5818779468536377 0.9251940250396729
was 0 135 3 1.267666220664978 4.44942045211792 0
too 0 136 3 7.51763391494751 6.452229022979736 0
long 0 137 4 5.017738342285156 7.615288734436035 0
and 0 138 3 2.5896570682525635 4.1483941078186035 3.4668946266174316
it 0 139 2 6.3999199867248535 8.729926109313965 0
was 0 140 3 1.083454966545105 4.535135269165039 4.194790840148926
unbelievable 0 141 12 13.116585731506348 7.091444492340088 0
that 0 142 4 2.9008796215057373 4.556487083435059 2.5349574089050293
one 0 143 3 8.6550931930542 4.392552375793457 0.16393470764160156
pie 0 144 3 18.046703338623047 5.30366325378418 0
split 0 145 5 16.609455108642578 5.862320423126221 0
eight 0 146 5 16.110204696655273 5.394406318664551 0.4679141044616699
ways 0 147 4 10.616164207458496 6.314469337463379 0
would 0 148 5 8.541667938232422 5.153027534484863 1.1614418029785156
be 0 149 2 1.4107391834259033 5.530425548553467 0
able 0 150 4 8.874260902404785 8.92967700958252 0
to 0 151 2 0.16614621877670288 0.9700762033462524 7.959600806236267
impact 0 152 6 12.107553482055664 8.64542293548584 0
everyone 0 153 8 11.96440315246582 4.641327381134033 4.004095554351807
. 0 154 1 1.8239543437957764 4.969483375549316 0
<eos> 0 155 5 0.028499487787485123 0.14039933681488037 4.829084038734436
<unk> 0 156 5 2.1302623748779297 5.458428382873535 0
film 0 157 4 10.649622917175293 6.333840847015381 0
is 0 158 2 9.87527084350586 6.929751873016357 0
presumed 0 159 8 5.188869476318359 7.258249759674072 0
lost 0 160 4 2.3792574405670166 3.71817684173584 3.5400729179382324
. 0 161 1 2.9853105545043945 4.0095906257629395 0
<eos> 0 162 5 0.011964613571763039 0.07031882554292679 3.9392718002200127
= 0 163 1 2.5877554416656494 5.089488983154297 0
= 0 164 1 0.21381160616874695 1.2507555484771729 3.838733434677124
<unk> 0 165 5 6.60964822769165 4.241514205932617 0
= 0 166 1 1.6461119651794434 6.185457706451416 0
= 0 167 1 0.00013757955457549542 0.0019371153321117163 6.183520591119304
<eos> 0 168 5 16.688081741333008 4.894588470458984 0
<unk> 0 169 5 1.9493820667266846 5.9767560958862305 0
the 0 170 3 9.767167091369629 6.311654567718506 0
film 0 171 4 4.714797019958496 8.159967422485352 0
is 0 172 2 2.9036381244659424 6.301146984100342 1.8588204383850098
presumed 0 173 8 5.935700416564941 6.52677059173584 0
lost 0 174 4 1.9054054021835327 3.851419448852539 2.675351142883301
, 0 175 1 1.977577567100525 3.7118465900421143 0.1395728588104248
a 0 176 1 5.230376243591309 5.721110820770264 0
synopsis 0 177 8 11.370573043823242 8.875102996826172 0
survives 0 178 8 8.076432228088379 3.054133892059326 5.820969104766846
in 0 179 2 1.6366503238677979 4.509636402130127 0
<unk> 0 180 5 1.5482208728790283 3.5564372539520264 0.9531991481781006
<unk> 0 181 5 3.125171184539795 4.354085445404053 0
<unk> 0 182 5 3.1101467609405518 4.438395977020264 0
<unk> 0 183 5 2.149082899093628 4.872938632965088 0
from 0 184 4 8.923419952392578 4.819672107696533 0.05326652526855469
<unk> 0 185 5 1.1007496118545532 3.316699504852295 1.5029726028442383
<unk> 0 186 5 1.8716404438018799 4.729122638702393 0
, 0 187 1 2.8244118690490723 4.283158302307129 0.44596433639526367
<unk> 0 188 5 0.8443412780761719 4.021962642669678 0.26119565963745117
. 0 189 1 1.4469656944274902 3.364537239074707 0.6574254035949707
<eos> 0 190 5 0.004848632961511612 0.032871879637241364 3.3316653594374657
<unk> 0 191 5 2.4814536571502686 5.1363525390625 0
states 0 192 6 11.489380836486816 5.726442813873291 0
: 0 193 1 3.5372703075408936 2.911238431930542 2.815204381942749
" 0 194 1 0.2085750699043274 1.4083119630813599 1.5029264688491821
<unk> 0 195 5 3.1330039501190186 6.2835373878479 0
in 0 196 2 7.778470039367676 5.941864967346191 0.341672420501709
a 0 197 1 4.582029342651367 4.82379674911499 1.1180682182312012
country 0 198 7 8.772650718688965 9.550436973571777 0
town 0 199 4 9.081622123718262 7.35815954208374 2.192277431488037
is 0 200 2 2.4141316413879395 6.118700981140137 1.2394585609436035
often 0 201 5 9.304229736328125 7.079056739807129 0
tedious 0 202 7 16.973691940307617 8.662384986877441 0
and 0 203 3 2.877641201019287 3.9740078449249268 4.688377141952515
<unk> 0 204 5 4.097388744354248 9.707192420959473 0
, 0 205 1 2.6149330139160156 6.5434184074401855 3.163774013519287
and 0 206 3 2.5256574153900146 6.993414402008057 0
were 0 207 4 12.413443565368652 7.30645227432251 0
it 0 208 2 9.619950294494629 9.26774787902832 0
not 0 209 3 5.1513800621032715 9.004704475402832 0.2630434036254883
for 0 210 3 6.9477949142456055 8.351358413696289 0.653346061706543
the 0 211 3 2.5901427268981934 7.223708629608154 1.1276497840881348
little 0 212 6 11.012386322021484 10.011765480041504 0
dinners 0 213 7 19.095645904541016 8.918065071105957 1.0937004089355469
and 0 214 3 3.2021820545196533 5.015358924865723 3.9027061462402344
teas 0 215 4 17.561830520629883 9.13329792022705 0
the 0 216 3 7.258467197418213 5.40870475769043 3.724593162536621
townsfolk 0 217 9 14.235713958740234 10.007766723632812 0
are 0 218 3 3.3742804527282715 7.270064353942871 2.7377023696899414
constantly 0 219 10 10.17574691772461 8.453191757202148 0
given 0 220 5 9.239450454711914 8.349528312683105 0.10366344451904297
, 0 221 1 3.940488576889038 4.6568708419799805 3.692657470703125
existence 0 222 9 19.985200881958008 5.867046356201172 0
in 0 223 2 6.014864921569824 4.525086402893066 1.3419599533081055
some 0 224 4 7.157706260681152 5.9895405769348145 0
localities 0 225 10 13.335216522216797 7.108805179595947 0
would 0 226 5 14.14166259765625 3.9031009674072266 3.2057042121887207
be 0 227 2 1.960726022720337 6.313604354858398 0
a 0 228 1 4.430083274841309 9.59390640258789 0
very 0 229 4 5.671528339385986 9.90919303894043 0
<unk> 0 230 5 6.354361534118652 8.710710525512695 1.1984825134277344
thing 0 231 5 6.078887939453125 9.250836372375488 0
indeed 0 232 6 12.943763732910156 3.963015556335449 5.287820816040039
. 0 233 1 1.589167833328247 4.797305583953857 0
<eos> 0 234 5 1.4555373191833496 0.9784013032913208 3.8189042806625366
<unk> 0 235 5 4.693604469299316 6.402346611022949 0
the 0 236 3 7.355252265930176 6.798626899719238 0
time 0 237 4 10.737523078918457 10.172673225402832 0
honored 0 238 7 17.783403396606445 7.011502265930176 3.1611709594726562
get 0 239 3 13.96982479095459 6.306778430938721 0.7047238349914551
<unk> 0 240 5 4.303501129150391 7.310694217681885 0
<unk> 0 241 5 3.1178486347198486 7.30744743347168 0.003246784210205078
of 0 242 2 6.873173713684082 6.6405487060546875 0.6668987274169922
the 0 243 3 1.8166967630386353 6.485480785369873 0.15506792068481445
small 0 244 5 9.652718544006348 10.075681686401367 0
town 0 245 4 5.2537617683410645 9.466897010803223 0.6087846755981445
are 0 246 3 11.153393745422363 5.939364433288574 3.5275325775146484
an 0 247 2 8.844563484191895 9.340638160705566 0
established 0 248 11 9.604039192199707 8.95107364654541 0.38956451416015625
feature 0 249 7 9.53182601928711 9.561419486999512 0
to 0 250 2 6.6153388023376465 4.224623680114746 5.336795806884766
the 0 251 3 3.5586471557617188 8.304342269897461 0
social 0 252 6 11.554544448852539 9.48001766204834 0
calendar 0 253 8 12.967594146728516 9.017058372497559 0.46295928955078125
; 0 254 1 6.6174726486206055 4.0834479331970215 4.933610439300537
they 0 255 4 6.136590003967285 6.4464616775512695 0
are 0 256 3 2.0416791439056396 6.476221561431885 0
just 0 257 4 7.094979286193848 8.78171443939209 0
as 0 258 2 3.852806329727173 7.736510276794434 1.0452041625976562
much 0 259 4 4.3686909675598145 8.533354759216309 0
a 0 260 1 5.537388801574707 5.7812113761901855 2.752143383026123
matter 0 261 6 8.176594734191895 9.83642292022705 0
of 0 262 2 0.5831009149551392 2.219099283218384 7.617323637008667
necessity 0 263 9 11.146660804748535 9.447042465209961 0
and 0 264 3 2.9154553413391113 4.048089027404785 5.398953437805176
as 0 265 2 4.291476249694824 9.927824020385742 0
such 0 266 4 7.822852611541748 7.664594650268555 2.2632293701171875
have 0 267 4 8.766386032104492 6.1958208084106445 1.4687738418579102
come 0 268 4 5.636252403259277 6.7335405349731445 0
to 0 269 2 1.074722409248352 4.153733253479004 2.5798072814941406
stay 0 270 4 11.287476539611816 5.992702484130859 0
. 0 271 1 2.6287217140197754 5.552587509155273 0.44011497497558594
<eos> 0 272 5 1.3700028657913208 0.9906430244445801 4.561944484710693
<unk> 0 273 5 4.160538196563721 6.607002258300781 0
<unk> 0 274 5 2.4434566497802734 6.772373199462891 0
thought 0 275 7 11.057943344116211 6.217817306518555 0.5545558929443359
well 0 276 4 10.741860389709473 4.737838268280029 1.4799790382385254
of 0 277 2 4.948086738586426 5.530147075653076 0
this 0 278 4 4.5894575119018555 5.159153461456299 0.37099361419677734
established 0 279 11 14.641534805297852 9.442206382751465 0
feature 0 280 7 13.89409351348877 8.272928237915039 1.1692781448364258
. 0 281 1 3.3720321655273438 5.328323841094971 2.9446043968200684
<eos> 0 282 5 0.5928062200546265 0.9591033458709717 4.369220495223999
<unk> 0 283 5 3.5086166858673096 6.534289360046387 0
made 0 284 4 8.933321952819824 6.708837985992432 0
it 0 285 2 3.147820472717285 5.906395435333252 0.8024425506591797
a 0 286 1 3.179692268371582 6.865431785583496 0
joyous 0 287 6 11.913288116455078 9.844524383544922 0
occasion 0 288 8 7.5933942794799805 9.281999588012695 0.5625247955322266
for 0 289 3 2.330631732940674 4.289705276489258 4.9922943115234375
themselves 0 290 10 10.435179710388184 6.488190650939941 0
as 0 291 2 6.397619724273682 4.146250247955322 2.341940402984619
well 0 292 4 3.440887212753296 6.222490310668945 0
as 0 293 2 1.6085302829742432 2.616664171218872 3.6058261394500732
their 0 294 5 6.703714370727539 7.7078351974487305 0
guests 0 295 6 9.874577522277832 10.219351768493652 0
. 0 296 1 1.8426661491394043 4.566543102264404 5.652808666229248
<eos> 0 297 5 0.8401971459388733 1.0262147188186646 3.5403283834457397
<unk> 0 298 5 3.406395673751831 6.709988594055176 0
were 0 299 4 8.232157707214355 6.716672420501709 0
hardly 0 300 6 11.568385124206543 9.04528522491455 0
an 0 301 2 6.990339279174805 9.149927139282227 0
overly 0 302 6 11.259845733642578 8.773456573486328 0.37647056579589844
wealthy 0 303 7 6.658374309539795 9.227327346801758 0
family 0 304 6 5.495577812194824 7.963741779327393 1.2635855674743652
, 0 305 1 1.861724615097046 4.929873943328857 3.033867835998535
and 0 306 3 2.0267975330352783 6.004847049713135 0
their 0 307 5 4.776946067810059 7.363854885101318 0
table 0 308 5 16.770423889160156 10.306558609008789 0
was 0 309 3 1.757229208946228 6.5380120277404785 3.7685465812683105
never 0 310 5 5.918449878692627 9.048482894897461 0
notable 0 311 7 14.79263687133789 9.206059455871582 0
for 0 312 3 2.5948550701141357 3.258274555206299 5.947784900665283
an 0 313 2 7.342755317687988 6.382883071899414 0
<unk> 0 314 5 3.916309118270874 9.10859203338623 0
of 0 315 2 4.736208438873291 8.70343017578125 0.40516185760498047
the 0 316 3 2.743581533432007 8.176159858703613 0.5272703170776367
good 0 317 4 9.17835521697998 10.197563171386719 0
things 0 318 6 7.497703552246094 8.938691139221191 1.2588720321655273
of 0 319 2 4.291263103485107 4.903871059417725 4.034820079803467
life 0 320 4 6.59542179107666 5.505056381225586 0
, 0 321 1 2.893998861312866 3.225367546081543 2.279688835144043
but 0 322 3 3.4259729385375977 6.617874622344971 0
whenever 0 323 8 13.653928756713867 7.108883380889893 0
they 0 324 4 2.9623186588287354 5.593158721923828 1.5157246589660645
gave 0 325 4 8.197577476501465 5.753605365753174 0
a 0 326 1 3.803542137145996 5.566415786743164 0.18718957901000977
dinner 0 327 6 10.235512733459473 9.708229064941406 0
they 0 328 4 6.947925567626953 6.2313456535339355 3.4768834114074707
cast 0 329 4 12.408174514770508 6.385809421539307 0
all 0 330 3 6.346551895141602 6.758932113647461 0
thoughts 0 331 8 13.225857734680176 6.526939392089844 0.2319927215576172
of 0 332 2 1.9034695625305176 4.74738073348999 1.7795586585998535
economy 0 333 7 17.237560272216797 8.294778823852539 0
to 0 334 2 8.122709274291992 4.675172805786133 3.6196060180664062
the 0 335 3 1.966369867324829 7.243616104125977 0
country 0 336 7 6.798354625701904 10.139655113220215 0
winds 0 337 5 18.784366607666016 3.4619760513305664 6.677679061889648
and 0 338 3 3.3177433013916016 4.056787967681885 0
worked 0 339 6 12.312713623046875 9.37636947631836 0
to 0 340 2 3.2759556770324707 5.827520847320557 3.5488486289978027
the 0 341 3 5.469331741333008 8.768131256103516 0
one 0 342 3 9.808168411254883 10.252676963806152 0
end 0 343 3 11.440459251403809 7.297543048858643 2.9551339149475098
that 0 344 4 5.700948238372803 3.691805124282837 3.6057379245758057
their 0 345 5 6.327650547027588 7.755731105804443 0
guests 0 346 6 11.130295753479004 10.611159324645996 0
have 0 347 4 5.6299028396606445 6.016434669494629 4.594724655151367
a 0 348 1 7.158364772796631 8.068207740783691 0
pleasant 0 349 8 10.425056457519531 8.882525444030762 0
time 0 350 4 7.320181369781494 9.07087230682373 0
. 0 351 1 1.7158215045928955 4.855010509490967 4.215861797332764
" 0 352 1 0.9618837833404541 1.0263949632644653 3.8286155462265015
<eos> 0 353 5 0.0 3.95559527532896e-06 1.02639100766919
" 0 354 1 7.536154747009277 5.422299861907959 0
<unk> 0 355 5 2.2767462730407715 7.446322441101074 0
the 0 356 3 7.142460346221924 6.429996490478516 1.0163259506225586
night 0 357 5 8.596819877624512 9.27503776550293 0
before 0 358 6 4.307422637939453 6.509227752685547 2.765810012817383
such 0 359 4 12.609270095825195 6.063745021820068 0.4454827308654785
an 0 360 2 3.5327229499816895 5.986424446105957 0.07732057571411133
event 0 361 5 4.424001693725586 7.884796142578125 0
neither 0 362 7 17.294893264770508 5.604217529296875 2.28057861328125
<unk> 0 363 5 3.90464448928833 8.271151542663574 0
, 0 364 1 5.785124778747559 5.072896480560303 3.1982550621032715
<unk> 0 365 5 1.4418447017669678 5.581301212310791 0
, 0 366 1 2.1176857948303223 4.269839286804199 1.3114619255065918
or 0 367 2 2.642225980758667 3.956339120864868 0.31350016593933105
<unk> 0 368 5 0.7019505500793457 4.278695106506348 0
<unk> 0 369 5 2.967641830444336 7.423626899719238 0
could 0 370 5 6.634124755859375 7.6507039070129395 0
get 0 371 3 6.15924072265625 7.3635759353637695 0.2871279716491699
those 0 372 5 11.355904579162598 7.316839218139648 0.046736717224121094
minutes 0 373 7 11.868805885314941 9.648578643798828 0
' 0 374 1 7.460299015045166 6.296092987060547 3.3524856567382812
solid 0 375 5 16.72939682006836 10.405942916870117 0
sleep 0 376 5 10.355679512023926 9.839820861816406 0.5661220550537109
for 0 377 3 6.204022407531738 5.8419623374938965 3.9978585243225098
thought 0 378 7 13.967876434326172 6.907315731048584 0
that 0 379 4 6.985262393951416 4.815641403198242 2.091674327850342
they 0 380 4 3.96122145652771 6.8718109130859375 0
might 0 381 5 5.666538238525391 6.2941179275512695 0.577692985534668
have 0 382 4 2.1143381595611572 6.38644552230835 0
overlooked 0 383 10 13.78071117401123 7.660765171051025 0
some 0 384 4 8.320399284362793 6.055215835571289 1.6055493354797363
essential 0 385 9 13.60348129272461 7.088017463684082 0
in 0 386 2 10.62522029876709 9.825358390808105 0
the 0 387 3 1.9162060022354126 6.6814866065979 3.143871784210205
guests 0 388 6 14.566120147705078 9.64224910736084 0
' 0 389 1 2.584728717803955 4.249882221221924 5.392366886138916
comfort 0 390 7 10.102174758911133 9.992841720581055 0
. 0 391 1 1.460392713546753 5.335758209228516 4.657083511352539
<eos> 0 392 5 1.6244765520095825 0.9425985217094421 4.3931596875190735
<unk> 0 393 5 4.063407897949219 6.643572807312012 0
the 0 394 3 8.364773750305176 6.676464080810547 0
first 0 395 5 6.989148139953613 9.979496955871582 0
crow 0 396 4 19.02696418762207 8.912995338439941 1.0665016174316406
of 0 397 2 4.279355049133301 7.639750003814697 1.2732453346252441
the 0 398 3 1.8841689825057983 6.986386775970459 0.6533632278442383
rooster 0 399 7 16.017396926879883 8.913067817687988 0
they 0 400 4 11.672091484069824 7.376932144165039 1.5361356735229492
would 0 401 5 4.907230377197266 7.273148536682129 0.10378360748291016
come 0 402 4 6.221025466918945 7.02070951461792 0.252439022064209
hopping 0 403 7 20.066492080688477 5.110304355621338 1.910405158996582
down 0 404 4 7.410694122314453 5.937478065490723 0
to 0 405 2 4.078680038452148 5.906852722167969 0.030625343322753906
the 0 406 3 1.88266921043396 6.817644119262695 0
kitchen 0 407 7 9.513701438903809 9.525510787963867 0
to 0 408 2 5.945053577423096 4.960264682769775 4.565246105194092
get 0 409 3 4.817960262298584 8.359352111816406 0
the 0 410 3 3.1434011459350586 7.561529636383057 0.7978224754333496
<unk> 0 411 5 3.6894915103912354 10.443696975708008 0
into 0 412 4 7.034911632537842 9.351364135742188 1.0923328399658203
shape 0 413 5 10.616612434387207 5.499174118041992 3.8521900177001953
. 0 414 1 1.3371871709823608 3.7530477046966553 1.746126413345337
<eos> 0 415 5 1.016167163848877 1.0333867073059082 2.719660997390747
<unk> 0 416 5 4.02871561050415 6.518487930297852 0
little 0 417 6 12.56335163116455 6.969236373901367 0
wonder 0 418 6 12.223894119262695 6.953929901123047 0.015306472778320312
that 0 419 4 6.194131374359131 6.088089466094971 0.8658404350280762
on 0 420 2 8.791823387145996 6.63613748550415 0
occasion 0 421 8 8.548059463500977 5.365586757659912 1.2705507278442383
of 0 422 2 7.832667827606201 5.228681564331055 0.13690519332885742
the 0 423 3 1.4249451160430908 5.397003173828125 0
dinner 0 424 6 9.190435409545898 9.80541706085205 0
here 0 425 4 10.775699615478516 5.864107131958008 3.941309928894043
pictured 0 426 8 18.923107147216797 4.633736610412598 1.2303705215454102
- 0 427 1 12.048483848571777 6.652991771697998 0
when 0 428 4 7.6533708572387695 7.462996006011963 0
the 0 429 3 3.282144546508789 5.196803092956543 2.26619291305542
prize 0 430 5 13.185587882995605 10.283170700073242 0
dish 0 431 4 16.198909759521484 6.3047003746032715 3.9784703254699707
was 0 432 3 1.6986409425735474 6.049753189086914 0.2549471855163574
a 0 433 1 5.788743495941162 9.129773139953613 0
splendid 0 434 8 10.640339851379395 9.895697593688965 0
homemade 0 435 8 17.09799575805664 9.453479766845703 0.4422178268432617
<unk> 0 436 5 3.02732515335083 9.24853515625 0.20494461059570312
pie 0 437 3 8.936202049255371 7.780489444732666 1.468045711517334
- 0 438 1 11.511565208435059 5.28371000289917 2.496779441833496
the 0 439 3 3.5314643383026123 7.211421966552734 0
<unk> 0 440 5 2.920991897583008 10.252604484558105 0
were 0 441 4 7.158637523651123 8.965131759643555 1.2874727249145508
ever 0 442 4 9.205562591552734 9.419487953186035 0
looking 0 443 7 10.655618667602539 9.45702838897705 0
after 0 444 5 8.590716361999512 4.4050750732421875 5.051953315734863
the 0 445 3 2.2265424728393555 6.3518571853637695 0
need 0 446 4 12.386083602905273 10.30833911895752 0
of 0 447 2 5.3198981285095215 2.420203924179077 7.888135194778442
the 0 448 3 2.84100341796875 7.966849327087402 0
said 0 449 4 15.023608207702637 10.615523338317871 0
pie 0 450 3 10.079410552978516 9.951218605041504 0.6643047332763672
. 0 451 1 1.8620753288269043 5.57177209854126 4.379446506500244
<eos> 0 452 5 1.1306469440460205 1.0257000923156738 4.546072006225586
<unk> 0 453 5 3.911808729171753 6.586299419403076 0
<unk> 0 454 5 2.220022201538086 7.009825229644775 0
<unk> 0 455 5 2.654069185256958 6.52908182144165 0.480743408203125
would 0 456 5 8.071905136108398 7.17873477935791 0
<unk> 0 457 5 6.3057684898376465 6.973394393920898 0.20534038543701172
to 0 458 2 5.544095993041992 6.643599033355713 0.32979536056518555
the 0 459 3 2.7397124767303467 7.139734268188477 0
table 0 460 5 8.446772575378418 10.074174880981445 0
whereupon 0 461 9 16.61515235900879 5.8339314460754395 4.240243434906006
it 0 462 2 3.935974359512329 4.981140613555908 0.8527908325195312
sat 0 463 3 10.556947708129883 5.854989051818848 0
in 0 464 2 3.234858751296997 5.7925944328308105 0.06239461898803711
solemn 0 465 6 16.268035888671875 5.495687007904053 0.2969074249267578
state 0 466 5 11.78292465209961 9.648429870605469 0
, 0 467 1 3.0915534496307373 7.2344255447387695 2.414004325866699
and 0 468 3 2.4650232791900635 7.390120029449463 0
give 0 469 4 12.153634071350098 7.765781879425049 0
it 0 470 2 2.823629140853882 5.397006034851074 2.3687758445739746
a 0 471 1 1.591729760169983 5.32059383392334 0.07641220092773438
stir 0 472 4 14.829877853393555 9.873211860656738 0
; 0 473 1 7.185690879821777 5.205926418304443 4.667285442352295
then 0 474 4 7.155420780181885 6.610558986663818 0
<unk> 0 475 5 3.5346410274505615 5.81845760345459 0.7921013832092285
<unk> 0 476 5 2.6360785961151123 7.752895355224609 0
would 0 477 5 6.669023513793945 7.4187703132629395 0.3341250419616699
<unk> 0 478 5 6.636516094207764 7.201329708099365 0.21744060516357422
over 0 479 4 8.767532348632812 6.379960536956787 0.8213691711425781
and 0 480 3 5.796324253082275 6.099891662597656 0.28006887435913086
give 0 481 4 7.095877647399902 9.239245414733887 0
it 0 482 2 3.0931410789489746 5.347018241882324 3.8922271728515625
a 0 483 1 1.6941983699798584 5.442747116088867 0
stir 0 484 4 13.882230758666992 9.942412376403809 0
; 0 485 1 6.544974327087402 4.883115291595459 5.05929708480835
finally 0 486 7 10.26997184753418 6.591385841369629 0
<unk> 0 487 5 4.387783527374268 4.425209045410156 2.1661767959594727
<unk> 0 488 5 2.9957849979400635 7.532302379608154 0
would 0 489 5 6.437280178070068 7.17385721206665 0.3584451675415039
have 0 490 4 3.2284417152404785 7.300553321838379 0
to 0 491 2 4.085564613342285 8.116954803466797 0
come 0 492 4 6.273519515991211 8.007372856140137 0.10958194732666016
over 0 493 4 7.639894485473633 5.158789157867432 2.848583698272705
and 0 494 3 4.830495834350586 6.036818981170654 0
honor 0 495 5 15.881549835205078 9.189750671386719 0
it 0 496 2 4.477771759033203 5.668787002563477 3.520963668823242
likewise 0 497 8 16.8306827545166 4.313923358917236 1.3548636436462402
. 0 498 1 1.3452000617980957 4.328415393829346 0
<eos> 0 499 5 0.7547672390937805 1.0035161972045898 3.324899196624756
<unk> 0 500 5 3.318399667739868 6.511532306671143 0
arrived 0 501 7 11.33771800994873 7.1211466789245605 0
the 0 502 3 6.3367767333984375 4.563629150390625 2.5575175285339355
guests 0 503 6 11.01248550415039 8.056985855102539 0
. 0 504 1 6.227950096130371 7.279212474822998 0.777773380279541
<eos> 0 505 5 0.2280104160308838 0.6202262043952942 6.658986270427704
<unk> 0 506 5 2.6363866329193115 6.450336456298828 0
<unk> 0 507 5 2.2118771076202393 6.885514736175537 0
and 0 508 3 4.475959777832031 6.291877746582031 0.5936369895935059
the 0 509 3 4.123330593109131 3.6764793395996094 2.615398406982422
<unk> 0 510 5 2.8280346393585205 9.538230895996094 0
<unk> 0 511 5 2.8143227100372314 8.826101303100586 0.7121295928955078
, 0 512 1 4.380151748657227 8.240689277648926 0.5854120254516602
they 0 513 4 8.116986274719238 6.576261520385742 1.6644277572631836
were 0 514 4 2.124141216278076 7.09295654296875 0
, 0 515 1 7.6472015380859375 9.214906692504883 0
and 0 516 3 4.2255682945251465 7.962891101837158 1.2520155906677246
some 0 517 4 8.106465339660645 8.130278587341309 0
neighbors 0 518 9 14.972636222839355 8.51335620880127 0
. 0 519 1 7.001782417297363 7.028322696685791 1.4850335121154785
<eos> 0 520 5 0.11864884197711945 0.42188504338264465 6.606437653303146
<unk> 0 521 5 2.609606981277466 6.4372334480285645 0
she 0 522 3 14.299266815185547 6.585356712341309 0
was 0 523 3 2.940474033355713 7.618892669677734 0
receiving 0 524 9 14.087332725524902 8.811461448669434 0
them 0 525 4 8.639204978942871 6.8702473640441895 1.9412140846252441
the 0 526 3 4.036751747131348 6.357799053192139 0.5124483108520508
recollection 0 527 12 19.03526496887207 10.228673934936523 0
came 0 528 4 13.818467140197754 3.5425970554351807 6.686076879501343
to 0 529 2 2.146486759185791 5.051919460296631 0
<unk> 0 530 5 3.707934856414795 5.39636754989624 0
<unk> 0 531 5 4.084688186645508 5.357710838317871 0.03865671157836914
that 0 532 4 6.919014930725098 5.22538948059082 0.13232135772705078
the 0 533 3 3.491224527359009 6.974447727203369 0
beloved 0 534 7 13.194727897644043 10.35855484008789 0
<unk> 0 535 5 3.427899122238159 8.335556030273438 2.022998809814453
pie 0 536 3 11.396602630615234 7.441770553588867 0.8937854766845703
had 0 537 3 3.5944416522979736 5.964444160461426 1.4773263931274414
not 0 538 3 4.7199015617370605 6.948283672332764 0
received 0 539 8 7.675478458404541 5.527169704437256 1.4211139678955078
its 0 540 3 6.749167442321777 6.883726119995117 0
flavoring 0 541 9 18.725404739379883 9.908515930175781 0
. 0 542 1 1.6580997705459595 5.942899227142334 3.9656167030334473
<eos> 0 543 5 0.2783147394657135 0.6816949248313904 5.261204302310944
<unk> 0 544 5 2.92406964302063 6.285579204559326 0
she 0 545 3 13.626986503601074 6.872603416442871 0
speeds 0 546 6 22.899808883666992 7.513381481170654 0
to 0 547 2 5.122957229614258 7.434779167175293 0.07860231399536133
a 0 548 1 4.235927104949951 6.524166107177734 0.9106130599975586
<unk> 0 549 5 3.5980353355407715 10.196734428405762 0
of 0 550 2 5.08301305770874 8.033665657043457 2.1630687713623047
whiskey 0 551 7 12.559322357177734 7.72685432434082 0.3068113327026367
in 0 552 2 5.032424449920654 4.997034072875977 2.7298202514648438
the 0 553 3 1.7096809148788452 5.575791835784912 0
kitchen 0 554 7 6.78670072555542 9.263915061950684 0
. 0 555 1 2.11185622215271 4.334246635437012 4.929668426513672
<eos> 0 556 5 0.1440856158733368 0.46657440066337585 3.867672234773636
<unk> 0 557 5 3.0332140922546387 6.426506042480469 0
pours 0 558 5 16.207992553710938 7.29111909866333 0
into 0 559 4 5.0393571853637695 6.388371467590332 0.902747631072998
the 0 560 3 1.3521703481674194 4.699620246887207 1.688751220703125
pie 0 561 3 6.130504608154297 9.819812774658203 0
the 0 562 3 9.155306816101074 5.798832416534424 4.020980358123779
right 0 563 5 7.913487434387207 9.118083000183105 0
proportion 0 564 10 18.191017150878906 7.08483362197876 2.0332493782043457
of 0 565 2 0.9021741151809692 3.4173777103424072 3.6674559116363525
liquor 0 566 6 12.710084915161133 5.718674659729004 0
, 0 567 1 2.045426845550537 4.900663375854492 0.8180112838745117
and 0 568 3 1.691826343536377 6.371151924133301 0
goes 0 569 4 12.504212379455566 7.989826679229736 0
back 0 570 4 4.460572242736816 5.777718544006348 2.2121081352233887
to 0 571 2 0.8706532120704651 3.583164691925049 2.194553852081299
her 0 572 3 5.867260932922363 5.848777770996094 0
guests 0 573 6 12.30179214477539 8.872886657714844 0
. 0 574 1 1.5122034549713135 4.626523494720459 4.246363162994385
<eos> 0 575 5 0.17936547100543976 0.539115846157074 4.087407648563385
<unk> 0 576 5 3.1065309047698975 6.73350191116333 0
<unk> 0 577 5 2.6759896278381348 7.653723239898682 0
<unk> 0 578 5 2.7325470447540283 7.046529769897461 0.6071934700012207
remembers 0 579 9 12.567584037780762 7.537075042724609 0
that 0 580 4 2.5507683753967285 5.309215068817139 2.2278599739074707
the 0 581 3 2.1428983211517334 5.556671619415283 0
pie 0 582 3 6.512012958526611 10.050182342529297 0
has 0 583 3 5.582278728485107 6.794613361358643 3.2555689811706543
not 0 584 3 5.152096748352051 6.020829200744629 0.7737841606140137
been 0 585 4 0.7545690536499023 3.9692542552948 2.051574945449829
flavored 0 586 8 13.219045639038086 8.868023872375488 0
. 0 587 1 4.203982353210449 3.5507559776306152 5.317267894744873
<eos> 0 588 5 0.17342185974121094 0.5176039934158325 3.0331519842147827
<unk> 0 589 5 2.706770181655884 6.309718608856201 0
, 0 590 1 3.9240882396698 7.2534356117248535 0
too 0 591 3 9.391282081604004 6.898922443389893 0.35451316833496094
, 0 592 1 0.1822327822446823 1.20166015625 5.697262287139893
excuses 0 593 7 21.054656982421875 7.646584510803223 0
himself 0 594 7 7.249989032745361 5.539125919342041 2.1074585914611816
and 0 595 3 4.114603519439697 4.776452541351318 0.7626733779907227
a 0 596 1 6.361913204193115 8.871469497680664 0
moment 0 597 6 10.848250389099121 10.293596267700195 0
later 0 598 5 8.514093399047852 6.260618209838867 4.032978057861328
is 0 599 2 7.097010135650635 7.048659324645996 0
found 0 600 5 7.728640079498291 8.645312309265137 0
pouring 0 601 7 12.959547996520996 5.3587646484375 3.2865476608276367
whiskey 0 602 7 13.812507629394531 6.618752479553223 0
into 0 603 4 3.798543691635132 4.829555511474609 1.7891969680786133
the 0 604 3 1.518532633781433 4.571299076080322 0.2582564353942871
sacred 0 605 6 15.744199752807617 9.775938034057617 0
<unk> 0 606 5 3.3593122959136963 9.769392013549805 0.0065460205078125
. 0 607 1 1.6208057403564453 6.030206203460693 3.7391858100891113
<eos> 0 608 5 0.09340176731348038 0.34555453062057495 5.684651672840118
<unk> 0 609 5 2.578376293182373 6.186539173126221 0
sooner 0 610 6 19.961652755737305 7.400472164154053 0
has 0 611 3 6.809625625610352 6.226184844970703 1.1742873191833496
he 0 612 2 11.537590026855469 7.437500476837158 0
ceased 0 613 6 13.836150169372559 8.685526847839355 0
and 0 614 3 5.873541831970215 5.25922966003418 3.426297187805176
returned 0 615 8 9.028545379638672 8.514103889465332 0
to 0 616 2 0.8518466353416443 3.642727851867676 4.871376037597656
his 0 617 3 3.0981807708740234 5.190159320831299 0
guest 0 618 5 14.939455032348633 9.080102920532227 0
than 0 619 4 10.05434799194336 6.753319263458252 2.3267836570739746
<unk> 0 620 5 2.648608446121216 6.952622413635254 0
<unk> 0 621 5 2.384774684906006 4.974687576293945 1.9779348373413086
, 0 622 1 2.466171979904175 4.460387706756592 0.5142998695373535
who 0 623 3 2.154956340789795 5.628457069396973 0
has 0 624 3 5.486019611358643 7.513236045837402 0
just 0 625 4 8.398447036743164 7.713146209716797 0
remembered 0 626 10 12.362040519714355 7.6931610107421875 0.019985198974609375
about 0 627 5 9.131031036376953 5.717987537384033 1.9751734733581543
the 0 628 3 2.254549503326416 4.664763927459717 1.0532236099243164
forgotten 0 629 9 15.082737922668457 10.53404712677002 0
flavoring 0 630 9 20.433305740356445 9.735034942626953 0.7990121841430664
, 0 631 1 3.858150005340576 5.8791184425354 3.8559165000915527
rushes 0 632 6 15.959563255310059 7.135602951049805 0
in 0 633 2 5.519217491149902 5.348145961761475 1.78745698928833
and 0 634 3 4.148158073425293 6.184619903564453 0
makes 0 635 5 6.878934383392334 9.348276138305664 0
for 0 636 3 10.316856384277344 5.640552997589111 3.7077231407165527
the 0 637 3 2.4087531566619873 5.9810791015625 0
whiskey 0 638 7 13.480582237243652 10.57967758178711 0
. 0 639 1 3.3599493503570557 8.111133575439453 2.4685440063476562
<eos> 0 640 5 0.07119522243738174 0.2831982970237732 7.82793527841568
<unk> 0 641 5 2.5915818214416504 6.057187557220459 0
pours 0 642 5 14.272638320922852 7.133078098297119 0
' 0 643 1 10.64090347290039 6.233049392700195 0.9000287055969238
the 0 644 3 4.18717098236084 7.151617050170898 0
right 0 645 5 9.104166030883789 10.17197036743164 0
proportion 0 646 10 18.97673988342285 6.891112327575684 3.280858039855957
' 0 647 1 6.9298553466796875 3.987363338470459 2.9037489891052246
in 0 648 2 4.47183084487915 5.785629749298096 0
, 0 649 1 8.919334411621094 5.915154933929443 0
too 0 650 3 9.626660346984863 6.5976738929748535 0
. 0 651 1 2.2886459827423096 3.333648443222046 3.2640254497528076
" 0 652 1 2.993466854095459 0.5990313291549683 2.7346171140670776
<eos> 0 653 5 0.0 1.8918078694696305e-06 0.5990294373470988
= 0 654 1 4.015387535095215 6.491509914398193 0
= 0 655 1 0.10658242553472519 0.7075074911117554 5.784002423286438
<unk> 0 656 5 4.439685344696045 4.851069450378418 0
= 0 657 1 1.7685718536376953 6.91959285736084 0
= 0 658 1 0.0008751262212172151 0.011404890567064285 6.908187966793776
<eos> 0 659 5 16.84046745300293 5.2353997230529785 0
<unk> 0 660 5 1.6849015951156616 6.26022481918335 0
writer 0 661 6 12.211487770080566 6.4481000900268555 0
of 0 662 2 8.544242858886719 1.6244583129882812 4.823641777038574
the 0 663 3 0.9558203220367432 3.2352724075317383 0
scenario 0 664 8 12.785321235656738 6.289897918701172 0
is 0 665 2 2.266535997390747 5.771816730499268 0.5180811882019043
unknown 0 666 7 5.039401054382324 7.591083526611328 0
, 0 667 1 1.3860838413238525 2.1519834995269775 5.439100027084351
but 0 668 3 1.6408588886260986 4.560639381408691 0
it 0 669 2 4.044935703277588 6.880610466003418 0
was 0 670 3 2.2570974826812744 3.960061550140381 2.920548915863037
most 0 671 4 8.507597923278809 7.7306437492370605 0
likely 0 672 6 1.632235050201416 5.72620153427124 2.0044422149658203
<unk> 0 673 5 4.622211456298828 6.033884048461914 0
<unk> 0 674 5 2.337179660797119 6.014240264892578 0.019643783569335938
. 0 675 1 2.941237688064575 5.18449068069458 0.829749584197998
<eos> 0 676 5 0.012979954481124878 0.0745643600821495 5.109926320612431
<unk> 0 677 5 1.9841638803482056 5.3561296463012695 0
was 0 678 3 3.533297061920166 6.203679084777832 0
an 0 679 2 5.560892581939697 7.736730575561523 0
experienced 0 680 11 7.074037075042725 7.842318058013916 0
<unk> 0 681 5 2.9495177268981934 8.023632049560547 0
employed 0 682 8 9.246589660644531 7.163440704345703 0.8601913452148438
by 0 683 2 0.6758917570114136 2.4612739086151123 4.702166795730591
<unk> 0 684 5 1.2574090957641602 4.089086532592773 0
<unk> 0 685 5 1.5597643852233887 4.903233051300049 0
<unk> 0 686 5 2.6540749073028564 4.315528869628906 0.5877041816711426
<unk> 0 687 5 2.6745972633361816 4.456132888793945 0
<unk> 0 688 5 2.7297513484954834 4.281533241271973 0.17459964752197266
while 0 689 5 9.029836654663086 4.370805263519287 0
writing 0 690 7 5.325650691986084 6.552702903747559 0
scripts 0 691 7 6.784310817718506 5.628548622131348 0.9241542816162109
for 0 692 3 1.2017954587936401 3.759746551513672 1.8688020706176758
the 0 693 3 1.1388018131256104 4.0445237159729 0
<unk> 0 694 5 1.412155032157898 6.90526008605957 0
productions 0 695 11 8.222049713134766 6.9772419929504395 0
. 0 696 1 1.9840165376663208 5.063394069671631 1.9138479232788086
<eos> 0 697 5 0.005564074032008648 0.03670603781938553 5.026688031852245
<unk> 0 698 5 1.988237738609314 5.1783623695373535 0
film 0 699 4 13.460077285766602 6.357722759246826 0
director 0 700 8 4.870954513549805 7.470334529876709 0
is 0 701 2 8.854486465454102 2.2061033248901367 5.264231204986572
unknown 0 702 7 6.480405330657959 6.434224605560303 0
, 0 703 1 1.2352014780044556 2.7916486263275146 3.642575979232788
but 0 704 3 0.8241738080978394 3.2023096084594727 0
it 0 705 2 4.05985689163208 6.627213001251221 0
may 0 706 3 6.456582069396973 3.7844386100769043 2.8427743911743164
have 0 707 4 0.7551249265670776 2.482496976852417 1.3019416332244873
been 0 708 4 0.34049275517463684 2.4824135303497314 8.344650268554688e-05
<unk> 0 709 5 3.796578884124756 7.329212665557861 0
<unk> 0 710 5 2.5255157947540283 5.146315097808838 2.1828975677490234
<unk> 0 711 5 2.804494857788086 4.465526103973389 0.6807889938354492
. 0 712 1 3.462620258331299 4.848389625549316 0
<eos> 0 713 5 0.0037395553663372993 0.02643057145178318 4.821959054097533
<unk> 0 714 5 1.8740715980529785 5.1402668952941895 0
historian 0 715 9 11.293572425842285 6.006534576416016 0
<unk> 0 716 5 0.1424015760421753 1.0607603788375854 4.94577419757843
<unk> 0 717 5 0.18868829309940338 1.4427313804626465 0
<unk> 0 718 5 2.6674344539642334 6.414271831512451 0
does 0 719 4 10.00852108001709 6.645792007446289 0
not 0 720 3 0.5770224928855896 3.379335880279541 3.266456127166748
attribute 0 721 9 3.542112112045288 6.384379863739014 0
a 0 722 1 4.492899417877197 4.739587783813477 1.644792079925537
cameraman 0 723 9 2.7934563159942627 8.31597900390625 0
for 0 724 3 3.8367044925689697 4.478192329406738 3.8377866744995117
this 0 725 4 5.234097957611084 4.707772731781006 0
production 0 726 10 7.366062164306641 8.264801025390625 0
, 0 727 1 1.6355000734329224 4.2070136070251465 4.0577874183654785
but 0 728 3 1.8315436840057373 4.993831157684326 0
at 0 729 2 7.8040995597839355 7.168783187866211 0
least 0 730 5 4.358541011810303 3.9297304153442383 3.2390527725219727
two 0 731 3 3.850452184677124 5.5059380531311035 0
possible 0 732 8 8.277549743652344 7.7602925300598145 0
candidates 0 733 10 5.733099460601807 8.76606559753418 0
exist 0 734 5 6.560328960418701 5.8846211433410645 2.8814444541931152
. 0 735 1 1.6557939052581787 3.806790590286255 2.0778305530548096
<eos> 0 736 5 0.0047714984975755215 0.03240564092993736 3.7743849493563175
<unk> 0 737 5 1.619002103805542 5.077739238739014 0
<unk> 0 738 5 1.7339057922363281 5.760541915893555 0
was 0 739 3 3.63511061668396 5.420264720916748 0.34027719497680664
the 0 740 3 3.084300994873047 7.388942718505859 0
first 0 741 5 2.1399965286254883 6.8530988693237305 0.5358438491821289
cameraman 0 742 9 2.529289722442627 6.2714457511901855 0.5816531181335449
of 0 743 2 1.0961183309555054 3.1113226413726807 3.160123109817505
the 0 744 3 0.5203920602798462 1.8758643865585327 1.235458254814148
<unk> 0 745 5 1.4473536014556885 5.972538471221924 0
company 0 746 7 2.1332480907440186 6.3982391357421875 0
, 0 747 1 1.7374072074890137 3.983313798904419 2.4149253368377686
but 0 748 3 4.141914367675781 5.5990071296691895 0
he 0 749 2 3.5923378467559814 6.4250922203063965 0
was 0 750 3 1.5706062316894531 5.667223930358887 0.7578682899475098
soon 0 751 4 6.841000556945801 7.863293647766113 0
joined 0 752 6 5.127196311950684 8.366756439208984 0
by 0 753 2 0.22585317492485046 1.3220179080963135 7.044738531112671
<unk> 0 754 5 0.940292477607727 4.005948543548584 0
<unk> 0 755 5 0.6256591081619263 3.1364235877990723 0.8695249557495117
<unk> 0 756 5 2.9065961837768555 3.3934733867645264 0
who 0 757 3 5.652935028076172 3.5638046264648438 0
had 0 758 3 2.013698101043701 5.76357364654541 0
years 0 759 5 12.843111038208008 6.804056644439697 0
of 0 760 2 3.519179344177246 6.063460826873779 0.740595817565918
experience 0 761 10 3.112945079803467 8.0316162109375 0
as 0 762 2 3.6401917934417725 4.267446041107178 3.7641701698303223
a 0 763 1 1.189829707145691 4.27449369430542 0
still 0 764 5 13.905596733093262 8.385993957519531 0
and 0 765 3 5.824200630187988 6.846899509429932 1.5390944480895996
motion 0 766 6 10.829248428344727 7.834205150604248 0
picture 0 767 7 0.33505240082740784 2.1997807025909424 5.634424448013306
photographer 0 768 12 2.173611640930176 5.1177215576171875 0
. 0 769 1 0.4232177436351776 1.8014309406280518 3.3162906169891357
<eos> 0 770 5 0.0008641259628348053 0.007343169301748276 1.7940877713263035
<unk> 0 771 5 1.7118960618972778 4.831988334655762 0
role 0 772 4 18.250755310058594 6.121498107910156 0
of 0 773 2 5.061902046203613 4.5757927894592285 1.5457053184509277
the 0 774 3 4.151052951812744 2.5912559032440186 1.98453688621521
cameraman 0 775 9 3.056774139404297 6.558177471160889 0
was 0 776 3 0.8966212272644043 3.5418388843536377 3.016338586807251
uncredited 0 777 10 2.207547426223755 7.443088054656982 0
in 0 778 2 1.581057071685791 3.750795364379883 3.6922926902770996
<unk> 0 779 5 1.7570146322250366 4.158324241638184 0
productions 0 780 11 5.51405143737793 4.5646233558654785 0
. 0 781 1 1.7351012229919434 3.764399528503418 0.8002238273620605
<eos> 0 782 5 0.005255835596472025 0.035186219960451126 3.729213308542967
<unk> 0 783 5 1.7849845886230469 5.015705585479736 0
cast 0 784 4 10.163044929504395 6.031406879425049 0
credits 0 785 7 11.444058418273926 5.179229736328125 0.8521771430969238
are 0 786 3 9.66404914855957 5.012139797210693 0.16708993911743164
unknown 0 787 7 4.479028224945068 8.578154563903809 0
, 0 788 1 1.488343358039856 3.4446969032287598 5.133457660675049
but 0 789 3 0.809033989906311 3.071255683898926 0.373441219329834
many 0 790 4 7.26365852355957 6.683557987213135 0
<unk> 0 791 5 4.173011779785156 6.75264835357666 0
<unk> 0 792 5 2.8207411766052246 7.829203128814697 0
productions 0 793 11 5.645382881164551 7.32987642288208 0.4993267059326172
are 0 794 3 3.60076904296875 6.121497631072998 1.208378791809082
fragmentary 0 795 11 6.053324222564697 8.136553764343262 0
. 0 796 1 0.9363148808479309 3.303757667541504 4.832796096801758
<eos> 0 797 5 0.003131498582661152 0.022668354213237762 3.281089313328266
<unk> 0 798 5 1.9284937381744385 5.455408573150635 0
late 0 799 4 18.02524185180664 5.86944055557251 0
<unk> 0 800 5 1.7831531763076782 5.087057113647461 0.7823834419250488
, 0 801 1 3.796032667160034 6.7806782722473145 0
the 0 802 3 3.8289501667022705 5.607728004455566 1.172950267791748
<unk> 0 803 5 2.668087959289551 8.110520362854004 0
company 0 804 7 7.210305213928223 7.796603679656982 0.3139166831970215
released 0 805 8 8.312666893005371 6.255110263824463 1.5414934158325195
a 0 806 1 3.6610798835754395 5.3284592628479 0.9266510009765625
list 0 807 4 7.957190036773682 8.304868698120117 0
of 0 808 2 0.11227038502693176 0.8647513389587402 7.440117359161377
the 0 809 3 2.330325126647949 6.239062309265137 0
important 0 810 9 12.735001564025879 6.866087913513184 0
personalities 0 811 13 6.331875801086426 7.577908992767334 0
in 0 812 2 2.2298471927642822 3.924736976623535 3.653172016143799
their 0 813 5 6.417134761810303 3.6889142990112305 0.2358226776123047
films 0 814 5 3.3986895084381104 7.121314525604248 0
. 0 815 1 2.1185567378997803 3.4792206287384033 3.6420938968658447
<eos> 0 816 5 0.006728070788085461 0.043198708444833755 3.4360219202935696
<unk> 0 817 5 1.9612997770309448 5.429499626159668 0
list 0 818 4 15.17896842956543 5.811159610748291 0
includes 0 819 8 6.091955661773682 6.358450412750244 0
<unk> 0 820 5 2.421983480453491 6.543257236480713 0
<eos> 0 821 5 7.676947593688965 5.658949851989746 0.8843073844909668
<unk> 0 822 5 0.5842318534851074 3.372515916824341 2.2864339351654053
, 0 823 1 1.6655597686767578 4.422756195068359 0
<unk> 0 824 5 0.765410840511322 3.975409984588623 0.44734621047973633
<unk> 0 825 5 0.6193039417266846 3.041844129562378 0.9335658550262451
<unk> 0 826 5 3.206272602081299 2.3685617446899414 0.6732823848724365
, 0 827 1 1.1377079486846924 3.030217409133911 0
<unk> 0 828 5 0.33783039450645447 2.0396993160247803 0.9905180931091309
<unk> 0 829 5 0.28744763135910034 1.929064393043518 0.11063492298126221
<unk> 0 830 5 2.4033212661743164 1.8231570720672607 0.10590732097625732
, 0 831 1 0.7862138748168945 2.144796133041382 0
<unk> 0 832 5 0.2593773603439331 1.6528462171554565 0.4919499158859253
<unk> 0 833 5 0.2411966174840927 1.7160292863845825 0
, 0 834 1 0.7281690239906311 1.887747883796692 0
<unk> 0 835 5 0.2519421875476837 1.5546821355819702 0.3330657482147217
<unk> 0 836 5 0.2138473391532898 1.5477510690689087 0.0069310665130615234
, 0 837 1 0.5729306936264038 1.6552119255065918 0
<unk> 0 838 5 0.24023902416229248 1.4871792793273926 0.16803264617919922
<unk> 0 839 5 0.19986596703529358 1.4825090169906616 0.004670262336730957
, 0 840 1 0.5415774583816528 1.598968267440796 0
<unk> 0 841 5 0.23837339878082275 1.4852187633514404 0.11374950408935547
<unk> 0 842 5 0.19448348879814148 1.4522359371185303 0.032982826232910156
<unk> 0 843 5 2.3616795539855957 1.5577049255371094 0
, 0 844 1 0.7318949103355408 1.890868902206421 0
<unk> 0 845 5 0.22749300301074982 1.5147980451583862 0.37607085704803467
<unk> 0 846 5 0.2009611427783966 1.4866200685501099 0.028177976608276367
, 0 847 1 0.6503393054008484 1.7335575819015503 0
<unk> 0 848 5 0.2412242591381073 1.54073965549469 0.19281792640686035
<unk> 0 849 5 0.19517137110233307 1.4427242279052734 0.0980154275894165
, 0 850 1 0.5477770566940308 1.5830020904541016 0
<unk> 0 851 5 0.24110029637813568 1.518302083015442 0.06470000743865967
<unk> 0 852 5 0.18912869691848755 1.4179534912109375 0.1003485918045044
, 0 853 1 0.5200453996658325 1.5360602140426636 0
<unk> 0 854 5 0.24303767085075378 1.5223687887191772 0.013691425323486328
<unk> 0 855 5 0.1878519207239151 1.4110990762710571 0.11126971244812012
<unk> 0 856 5 2.3432815074920654 1.5015959739685059 0
, 0 857 1 0.6977405548095703 1.8176932334899902 0
<unk> 0 858 5 0.23704712092876434 1.5477869510650635 0.26990628242492676
<unk> 0 859 5 0.1938229501247406 1.4422763586044312 0.10551059246063232
, 0 860 1 0.6095559597015381 1.6695733070373535 0
<unk> 0 861 5 0.24542345106601715 1.5566412210464478 0.11293208599090576
<unk> 0 862 5 0.1916738897562027 1.4217746257781982 0.1348665952682495
<unk> 0 863 5 2.2561287879943848 1.5382146835327148 0
. 0 864 1 7.358363151550293 1.8529052734375 0
<eos> 0 865 5 0.012726825661957264 0.07515887916088104 1.777746394276619
<unk> 0 866 5 1.893194556236267 4.303837776184082 0
surviving 0 867 9 18.120372772216797 4.189927101135254 0.11391067504882812
film 0 868 4 8.221087455749512 6.361546039581299 0
still 0 869 5 14.167966842651367 7.695718765258789 0
gives 0 870 5 10.357938766479492 9.19714641571045 0
the 0 871 3 2.602632761001587 5.7583513259887695 3.4387950897216797
possibility 0 872 11 12.838262557983398 5.893200874328613 0
of 0 873 2 0.6211189031600952 2.1952531337738037 3.6979477405548096
identifying 0 874 11 9.542892456054688 7.3392181396484375 0
eight 0 875 5 12.43465805053711 5.814972877502441 1.524245262145996
actors 0 876 6 4.4290361404418945 7.430799961090088 0
. 0 877 1 3.1279585361480713 5.36237096786499 2.0684289932250977
<eos> 0 878 5 0.013681665062904358 0.07797159254550934 5.284399375319481
= 0 879 1 2.499511957168579 5.583462715148926 0
= 0 880 1 0.3394167125225067 1.6015746593475342 3.9818880558013916
<unk> 0 881 5 5.439874649047852 4.758739948272705 0
and 0 882 3 5.176600456237793 5.462672233581543 0
reception 0 883 9 9.889582633972168 6.51402473449707 0
= 0 884 1 0.18849845230579376 1.3446648120880127 5.169359922409058
= 0 885 1 6.879142165416852e-05 0.000943016551900655 1.343721795536112
<eos> 0 886 5 17.25050926208496 4.779383659362793 0
<unk> 0 887 5 1.6765241622924805 6.108217716217041 0
single 0 888 6 14.663230895996094 6.099404811859131 0.008812904357910156
reel 0 889 4 8.693364143371582 6.276088714599609 0
comedy 0 890 6 10.806154251098633 7.698017597198486 0
, 0 891 1 4.320059776306152 7.473878860473633 0.22413873672485352
approximately 0 892 13 11.481898307800293 6.174632549285889 1.2992463111877441
<unk> 0 893 5 0.35489797592163086 1.887786626815796 4.286845922470093
<unk> 0 894 5 0.9039642214775085 3.8621277809143066 0
<unk> 0 895 5 0.48291894793510437 1.33655846118927 2.5255693197250366
feet 0 896 4 3.803057909011841 6.402130126953125 0
long 0 897 4 3.557077407836914 2.141955614089966 4.260174512863159
, 0 898 1 1.2495062351226807 3.5539374351501465 0
was 0 899 3 1.4738954305648804 5.856637001037598 0
released 0 900 8 1.84508216381073 6.407010078430176 0
on 0 901 2 1.870843768119812 3.291181802749634 3.115828275680542
<unk> 0 902 5 0.2436237782239914 1.1893696784973145 2.1018121242523193
<unk> 0 903 5 0.24171409010887146 1.3125320672988892 0
, 0 904 1 1.0510287284851074 1.801867127418518 0
<unk> 0 905 5 0.010321675799787045 0.10743627697229385 1.6944308504462242
. 0 906 1 1.0397741794586182 2.6327269077301025 0
<eos> 0 907 5 0.004931076895445585 0.03315376862883568 2.599573139101267
<unk> 0 908 5 3.081697940826416 5.213461875915527 0
film 0 909 4 6.987158298492432 5.919660568237305 0
likely 0 910 6 16.39856719970703 7.884805202484131 0
had 0 911 3 5.4713897705078125 7.765423774719238 0.11938142776489258
a 0 912 1 2.2896642684936523 6.586380958557129 1.1790428161621094
wide 0 913 4 7.890766143798828 8.830575942993164 0
national 0 914 8 14.57370662689209 5.85994815826416 2.970627784729004
release 0 915 7 1.9555363655090332 6.370358467102051 0
, 0 916 1 1.786401629447937 4.320806980133057 2.049551486968994
with 0 917 4 3.090540647506714 5.578545570373535 0
advertisements 0 918 14 11.303089141845703 5.695311069488525 0
in 0 919 2 4.416049480438232 6.529008865356445 0
theaters 0 920 8 7.5693817138671875 4.637107849121094 1.8919010162353516
known 0 921 5 12.054008483886719 5.975815773010254 0
in 0 922 2 7.559405326843262 0.31978926062583923 5.656026512384415
<unk> 0 923 5 1.2739484310150146 4.234193325042725 0
, 0 924 1 4.182494163513184 3.217417001724243 1.0167763233184814
<unk> 0 925 5 0.8672438859939575 3.9940452575683594 0
, 0 926 1 0.8320686221122742 2.500920057296753 1.4931252002716064
<unk> 0 927 5 0.8392726182937622 2.2585325241088867 0.2423875331878662
, 0 928 1 0.5836540460586548 1.7596935033798218 0.49883902072906494
and 0 929 3 1.8145904541015625 2.013995885848999 0
<unk> 0 930 5 0.32299989461898804 1.9379246234893799 0.07607126235961914
. 0 931 1 0.8832643628120422 2.9864766597747803 0
<eos> 0 932 5 0.005338427145034075 0.03553830087184906 2.950938358902931
<unk> 0 933 5 2.99238657951355 5.497554779052734 0
film 0 934 4 7.127940654754639 6.723999500274658 0
would 0 935 5 11.344704627990723 7.895527362823486 0
also 0 936 4 4.479963779449463 6.111266136169434 1.7842612266540527
be 0 937 2 2.003765821456909 5.839614391326904 0.2716517448425293
shown 0 938 5 6.595636367797852 6.391883850097656 0
in 0 939 2 1.7923619747161865 4.619393825531006 1.7724900245666504
<unk> 0 940 5 1.7910068035125732 4.6980485916137695 0
, 0 941 1 3.3800506591796875 5.233056545257568 0
<unk> 0 942 5 1.1600725650787354 4.8097333908081055 0.4233231544494629
and 0 943 3 2.6266744136810303 2.371518611907959 2.4382147789001465
was 0 944 3 8.832776069641113 3.216603994369507 0
met 0 945 3 7.9632673263549805 7.491490840911865 0
with 0 946 4 0.2475779950618744 1.112027883529663 6.379462957382202
praise 0 947 6 7.325789451599121 6.4214324951171875 0
by 0 948 2 3.197017192840576 2.793339729309082 3.6280927658081055
the 0 949 3 3.672110080718994 4.653817653656006 0
audience 0 950 8 4.630401611328125 6.193870544433594 0
at 0 951 2 6.836062908172607 3.436947822570801 2.756922721862793
the 0 952 3 0.9873097538948059 4.087248802185059 0
<unk> 0 953 5 3.090696096420288 4.908305644989014 0
<unk> 0 954 5 2.082148551940918 5.951759338378906 0
. 0 955 1 4.837215900421143 5.702123165130615 0.24963617324829102
<eos> 0 956 5 0.014661239460110664 0.08225658535957336 5.619866579771042
<unk> 0 957 5 2.579094409942627 5.295319557189941 0
<unk> 0 958 5 1.4206619262695312 6.108766078948975 0
, 0 959 1 2.636251926422119 5.941742420196533 0.1670236587524414
years 0 960 5 17.043169021606445 5.4236063957214355 0.5181360244750977
after 0 961 5 2.0309858322143555 4.2349700927734375 1.188636302947998
the 0 962 3 0.9438723921775818 3.9082958698272705 0.326674222946167
film 0 963 4 0.9086475968360901 4.417659759521484 0
's 0 964 2 0.7311546206474304 2.819322347640991 1.5983374118804932
release 0 965 7 0.5998975038528442 3.203209161758423 0
, 0 966 1 0.10315379500389099 0.6683725714683533 2.5348365902900696
the 0 967 3 8.442063331604004 7.113242149353027 0
film 0 968 4 1.8363606929779053 7.029447078704834 0.08379507064819336
was 0 969 3 1.7035253047943115 5.749345779418945 1.2801012992858887
approved 0 970 8 11.409906387329102 7.3420281410217285 0
without 0 971 7 9.649775505065918 3.0391299724578857 4.302898168563843
censorship 0 972 10 6.951399803161621 7.547718524932861 0
by 0 973 2 5.027041912078857 4.0405731201171875 3.507145404815674
the 0 974 3 1.62449312210083 4.663425922393799 0
<unk> 0 975 5 1.978499412536621 6.405070781707764 0
<unk> 0 976 5 3.4855475425720215 6.628191947937012 0
<unk> 0 977 5 2.378467559814453 6.798006534576416 0
of 0 978 2 8.300694465637207 7.077230453491211 0
<unk> 0 979 5 1.4539082050323486 3.6286749839782715 3.4485554695129395
of 0 980 2 9.649781227111816 4.666387557983398 0
<unk> 0 981 5 1.3696532249450684 3.503340721130371 1.1630468368530273
<unk> 0 982 5 3.188016176223755 4.59834623336792 0
. 0 983 1 1.9549020528793335 4.280394077301025 0.31795215606689453
<eos> 0 984 5 0.008989842608571053 0.055215731263160706 4.225178346037865
<unk> 0 985 5 2.4734888076782227 5.310813903808594 0
<unk> 0 986 5 1.5931825637817383 6.378345489501953 0
<unk> 0 987 5 3.1049389839172363 6.144565105438232 0.2337803840637207
<unk> 0 988 5 2.7344470024108887 6.365020275115967 0
<unk> 0 989 5 2.679608106613159 6.3072381019592285 0.05778217315673828
reviewer 0 990 8 12.472663879394531 6.527218818664551 0
found 0 991 5 11.561810493469238 2.622849702835083 3.9043691158294678
the 0 992 3 1.4016228914260864 4.000270843505859 0
subject 0 993 7 11.468890190124512 4.7245283126831055 0
to 0 994 2 1.7067557573318481 5.366746425628662 0
be 0 995 2 1.9622780084609985 7.370199680328369 0
too 0 996 3 6.376559257507324 6.064223766326904 1.3059759140014648
long 0 997 4 6.484029293060303 8.61326789855957 0
, 0 998 1 2.5871694087982178 4.119430065155029 4.493837833404541
but 0 999 3 3.142033576965332 6.365271091461182 0
did 0 1000 3 6.993337631225586 6.9817304611206055 0
not 0 1001 3 0.48397836089134216 3.1522412300109863 3.829489231109619
find 0 1002 4 5.794604778289795 8.037774085998535 0
it 0 1003 2 3.555083751678467 6.33920955657959 1.6985645294189453
to 0 1004 2 3.970741033554077 7.41143274307251 0
be 0 1005 2 0.7381852865219116 4.183932781219482 3.2274999618530273
a 0 1006 1 2.94462513923645 8.137645721435547 0
fault 0 1007 5 11.260627746582031 8.609211921691895 0
. 0 1008 1 1.6530958414077759 5.0821099281311035 3.527101993560791
<eos> 0 1009 5 0.009680683724582195 0.05814915522933006 5.0239607729017735
<unk> 0 1010 5 1.6954903602600098 4.948065280914307 0
reviewer 0 1011 8 8.811092376708984 4.734282493591309 0.21378278732299805
states 0 1012 6 13.066703796386719 1.0236293077468872 3.7106531858444214
, 0 1013 1 2.6754226684570312 2.3789117336273193 0
" 0 1014 1 0.17492979764938354 1.2203031778335571 1.1586085557937622
<unk> 0 1015 5 2.770496129989624 6.477865219116211 0
domestic 0 1016 8 16.40294647216797 6.199594974517822 0.27827024459838867
comedy 0 1017 6 7.1074419021606445 9.495467185974121 0
with 0 1018 4 8.489808082580566 7.400427341461182 2.0950398445129395
a 0 1019 1 3.2460734844207764 7.0667643547058105 0.3336629867553711
different 0 1020 9 8.640825271606445 9.951421737670898 0
flavor 0 1021 6 9.982437133789062 9.54281997680664 0.4086017608642578
. 0 1022 1 4.884490489959717 4.927703857421875 4.615116119384766
<eos> 0 1023 5 0.8048897981643677 1.0199922323226929 3.907711625099182
<unk> 0 1024 5 3.334312915802002 6.526989936828613 0
fact 0 1025 4 14.37989330291748 6.179216384887695 0.34777355194091797
, 0 1026 1 3.774629831314087 7.110842227935791 0
with 0 1027 4 5.984772205352783 7.702211380004883 0
a 0 1028 1 3.1158454418182373 6.573211193084717 1.129000186920166
<unk> 0 1029 5 3.5156636238098145 10.084466934204102 0
pie 0 1030 3 14.150811195373535 8.281773567199707 1.8026933670043945
for 0 1031 3 7.694551944732666 6.106618404388428 2.1751551628112793
a 0 1032 1 4.040909767150879 6.9421706199646 0
basis 0 1033 5 15.43679141998291 9.154775619506836 0
the 0 1034 3 6.707864284515381 4.823685646057129 4.331089973449707
flavor 0 1035 6 14.35002326965332 9.54379653930664 0
comes 0 1036 5 8.832449913024902 4.907024383544922 4.636772155761719
to 0 1037 2 3.2247531414031982 4.863845348358154 0.04317903518676758
resemble 0 1038 8 9.408257484436035 6.396450519561768 0
brandy 0 1039 6 17.970195770263672 6.192610740661621 0.20383977890014648
very 0 1040 4 13.645285606384277 4.924851894378662 1.267758846282959
strongly 0 1041 8 8.35677433013916 7.537689208984375 0
by 0 1042 2 6.753878593444824 4.466371059417725 3.0713181495666504
the 0 1043 3 2.600888252258301 7.842307090759277 0
time 0 1044 4 6.913487911224365 10.032419204711914 0
that 0 1045 4 4.276758670806885 6.027665615081787 4.004753589630127
the 0 1046 3 2.5325381755828857 6.489713191986084 0
cook 0 1047 4 14.996532440185547 8.966695785522461 0
, 0 1048 1 6.1642913818359375 8.732380867004395 0.2343149185180664
the 0 1049 3 3.8197028636932373 7.573668956756592 1.1587119102478027
maid 0 1050 4 13.2258882522583 9.655019760131836 0
and 0 1051 3 3.9687583446502686 5.561215877532959 4.093803882598877
the 0 1052 3 1.7736543416976929 7.652314186096191 0
mistress 0 1053 8 10.88215446472168 9.485635757446289 0
of 0 1054 2 1.6566689014434814 5.217019557952881 4.268616199493408
the 0 1055 3 1.9149304628372192 5.093241214752197 0.1237783432006836
house 0 1056 5 9.48245620727539 9.119559288024902 0
and 0 1057 3 5.07280158996582 5.288719177246094 3.8308401107788086
her 0 1058 3 8.575160026550293 7.675240516662598 0
daughter 0 1059 8 8.468670845031738 9.812751770019531 0
have 0 1060 4 8.772115707397461 4.265963554382324 5.546788215637207
added 0 1061 5 11.687483787536621 7.66691780090332 0
the 0 1062 3 3.5968546867370605 6.261932849884033 1.404984951019287
proper 0 1063 6 10.421024322509766 9.931340217590332 0
proportion 0 1064 10 12.432887077331543 10.621257781982422 0
of 0 1065 2 0.36928117275238037 1.7950471639633179 8.826210618019104
flavoring 0 1066 9 19.66156768798828 6.634578704833984 0
, 0 1067 1 3.402545928955078 5.544557094573975 1.0900216102600098
neither 0 1068 7 12.761198997497559 7.607330799102783 0
one 0 1069 3 7.648530960083008 8.085399627685547 0
knowing 0 1070 7 14.838617324829102 6.287191390991211 1.798208236694336
that 0 1071 4 4.486106872558594 5.959033012390137 0.3281583786010742
the 0 1072 3 2.1975929737091064 6.415530204772949 0
others 0 1073 6 9.293050765991211 9.840301513671875 0
have 0 1074 4 3.31320858001709 6.60763692855835 3.2326645851135254
done 0 1075 4 6.791903018951416 7.7638630867004395 0
likewise 0 1076 8 12.643107414245605 6.565392971038818 1.198470115661621
. 0 1077 1 1.5303593873977661 4.8217573165893555 1.743635654449463
<eos> 0 1078 5 1.3772398233413696 1.0337141752243042 3.7880431413650513
<unk> 0 1079 5 3.7057225704193115 6.8476243019104 0
humor 0 1080 5 15.407705307006836 6.587893009185791 0.2597312927246094
in 0 1081 2 6.564159393310547 6.7952752113342285 0
this 0 1082 4 4.479530334472656 5.347121238708496 1.4481539726257324
piece 0 1083 5 8.255672454833984 8.53746223449707 0
centers 0 1084 7 16.190345764160156 5.710483074188232 2.826979160308838
around 0 1085 6 5.187934875488281 2.7787485122680664 2.931734561920166
this 0 1086 4 5.821056842803955 5.995204925537109 0
pie 0 1087 3 13.042132377624512 9.483587265014648 0
. 0 1088 1 2.93326997756958 5.361709117889404 4.121878147125244
<eos> 0 1089 5 0.9989412426948547 1.0494310855865479 4.3122780323028564
<unk> 0 1090 5 3.116474151611328 6.857544898986816 0
happened 0 1091 8 16.372241973876953 6.68787145614624 0.16967344284057617
to 0 1092 2 1.76227867603302 5.101801872253418 1.5860695838928223
the 0 1093 3 3.3198814392089844 5.968896389007568 0
guests 0 1094 6 12.056697845458984 9.53874683380127 0
who 0 1095 3 4.625232696533203 5.648200988769531 3.8905458450317383
<unk> 0 1096 5 4.60477352142334 8.15943717956543 0
of 0 1097 2 8.728327751159668 6.224964141845703 1.9344730377197266
it 0 1098 2 7.476703643798828 6.5545878410339355 0
certainly 0 1099 9 13.694453239440918 6.898280620574951 0
draws 0 1100 5 13.848116874694824 8.753477096557617 0
upon 0 1101 4 5.818836212158203 6.610042572021484 2.143434524536133
the 0 1102 3 2.0339314937591553 5.704405307769775 0.905637264251709
imagination 0 1103 11 10.884345054626465 10.648849487304688 0
. 0 1104 1 2.2205424308776855 4.299149990081787 6.3496994972229
<eos> 0 1105 5 0.9696822166442871 1.0343605279922485 3.2647894620895386
<unk> 0 1106 5 3.2343661785125732 6.788538932800293 0
eight 0 1107 5 18.6999568939209 6.5538482666015625 0.23469066619873047
people 0 1108 6 7.495171546936035 8.203875541687012 0
, 0 1109 1 3.674321174621582 7.7384514808654785 0.4654240608215332
not 0 1110 3 7.729190826416016 7.5424981117248535 0.195953369140625
to 0 1111 2 4.234055995941162 7.783915042877197 0
speak 0 1112 5 6.5303544998168945 8.059686660766602 0
of 0 1113 2 4.872283458709717 5.748502731323242 2.3111839294433594
the 0 1114 3 2.29821515083313 6.582704544067383 0
cat 0 1115 3 11.772391319274902 10.581594467163086 0
, 0 1116 1 1.9363484382629395 5.610742092132568 4.970852375030518
getting 0 1117 7 14.806742668151855 7.73154354095459 0
drunk 0 1118 5 5.701769828796387 7.644354820251465 0.087188720703125
on 0 1119 2 5.616214752197266 5.280796051025391 2.363558769226074
the 0 1120 3 1.659296989440918 5.742672443389893 0
brandy 0 1121 6 18.087778091430664 9.222368240356445 0
in 0 1122 2 5.3594841957092285 5.8260979652404785 3.396270275115967
one 0 1123 3 6.430418968200684 5.899496078491211 0
<unk> 0 1124 5 4.622628211975098 7.221746921539307 0
pie 0 1125 3 13.197158813476562 8.065594673156738 0
! 0 1126 1 6.922234058380127 5.25227689743042 2.8133177757263184
<eos> 0 1127 5 1.0744870901107788 1.0828211307525635 4.1694557666778564
... 0 1128 3 5.4907331466674805 7.855245113372803 0
<unk> 0 1129 5 3.8369576930999756 5.885558605194092 1.969686508178711
do 0 1130 2 11.325571060180664 7.112083911895752 0
not 0 1131 3 2.2822675704956055 6.440032005310059 0.6720519065856934
single 0 1132 6 18.436325073242188 8.098872184753418 0
out 0 1133 3 8.020963668823242 7.57927131652832 0.5196008682250977
this 0 1134 4 8.209135055541992 5.556266784667969 2.0230045318603516
subject 0 1135 7 10.654122352600098 8.50860595703125 0
as 0 1136 2 6.354349136352539 3.855031728744507 4.653574228286743
being 0 1137 5 8.62671184539795 6.040760040283203 0
more 0 1138 4 6.350364685058594 8.59815502166748 0
evidently 0 1139 9 16.15852165222168 9.632472038269043 0
padded 0 1140 6 15.10453987121582 8.999408721923828 0.6330633163452148
than 0 1141 4 5.825989246368408 5.044666767120361 3.954741954803467
others 0 1142 6 8.160138130187988 7.190681457519531 0
shown 0 1143 5 13.634995460510254 4.475103855133057 2.7155776023864746
on 0 1144 2 3.9325430393218994 4.928591251373291 0
the 0 1145 3 1.4029300212860107 5.578458309173584 0
screen 0 1146 6 5.855884075164795 9.385392189025879 0
this 0 1147 4 12.572538375854492 3.4331018924713135 5.952290296554565
week 0 1148 4 7.616159439086914 7.9892730712890625 0
. 0 1149 1 1.1767340898513794 4.234530448913574 3.7547426223754883
<eos> 0 1150 5 1.2798316478729248 1.0012176036834717 3.2333128452301025
<unk> 0 1151 5 3.4008963108062744 6.749638080596924 0
as 0 1152 2 9.462183952331543 6.442551136016846 0.3070869445800781
well 0 1153 4 4.807415962219238 6.09727144241333 0.3452796936035156
as 0 1154 2 0.46354421973228455 2.324160099029541 3.773111343383789
<unk> 0 1155 5 2.3010411262512207 7.395020961761475 0
were 0 1156 4 9.080018043518066 6.349873065948486 1.0451478958129883
guilty 0 1157 6 14.441551208496094 9.31539535522461 0
and 0 1158 3 3.635723114013672 3.155395984649658 6.159999370574951
it 0 1159 2 7.23557710647583 9.727994918823242 0
is 0 1160 2 3.200401782989502 5.907926082611084 3.820068836212158
time 0 1161 4 10.740782737731934 7.589221477508545 0
that 0 1162 4 3.760355234146118 3.4452803134918213 4.143941164016724
the 0 1163 3 2.7557742595672607 6.568962574005127 0
manufacturers 0 1164 13 18.394126892089844 9.88295841217041 0
realize 0 1165 7 11.595849990844727 7.703591346740723 2.1793670654296875
the 0 1166 3 3.176035165786743 4.133143901824951 3.5704474449157715
importance 0 1167 10 8.103618621826172 10.425750732421875 0
of 0 1168 2 0.20927396416664124 1.3216614723205566 9.104089260101318
the 0 1169 3 2.045609712600708 7.746809005737305 0
scenario 0 1170 8 13.121563911437988 10.305882453918457 0
end 0 1171 3 17.0790958404541 4.73663330078125 5.569249153137207
of 0 1172 2 3.307105302810669 4.539964199066162 0.1966691017150879
matters 0 1173 7 15.638644218444824 4.193647384643555 0.3463168144226074
. 0 1174 1 1.32568359375 4.070300579071045 0.12334680557250977
<eos> 0 1175 5 1.015457034111023 1.0221714973449707 3.048129081726074
<unk> 0 1176 5 3.1067662239074707 6.686509132385254 0
<unk> 0 1177 5 2.122074604034424 6.478931903839111 0.20757722854614258
pie 0 1178 3 15.200773239135742 6.336662292480469 0.14226961135864258
episode 0 1179 7 15.073925971984863 6.941057205200195 0
was 0 1180 3 4.315603256225586 6.559686660766602 0.38137054443359375
well 0 1181 4 7.0899505615234375 7.881333827972412 0
done 0 1182 4 6.554173469543457 3.630537271499634 4.250796556472778
, 0 1183 1 2.948401689529419 4.625249862670898 0
which 0 1184 5 5.8856520652771 5.925992488861084 0
is 0 1185 2 3.8288333415985107 7.382776260375977 0
the 0 1186 3 3.7650551795959473 8.466653823852539 0
faint 0 1187 5 16.47060203552246 8.468904495239258 0
praise 0 1188 6 14.134248733520508 9.193084716796875 0
that 0 1189 4 3.9091408252716064 4.736883163452148 4.456201553344727
we 0 1190 2 6.337559223175049 7.6672492027282715 0
do 0 1191 2 5.36081075668335 7.1255879402160645 0.541661262512207
not 0 1192 3 2.9039626121520996 5.9394307136535645 1.1861572265625
like 0 1193 4 5.515832901000977 7.256338596343994 0
to 0 1194 2 2.6106362342834473 6.034763336181641 1.2215752601623535
<unk> 0 1195 5 4.72810173034668 7.894587516784668 0
out 0 1196 3 8.867959022521973 6.076247692108154 1.8183398246765137
to 0 1197 2 5.5475687980651855 5.933210849761963 0.1430368423461914
anyone 0 1198 6 8.272500038146973 7.16660213470459 0
. 0 1199 1 2.7014718055725098 5.008737564086914 2.157864570617676
" 0 1200 1 1.1305863857269287 1.0471378564834595 3.9615997076034546
<eos> 0 1201 5 0.0 3.95559527532896e-06 1.0471339008881841
<unk> 0 1202 5 1.5406866073608398 4.707723140716553 0
of 0 1203 2 7.711904525756836 4.504594802856445 0.20312833786010742
<unk> 0 1204 5 0.9174049496650696 2.9733529090881348 1.5312418937683105
<unk> 0 1205 5 3.3518221378326416 6.739184379577637 0
<unk> 0 1206 5 2.589242935180664 6.1843366622924805 0.5548477172851562
<unk> 0 1207 5 2.8643009662628174 6.3330793380737305 0
was 0 1208 3 6.3405985832214355 6.109447002410889 0.2236323356628418
not 0 1209 3 6.163178443908691 7.1173553466796875 0
amused 0 1210 6 8.16915225982666 7.0830397605896 0.03431558609008789
by 0 1211 2 1.949292540550232 4.370419502258301 2.712620258331299
the 0 1212 3 0.7145603895187378 3.1935675144195557 1.1768519878387451
plot 0 1213 4 7.656879425048828 8.748278617858887 0
and 0 1214 3 3.7539355754852295 3.7175333499908447 5.030745267868042
stated 0 1215 6 6.475194931030273 8.273205757141113 0
, 0 1216 1 3.618875503540039 1.96917724609375 6.304028511047363
" 0 1217 1 0.06395556032657623 0.5099064111709595 1.4592708349227905
<unk> 0 1218 5 3.160764455795288 6.209291458129883 0
me 0 1219 2 11.292679786682129 6.061459541320801 0.14783191680908203
the 0 1220 3 5.046872138977051 7.4503889083862305 0
last 0 1221 4 7.826821804046631 9.99300479888916 0
scene 0 1222 5 5.714757919311523 8.545122146606445 1.4478826522827148
had 0 1223 3 11.80013656616211 5.5958051681518555 2.94931697845459
no 0 1224 2 6.287815093994141 6.999334812164307 0
humor 0 1225 5 9.520050048828125 10.055849075317383 0
. 0 1226 1 2.5239102840423584 5.030139923095703 5.02570915222168
<eos> 0 1227 5 0.9270443320274353 1.0288974046707153 4.001242518424988
<unk> 0 1228 5 3.741305112838745 6.159753799438477 0
was 0 1229 3 5.159255027770996 6.062582492828369 0.09717130661010742
only 0 1230 4 8.373661994934082 8.019635200500488 0
the 0 1231 3 3.915086030960083 7.523190498352051 0.4964447021484375
necessary 0 1232 9 14.258231163024902 8.114974975585938 0
ending 0 1233 6 10.873502731323242 9.427783966064453 0
to 0 1234 2 3.4026148319244385 4.941702842712402 4.486081123352051
the 0 1235 3 3.6274333000183105 7.895937919616699 0
beginning 0 1236 9 8.45705795288086 9.495652198791504 0
. 0 1237 1 2.042329788208008 3.4848968982696533 6.010755300521851
<eos> 0 1238 5 0.8349745273590088 1.04412841796875 2.4407684803009033
<unk> 0 1239 5 3.7211570739746094 6.399448394775391 0
humor 0 1240 5 14.897130012512207 6.177242279052734 0.22220611572265625
does 0 1241 4 7.530910015106201 6.982001781463623 0
not 0 1242 3 0.6358102560043335 3.6254324913024902 3.356569290161133
<unk> 0 1243 5 6.792972087860107 7.869869232177734 0
from 0 1244 4 7.5554304122924805 6.521175384521484 1.34869384765625
<unk> 0 1245 5 3.0044240951538086 6.407151699066162 0.11402368545532227
. 0 1246 1 3.4422614574432373 5.796871185302734 0.6102805137634277
" 0 1247 1 1.3071645498275757 1.035536766052246 4.761334419250488
<eos> 0 1248 5 0.0 2.3905389753053896e-05 1.035512860662493
<unk> 0 1249 5 1.4247456789016724 4.583796977996826 0
<unk> 0 1250 5 0.803895115852356 4.290680408477783 0.29311656951904297
<unk> 0 1251 5 3.792682409286499 3.714643955230713 0.5760364532470703
<unk> 0 1252 5 2.996525287628174 4.912944316864014 0
<unk> 0 1253 5 3.4547407627105713 4.723964691162109 0.1889796257019043
stated 0 1254 6 7.352909088134766 5.21214485168457 0
, 0 1255 1 3.2187294960021973 2.155393600463867 3.056751251220703
" 0 1256 1 0.06367765367031097 0.5239227414131165 1.6314708590507507
<unk> 0 1257 5 2.741802453994751 6.234926223754883 0
is 0 1258 2 3.097397804260254 6.2067766189575195 0.02814960479736328
the 0 1259 3 3.0987460613250732 7.321052551269531 0
old 0 1260 3 10.398963928222656 8.364535331726074 0
story 0 1261 5 8.377639770507812 7.791430473327637 0.5731048583984375
of 0 1262 2 1.833456039428711 5.429354667663574 2.3620758056640625
too 0 1263 3 14.689214706420898 4.764791488647461 0.6645631790161133
many 0 1264 4 2.0731420516967773 4.930866241455078 0
cooks 0 1265 5 13.46386432647705 8.532793045043945 0
, 0 1266 1 2.6643359661102295 6.0183939933776855 2.5143990516662598
and 0 1267 3 2.4246926307678223 6.764021396636963 0
it 0 1268 2 3.780606508255005 7.477325439453125 0
is 0 1269 2 1.9473333358764648 5.150028228759766 2.3272972106933594
quite 0 1270 5 7.32736873626709 7.377511501312256 0
funny 0 1271 5 5.95466423034668 8.424840927124023 0
after 0 1272 5 10.384539604187012 4.524339199066162 3.9005017280578613
the 0 1273 3 2.351855993270874 6.300835609436035 0
first 0 1274 5 5.5405120849609375 9.557740211486816 0
scenes 0 1275 6 9.870912551879883 8.068055152893066 1.48968505859375
are 0 1276 3 4.452277183532715 6.122440814971924 1.9456143379211426
out 0 1277 3 7.483688831329346 9.262195587158203 0
of 0 1278 2 1.0370527505874634 3.4403440952301025 5.821851491928101
the 0 1279 3 1.696965217590332 6.376862049102783 0
way 0 1280 3 5.605562686920166 9.636504173278809 0
. 0 1281 1 1.531402349472046 4.668234348297119 4.9682698249816895
<eos> 0 1282 5 1.1000010967254639 1.0341646671295166 3.6340696811676025
<unk> 0 1283 5 3.515146493911743 6.552822589874268 0
early 0 1284 5 15.8798828125 6.269453048706055 0.2833695411682129
part 0 1285 4 11.83617115020752 7.077896595001221 0
of 0 1286 2 1.5686427354812622 4.894395351409912 2.1835012435913086
the 0 1287 3 0.7265607118606567 3.246785879135132 1.6476094722747803
film 0 1288 4 3.060885190963745 8.246883392333984 0
takes 0 1289 5 9.240440368652344 6.211422920227051 2.0354604721069336
too 0 1290 3 9.000545501708984 6.0636796951293945 0.14774322509765625
much 0 1291 4 1.6868607997894287 3.3682124614715576 2.695467233657837
time 0 1292 4 2.1380443572998047 4.494474411010742 0
with 0 1293 4 5.975882530212402 4.496699810028076 0
trivial 0 1294 7 16.270292282104492 6.029787540435791 0
details 0 1295 7 7.441781520843506 9.423559188842773 0
leading 0 1296 7 14.047253608703613 4.4153733253479 5.008185863494873
up 0 1297 2 3.497798204421997 4.0450520515441895 0.37032127380371094
to 0 1298 2 0.1077188104391098 0.7745857238769531 3.2704663276672363
the 0 1299 3 1.154020071029663 4.868436813354492 0
final 0 1300 5 7.623985290527344 9.681859970092773 0
situation 0 1301 9 15.332693099975586 8.197135925292969 1.4847240447998047
. 0 1302 1 1.5779697895050049 3.9536750316619873 4.2434608936309814
<eos> 0 1303 5 1.1573853492736816 1.0390900373458862 2.914584994316101
... 0 1304 3 6.407483100891113 6.5112810134887695 0
<unk> 0 1305 5 3.626936435699463 5.42527961730957 1.0860013961791992
weak 0 1306 4 18.096736907958984 6.654784679412842 0
point 0 1307 5 13.101665496826172 8.14074420928955 0
in 0 1308 2 5.329904556274414 6.166738033294678 1.974006175994873
the 0 1309 3 1.3931530714035034 6.011469841003418 0.15526819229125977
story 0 1310 5 5.435658931732178 8.661744117736816 0
is 0 1311 2 2.598095178604126 5.998599529266357 2.663144588470459
the 0 1312 3 3.745191812515259 8.221129417419434 0
fact 0 1313 4 6.841059684753418 9.676790237426758 0
that 0 1314 4 0.10364366322755814 0.7887474298477173 8.88804280757904
the 0 1315 3 2.3888514041900635 5.852792739868164 0
pie 0 1316 3 13.895549774169922 9.268022537231445 0
is 0 1317 2 2.065075635910034 7.049259185791016 2.2187633514404297
cut 0 1318 3 8.98333740234375 8.725105285644531 0
into 0 1319 4 4.642735004425049 5.593396186828613 3.131709098815918
eight 0 1320 5 11.974533081054688 4.792787075042725 0.8006091117858887
small 0 1321 5 9.482574462890625 8.401195526123047 0
pieces 0 1322 6 3.671764850616455 8.064316749572754 0.33687877655029297
, 0 1323 1 2.686107635498047 4.26930570602417 3.795011043548584
making 0 1324 6 8.494396209716797 7.006549835205078 0
it 0 1325 2 1.6088234186172485 4.929716110229492 2.076833724975586
difficult 0 1326 9 5.108306884765625 6.330080986022949 0
to 0 1327 2 0.49910464882850647 1.3528584241867065 4.977222561836243
believe 0 1328 7 8.395787239074707 8.006336212158203 0
in 0 1329 2 3.8853702545166016 5.045629978179932 2.9607062339782715
its 0 1330 3 6.098170280456543 6.4636101722717285 0
remarkable 0 1331 10 12.32298755645752 10.132572174072266 0
power 0 1332 5 9.81473445892334 9.76196575164795 0.3706064224243164
. 0 1333 1 1.3033133745193481 4.01349401473999 5.748471736907959
<eos> 0 1334 5 1.299443244934082 1.0208446979522705 2.9926493167877197
<unk> 0 1335 5 3.377765417098999 6.4552202224731445 0
pies 0 1336 4 21.235532760620117 6.365774154663086 0.0894460678100586
would 0 1337 5 8.615758895874023 6.973947048187256 0
have 0 1338 4 2.6399900913238525 6.7878193855285645 0.1861276626586914
been 0 1339 4 2.177100658416748 7.252591133117676 0
as 0 1340 2 8.129905700683594 8.772828102111816 0
easy 0 1341 4 10.157172203063965 8.124464988708496 0.6483631134033203
to 0 1342 2 2.8335559368133545 2.002610683441162 6.121854305267334
make 0 1343 4 5.270872116088867 7.791029930114746 0
as 0 1344 2 1.5658771991729736 5.538180828094482 2.2528491020202637
one 0 1345 3 7.274828910827637 6.374704837799072 0
and 0 1346 3 6.161440849304199 4.969391345977783 1.405313491821289
would 0 1347 5 8.034868240356445 7.37850284576416 0
have 0 1348 4 2.8426544666290283 7.130399227142334 0.24810361862182617
been 0 1349 4 2.285597085952759 7.05931282043457 0.07108640670776367
more 0 1350 4 5.765364646911621 8.865363121032715 0
convincing 0 1351 10 9.323349952697754 9.624818801879883 0
. 0 1352 1 2.2304816246032715 4.50859260559082 5.1162261962890625
<eos> 0 1353 5 1.0103087425231934 1.0550867319107056 3.4535058736801147
<unk> 0 1354 5 3.3451740741729736 6.533128261566162 0
character 0 1355 9 15.157118797302246 6.307768821716309 0.22535943984985352
parts 0 1356 5 12.402420043945312 6.367339611053467 0
are 0 1357 3 3.142359733581543 6.236353874206543 0.13098573684692383
all 0 1358 3 7.028408050537109 8.87106990814209 0
well 0 1359 4 7.130755424499512 9.437591552734375 0
taken 0 1360 5 10.454569816589355 5.79676628112793 3.6408252716064453
, 0 1361 1 3.0944838523864746 5.140519618988037 0.6562466621398926
although 0 1362 8 7.57819938659668 6.273102760314941 0
the 0 1363 3 2.7505791187286377 6.692769527435303 0
cook 0 1364 4 16.288860321044922 9.928739547729492 0
would 0 1365 5 8.030516624450684 8.825984001159668 1.1027555465698242
have 0 1366 4 2.9777777194976807 6.8532257080078125 1.9727582931518555
been 0 1367 4 2.7323544025421143 7.341193675994873 0
better 0 1368 6 7.510275840759277 9.02259349822998 0
if 0 1369 2 8.754834175109863 6.810660362243652 2.211933135986328
she 0 1370 3 7.001864910125732 5.805044651031494 1.0056157112121582
had 0 1371 3 3.8522284030914307 6.470212936401367 0
not 0 1372 3 5.3226637840271 7.642924785614014 0
seized 0 1373 6 13.678322792053223 7.245266437530518 0.3976583480834961
so 0 1374 2 8.689010620117188 5.419846057891846 1.8254203796386719
many 0 1375 4 2.8050756454467773 2.719585418701172 2.700260639190674
opportunities 0 1376 13 11.537038803100586 9.0686674118042 0
to 0 1377 2 2.8546230792999268 4.736245155334473 4.332422256469727
talk 0 1378 4 9.739787101745605 8.485528945922852 0
directly 0 1379 8 9.369390487670898 4.683415412902832 3.8021135330200195
at 0 1380 2 7.451501846313477 4.374190807342529 0.30922460556030273
the 0 1381 3 1.5495636463165283 5.312436103820801 0
camera 0 1382 6 7.899853706359863 8.716848373413086 0
. 0 1383 1 1.0267846584320068 3.7032809257507324 5.0135674476623535
" 0 1384 1 0.8854684829711914 1.0334787368774414 2.669802188873291
<eos> 0 1385 5 0.0 3.611631200328702e-06 1.033475125246241
=========================================================================================
| End of testing | test loss  4.00 | test ppl    54.84
=========================================================================================
