word sentid sentpos wlen surp entropy entred
= 0 0 1 5.583418369293213 6.484085559844971 0
<unk> 0 1 5 4.390162467956543 0.7552588582038879 5.728826701641083
<unk> 0 2 5 1.1133097410202026 5.448545932769775 0
( 0 3 1 3.7287213802337646 3.1603407859802246 2.288205146789551
<unk> 0 4 5 0.64198237657547 4.153310775756836 0
) 0 5 1 0.8644590377807617 3.052746295928955 1.1005644798278809
= 0 6 1 0.00699491985142231 0.07126610726118088 2.981480188667774
<eos> 0 7 5 20.44495964050293 1.8512228727340698 0
= 0 8 1 11.8250150680542 2.3144114017486572 0
<unk> 0 9 5 0.6729006767272949 2.218446969985962 0.09596443176269531
<unk> 0 10 5 0.30194100737571716 2.1168622970581055 0.10158467292785645
( 0 11 1 2.713527202606201 3.6547536849975586 0
<unk> 0 12 5 0.6210321187973022 3.8344099521636963 0
) 0 13 1 0.9011119604110718 3.0741114616394043 0.760298490524292
= 0 14 1 0.3468986451625824 1.8100855350494385 1.2640259265899658
<eos> 0 15 5 19.97751808166504 1.532584309577942 0.2775012254714966
<unk> 0 16 5 0.4417009651660919 2.911745309829712 0
<unk> 0 17 5 1.4826279878616333 3.6350040435791016 0
was 0 18 3 3.486158609390259 2.962803840637207 0.6722002029418945
a 0 19 1 0.8233373165130615 2.090219736099243 0.8725841045379639
<unk> 0 20 5 1.3070998191833496 6.27973747253418 0
<unk> 0 21 5 1.040018916130066 4.919771194458008 1.3599662780761719
hurricane 0 22 9 9.376019477844238 3.99364972114563 0.9261214733123779
that 0 23 4 6.720936298370361 5.560806751251221 0
killed 0 24 6 6.197177410125732 6.77164363861084 0
four 0 25 4 6.033059120178223 4.297026634216309 2.4746170043945312
people 0 26 6 2.1339993476867676 5.423598766326904 0
after 0 27 5 8.481701850891113 3.938758373260498 1.4848403930664062
brushing 0 28 8 15.542905807495117 5.412863254547119 0
the 0 29 3 1.0285141468048096 3.3636796474456787 2.0491836071014404
western 0 30 7 8.616430282592773 5.308911323547363 0
coast 0 31 5 1.7995963096618652 4.564825534820557 0.7440857887268066
of 0 32 2 0.2196452021598816 1.225976824760437 3.3388487100601196
<unk> 0 33 5 0.5887393355369568 1.8276920318603516 0
in 0 34 2 3.4851279258728027 3.712796211242676 0
<unk> 0 35 5 0.6610270738601685 2.3997347354888916 1.3130614757537842
<unk> 0 36 5 2.8933260440826416 2.9611852169036865 0
. 0 37 1 0.6592411994934082 2.2639904022216797 0.6971948146820068
<eos> 0 38 5 0.0003631816362030804 0.003419602755457163 2.2605707994662225
<unk> 0 39 5 3.1688919067382812 5.172389030456543 0
from 0 40 4 11.997710227966309 5.064220428466797 0.1081686019897461
an 0 41 2 7.2720136642456055 2.5944266319274902 2.4697937965393066
area 0 42 4 4.286718368530273 6.945441722869873 0
of 0 43 2 0.38596203923225403 2.312046527862549 4.633395195007324
disturbed 0 44 9 5.100794792175293 5.35515022277832 0
weather 0 45 7 0.6753991842269897 3.0911645889282227 2.2639856338500977
on 0 46 2 4.925404071807861 5.070041179656982 0
<unk> 0 47 5 0.8746596574783325 2.317779064178467 2.7522621154785156
<unk> 0 48 5 0.667356014251709 2.848615884780884 0
, 0 49 1 0.8154206275939941 2.7931978702545166 0.05541801452636719
several 0 50 7 11.74185562133789 2.6526079177856445 0.14058995246887207
hundred 0 51 7 4.475541591644287 6.5404534339904785 0
miles 0 52 5 1.914565920829773 4.623808860778809 1.91664457321167
south 0 53 5 2.960658073425293 4.035728454589844 0.5880804061889648
of 0 54 2 0.13435831665992737 0.7044820785522461 3.3312463760375977
<unk> 0 55 5 0.6448249220848083 2.0976593494415283 0
, 0 56 1 1.1122846603393555 3.777658462524414 0
<unk> 0 57 5 1.6436548233032227 5.890986442565918 0
gradually 0 58 9 14.397058486938477 4.384876251220703 1.5061101913452148
intensified 0 59 11 4.819779396057129 6.961503982543945 0
. 0 60 1 2.0579609870910645 3.973250150680542 2.9882538318634033
<eos> 0 61 5 0.001860168413259089 0.014386099763214588 3.9588640509173274
<unk> 0 62 5 3.108759641647339 5.397914409637451 0
latitude 0 63 8 17.512908935546875 6.358999252319336 0
, 0 64 1 3.7138993740081787 5.5771331787109375 0.7818660736083984
the 0 65 3 2.5647785663604736 5.792420864105225 0
system 0 66 6 9.980801582336426 7.463616847991943 0
became 0 67 6 7.691534519195557 5.422943115234375 2.0406737327575684
increasingly 0 68 12 7.740005016326904 4.96744966506958 0.4554934501647949
organized 0 69 9 6.3054962158203125 8.507237434387207 0
and 0 70 3 3.040815591812134 4.184067726135254 4.323169708251953
reached 0 71 7 8.462956428527832 8.583277702331543 0
hurricane 0 72 9 5.473682403564453 4.44022274017334 4.143054962158203
status 0 73 6 0.6485094428062439 1.911760926246643 2.5284618139266968
on 0 74 2 2.5162973403930664 4.3617262840271 0
the 0 75 3 2.5918281078338623 1.2613329887390137 3.100393295288086
evening 0 76 7 6.935286998748779 4.994943141937256 0
of 0 77 2 0.035288091748952866 0.2836810052394867 4.711262136697769
<unk> 0 78 5 0.08368528634309769 0.44831734895706177 0
<unk> 0 79 5 0.06941764056682587 0.3558048903942108 0.09251245856285095
. 0 80 1 1.3215010166168213 2.2116737365722656 0
<eos> 0 81 5 0.000539408705662936 0.004851889796555042 2.2068218467757106
<unk> 0 82 5 3.453644037246704 5.249361515045166 0
following 0 83 9 14.053872108459473 6.214535236358643 0
morning 0 84 7 17.758052825927734 3.471097946166992 2.7434372901916504
, 0 85 1 3.51058292388916 6.926213264465332 0
<unk> 0 86 5 2.6661741733551025 4.7953667640686035 2.1308465003967285
attained 0 87 8 8.294845581054688 7.065330505371094 0
winds 0 88 5 7.674922466278076 4.154020309448242 2.9113101959228516
of 0 89 2 0.42122530937194824 2.281280040740967 1.8727402687072754
<unk> 0 90 5 0.09861893951892853 0.6552976965904236 1.6259823441505432
mph 0 91 3 0.3918920159339905 1.3326410055160522 0
( 0 92 1 0.0034892605617642403 0.03142727538943291 1.3012137301266193
<unk> 0 93 5 0.00018160224135499448 0.0025934018194675446 0.028833873569965363
km 0 94 2 0.003830467350780964 0.030928583815693855 0
/ 0 95 1 8.254931162809953e-05 0.0009113920968957245 0.03001719171879813
h 0 96 1 1.651023922022432e-05 0.00020154958474449813 0.0007098425121512264
) 0 97 1 0.0034726185258477926 0.0263528935611248 0
as 0 98 2 6.776100158691406 3.6382076740264893 0
it 0 99 2 2.684002637863159 4.187649726867676 0
passed 0 100 6 3.772641658782959 5.326653003692627 0
roughly 0 101 7 7.478497505187988 5.29508638381958 0.031566619873046875
<unk> 0 102 5 1.041961669921875 3.9958548545837402 1.2992315292358398
mi 0 103 2 1.1310981512069702 2.3821818828582764 1.6136729717254639
( 0 104 1 0.010027261450886726 0.09296726435422897 2.2892146185040474
<unk> 0 105 5 0.00018160224135499448 0.0026222425512969494 0.09034502180293202
km 0 106 2 0.14395907521247864 0.48823082447052 0
) 0 107 1 0.001153026707470417 0.011051646433770657 0.47717917803674936
of 0 108 2 10.493158340454102 3.520768404006958 0
<unk> 0 109 5 2.1110126972198486 4.684937953948975 0
. 0 110 1 1.5032163858413696 4.162005424499512 0.5229325294494629
<eos> 0 111 5 0.0005008985172025859 0.004540927242487669 4.157464497257024
<unk> 0 112 5 3.625135660171509 5.344022274017334 0
to 0 113 2 9.820427894592285 6.623622894287109 0
its 0 114 3 4.718871116638184 4.099212646484375 2.5244102478027344
interaction 0 115 11 14.22792911529541 4.417946815490723 0
with 0 116 4 0.09065825492143631 0.6649205684661865 3.753026247024536
land 0 117 4 10.112656593322754 2.7919466495513916 0
, 0 118 1 2.0501928329467773 5.763535976409912 0
the 0 119 3 2.307217597961426 6.033247947692871 0
hurricane 0 120 9 4.1735358238220215 6.64224100112915 0
abruptly 0 121 8 11.585173606872559 6.6388840675354 0.00335693359375
weakened 0 122 8 3.067584276199341 6.4991350173950195 0.13974905014038086
hours 0 123 5 15.306169509887695 4.713553428649902 1.7855815887451172
later 0 124 5 3.239638328552246 4.2766947746276855 0.4368586540222168
. 0 125 1 1.5720562934875488 3.052105188369751 1.2245895862579346
<eos> 0 126 5 0.001034620450809598 0.008741483092308044 3.043363705277443
<unk> 0 127 5 3.8504369258880615 5.360903263092041 0
on 0 128 2 9.359696388244629 6.4435811042785645 0
<unk> 0 129 5 0.5651569366455078 2.0229878425598145 4.42059326171875
<unk> 0 130 5 0.14491118490695953 0.9711813926696777 1.0518064498901367
, 0 131 1 1.0048327445983887 4.323239803314209 0
<unk> 0 132 5 1.4463714361190796 3.933445453643799 0.38979434967041016
dissipated 0 133 10 4.8356499671936035 6.176196098327637 0
over 0 134 4 3.5683538913726807 5.101045608520508 1.075150489807129
open 0 135 4 8.179057121276855 3.321495532989502 1.7795500755310059
waters 0 136 6 0.24408605694770813 1.3945972919464111 1.9268982410430908
. 0 137 1 1.767745018005371 3.2801477909088135 0
<eos> 0 138 5 0.0003358430112712085 0.003177317790687084 3.2769704731181264
<unk> 0 139 5 3.588832139968872 5.350252151489258 0
to 0 140 2 10.140649795532227 6.8424577713012695 0
<unk> 0 141 5 1.5604441165924072 5.003056049346924 1.8394017219543457
's 0 142 2 5.654207706451416 5.975768089294434 0
arrival 0 143 7 9.075246810913086 7.754400730133057 0
in 0 144 2 2.001854658126831 5.1185150146484375 2.635885715484619
<unk> 0 145 5 0.6835498809814453 2.6460626125335693 2.472452402114868
, 0 146 1 1.8605083227157593 5.488056659698486 0
hurricane 0 147 9 8.621661186218262 3.8617539405822754 1.626302719116211
watches 0 148 7 9.225071907043457 1.137593150138855 2.7241607904434204
and 0 149 3 3.369072914123535 5.336443901062012 0
warnings 0 150 8 0.9514410495758057 4.593812465667725 0.7426314353942871
were 0 151 4 0.896073579788208 3.414158344268799 1.1796541213989258
issued 0 152 6 1.1194034814834595 4.7617363929748535 0
for 0 153 3 1.3474854230880737 3.7079479694366455 1.053788423538208
coastal 0 154 7 6.032171726226807 4.3965229988098145 0
areas 0 155 5 0.4668160676956177 2.346818208694458 2.0497047901153564
. 0 156 1 2.0276012420654297 4.3685455322265625 0
<eos> 0 157 5 0.0009411259670741856 0.00786940660327673 4.360676125623286
<unk> 0 158 5 4.032902240753174 6.048157691955566 0
of 0 159 2 8.92276382446289 6.754992961883545 0
shelters 0 160 8 12.165505409240723 3.5931077003479004 3.1618852615356445
opened 0 161 6 7.663727283477783 5.370341777801514 0
across 0 162 6 7.075657844543457 5.180408954620361 0.18993282318115234
the 0 163 3 0.9981515407562256 3.3206512928009033 1.859757661819458
states 0 164 6 10.383861541748047 5.119589328765869 0
of 0 165 2 2.6362133026123047 4.268258571624756 0.8513307571411133
<unk> 0 166 5 0.3676384389400482 2.0009708404541016 2.2672877311706543
and 0 167 3 1.0681689977645874 2.217451333999634 0
<unk> 0 168 5 0.35913559794425964 2.2259631156921387 0
. 0 169 1 1.5118567943572998 3.6534743309020996 0
<eos> 0 170 5 0.0015355035429820418 0.012097646482288837 3.6413766844198108
<unk> 0 171 5 4.256319999694824 6.055732250213623 0
rains 0 172 5 11.713705062866211 6.9607439041137695 0
from 0 173 4 5.542860507965088 6.249469757080078 0.7112741470336914
the 0 174 3 1.7417136430740356 4.135738372802734 2.1137313842773438
storm 0 175 5 1.0482906103134155 4.221431255340576 0
triggered 0 176 9 6.272270679473877 6.268863677978516 0
significant 0 177 11 5.093461513519287 6.170717716217041 0.09814596176147461
flooding 0 178 8 1.1957032680511475 3.6871237754821777 2.4835939407348633
along 0 179 5 4.721446514129639 4.043814182281494 0
the 0 180 3 0.348318487405777 1.9578406810760498 2.0859735012054443
<unk> 0 181 5 1.7853724956512451 5.252259254455566 0
<unk> 0 182 5 4.545563220977783 4.203761100769043 1.0484981536865234
in 0 183 2 7.363475799560547 4.659333229064941 0
<unk> 0 184 5 1.3715739250183105 3.817286968231201 0.8420462608337402
, 0 185 1 2.312063455581665 3.8488121032714844 0
killing 0 186 7 6.52506160736084 4.982820510864258 0
four 0 187 4 5.577248573303223 5.337114334106445 0
people 0 188 6 0.6037141680717468 3.115953207015991 2.221161127090454
. 0 189 1 1.1247334480285645 3.1002538204193115 0.015699386596679688
<eos> 0 190 5 0.000798122666310519 0.006789352744817734 3.093464467674494
<unk> 0 191 5 4.5358099937438965 6.327793598175049 0
, 0 192 1 3.6826534271240234 6.6738505363464355 0
the 0 193 3 3.252656936645508 5.410301685333252 1.2635488510131836
overall 0 194 7 8.671835899353027 6.92039680480957 0
effects 0 195 7 5.669618606567383 7.685764312744141 0
of 0 196 2 0.23537138104438782 1.5012896060943604 6.18447470664978
<unk> 0 197 5 2.957509994506836 5.2912278175354 0
were 0 198 4 4.768610954284668 5.466413974761963 0
limited 0 199 7 7.029712200164795 7.757266998291016 0
and 0 200 3 4.834518909454346 3.0677411556243896 4.689525842666626
the 0 201 3 3.311161518096924 7.892898082733154 0
rains 0 202 5 5.596035003662109 6.34991455078125 1.5429835319519043
were 0 203 4 2.4547619819641113 5.867676734924316 0.4822378158569336
largely 0 204 7 8.018991470336914 7.865837097167969 0
beneficial 0 205 10 5.204127788543701 6.927978992462158 0.9378581047058105
in 0 206 2 3.8200457096099854 2.943429708480835 3.9845492839813232
mitigating 0 207 10 14.298871040344238 5.733715057373047 0
a 0 208 1 4.973015785217285 6.927063465118408 0
severe 0 209 6 5.655045509338379 7.847376346588135 0
drought 0 210 7 0.6843946576118469 3.4677000045776367 4.379676342010498
. 0 211 1 0.8145979046821594 3.046823263168335 0.42087674140930176
<eos> 0 212 5 0.0006824376760050654 0.005913012195378542 3.0409102509729564
= 0 213 1 3.648982048034668 6.418962001800537 0
= 0 214 1 0.11460640281438828 0.7253304719924927 5.693631529808044
<unk> 0 215 5 9.318449020385742 2.4136784076690674 0
history 0 216 7 9.62492561340332 4.006248474121094 0
= 0 217 1 0.07792320102453232 0.483070433139801 3.5231780409812927
= 0 218 1 8.255143256974407e-06 0.00012330629397183657 0.4829471268458292
<eos> 0 219 5 23.439697265625 4.571582794189453 0
<unk> 0 220 5 1.9101728200912476 5.066687107086182 0
<unk> 0 221 5 2.6439099311828613 5.568256378173828 0
<unk> 0 222 5 1.300044298171997 4.651394844055176 0.9168615341186523
, 0 223 1 1.9153074026107788 5.867391586303711 0
<unk> 0 224 5 1.5923529863357544 4.394733428955078 1.4726581573486328
, 0 225 1 1.1954431533813477 4.60855770111084 0
a 0 226 1 6.327240467071533 6.315912246704102 0
trough 0 227 6 7.736902236938477 6.881042957305908 0
situated 0 228 8 8.42601490020752 6.144755840301514 0.7362871170043945
off 0 229 3 6.31098747253418 4.4568023681640625 1.6879534721374512
the 0 230 3 0.3586348295211792 1.7281627655029297 2.728639602661133
southern 0 231 8 4.98292350769043 3.619640350341797 0
coast 0 232 5 0.5446566343307495 2.093391180038452 1.5262491703033447
of 0 233 2 0.015357368625700474 0.15322017669677734 1.9401710033416748
<unk> 0 234 5 0.38000452518463135 1.4960193634033203 0
showed 0 235 6 11.699124336242676 4.599339485168457 0
signs 0 236 5 4.391663551330566 5.111792087554932 0
of 0 237 2 0.13607272505760193 0.825518012046814 4.286274075508118
possible 0 238 8 10.966680526733398 8.140220642089844 0
tropical 0 239 8 5.761305809020996 8.665916442871094 0
<unk> 0 240 5 6.130527973175049 3.628720760345459 5.037195682525635
. 0 241 1 2.3186893463134766 5.211392879486084 0
<eos> 0 242 5 0.0005612421664409339 0.005022942088544369 5.20636993739754
<unk> 0 243 5 4.15994930267334 5.6711273193359375 0
located 0 244 7 10.36669635772705 6.68511962890625 0
within 0 245 6 5.217194080352783 5.4416399002075195 1.2434797286987305
an 0 246 2 4.255658149719238 3.038403034210205 2.4032368659973145
area 0 247 4 0.13447394967079163 0.9417346119880676 2.0966684222221375
favoring 0 248 8 13.995096206665039 1.2392040491104126 0
development 0 249 11 11.052811622619629 4.83416748046875 0
, 0 250 1 2.394594192504883 4.522943496704102 0.31122398376464844
the 0 251 3 5.448916912078857 6.726307392120361 0
system 0 252 6 3.369621753692627 7.0244622230529785 0
remained 0 253 8 6.62149715423584 6.717835426330566 0.3066267967224121
broad 0 254 5 9.825441360473633 6.434135913848877 0.28369951248168945
and 0 255 3 2.458685874938965 3.898097515106201 2.536038398742676
disorganized 0 256 12 5.696663856506348 7.79658317565918 0
as 0 257 2 5.589053630828857 2.7051198482513428 5.091463327407837
it 0 258 2 0.6427445411682129 2.4772145748138428 0.2279052734375
moved 0 259 5 2.043522596359253 4.530108451843262 0
slowly 0 260 6 5.922210216522217 5.2596893310546875 0
west 0 261 4 4.729343891143799 4.833852767944336 0.42583656311035156
<unk> 0 262 5 1.4687483310699463 2.9259989261627197 1.9078538417816162
northwestward 0 263 13 1.2663812637329102 3.022857189178467 0
. 0 264 1 0.4770193099975586 2.095065116882324 0.9277920722961426
<eos> 0 265 5 0.00029715540586039424 0.0028738894034177065 2.0921912274789065
<unk> 0 266 5 4.501006126403809 5.54956579208374 0
, 0 267 1 6.573051929473877 6.222853660583496 0
convection 0 268 10 9.508890151977539 6.231144905090332 0
consolidated 0 269 12 9.104373931884766 6.232088088989258 0
around 0 270 6 4.869145393371582 5.690523147583008 0.54156494140625
an 0 271 2 7.136782169342041 2.2322006225585938 3.458322525024414
area 0 272 4 0.974949061870575 3.6532671451568604 0
of 0 273 2 0.144553542137146 1.0176658630371094 2.635601282119751
low 0 274 3 2.103402853012085 4.299297332763672 0
pressure 0 275 8 0.22089725732803345 1.1491669416427612 3.1501303911209106
. 0 276 1 3.799457311630249 4.249898910522461 0
<eos> 0 277 5 8.254931162809953e-05 0.0009036577539518476 4.248995252768509
<unk> 0 278 5 4.370676517486572 5.435335159301758 0
<unk> 0 279 5 5.223901271820068 6.396775722503662 0
<unk> 0 280 5 3.569662094116211 7.060764312744141 0
, 0 281 1 3.7261719703674316 7.4892377853393555 0
a 0 282 1 3.2116947174072266 5.267645359039307 2.221592426300049
<unk> 0 283 5 3.1082658767700195 7.166599750518799 0
<unk> 0 284 5 0.8149198889732361 3.4926509857177734 3.6739487648010254
<unk> 0 285 5 3.3219892978668213 4.300317287445068 0
<unk> 0 286 5 1.9516962766647339 6.4497389793396 0
was 0 287 3 10.541688919067383 6.308050632476807 0.14168834686279297
issued 0 288 6 5.8577165603637695 7.399604797363281 0
for 0 289 3 3.9367806911468506 4.641765117645264 2.7578396797180176
the 0 290 3 1.242591142654419 4.3216962814331055 0.3200688362121582
system 0 291 6 3.784226417541504 6.3275370597839355 0
as 0 292 2 4.606285572052002 4.812632083892822 1.5149049758911133
it 0 293 2 1.8523163795471191 3.6975624561309814 1.1150696277618408
was 0 294 3 4.422092437744141 4.766436576843262 0
expected 0 295 8 6.248080253601074 6.976248264312744 0
to 0 296 2 0.2447492480278015 1.3974552154541016 5.578793048858643
develop 0 297 7 5.209394454956055 6.417836666107178 0
into 0 298 4 3.7754719257354736 5.754227638244629 0.6636090278625488
a 0 299 1 0.6616268754005432 2.0644397735595703 3.6897878646850586
tropical 0 300 8 0.5632143020629883 2.6053967475891113 0
depression 0 301 10 1.3814884424209595 1.8440375328063965 0.7613592147827148
within 0 302 6 7.727318286895752 4.169536590576172 0
<unk> 0 303 5 1.9334784746170044 3.1894147396087646 0.9801218509674072
hours 0 304 5 0.08491265773773193 0.5369290709495544 2.65248566865921
. 0 305 1 1.0146288871765137 2.824525833129883 0
<eos> 0 306 5 0.0006659351056441665 0.0059181503020226955 2.81860768282786
<unk> 0 307 5 4.399299621582031 5.486474990844727 0
the 0 308 3 11.504236221313477 6.4136738777160645 0
following 0 309 9 4.795696258544922 6.244526386260986 0.16914749145507812
day 0 310 3 0.16084085404872894 0.9141384363174438 5.3303879499435425
, 0 311 1 0.7261409759521484 3.117013454437256 0
the 0 312 3 1.0841965675354004 3.620504379272461 0
low 0 313 3 6.5992631912231445 4.87495756149292 0
further 0 314 7 12.561718940734863 5.415252208709717 0
developed 0 315 9 3.4646592140197754 6.900691032409668 0
and 0 316 3 5.264090538024902 5.595521450042725 1.3051695823669434
was 0 317 3 5.788939952850342 6.997934818267822 0
declared 0 318 8 5.676459312438965 5.849798679351807 1.1481361389160156
<unk> 0 319 5 8.138774871826172 2.935795783996582 2.9140028953552246
<unk> 0 320 5 3.761319637298584 4.981452465057373 0
<unk> 0 321 5 2.2526564598083496 5.06074857711792 0
<unk> 0 322 5 4.447154998779297 3.771571159362793 1.289177417755127
<unk> 0 323 5 4.34998083114624 5.348121643066406 0
by 0 324 2 6.842439651489258 3.780467987060547 1.5676536560058594
the 0 325 3 1.1731144189834595 2.9253602027893066 0.8551077842712402
<unk> 0 326 5 0.857648491859436 4.074033737182617 0
<unk> 0 327 5 4.14877462387085 3.974470615386963 0.0995631217956543
<unk> 0 328 5 1.8332456350326538 5.106829643249512 0
at 0 329 2 9.13082218170166 5.59553861618042 0
<unk> 0 330 5 1.1529909372329712 2.661008834838867 2.9345297813415527
<unk> 0 331 5 1.1097118854522705 3.290428638458252 0
. 0 332 1 2.2642245292663574 3.505746603012085 0
<eos> 0 333 5 0.0016509483102709055 0.013042505830526352 3.4927040971815586
<unk> 0 334 5 3.799922227859497 5.577540874481201 0
being 0 335 5 17.22310447692871 6.479261875152588 0
declared 0 336 8 7.619901657104492 6.90216064453125 0
, 0 337 1 10.475830078125 3.799715280532837 3.102445363998413
the 0 338 3 2.9908690452575684 5.411210060119629 0
depression 0 339 10 7.009387016296387 6.372142314910889 0
was 0 340 3 2.7718706130981445 6.415163516998291 0
located 0 341 7 4.770127296447754 7.330955982208252 0
about 0 342 5 2.4848852157592773 5.157731533050537 2.173224449157715
<unk> 0 343 5 0.13433073461055756 0.8261445164680481 4.331587016582489
mi 0 344 2 1.2636679410934448 1.8842569589614868 0
( 0 345 1 0.004950444679707289 0.04960745573043823 1.8346495032310486
<unk> 0 346 5 0.00018435361562296748 0.002610225696116686 0.04699723003432155
km 0 347 2 0.1445121467113495 0.4948841333389282 0
) 0 348 1 0.0007154423510655761 0.007345222868025303 0.4875389104709029
south 0 349 5 1.9716062545776367 3.2298130989074707 0
<unk> 0 350 5 1.302128791809082 1.2253313064575195 2.004481792449951
southeast 0 351 9 1.3735827207565308 2.1904547214508057 0
of 0 352 2 0.006196964997798204 0.05829963460564613 2.1321550868451595
<unk> 0 353 5 0.39103075861930847 1.4827399253845215 0
<unk> 0 354 5 2.852454662322998 2.7770674228668213 0
, 0 355 1 1.966752290725708 3.3534319400787354 0
<unk> 0 356 5 0.2353576421737671 1.4430952072143555 1.9103367328643799
. 0 357 1 0.6285566687583923 1.985754132270813 0
<eos> 0 358 5 0.0014473675983026624 0.011501121334731579 1.9742530109360814
<unk> 0 359 5 4.032207489013672 5.333858966827393 0
, 0 360 1 5.907451152801514 6.493527412414551 0
after 0 361 5 7.031740665435791 6.0651726722717285 0.42835474014282227
post 0 362 4 16.311065673828125 6.197526931762695 0
<unk> 0 363 5 0.05231845751404762 0.4819958508014679 5.715531080961227
analysis 0 364 8 2.766334056854248 5.212825298309326 0
, 0 365 1 1.31473708152771 2.9418251514434814 2.2710001468658447
the 0 366 3 8.176495552062988 6.503293991088867 0
depression 0 367 10 6.7631049156188965 5.582455635070801 0.9208383560180664
had 0 368 3 5.04133415222168 6.364437580108643 0
actually 0 369 8 11.09303092956543 6.8002119064331055 0
developed 0 370 9 3.8338675498962402 6.931375980377197 0
nine 0 371 4 11.7605562210083 4.746668815612793 2.1847071647644043
hours 0 372 5 3.166172981262207 6.511975288391113 0
earlier 0 373 7 5.003115653991699 4.000457286834717 2.5115180015563965
. 0 374 1 1.2451791763305664 2.9781908988952637 1.0222663879394531
<eos> 0 375 5 0.0010456194868311286 0.008732935413718224 2.9694579634815454
<unk> 0 376 5 4.145619869232178 5.500320911407471 0
a 0 377 1 13.441071510314941 6.63051176071167 0
west 0 378 4 12.713292121887207 7.242166042327881 0
<unk> 0 379 5 0.3668953776359558 1.6469684839248657 5.595197558403015
northwesterly 0 380 13 6.0840983390808105 4.633820533752441 0
track 0 381 5 3.7185661792755127 7.049324035644531 0
in 0 382 2 4.781533241271973 5.699129104614258 1.3501949310302734
response 0 383 8 5.924141883850098 2.8381898403167725 2.8609392642974854
to 0 384 2 0.19903215765953064 1.0354111194610596 1.802778720855713
a 0 385 1 2.0436575412750244 4.276808261871338 0
subtropical 0 386 11 6.290646553039551 7.296206951141357 0
ridge 0 387 5 0.26474323868751526 1.215941309928894 6.080265641212463
to 0 388 2 3.8271713256835938 5.254153728485107 0
the 0 389 3 0.33449944853782654 1.5735772848129272 3.68057644367218
north 0 390 5 1.8586233854293823 2.899440050125122 0
, 0 391 1 1.5945515632629395 3.089711904525757 0
the 0 392 3 5.129705905914307 5.542967319488525 0
depression 0 393 10 6.590517044067383 6.638913631439209 0
was 0 394 3 3.4855241775512695 6.9221601486206055 0
forecast 0 395 8 4.68012809753418 7.298588752746582 0
to 0 396 2 0.08150879293680191 0.5965026617050171 6.702086091041565
move 0 397 4 4.008187770843506 6.454535007476807 0
into 0 398 4 4.64642333984375 6.009551525115967 0.44498348236083984
a 0 399 1 2.6942362785339355 2.8210413455963135 3.1885101795196533
favorable 0 400 9 6.272610187530518 6.664603233337402 0
environment 0 401 11 0.5473092794418335 2.809636116027832 3.8549671173095703
, 0 402 1 3.3179526329040527 3.5986242294311523 0
characterized 0 403 13 14.347698211669922 5.390900611877441 0
by 0 404 2 0.12777617573738098 0.5817145705223083 4.809186041355133
low 0 405 3 6.186639785766602 4.242217540740967 0
wind 0 406 4 2.0867743492126465 4.450606346130371 0
shear 0 407 5 0.003761683590710163 0.0380869135260582 4.412519432604313
and 0 408 3 2.143800973892212 3.2305009365081787 0
sea 0 409 3 9.030412673950195 6.786693572998047 0
surface 0 410 7 1.6831377744674683 5.07036018371582 1.7163333892822266
temperatures 0 411 12 0.15785805881023407 1.087698221206665 3.9826619625091553
up 0 412 2 10.412063598632812 2.3349101543426514 0
to 0 413 2 0.17843827605247498 1.130505084991455 1.2044050693511963
<unk> 0 414 5 0.35849452018737793 1.6831022500991821 0
<unk> 0 415 5 4.0839524269104 1.901322841644287 0
<unk> 0 416 5 3.6172025203704834 2.6151833534240723 0
( 0 417 1 12.34642505645752 2.528268337249756 0.0869150161743164
<unk> 0 418 5 0.06314389407634735 0.5374672412872314 1.9908010959625244
<unk> 0 419 5 0.10255115479230881 0.6421583890914917 0
<unk> 0 420 5 3.0724658966064453 0.9724377989768982 0
) 0 421 1 5.298700332641602 3.0357162952423096 0
. 0 422 1 0.806169331073761 3.131632089614868 0
<eos> 0 423 5 0.00020911575120408088 0.002117958851158619 3.1295141307637095
<unk> 0 424 5 3.9410362243652344 5.601078987121582 0
hours 0 425 5 9.736540794372559 6.651071071624756 0
after 0 426 5 3.0543127059936523 1.9174234867095947 4.733647584915161
classification 0 427 14 17.99148941040039 5.038512706756592 0
, 0 428 1 1.5097780227661133 5.1441264152526855 0
the 0 429 3 0.9502412676811218 3.0355288982391357 2.10859751701355
depression 0 430 10 2.7203664779663086 4.876417636871338 0
strengthened 0 431 12 4.375241279602051 6.0157647132873535 0
<unk> 0 432 5 9.867690086364746 2.3419666290283203 3.673798084259033
<unk> 0 433 5 3.5632450580596924 5.47235631942749 0
<unk> 0 434 5 2.8024187088012695 5.010814189910889 0.46154212951660156
, 0 435 1 4.429530143737793 5.005226135253906 0.005588054656982422
the 0 436 3 3.640986919403076 5.666162967681885 0
second 0 437 6 4.402601718902588 6.57443380355835 0
named 0 438 5 6.618869304656982 6.265080451965332 0.3093533515930176
storm 0 439 5 0.8071407675743103 2.726931095123291 3.538149356842041
of 0 440 2 1.655045509338379 4.136368274688721 0
the 0 441 3 0.22305454313755035 1.0161765813827515 3.1201916933059692
season 0 442 6 1.611441731452942 3.592040538787842 0
. 0 443 1 0.7398087978363037 2.218877077102661 1.3731634616851807
<eos> 0 444 5 0.00039069168269634247 0.003663905430585146 2.215213171672076
<unk> 0 445 5 3.7503719329833984 5.405544757843018 0
on 0 446 2 9.334945678710938 6.4286956787109375 0
<unk> 0 447 5 0.4721679985523224 1.778349757194519 4.6503459215164185
<unk> 0 448 5 0.06333928555250168 0.4910227060317993 1.2873270511627197
, 0 449 1 0.8831515312194824 4.073275566101074 0
convection 0 450 10 9.555570602416992 3.9572505950927734 0.11602497100830078
increased 0 451 9 4.027346611022949 6.601259708404541 0
markedly 0 452 8 7.152215003967285 5.383383750915527 1.2178759574890137
with 0 453 4 6.265405178070068 4.495932102203369 0.8874516487121582
several 0 454 7 8.425300598144531 4.836691379547119 0
<unk> 0 455 5 3.0121538639068604 7.742704391479492 0
tops 0 456 4 11.566485404968262 6.39796257019043 1.3447418212890625
( 0 457 1 5.72357177734375 4.3355560302734375 2.062406539916992
denoted 0 458 7 14.374164581298828 5.09953498840332 0
by 0 459 2 1.522528052330017 3.4809787273406982 1.618556261062622
cloud 0 460 5 10.222825050354004 3.1286027431488037 0.35237598419189453
<unk> 0 461 5 2.559110164642334 5.350102424621582 0
top 0 462 3 11.30605411529541 3.915180206298828 1.434922218322754
temperatures 0 463 12 10.611641883850098 4.0781474113464355 0
below 0 464 5 8.817678451538086 2.8028481006622314 1.275299310684204
<unk> 0 465 5 1.119461178779602 3.149791717529297 0
<unk> 0 466 5 0.3481012284755707 1.6340268850326538 1.515764832496643
<unk> 0 467 5 1.5709253549575806 3.2951107025146484 0
<unk> 0 468 5 2.3912577629089355 4.495335102081299 0
( 0 469 1 5.00560998916626 3.2789502143859863 1.2163848876953125
<unk> 0 470 5 0.03445979580283165 0.3417362570762634 2.937213957309723
<unk> 0 471 5 0.21541035175323486 1.1878445148468018 0
<unk> 0 472 5 1.6859776973724365 2.020392417907715 0
<unk> 0 473 5 0.9573296308517456 3.0878219604492188 0
) 0 474 1 0.5755282640457153 1.899088740348816 1.1887332201004028
) 0 475 1 0.6260911226272583 2.4704535007476807 0
appearing 0 476 9 17.88431167602539 2.552839517593384 0
on 0 477 2 2.9890997409820557 5.123830318450928 0
satellite 0 478 9 4.813788890838623 3.140557289123535 1.9832730293273926
imagery 0 479 7 0.19512194395065308 1.3433837890625 1.7971735000610352
. 0 480 1 1.0287590026855469 3.2121353149414062 0
<eos> 0 481 5 0.0009356260998174548 0.007890273816883564 3.2042450411245227
<unk> 0 482 5 3.718496084213257 5.747788429260254 0
notable 0 483 7 18.914661407470703 6.763956546783447 0
increase 0 484 8 15.204947471618652 6.318289756774902 0.4456667900085449
in 0 485 2 2.0405685901641846 5.299936294555664 1.0183534622192383
southerly 0 486 9 10.228649139404297 5.869723796844482 0
outflow 0 487 7 6.880072116851807 5.617460250854492 0.25226354598999023
also 0 488 4 9.312263488769531 5.034480571746826 0.582979679107666
took 0 489 4 7.344300270080566 6.583902835845947 0
place 0 490 5 0.23063558340072632 1.4935877323150635 5.090315103530884
. 0 491 1 4.427389144897461 4.717998504638672 0
<eos> 0 492 5 0.0006659351056441665 0.005880639888346195 4.712117864750326
<unk> 0 493 5 4.072250843048096 5.708028316497803 0
the 0 494 3 12.020910263061523 6.727734088897705 0
subtropical 0 495 11 8.342899322509766 6.78948450088501 0
ridge 0 496 5 0.22051751613616943 1.225751280784607 5.563733220100403
north 0 497 5 9.411449432373047 7.071844100952148 0
of 0 498 2 0.3017841875553131 1.614309549331665 5.457534551620483
the 0 499 3 1.2095884084701538 2.0290780067443848 0
storm 0 500 5 4.647518634796143 5.527788162231445 0
weakened 0 501 8 5.531286716461182 6.451685905456543 0
, 0 502 1 2.6440749168395996 5.0838942527771 1.3677916526794434
<unk> 0 503 5 6.921271324157715 4.931549549102783 0.1523447036743164
acquired 0 504 8 13.726284980773926 6.843362808227539 0
a 0 505 1 1.695030689239502 5.01579475402832 1.8275680541992188
more 0 506 4 5.895421981811523 7.409221649169922 0
northerly 0 507 9 3.7100741863250732 6.737850189208984 0.6713714599609375
component 0 508 9 6.688377857208252 6.778894901275635 0
to 0 509 2 4.544949531555176 4.562401294708252 2.216493606567383
its 0 510 3 3.3142101764678955 3.3390328884124756 1.2233684062957764
track 0 511 5 10.61719036102295 5.560951232910156 0
, 0 512 1 2.5745513439178467 4.673759460449219 0.8871917724609375
bringing 0 513 8 7.6018147468566895 5.737396717071533 0
the 0 514 3 2.3102993965148926 5.599854946136475 0.1375417709350586
center 0 515 6 4.4712629318237305 6.597815990447998 0
of 0 516 2 2.3032824993133545 4.401849269866943 2.1959667205810547
the 0 517 3 1.2916200160980225 3.3520617485046387 1.0497875213623047
storm 0 518 5 1.9519124031066895 5.09466552734375 0
closer 0 519 6 9.039682388305664 3.5434768199920654 1.5511887073516846
to 0 520 2 0.3690032660961151 1.5766934156417847 1.9667834043502808
<unk> 0 521 5 2.8270602226257324 2.5533854961395264 0
. 0 522 1 0.8998847007751465 3.2267205715179443 0
<eos> 0 523 5 0.00040186746628023684 0.00376940262503922 3.222951168892905
<unk> 0 524 5 3.847460985183716 5.690212726593018 0
bands 0 525 5 17.340707778930664 6.59633731842041 0
gradually 0 526 9 7.744768142700195 7.5980401039123535 0
wrapped 0 527 7 10.936120986938477 6.713268280029297 0.8847718238830566
around 0 528 6 4.465555667877197 5.582028388977051 1.131239891052246
the 0 529 3 0.9485353231430054 3.29206919670105 2.289959192276001
system 0 530 6 4.730282306671143 5.763947486877441 0
throughout 0 531 10 9.482605934143066 3.836658239364624 1.9272892475128174
the 0 532 3 0.4345080852508545 1.7497751712799072 2.086883068084717
day 0 533 3 1.7151623964309692 4.523065090179443 0
. 0 534 1 1.838235855102539 2.6265783309936523 1.896486759185791
<eos> 0 535 5 0.0011117833200842142 0.009335732087492943 2.6172425989061594
<unk> 0 536 5 3.8243753910064697 5.695529937744141 0
the 0 537 3 10.984936714172363 6.6797966957092285 0
afternoon 0 538 9 11.759428977966309 6.692856788635254 0
hours 0 539 5 7.047428131103516 6.296603202819824 0.3962535858154297
of 0 540 2 1.5014498233795166 4.759588718414307 1.5370144844055176
<unk> 0 541 5 0.4559631645679474 2.6307320594787598 2.128856658935547
<unk> 0 542 5 0.17657797038555145 1.2803888320922852 1.3503432273864746
, 0 543 1 0.8694755434989929 3.8263869285583496 0
a 0 544 1 4.751919269561768 5.3397908210754395 0
hurricane 0 545 9 4.924553871154785 8.062051773071289 0
hunter 0 546 6 4.615355491638184 6.918474197387695 1.1435775756835938
aircraft 0 547 8 6.3034586906433105 7.36326789855957 0
found 0 548 5 8.443313598632812 7.3165106773376465 0.04675722122192383
<unk> 0 549 5 5.497792720794678 6.175669193267822 1.1408414840698242
just 0 550 4 9.686817169189453 6.328891277313232 0
below 0 551 5 4.4415717124938965 5.509464740753174 0.8194265365600586
hurricane 0 552 9 4.199206829071045 3.4235103130340576 2.085954427719116
strength 0 553 8 3.0042288303375244 3.326840400695801 0.09666991233825684
, 0 554 1 2.2622900009155273 3.5917630195617676 0
and 0 555 3 1.4968875646591187 4.98054313659668 0
subsequently 0 556 12 7.452393531799316 6.793282985687256 0
, 0 557 1 5.945803642272949 7.730345726013184 0
the 0 558 3 1.890426516532898 5.241779327392578 2.4885663986206055
system 0 559 6 4.047852516174316 5.8389153480529785 0
was 0 560 3 2.7849769592285156 6.235319137573242 0
upgraded 0 561 8 2.832524061203003 7.395805835723877 0
just 0 562 4 12.317218780517578 2.1484360694885254 5.247369766235352
a 0 563 1 5.643766403198242 5.604686260223389 0
few 0 564 3 1.1595619916915894 4.059387683868408 1.5452985763549805
hours 0 565 5 1.4448771476745605 2.155331611633301 1.9040560722351074
later 0 566 5 0.8047853708267212 2.315052032470703 0
, 0 567 1 3.5455310344696045 2.0393502712249756 0.27570176124572754
while 0 568 5 4.5595598220825195 6.403899669647217 0
situated 0 569 8 7.371971607208252 4.90017557144165 1.5037240982055664
roughly 0 570 7 5.1759033203125 4.938461780548096 0
<unk> 0 571 5 0.6709551811218262 3.0772042274475098 1.861257553100586
mi 0 572 2 1.2930784225463867 2.3805723190307617 0.696631908416748
( 0 573 1 0.006689554080367088 0.06432519853115082 2.316247120499611
<unk> 0 574 5 0.00021736968483310193 0.003039856208488345 0.06128534232266247
km 0 575 2 0.1921115666627884 0.5773727893829346 0
) 0 576 1 0.0012604260118678212 0.011628396809101105 0.5657443925738335
southeast 0 577 9 3.502711296081543 3.3952248096466064 0
of 0 578 2 0.051435161381959915 0.3207131028175354 3.074511706829071
<unk> 0 579 5 0.5211349725723267 1.810804843902588 0
, 0 580 1 1.885857105255127 2.7195358276367188 0
<unk> 0 581 5 0.33828577399253845 1.9613701105117798 0.758165717124939
. 0 582 1 0.5282950401306152 2.07328724861145 0
<eos> 0 583 5 0.0010236214147880673 0.008521461859345436 2.0647657867521048
<unk> 0 584 5 3.992208480834961 5.476146221160889 0
on 0 585 2 9.25305461883545 6.5799689292907715 0
<unk> 0 586 5 0.5976024866104126 2.1021366119384766 4.477832317352295
<unk> 0 587 5 0.13754749298095703 0.9667481780052185 1.135388433933258
, 0 588 1 1.0556679964065552 4.592665195465088 0
a 0 589 1 4.542689323425293 3.8151779174804688 0.7774872779846191
<unk> 0 590 5 4.304010391235352 6.983499050140381 0
to 0 591 2 7.338125705718994 4.897434234619141 2.0860648155212402
<unk> 0 592 5 2.4873533248901367 4.390261650085449 0.5071725845336914
mi 0 593 2 3.2549355030059814 4.280098915100098 0.11016273498535156
( 0 594 1 0.08945031464099884 0.5809656381607056 3.699133276939392
<unk> 0 595 5 0.0006026732735335827 0.008214879781007767 0.5727507583796978
to 0 596 2 2.6991121768951416 1.7232887744903564 0
<unk> 0 597 5 0.008568819612264633 0.0899140015244484 1.633374772965908
km 0 598 2 0.08259022235870361 0.4521341323852539 0
) 0 599 1 0.010982181876897812 0.07887575775384903 0.3732583746314049
wide 0 600 4 1.4291703701019287 5.384209632873535 0
eye 0 601 3 1.643523931503296 5.751682281494141 0
developed 0 602 9 6.033613681793213 5.941468715667725 0
within 0 603 6 5.6241984367370605 5.819218635559082 0.12225008010864258
the 0 604 3 0.8451723456382751 2.467371702194214 3.351846933364868
central 0 605 7 6.1681647300720215 6.385554313659668 0
dense 0 606 5 1.735414981842041 4.286835670471191 2.0987186431884766
overcast 0 607 8 0.0019647672306746244 0.023494478315114975 4.263341192156076
. 0 608 1 1.9307515621185303 4.224719524383545 0
<eos> 0 609 5 0.0006384302978403866 0.0056730299256742 4.219046494457871
<unk> 0 610 5 4.3547468185424805 5.485712051391602 0
light 0 611 5 15.25080394744873 6.687297821044922 0
of 0 612 2 8.744352340698242 5.900028705596924 0.787269115447998
this 0 613 4 6.662844657897949 5.597753524780273 0.3022751808166504
, 0 614 1 6.834933280944824 6.401052474975586 0
the 0 615 3 2.8004140853881836 6.4320068359375 0
<unk> 0 616 5 3.2329299449920654 5.998963356018066 0.4330434799194336
<unk> 0 617 5 3.337623357772827 7.747440814971924 0
<unk> 0 618 5 1.7002067565917969 6.344242095947266 1.4031987190246582
estimated 0 619 9 7.457984924316406 7.962779998779297 0
<unk> 0 620 5 3.4845473766326904 4.053706645965576 3.9090733528137207
to 0 621 2 4.993434906005859 4.227016448974609 0
have 0 622 4 3.2182438373565674 3.0165438652038574 1.210472583770752
attained 0 623 8 1.971834659576416 5.50346565246582 0
winds 0 624 5 5.116219520568848 3.575817108154297 1.9276485443115234
of 0 625 2 0.23208579421043396 1.4202466011047363 2.1555705070495605
<unk> 0 626 5 0.07676748931407928 0.48905929923057556 0.9311873018741608
mph 0 627 3 1.2506991624832153 1.296339750289917 0
( 0 628 1 0.002149041509255767 0.02009894885122776 1.2762408014386892
<unk> 0 629 5 0.00020911575120408088 0.0029875109903514385 0.017111437860876322
km 0 630 2 0.003233259543776512 0.02684759721159935 0
/ 0 631 1 2.751696047198493e-05 0.00032638615812174976 0.0265212110534776
h 0 632 1 2.201361166953575e-05 0.0003064405464101583 1.9945611711591482e-05
) 0 633 1 0.001973011065274477 0.016262514516711235 0
along 0 634 5 9.878386497497559 3.2620537281036377 0
with 0 635 4 3.3754196166992188 2.8926470279693604 0.36940670013427734
a 0 636 1 1.8334245681762695 4.420303821563721 0
barometric 0 637 10 3.752215623855591 6.352081775665283 0
pressure 0 638 8 0.0013016652083024383 0.014054703526198864 6.338027072139084
of 0 639 2 0.009245850145816803 0.09129010140895844 0
<unk> 0 640 5 0.008522145450115204 0.07687854021787643 0.014411561191082
<unk> 0 641 5 0.011829692870378494 0.1078554317355156 0
( 0 642 1 0.3048715591430664 1.392514705657959 0
<unk> 0 643 5 0.0036158717703074217 0.04089770093560219 1.3516170047223568
; 0 644 1 1.5303730964660645 1.517420768737793 0
<unk> 0 645 5 0.019575797021389008 0.1764901727437973 1.3409305959939957
<unk> 0 646 5 0.001213514944538474 0.013339201919734478 0.16315097082406282
<eos> 0 647 5 0.007204050663858652 0.04977577552199364 0
@ 0 648 1 0.0 5.159478746463719e-07 0.04977525957411899
<unk> 0 649 5 1.1006847671524156e-05 0.00018091440142598003 0
<unk> 0 650 5 0.014630936086177826 0.13356776535511017 0
) 0 651 1 0.013035006821155548 0.09108005464076996 0.04248771071434021
; 0 652 1 5.728700637817383 2.2190475463867188 0
however 0 653 7 4.766079425811768 5.244100093841553 0
, 0 654 1 0.05446206405758858 0.37864068150520325 4.8654594123363495
it 0 655 2 2.6900811195373535 4.375704288482666 0
was 0 656 3 1.651082992553711 5.452507019042969 0
noted 0 657 5 5.906565189361572 6.727445125579834 0
that 0 658 4 0.4063853919506073 2.0541560649871826 4.673289060592651
this 0 659 4 5.929967403411865 4.177454471588135 0
could 0 660 5 7.56449031829834 6.616210460662842 0
be 0 661 2 1.9716861248016357 5.567770481109619 1.0484399795532227
conservative 0 662 12 19.82052993774414 6.904367923736572 0
based 0 663 5 10.482961654663086 4.719024181365967 2.1853437423706055
on 0 664 2 0.1344325840473175 0.6470221281051636 4.072002053260803
estimates 0 665 9 7.831387042999268 4.663214683532715 0
of 0 666 2 1.157415747642517 4.007384777069092 0.655829906463623
<unk> 0 667 5 1.5407004356384277 4.64790678024292 0
mph 0 668 3 2.2130603790283203 3.5876688957214355 1.0602378845214844
( 0 669 1 0.07084862887859344 0.45360496640205383 3.1340639293193817
<unk> 0 670 5 0.0005119015113450587 0.006912593729794025 0.4466923726722598
km 0 671 2 0.0209818035364151 0.1337403655052185 0
/ 0 672 1 4.402688500704244e-05 0.0005541936261579394 0.13318617187906057
h 0 673 1 2.201361166953575e-05 0.00030592468101531267 0.00024826894514262676
) 0 674 1 0.004207433667033911 0.030816974118351936 0
from 0 675 4 7.490306854248047 2.971281051635742 0
the 0 676 3 1.308281660079956 3.296725034713745 0
<unk> 0 677 5 2.4106574058532715 6.312227725982666 0
of 0 678 2 8.918669700622559 5.69791841506958 0.6143093109130859
<unk> 0 679 5 0.8742387294769287 2.560542106628418 3.137376308441162
and 0 680 3 4.560420989990234 3.2780942916870117 0
the 0 681 3 2.4428648948669434 4.668111801147461 0
<unk> 0 682 5 1.922382116317749 6.525919437408447 0
<unk> 0 683 5 2.930621385574341 6.3291144371032715 0.19680500030517578
<unk> 0 684 5 1.711426854133606 5.083258152008057 1.2458562850952148
. 0 685 1 3.6683197021484375 6.172754764556885 0
<eos> 0 686 5 0.0011171106016263366 0.009218508377671242 6.1635362561792135
<unk> 0 687 5 4.058712005615234 5.599704742431641 0
the 0 688 3 11.349732398986816 6.790165424346924 0
morning 0 689 7 10.468454360961914 6.501080513000488 0.28908491134643555
of 0 690 2 1.5137239694595337 6.022333145141602 0.4787473678588867
<unk> 0 691 5 0.10990380495786667 0.698940634727478 5.3233925104141235
<unk> 0 692 5 0.030990025028586388 0.2570265233516693 0.4419141113758087
, 0 693 1 1.5466110706329346 5.517420291900635 0
<unk> 0 694 5 1.7269673347473145 4.264367580413818 1.2530527114868164
brushed 0 695 7 10.56443977355957 6.653470039367676 0
the 0 696 3 1.0641186237335205 3.0782129764556885 3.5752570629119873
coast 0 697 5 4.083564281463623 4.285085201263428 0
of 0 698 2 0.4412880837917328 2.2678470611572266 2.017238140106201
<unk> 0 699 5 0.39209282398223877 1.771227478981018 0.4966195821762085
, 0 700 1 1.7919409275054932 4.132484436035156 0
with 0 701 4 4.810145854949951 5.843794345855713 0
the 0 702 3 2.74393367767334 4.6689558029174805 1.1748385429382324
center 0 703 6 5.1917338371276855 7.329768180847168 0
passing 0 704 7 7.528696060180664 6.77179479598999 0.5579733848571777
roughly 0 705 7 8.250959396362305 5.423949718475342 1.3478450775146484
<unk> 0 706 5 0.9535543322563171 4.042193412780762 1.38175630569458
mi 0 707 2 1.7270057201385498 2.5320611000061035 1.5101323127746582
( 0 708 1 0.032462142407894135 0.2625621557235718 2.2694989442825317
<unk> 0 709 5 0.0003081600007135421 0.0042352136224508286 0.25832694210112095
km 0 710 2 0.09962069988250732 0.38541916012763977 0
) 0 711 1 0.0016621144022792578 0.014802705496549606 0.37061645463109016
south 0 712 5 2.2370705604553223 3.6791117191314697 0
<unk> 0 713 5 1.5961668491363525 1.3010246753692627 2.378087043762207
southeast 0 714 9 1.4413191080093384 2.3282902240753174 0
of 0 715 2 0.019231677055358887 0.1541121006011963 2.174178123474121
<unk> 0 716 5 0.48789680004119873 1.6364200115203857 0
<unk> 0 717 5 3.0602290630340576 2.756381034851074 0
, 0 718 1 2.499788522720337 3.2207114696502686 0
<unk> 0 719 5 0.277536004781723 1.6716516017913818 1.5490598678588867
. 0 720 1 0.5167735815048218 1.9426722526550293 0
<eos> 0 721 5 0.0017280782340094447 0.013441609218716621 1.9292306434363127
<unk> 0 722 5 3.8789448738098145 5.272507667541504 0
just 0 723 4 11.544733047485352 6.349567890167236 0
off 0 724 3 8.332296371459961 6.605223655700684 0
the 0 725 3 0.4371083080768585 2.0650908946990967 4.540132761001587
coast 0 726 5 0.748006284236908 3.161996603012085 0
of 0 727 2 0.17728249728679657 1.0235546827316284 2.1384419202804565
<unk> 0 728 5 0.37204110622406006 1.6289095878601074 0
, 0 729 1 0.9880967140197754 3.7851428985595703 0
the 0 730 3 3.026773691177368 4.9199748039245605 0
system 0 731 6 4.183846950531006 5.885650634765625 0
interacted 0 732 10 9.296186447143555 6.391274452209473 0
with 0 733 4 0.14695844054222107 1.0315078496932983 5.359766602516174
land 0 734 4 9.380143165588379 3.6082606315612793 0
and 0 735 3 2.941371202468872 5.630764484405518 0
began 0 736 5 5.885594367980957 7.882989883422852 0
weakening 0 737 9 3.557769298553467 4.195890426635742 3.6870994567871094
. 0 738 1 1.8323307037353516 4.925967693328857 0
<eos> 0 739 5 0.00018160224135499448 0.0018749398877844214 4.924092753441073
<unk> 0 740 5 4.083828449249268 5.4393110275268555 0
later 0 741 5 7.289962291717529 6.358138561248779 0
, 0 742 1 9.77933406829834 5.944272994995117 0.4138655662536621
convection 0 743 10 10.931828498840332 6.0568037033081055 0
rapidly 0 744 7 7.05775260925293 6.521873950958252 0
diminished 0 745 10 4.420986175537109 5.469858169555664 1.052015781402588
as 0 746 2 4.675635814666748 3.825847625732422 1.6440105438232422
dry 0 747 3 9.298545837402344 3.5548019409179688 0.2710456848144531
air 0 748 3 0.6743948459625244 3.2220370769500732 0.3327648639678955
became 0 749 6 3.984008312225342 6.651367664337158 0
<unk> 0 750 5 6.788565158843994 6.628592014312744 0.022775650024414062
in 0 751 2 5.212367534637451 4.61726713180542 2.011324882507324
the 0 752 3 0.7401059865951538 3.5598816871643066 1.0573854446411133
circulation 0 753 11 8.127978324890137 6.7062530517578125 0
. 0 754 1 0.9994392991065979 3.128818988800049 3.5774340629577637
<eos> 0 755 5 0.0003631816362030804 0.0034583781380206347 3.125360610662028
<unk> 0 756 5 4.025640487670898 5.592811584472656 0
response 0 757 8 17.89690589904785 6.383153915405273 0
to 0 758 2 1.8819524049758911 5.500799179077148 0.882354736328125
quick 0 759 5 13.375534057617188 4.764742374420166 0.7360568046569824
degradation 0 760 11 14.650127410888672 4.945873737335205 0
of 0 761 2 3.57759690284729 5.906177997589111 0
the 0 762 3 0.5189390778541565 2.2320573329925537 3.6741206645965576
system 0 763 6 2.654085874557495 4.536787986755371 0
's 0 764 2 5.9149346351623535 6.0018486976623535 0
structure 0 765 9 5.770343780517578 6.913351535797119 0
, 0 766 1 5.0501508712768555 6.377158164978027 0.5361933708190918
the 0 767 3 4.486149787902832 5.8901848793029785 0.48697328567504883
<unk> 0 768 5 2.6003363132476807 7.048121452331543 0
downgraded 0 769 10 7.375996112823486 6.953775882720947 0.0943455696105957
<unk> 0 770 5 2.298916816711426 3.612363338470459 3.3414125442504883
to 0 771 2 0.5676142573356628 2.2912862300872803 1.3210771083831787
a 0 772 1 0.5898014307022095 2.3359127044677734 0
tropical 0 773 8 0.7565833926200867 2.8711259365081787 0
storm 0 774 5 1.1598097085952759 1.3320271968841553 1.5390987396240234
. 0 775 1 2.3158466815948486 4.339286804199219 0
<eos> 0 776 5 0.0002311261632712558 0.0022814366966485977 4.33700536750257
<unk> 0 777 5 4.005748271942139 5.501163005828857 0
weakening 0 778 9 13.37977409362793 6.221184730529785 0
continued 0 779 9 9.191390991210938 5.883213996887207 0.3379707336425781
throughout 0 780 10 6.232330799102783 4.179602146148682 1.7036118507385254
the 0 781 3 0.5753191709518433 2.0893595218658447 2.090242624282837
day 0 782 3 1.5037941932678223 4.276726245880127 0
and 0 783 3 3.0946474075317383 2.674273729324341 1.6024525165557861
by 0 784 2 6.504757881164551 7.3340654373168945 0
the 0 785 3 2.1669321060180664 3.6353094577789307 3.698755979537964
evening 0 786 7 3.3132195472717285 4.129987716674805 0
hours 0 787 5 6.501262187957764 1.0770070552825928 3.052980661392212
, 0 788 1 3.363677978515625 2.947734832763672 0
the 0 789 3 1.2704812288284302 4.497766494750977 0
storm 0 790 5 3.333153009414673 5.754312992095947 0
no 0 791 2 17.015344619750977 5.945783615112305 0
longer 0 792 6 0.10927911102771759 0.8628526926040649 5.08293092250824
had 0 793 3 2.545301914215088 7.1613287925720215 0
a 0 794 1 1.9377148151397705 5.780067443847656 1.3812613487243652
defined 0 795 7 8.715310096740723 7.497576713562012 0
circulation 0 796 11 1.7323991060256958 4.629929542541504 2.867647171020508
. 0 797 1 0.9277899861335754 3.512171983718872 1.1177575588226318
<eos> 0 798 5 0.00012657367915380746 0.0013243462890386581 3.5108476374298334
<unk> 0 799 5 3.9298131465911865 5.645142078399658 0
an 0 800 2 17.468481063842773 6.045351505279541 0
organized 0 801 9 9.470125198364258 5.169712066650391 0.8756394386291504
center 0 802 6 6.017477512359619 6.523820877075195 0
and 0 803 3 5.875832557678223 3.1089909076690674 3.414829969406128
deep 0 804 4 7.65693998336792 7.679425239562988 0
convection 0 805 10 0.29662472009658813 1.921220064163208 5.75820517539978
, 0 806 1 3.53670072555542 7.016684532165527 0
the 0 807 3 4.178669452667236 5.670490264892578 1.3461942672729492
final 0 808 5 9.067663192749023 6.601626873016357 0
advisory 0 809 8 3.905738353729248 7.1855974197387695 0
was 0 810 3 2.6735942363739014 4.734839916229248 2.4507575035095215
issued 0 811 6 2.591463565826416 6.8801116943359375 0
on 0 812 2 3.1177635192871094 4.216833114624023 2.663278579711914
<unk> 0 813 5 0.18902671337127686 0.908241868019104 3.3085912466049194
. 0 814 1 11.77660846710205 0.08286549150943756 0.8253763765096664
<eos> 0 815 5 0.00045671360567212105 0.00434581283479929 0.07851967867463827
<unk> 0 816 5 3.748914957046509 5.402957439422607 0
storm 0 817 5 14.14795207977295 6.411572456359863 0
's 0 818 2 4.854294300079346 6.945059776306152 0
remnants 0 819 8 4.200339317321777 7.804714202880859 0
persisted 0 820 9 4.927772045135498 6.6770172119140625 1.1276969909667969
for 0 821 3 3.176544427871704 5.726993560791016 0.9500236511230469
several 0 822 7 2.3148231506347656 4.772457122802734 0.9545364379882812
more 0 823 4 7.524318218231201 1.5537147521972656 3.2187423706054688
hours 0 824 5 1.0898665189743042 1.9728566408157349 0
before 0 825 6 4.033458232879639 3.6067872047424316 0
dissipating 0 826 11 1.5775240659713745 4.763398170471191 0
roughly 0 827 7 9.850974082946777 4.348311901092529 0.4150862693786621
<unk> 0 828 5 0.5503088235855103 2.570779800415039 1.7775321006774902
mi 0 829 2 1.3498711585998535 2.4325270652770996 0.13825273513793945
( 0 830 1 0.004719215910881758 0.04636933654546738 2.3861577287316322
<unk> 0 831 5 0.00024213125288952142 0.0033497698605060577 0.04301956668496132
km 0 832 2 0.08078239858150482 0.3241479992866516 0
) 0 833 1 0.0024187988601624966 0.020397929474711418 0.3037500698119402
southwest 0 834 9 3.3058695793151855 3.349126100540161 0
of 0 835 2 0.019146481528878212 0.14194418489933014 3.207181915640831
<unk> 0 836 5 0.3856402039527893 1.4338393211364746 0
<unk> 0 837 5 2.670433759689331 3.285248279571533 0
, 0 838 1 2.9828615188598633 3.4326140880584717 0
<unk> 0 839 5 0.2954881489276886 1.7372543811798096 1.695359706878662
. 0 840 1 0.5291011333465576 1.973162055015564 0
<eos> 0 841 5 0.0006329292664304376 0.005544029641896486 1.9676180253736675
= 0 842 1 2.6547765731811523 5.443665981292725 0
= 0 843 1 0.039974261075258255 0.27484631538391113 5.1688196659088135
<unk> 0 844 5 8.066031455993652 2.616173267364502 0
and 0 845 3 3.9252052307128906 4.326314926147461 0
impact 0 846 6 5.216537952423096 5.208609580993652 0
= 0 847 1 0.20695710182189941 1.3282554149627686 3.880354166030884
= 0 848 1 2.751719648586004e-06 3.835161987808533e-05 1.3282170633428905
<eos> 0 849 5 25.332483291625977 5.4886369705200195 0
<unk> 0 850 5 1.952336072921753 5.596922397613525 0
the 0 851 3 12.826053619384766 6.148351669311523 0
classification 0 852 14 13.997065544128418 5.945368766784668 0.20298290252685547
of 0 853 2 1.6113274097442627 5.643797874450684 0.3015708923339844
<unk> 0 854 5 2.2266414165496826 5.813354015350342 0
<unk> 0 855 5 2.7726190090179443 6.720386028289795 0
<unk> 0 856 5 2.459343433380127 6.266042232513428 0.4543437957763672
<unk> 0 857 5 2.9947986602783203 6.899712085723877 0
<unk> 0 858 5 3.2403030395507812 5.8384809494018555 1.0612311363220215
on 0 859 2 7.848860263824463 6.730302333831787 0
<unk> 0 860 5 1.0503298044204712 3.1596298217773438 3.5706725120544434
<unk> 0 861 5 0.062301795929670334 0.5012919902801514 2.6583378314971924
, 0 862 1 0.4333825707435608 1.9655869007110596 0
the 0 863 3 4.589240074157715 2.7203924655914307 0
<unk> 0 864 5 2.1787683963775635 6.142850875854492 0
of 0 865 2 6.495438098907471 7.036614894866943 0
<unk> 0 866 5 1.9736934900283813 3.7956254482269287 3.2409894466400146
issued 0 867 6 9.382930755615234 5.876781940460205 0
a 0 868 1 0.9886526465415955 3.542672634124756 2.334109306335449
tropical 0 869 8 0.9755570888519287 3.949120044708252 0
storm 0 870 5 1.8307071924209595 1.556801438331604 2.392318606376648
warning 0 871 7 1.2793418169021606 2.391784906387329 0
for 0 872 3 1.4272964000701904 3.980254888534546 0
coastal 0 873 7 11.20315170288086 2.8202779293060303 1.1599769592285156
areas 0 874 5 1.2431840896606445 4.175998210906982 0
between 0 875 7 7.125149250030518 4.444822311401367 0
<unk> 0 876 5 0.5067131519317627 1.8315436840057373 2.61327862739563
and 0 877 3 0.9466694593429565 2.02636981010437 0
<unk> 0 878 5 0.21317321062088013 1.3354289531707764 0.6909408569335938
. 0 879 1 1.2989230155944824 3.361905097961426 0
<eos> 0 880 5 0.0006549332174472511 0.005798250436782837 3.356106847524643
<unk> 0 881 5 4.231075763702393 5.43770694732666 0
hurricane 0 882 9 10.389684677124023 7.213384628295898 0
watch 0 883 5 8.00535774230957 5.077332019805908 2.1360526084899902
was 0 884 3 1.6085302829742432 5.807798385620117 0
also 0 885 4 4.975978374481201 7.509922504425049 0
put 0 886 3 9.958125114440918 7.259493827819824 0.2504286766052246
in 0 887 2 3.5003533363342285 3.750910758972168 3.5085830688476562
place 0 888 5 1.363062858581543 4.678186416625977 0
from 0 889 4 6.30659818649292 4.397867202758789 0.2803192138671875
<unk> 0 890 5 1.2750325202941895 3.045647621154785 1.352219581604004
de 0 891 2 11.991934776306152 3.0736279487609863 0
<unk> 0 892 5 0.1556181013584137 0.8819786310195923 2.191649317741394
to 0 893 2 3.032890796661377 3.7074644565582275 0
<unk> 0 894 5 0.8603314161300659 3.30454683303833 0.40291762351989746
<unk> 0 895 5 1.505003571510315 3.9273319244384766 0
<unk> 0 896 5 2.6624181270599365 3.8855276107788086 0.04180431365966797
. 0 897 1 1.9813103675842285 4.181743144989014 0
<eos> 0 898 5 0.0005834191688336432 0.005202371161431074 4.176540773827583
<unk> 0 899 5 4.370388984680176 5.526980876922607 0
that 0 900 4 9.741162300109863 7.1901373863220215 0
day 0 901 3 4.741231441497803 7.71651554107666 0
, 0 902 1 2.6077001094818115 6.306442737579346 1.4100728034973145
the 0 903 3 2.135040760040283 6.007772445678711 0.29867029190063477
tropical 0 904 8 4.68411111831665 6.524498462677002 0
storm 0 905 5 1.4916949272155762 2.3381948471069336 4.186303615570068
warning 0 906 7 2.5121450424194336 6.441445827484131 0
was 0 907 3 0.9375173449516296 4.361971378326416 2.079474449157715
upgraded 0 908 8 5.773721694946289 6.2422356605529785 0
to 0 909 2 0.48250898718833923 2.3368659019470215 3.905369758605957
a 0 910 1 0.9760524034500122 2.980132579803467 0
hurricane 0 911 9 2.3712141513824463 3.257641077041626 0
warning 0 912 7 1.3944628238677979 4.269594192504883 0
and 0 913 3 4.492940902709961 5.122760772705078 0
the 0 914 3 3.287515878677368 7.049428462982178 0
watch 0 915 5 7.425685405731201 6.6064605712890625 0.44296789169311523
was 0 916 3 1.760576844215393 5.613104820251465 0.9933557510375977
extended 0 917 8 4.8519110679626465 6.7208452224731445 0
westward 0 918 8 5.010605812072754 4.523070335388184 2.197774887084961
to 0 919 2 1.9275155067443848 4.014982223510742 0.5080881118774414
<unk> 0 920 5 1.3867911100387573 3.658428430557251 0.3565537929534912
<unk> 0 921 5 3.329090118408203 3.9454360008239746 0
. 0 922 1 1.354862928390503 3.746063470840454 0.1993725299835205
<eos> 0 923 5 0.0007374450797215104 0.006404328625649214 3.739659142214805
<unk> 0 924 5 4.403306007385254 5.698205947875977 0
<unk> 0 925 5 3.7451257705688477 7.087306022644043 0
continued 0 926 9 8.126893043518066 5.6646409034729 1.4226651191711426
to 0 927 2 0.8883302211761475 4.074031829833984 1.590609073638916
strengthen 0 928 10 4.5664143562316895 7.493680477142334 0
, 0 929 1 2.235887289047241 5.212480545043945 2.2811999320983887
the 0 930 3 6.311056137084961 5.4443254470825195 0
watches 0 931 7 11.479389190673828 7.290677547454834 0
and 0 932 3 3.8493237495422363 6.558847904205322 0.7318296432495117
warnings 0 933 8 0.8173825740814209 4.4181599617004395 2.140687942504883
were 0 934 4 0.9728108644485474 4.029949188232422 0.3882107734680176
extended 0 935 8 7.241003513336182 5.847426414489746 0
westward 0 936 8 7.874678134918213 4.116385459899902 1.7310409545898438
to 0 937 2 2.5006580352783203 4.185460090637207 0
<unk> 0 938 5 1.3861896991729736 3.8242571353912354 0.3612029552459717
<unk> 0 939 5 3.9340522289276123 3.9225857257843018 0
on 0 940 2 5.296611785888672 3.976957082748413 0
<unk> 0 941 5 0.4902963638305664 1.9493769407272339 2.027580142021179
<unk> 0 942 5 0.21102143824100494 1.1064262390136719 0.842950701713562
. 0 943 1 0.5909460783004761 1.8027878999710083 0
<eos> 0 944 5 0.00216295151039958 0.016369815915822983 1.7864180840551853
<unk> 0 945 5 3.7197399139404297 5.638393402099609 0
on 0 946 2 7.727248191833496 6.886767864227295 0
<unk> 0 947 5 0.4117072522640228 1.787161111831665 5.09960675239563
<unk> 0 948 5 0.43551233410835266 2.535301923751831 0
, 0 949 1 1.385437250137329 5.138269424438477 0
the 0 950 3 2.737584114074707 4.3837385177612305 0.7545309066772461
easternmost 0 951 11 9.473459243774414 6.555840492248535 0
advisories 0 952 10 13.862154006958008 6.70318078994751 0
were 0 953 4 1.934653401374817 5.476794719696045 1.2263860702514648
discontinued 0 954 12 4.4360175132751465 5.0642008781433105 0.4125938415527344
as 0 955 2 5.38889741897583 4.273955821990967 0.7902450561523438
<unk> 0 956 5 2.8161044120788574 4.88567590713501 0
moved 0 957 5 4.167150497436523 6.895325183868408 0
away 0 958 4 6.545793056488037 5.396910190582275 1.4984149932861328
. 0 959 1 2.6962175369262695 3.7186150550842285 1.6782951354980469
<eos> 0 960 5 0.0007264437736012042 0.006326078437268734 3.71228897664696
<unk> 0 961 5 3.873704195022583 5.7528300285339355 0
that 0 962 4 10.60756778717041 6.951631546020508 0
morning 0 963 7 6.487184047698975 7.4629011154174805 0
, 0 964 1 4.3230299949646 6.331018447875977 1.131882667541504
all 0 965 3 8.193099021911621 6.1367268562316895 0.1942915916442871
watches 0 966 7 4.542437553405762 6.577907085418701 0
and 0 967 3 2.9820306301116943 5.059329509735107 1.5185775756835938
warnings 0 968 8 0.14830945432186127 0.7727807760238647 4.286548733711243
were 0 969 4 0.6030343770980835 3.0735280513763428 0
discontinued 0 970 12 1.408430576324463 4.490193843841553 0
in 0 971 2 3.1351749897003174 4.065141677856445 0.4250521659851074
light 0 972 5 13.85648250579834 2.2319960594177246 1.8331456184387207
of 0 973 2 0.04224717989563942 0.3801051080226898 1.8518909513950348
<unk> 0 974 5 3.986687183380127 4.2106451988220215 0
's 0 975 2 1.842693567276001 4.672216415405273 0
rapid 0 976 5 8.985307693481445 8.370441436767578 0
weakening 0 977 9 2.6312642097473145 6.589863300323486 1.7805781364440918
. 0 978 1 1.9239437580108643 4.451144695281982 2.138718605041504
<eos> 0 979 5 0.0018986423965543509 0.01455653551965952 4.436588159762323
<unk> 0 980 5 4.041749000549316 5.983863353729248 0
<unk> 0 981 5 3.562638282775879 6.972970485687256 0
and 0 982 3 5.025008201599121 5.424881935119629 1.548088550567627
<unk> 0 983 5 0.5054377317428589 2.9845986366271973 2.4402832984924316
, 0 984 1 4.431796073913574 5.6963982582092285 0
residents 0 985 9 11.282515525817871 5.600973129272461 0.09542512893676758
were 0 986 4 3.7902376651763916 3.939513683319092 1.6614594459533691
warned 0 987 6 5.927987098693848 8.0927095413208 0
of 0 988 2 2.144717216491699 4.0488600730896 4.043849468231201
heavy 0 989 5 9.521851539611816 5.8661274909973145 0
rains 0 990 5 1.8694074153900146 2.863687038421631 3.0024404525756836
that 0 991 4 6.209434986114502 4.368541717529297 0
could 0 992 5 5.6705322265625 6.644435405731201 0
trigger 0 993 7 10.233138084411621 6.255590438842773 0.38884496688842773
flooding 0 994 8 4.522550582885742 6.983628749847412 0
and 0 995 3 3.2075891494750977 4.235151767730713 2.748476982116699
mudslides 0 996 9 2.8651278018951416 7.40182638168335 0
. 0 997 1 0.9450680613517761 3.2580878734588623 4.143738508224487
<eos> 0 998 5 0.0022343872115015984 0.01672345958650112 3.241364413872361
<unk> 0 999 5 4.29866361618042 6.328701019287109 0
across 0 1000 6 12.09103775024414 6.918708801269531 0
both 0 1001 4 8.907735824584961 3.386000871658325 3.532707929611206
states 0 1002 6 4.504517555236816 5.7295122146606445 0
canceled 0 1003 8 8.82511043548584 6.4021477699279785 0
classes 0 1004 7 11.672624588012695 7.005662441253662 0
for 0 1005 3 4.541932582855225 4.8312811851501465 2.1743812561035156
<unk> 0 1006 5 3.4064369201660156 7.3104376792907715 0
<unk> 0 1007 5 3.453904151916504 4.706140995025635 2.6042966842651367
. 0 1008 1 3.6086320877075195 3.815706253051758 0.890434741973877
<eos> 0 1009 5 0.0031424816697835922 0.02263043075799942 3.7930758222937584
<unk> 0 1010 5 4.147407054901123 6.165658950805664 0
<unk> 0 1011 5 3.306659698486328 7.0594563484191895 0
, 0 1012 1 2.2045438289642334 5.31639289855957 1.7430634498596191
<unk> 0 1013 5 1.515712022781372 4.746135711669922 0.5702571868896484
shelters 0 1014 8 14.036272048950195 5.1206135749816895 0
were 0 1015 4 1.3515030145645142 4.272593975067139 0.8480195999145508
opened 0 1016 6 4.827511787414551 7.156897068023682 0
to 0 1017 2 2.7426609992980957 4.208925247192383 2.947971820831299
the 0 1018 3 2.067636013031006 6.927450656890869 0
public 0 1019 6 0.7287415266036987 3.7368052005767822 3.190645456314087
. 0 1020 1 2.660634994506836 5.002665042877197 0
<eos> 0 1021 5 0.0016399540472775698 0.012802854180335999 4.989862188696861
<unk> 0 1022 5 4.0325775146484375 6.131112098693848 0
, 0 1023 1 3.614567756652832 6.953385353088379 0
the 0 1024 3 3.4791293144226074 5.413261413574219 1.5401239395141602
<unk> 0 1025 5 2.302170753479004 7.475795745849609 0
<unk> 0 1026 5 3.0733397006988525 6.986471652984619 0.48932409286499023
was 0 1027 3 7.912215709686279 6.327425956726074 0.6590456962585449
placed 0 1028 6 7.5797624588012695 8.164684295654297 0
on 0 1029 2 2.0375239849090576 3.78434157371521 4.380342721939087
standby 0 1030 7 3.056042194366455 3.7360856533050537 0.04825592041015625
for 0 1031 3 2.328404426574707 4.408770561218262 0
hurricane 0 1032 9 8.630572319030762 6.732995510101318 0
relief 0 1033 6 9.524699211120605 1.8528162240982056 4.880179286003113
. 0 1034 1 2.206878662109375 5.2369842529296875 0
<eos> 0 1035 5 0.0006769368192180991 0.005894685164093971 5.2310895677655935
<unk> 0 1036 5 4.231411457061768 5.859586715698242 0
total 0 1037 5 12.634836196899414 6.9058942794799805 0
of 0 1038 2 4.376632213592529 7.700766086578369 0
<unk> 0 1039 5 1.1046652793884277 4.667360305786133 3.0334057807922363
temporary 0 1040 9 14.251325607299805 4.621950149536133 0.04541015625
shelters 0 1041 8 3.348271131515503 7.424901008605957 0
were 0 1042 4 0.22959542274475098 1.3889050483703613 6.035995960235596
opened 0 1043 6 4.855372905731201 6.331681728363037 0
in 0 1044 2 1.7215683460235596 3.9454736709594727 2.3862080574035645
<unk> 0 1045 5 0.7878180742263794 2.7338290214538574 1.2116446495056152
, 0 1046 1 2.0291285514831543 3.548792839050293 0
many 0 1047 4 10.353893280029297 5.008016586303711 0
of 0 1048 2 0.6666709184646606 3.8973324298858643 1.1106841564178467
which 0 1049 5 0.2729789614677429 0.9906874895095825 2.9066449403762817
were 0 1050 4 0.4494718611240387 2.777846574783325 0
in 0 1051 2 5.344766616821289 7.894197463989258 0
<unk> 0 1052 5 2.6516284942626953 6.542971134185791 1.3512263298034668
, 0 1053 1 2.86309552192688 4.51378870010376 2.0291824340820312
as 0 1054 2 6.6359686851501465 4.141013145446777 0.3727755546569824
many 0 1055 4 8.624040603637695 1.3541299104690552 2.786883234977722
residents 0 1056 9 4.168372631072998 5.5226945877075195 0
were 0 1057 4 1.3242279291152954 5.2471699714660645 0.2755246162414551
expected 0 1058 8 6.340144634246826 7.732912540435791 0
to 0 1059 2 0.033568352460861206 0.2693435847759247 7.463568955659866
evacuate 0 1060 8 2.642704725265503 6.6232218742370605 0
flood 0 1061 5 12.53657341003418 4.901129245758057 1.722092628479004
<unk> 0 1062 5 4.408044815063477 5.340881824493408 0
prone 0 1063 5 2.0396344661712646 3.6721508502960205 1.6687309741973877
area 0 1064 4 7.897342681884766 6.534450531005859 0
. 0 1065 1 1.2557346820831299 4.599135875701904 1.935314655303955
<eos> 0 1066 5 0.000341173232300207 0.0031972236465662718 4.595938652055338
<unk> 0 1067 5 4.736914157867432 6.457258701324463 0
orange 0 1068 6 15.944321632385254 6.99741268157959 0
<unk> 0 1069 5 4.658061981201172 6.909730911254883 0.08768177032470703
level 0 1070 5 14.320840835571289 7.552585124969482 0
alert 0 1071 5 16.482851028442383 8.397666931152344 0
was 0 1072 3 2.0022950172424316 6.76548433303833 1.6321825981140137
issued 0 1073 6 3.657332181930542 7.619498252868652 0
for 0 1074 3 1.883388876914978 4.277425765991211 3.3420724868774414
portions 0 1075 8 8.934743881225586 5.727301120758057 0
of 0 1076 2 0.050031792372465134 0.4162620007991791 5.311039119958878
<unk> 0 1077 5 1.9838734865188599 2.706951856613159 0
in 0 1078 2 5.993061542510986 5.031888484954834 0
light 0 1079 5 12.21823501586914 3.581718683242798 1.4501698017120361
of 0 1080 2 0.04806990176439285 0.4550468623638153 3.1266718208789825
potentially 0 1081 11 14.854290008544922 4.714173316955566 0
heavy 0 1082 5 4.405611991882324 6.770512580871582 0
rains 0 1083 5 3.3027796745300293 4.700705528259277 2.0698070526123047
. 0 1084 1 1.0255284309387207 2.9613430500030518 1.7393624782562256
<eos> 0 1085 5 0.000963125261478126 0.008051388897001743 2.95329166110605
<unk> 0 1086 5 4.747307300567627 6.447439193725586 0
<unk> 0 1087 5 2.852736711502075 7.073286056518555 0
and 0 1088 3 5.589067459106445 4.612607955932617 2.4606781005859375
<unk> 0 1089 5 0.43248558044433594 2.7330052852630615 1.8796026706695557
<unk> 0 1090 5 1.0187259912490845 5.135075569152832 0
, 0 1091 1 3.757783889770508 5.545228004455566 0
the 0 1092 3 3.1382827758789062 5.734260082244873 0
<unk> 0 1093 5 2.5252599716186523 7.472663879394531 0
<unk> 0 1094 5 2.9565248489379883 6.895267486572266 0.5773963928222656
<unk> 0 1095 5 2.2264420986175537 6.067653656005859 0.8276138305664062
( 0 1096 1 11.781427383422852 6.268319129943848 0
<unk> 0 1097 5 0.5107967853546143 3.6827008724212646 2.585618257522583
<unk> 0 1098 5 1.7495038509368896 3.9283437728881836 0
<unk> 0 1099 5 1.5077952146530151 2.8610551357269287 1.0672886371612549
) 0 1100 1 0.9219756722450256 3.068716049194336 0
advised 0 1101 7 14.151056289672852 4.834344387054443 0
that 0 1102 4 4.820881366729736 4.864414691925049 0
all 0 1103 3 6.240947723388672 5.4106903076171875 0
air 0 1104 3 10.231167793273926 7.2516679763793945 0
and 0 1105 3 4.709534168243408 6.091315746307373 1.1603522300720215
sea 0 1106 3 6.327764511108398 7.51383113861084 0
traffic 0 1107 7 5.602078914642334 7.9427690505981445 0
be 0 1108 2 3.998018741607666 6.219291687011719 1.7234773635864258
suspended 0 1109 9 9.747916221618652 8.929204940795898 0
until 0 1110 5 8.065567970275879 4.340705394744873 4.588499546051025
the 0 1111 3 1.5028421878814697 3.8170297145843506 0.5236756801605225
passage 0 1112 7 5.751735687255859 5.823188304901123 0
of 0 1113 2 0.18668796122074127 1.1517890691757202 4.671399235725403
<unk> 0 1114 5 3.2633116245269775 3.696875810623169 0
. 0 1115 1 3.064113140106201 6.0605645179748535 0
<eos> 0 1116 5 0.002019897336140275 0.01540688518434763 6.045157632790506
<unk> 0 1117 5 3.758314847946167 6.112365245819092 0
<unk> 0 1118 5 2.955080270767212 7.100809574127197 0
, 0 1119 1 2.523794651031494 5.357285499572754 1.7435240745544434
<unk> 0 1120 5 1.806809902191162 4.941717147827148 0.41556835174560547
produced 0 1121 8 10.930747985839844 5.150496006011963 0
heavy 0 1122 5 5.780673980712891 5.8826117515563965 0
rain 0 1123 4 3.947596311569214 2.442005157470703 3.4406065940856934
, 0 1124 1 2.307950735092163 4.981303691864014 0
peaking 0 1125 7 5.116537570953369 6.793428421020508 0
at 0 1126 2 0.19227099418640137 1.0496355295181274 5.74379289150238
<unk> 0 1127 5 0.11216855049133301 0.7404533624649048 0.30918216705322266
<unk> 0 1128 5 0.5019774436950684 1.7351152896881104 0
<eos> 0 1129 5 0.09286244958639145 0.4384905993938446 1.2966246902942657
@ 0 1130 1 0.0 2.407755118838395e-06 0.43848819163872577
<unk> 0 1131 5 0.00012932515528518707 0.0018859324045479298 0
mm 0 1132 2 4.864709377288818 1.8614864349365234 0
( 0 1133 1 0.003282850608229637 0.031734008342027664 1.8297524265944958
<unk> 0 1134 5 0.00012657367915380746 0.0017619178397580981 0.029972090502269566
<unk> 0 1135 5 0.19088971614837646 0.6364206075668335 0
<eos> 0 1136 5 0.00027789719752036035 0.0028606730047613382 0.6335599345620722
@ 0 1137 1 0.0 1.2038780141665484e-06 0.0028594691267471717
<unk> 0 1138 5 5.503339707502164e-05 0.0007340071606449783 0
in 0 1139 2 0.012236976064741611 0.08387872576713562 0
) 0 1140 1 0.0004348785732872784 0.004834406543523073 0.07904431922361255
in 0 1141 2 1.3413931131362915 3.623553991317749 0
<unk> 0 1142 5 0.5200893878936768 2.233703136444092 1.3898508548736572
, 0 1143 1 2.0958988666534424 3.3956804275512695 0
<unk> 0 1144 5 0.770573079586029 3.2119460105895996 0.18373441696166992
. 0 1145 1 1.6472828388214111 3.3803067207336426 0
<eos> 0 1146 5 0.0014970198972150683 0.011809734627604485 3.368496986106038
<unk> 0 1147 5 3.969109296798706 6.168761730194092 0
homes 0 1148 5 7.739834308624268 6.700506687164307 0
across 0 1149 6 9.239744186401367 4.209200382232666 2.4913063049316406
the 0 1150 3 0.9445727467536926 2.9695913791656494 1.2396090030670166
state 0 1151 5 3.2799651622772217 4.944847106933594 0
were 0 1152 4 1.184924602508545 4.910940647125244 0.03390645980834961
damaged 0 1153 7 3.4730944633483887 7.053558349609375 0
, 0 1154 1 2.496753215789795 3.9543616771698 3.099196672439575
though 0 1155 6 5.46112585067749 5.570742607116699 0
none 0 1156 4 7.145966053009033 6.475836277008057 0
were 0 1157 4 1.5723094940185547 3.001319646835327 3.4745166301727295
destroyed 0 1158 9 4.319761276245117 7.228643894195557 0
. 0 1159 1 0.695976734161377 2.490164041519165 4.738479852676392
<eos> 0 1160 5 0.00037418570718728006 0.0034612948074936867 2.4867027467116714
<unk> 0 1161 5 4.578695297241211 6.395081520080566 0
<unk> 0 1162 5 2.669363260269165 6.678725242614746 0
, 0 1163 1 3.408430576324463 4.016464710235596 2.6622605323791504
<unk> 0 1164 5 1.4779541492462158 4.487580299377441 0
homes 0 1165 5 11.184733390808105 4.868622303009033 0
were 0 1166 4 2.3029026985168457 3.307856559753418 1.5607657432556152
inundated 0 1167 9 4.691481590270996 5.530801296234131 0
by 0 1168 2 1.6424177885055542 3.562403917312622 1.9683973789215088
flood 0 1169 5 5.8031005859375 5.666745185852051 0
waters 0 1170 6 2.3035879135131836 6.021076679229736 0
, 0 1171 1 1.5844252109527588 3.4346179962158203 2.586458683013916
prompting 0 1172 9 7.273167133331299 5.549961090087891 0
evacuations 0 1173 11 5.373212814331055 5.570557117462158 0
in 0 1174 2 3.587998390197754 3.8537981510162354 1.7167589664459229
areas 0 1175 5 5.75035285949707 4.586716651916504 0
built 0 1176 5 11.676952362060547 5.080227851867676 0
in 0 1177 2 2.1244232654571533 4.59743070602417 0.48279714584350586
<unk> 0 1178 5 1.2218031883239746 3.7738709449768066 0.8235597610473633
to 0 1179 2 7.6323699951171875 3.271169424057007 0.5027015209197998
relocate 0 1180 8 11.98307991027832 6.838747024536133 0
residents 0 1181 9 7.192394256591797 6.3925909996032715 0.44615602493286133
after 0 1182 5 8.820647239685059 3.951399326324463 2.4411916732788086
<unk> 0 1183 5 2.893747091293335 6.4729413986206055 0
<unk> 0 1184 5 3.6682469844818115 5.510417938232422 0.9625234603881836
. 0 1185 1 2.374499797821045 4.074242115020752 1.43617582321167
<eos> 0 1186 5 0.001783045707270503 0.01377927791327238 4.06046283710748
<unk> 0 1187 5 4.178295135498047 6.424011707305908 0
landslides 0 1188 10 11.76952075958252 7.0380635261535645 0
blocked 0 1189 7 8.050522804260254 6.1089606285095215 0.929102897644043
off 0 1190 3 8.215169906616211 5.774052143096924 0.33490848541259766
roads 0 1191 5 5.695799827575684 5.387514114379883 0.386538028717041
and 0 1192 3 1.4893945455551147 3.8852570056915283 1.5022571086883545
a 0 1193 1 6.980616092681885 7.922976493835449 0
<unk> 0 1194 5 3.7889511585235596 7.716115951538086 0.20686054229736328
m 0 1195 1 8.768253326416016 5.992246150970459 1.723869800567627
( 0 1196 1 0.39131689071655273 1.985237717628479 4.00700843334198
<unk> 0 1197 5 0.00108136550989002 0.013141184113919735 1.9720965335145593
ft 0 1198 2 0.4197999835014343 1.0151078701019287 0
) 0 1199 1 0.012792796827852726 0.08346747606992722 0.9316403940320015
section 0 1200 7 8.475990295410156 7.062220573425293 0
of 0 1201 2 0.5836595296859741 2.7972376346588135 4.2649829387664795
a 0 1202 1 5.177270889282227 3.541959285736084 0
roundabout 0 1203 10 12.181957244873047 8.142230033874512 0
was 0 1204 3 4.141207218170166 5.413449287414551 2.728780746459961
destroyed 0 1205 9 4.017037391662598 7.237431526184082 0
. 0 1206 1 1.3361537456512451 3.4034106731414795 3.8340208530426025
<eos> 0 1207 5 0.00040186746628023684 0.003705247538164258 3.3997054256033152
<unk> 0 1208 5 4.287909984588623 6.323533058166504 0
the 0 1209 3 11.311918258666992 6.878073215484619 0
community 0 1210 9 12.117870330810547 8.307514190673828 0
of 0 1211 2 3.308029890060425 6.999878883361816 1.3076353073120117
<unk> 0 1212 5 0.5682224035263062 2.754350185394287 4.245528697967529
, 0 1213 1 2.626067876815796 6.773906230926514 0
three 0 1214 5 9.548230171203613 6.050887584686279 0.7230186462402344
people 0 1215 6 2.340195655822754 6.986934185028076 0
were 0 1216 4 3.2939963340759277 5.142874240875244 1.844059944152832
killed 0 1217 6 1.2351298332214355 4.895304203033447 0.24757003784179688
after 0 1218 5 6.271475315093994 3.7608251571655273 1.13447904586792
being 0 1219 5 4.454170227050781 5.642882823944092 0
washed 0 1220 6 5.971620082855225 6.242627143859863 0
away 0 1221 4 1.0262494087219238 3.095520496368408 3.147106647491455
by 0 1222 2 2.8454322814941406 3.812037706375122 0
flood 0 1223 5 6.32149600982666 5.319138526916504 0
waters 0 1224 6 1.8045066595077515 5.9529523849487305 0
. 0 1225 1 0.8735178112983704 2.954089879989624 2.9988625049591064
<eos> 0 1226 5 0.0006494322442449629 0.005677998065948486 2.9484118819236755
<unk> 0 1227 5 4.465991973876953 6.404876232147217 0
rains 0 1228 5 11.538572311401367 6.898716449737549 0
from 0 1229 4 6.266571998596191 6.079881191253662 0.8188352584838867
<unk> 0 1230 5 1.4907277822494507 4.091022491455078 1.988858699798584
caused 0 1231 6 3.502964735031128 6.502904891967773 0
the 0 1232 3 4.193309783935547 6.200564861297607 0.302340030670166
<unk> 0 1233 5 3.061856746673584 7.741894721984863 0
<unk> 0 1234 5 2.9454739093780518 6.4785847663879395 1.2633099555969238
to 0 1235 2 1.9805810451507568 5.257419586181641 1.2211651802062988
overflow 0 1236 8 5.540865421295166 7.20161247253418 0
its 0 1237 3 5.335532188415527 6.0277099609375 1.1739025115966797
banks 0 1238 5 1.1302590370178223 5.508867263793945 0.5188426971435547
, 0 1239 1 2.241349458694458 3.379441499710083 2.1294257640838623
placing 0 1240 7 13.870615005493164 6.060169219970703 0
<unk> 0 1241 5 3.6304492950439453 6.368701934814453 0
homes 0 1242 5 7.454468250274658 4.916860103607178 1.4518418312072754
across 0 1243 6 7.122332572937012 4.303168773651123 0.6136913299560547
<unk> 0 1244 5 2.9929163455963135 3.1838865280151367 1.1192822456359863
<unk> 0 1245 5 3.962161064147949 5.328416347503662 0
under 0 1246 5 11.414628982543945 4.795278549194336 0.5331377983093262
water 0 1247 5 8.380227088928223 4.99636697769165 0
. 0 1248 1 1.015809416770935 3.7358431816101074 1.260523796081543
<eos> 0 1249 5 0.0006164261139929295 0.00541261862963438 3.730430562980473
<unk> 0 1250 5 4.273231029510498 6.373920440673828 0
person 0 1251 6 16.160720825195312 6.919876575469971 0
drowned 0 1252 7 5.113156795501709 7.061022758483887 0
in 0 1253 2 1.9808701276779175 5.11156702041626 1.949455738067627
<unk> 0 1254 5 1.668916940689087 3.835280656814575 1.2762863636016846
<unk> 0 1255 5 2.1021673679351807 4.837628364562988 0
after 0 1256 5 6.065891265869141 4.585860729217529 0.251767635345459
falling 0 1257 7 5.315103054046631 6.536953449249268 0
in 0 1258 2 4.383284568786621 5.825361728668213 0.7115917205810547
the 0 1259 3 2.9909818172454834 4.642978191375732 1.1823835372924805
swollen 0 1260 7 9.168960571289062 7.667567253112793 0
river 0 1261 5 2.4203572273254395 6.207787990570068 1.4597792625427246
. 0 1262 1 1.4674770832061768 4.2989678382873535 1.9088201522827148
<eos> 0 1263 5 0.0009521256433799863 0.007961085066199303 4.291006753221154
<unk> 0 1264 5 3.752621650695801 6.016669273376465 0
<unk> 0 1265 5 2.8857407569885254 6.752246856689453 0
seven 0 1266 5 14.359912872314453 4.7050065994262695 2.0472402572631836
<unk> 0 1267 5 3.141878128051758 6.612359523773193 0
in 0 1268 2 5.352917194366455 6.193592548370361 0.41876697540283203
and 0 1269 3 7.510405540466309 4.450411319732666 1.7431812286376953
around 0 1270 6 5.595305442810059 5.9277496337890625 0
the 0 1271 3 4.135450839996338 1.3836324214935303 4.544117212295532
city 0 1272 4 2.5550334453582764 6.054694652557373 0
lost 0 1273 4 7.769254207611084 4.877631664276123 1.17706298828125
power 0 1274 5 3.4037346839904785 6.278615951538086 0
after 0 1275 5 6.482730388641357 4.002389430999756 2.27622652053833
muddy 0 1276 5 17.62875747680664 6.192200183868408 0
<unk> 0 1277 5 4.203310966491699 6.184458255767822 0.0077419281005859375
entered 0 1278 7 10.18852710723877 7.010313987731934 0
a 0 1279 1 5.022336483001709 4.623929023742676 2.386384963989258
substation 0 1280 10 12.574359893798828 8.735330581665039 0
. 0 1281 1 1.230685830116272 3.740400552749634 4.994930028915405
<eos> 0 1282 5 0.0005119015113450587 0.0045801871456205845 3.735820365604013
<unk> 0 1283 5 3.7513668537139893 6.091409683227539 0
<unk> 0 1284 5 2.8005778789520264 6.9318060874938965 0
, 0 1285 1 2.8672192096710205 4.898283004760742 2.0335230827331543
at 0 1286 2 8.624565124511719 4.574285984039307 0.32399702072143555
least 0 1287 5 4.26509428024292 3.27703595161438 1.2972500324249268
a 0 1288 1 5.716159820556641 2.5742526054382324 0.7027833461761475
dozen 0 1289 5 5.454886436462402 6.4513702392578125 0
homes 0 1290 5 5.525450229644775 7.948666572570801 0
lost 0 1291 4 8.096476554870605 3.8507425785064697 4.097923994064331
their 0 1292 5 5.596681594848633 5.720425605773926 0
roofs 0 1293 5 2.2037553787231445 5.042850971221924 0.677574634552002
due 0 1294 3 6.768927574157715 3.4980413913726807 1.5448095798492432
to 0 1295 2 0.007204050663858652 0.07247366011142731 3.4255677312612534
high 0 1296 4 5.514186382293701 6.655524253845215 0
winds 0 1297 5 0.9106633067131042 2.795569896697998 3.859954357147217
. 0 1298 1 1.1796468496322632 3.1254401206970215 0
<eos> 0 1299 5 0.0006714359624311328 0.005849466193467379 3.119590654503554
<unk> 0 1300 5 4.020089149475098 6.300540447235107 0
of 0 1301 2 8.242653846740723 6.869571685791016 0
<unk> 0 1302 5 1.3631261587142944 3.6061816215515137 3.263390064239502
, 0 1303 1 3.3830320835113525 6.00957727432251 0
<unk> 0 1304 5 0.8710370063781738 4.278233051300049 1.731344223022461
, 0 1305 1 1.0584913492202759 3.964804172515869 0.3134288787841797
<unk> 0 1306 5 1.3012866973876953 4.283308982849121 0
and 0 1307 3 2.352843761444092 1.7159522771835327 2.5673567056655884
<unk> 0 1308 5 0.28098663687705994 1.9295204877853394 0
experienced 0 1309 11 5.987058639526367 5.8752055168151855 0
heavy 0 1310 5 4.290935516357422 6.152576446533203 0
rains 0 1311 5 4.320688247680664 2.8433523178100586 3.3092241287231445
; 0 1312 1 6.289119243621826 4.105721950531006 0
however 0 1313 7 5.106941223144531 6.572811126708984 0
, 0 1314 1 0.036421820521354675 0.3114379048347473 6.261373221874237
in 0 1315 2 5.2601237297058105 6.354896545410156 0
many 0 1316 4 7.114356994628906 4.237364292144775 2.117532253265381
areas 0 1317 5 1.2196376323699951 4.136488914489746 0.1008753776550293
, 0 1318 1 0.8145043253898621 3.0190956592559814 1.1173932552337646
the 0 1319 3 1.7955607175827026 5.8748297691345215 0
rain 0 1320 4 8.968708038330078 6.131957530975342 0
proved 0 1321 6 11.121728897094727 6.8043365478515625 0
beneficial 0 1322 10 4.294281482696533 7.426835536956787 0
in 0 1323 2 4.0096282958984375 3.552446126937866 3.874389410018921
mitigating 0 1324 10 15.283528327941895 5.227658748626709 0
a 0 1325 1 4.896244049072266 7.003017902374268 0
severe 0 1326 6 5.841657638549805 8.295578956604004 0
drought 0 1327 7 1.104758858680725 4.595800399780273 3.6997785568237305
. 0 1328 1 0.727027177810669 2.8861896991729736 1.7096107006072998
<eos> 0 1329 5 0.000798122666310519 0.006812974810600281 2.8793767243623734
=========================================================================================
| End of testing | test loss  2.78 | test ppl    16.19
=========================================================================================
