word sentid sentpos wlen surp entropy entred
= 0 0 1 5.583418369293213 6.484085559844971 0
<unk> 0 1 5 4.390162467956543 0.7552588582038879 5.728826701641083
<unk> 0 2 5 1.1133097410202026 5.448545932769775 0
<unk> 0 3 5 2.4918689727783203 3.1603407859802246 2.288205146789551
= 0 4 1 0.9037743210792542 3.1421725749969482 0.018168210983276367
<eos> 0 5 5 19.083282470703125 1.3889306783676147 1.7532418966293335
= 0 6 1 14.15678596496582 0.7925868034362793 0.5963438749313354
<unk> 0 7 5 0.30456897616386414 1.3899041414260864 0
<unk> 0 8 5 0.38495221734046936 2.646817684173584 0
<unk> 0 9 5 1.3854193687438965 3.3876819610595703 0
= 0 10 1 1.3896499872207642 2.9123575687408447 0.4753243923187256
<eos> 0 11 5 20.198583602905273 1.2966827154159546 1.6156748533248901
" 0 12 1 12.502727508544922 1.1827665567398071 0.11391615867614746
<unk> 0 13 5 0.26122233271598816 2.107057809829712 0
<unk> 0 14 5 3.237748146057129 1.1107096672058105 0.9963481426239014
<unk> 0 15 5 3.450845718383789 0.9311569929122925 0.17955267429351807
" 0 16 1 0.27518871426582336 1.1772838830947876 0
is 0 17 2 3.1177730560302734 2.6803441047668457 0
a 0 18 1 0.6956602334976196 1.4388172626495361 1.2415268421173096
blues 0 19 5 13.680747985839844 6.308150768280029 0
song 0 20 4 5.182355880737305 6.136097431182861 0.17205333709716797
by 0 21 2 3.032069206237793 5.069511413574219 1.0665860176086426
<unk> 0 22 5 0.42000913619995117 2.1266136169433594 2.9428977966308594
folk 0 23 4 8.331631660461426 3.929105043411255 0
and 0 24 3 6.76096248626709 3.6176819801330566 0.31142306327819824
blues 0 25 5 6.692768096923828 6.6959099769592285 0
musician 0 26 8 2.070178508758545 4.3043293952941895 2.391580581665039
, 0 27 1 6.439097881317139 1.5880842208862305 2.716245174407959
<unk> 0 28 5 2.1326522827148438 6.243894577026367 0
<unk> 0 29 5 1.690460205078125 3.7294065952301025 2.5144879817962646
. 0 30 1 1.646234393119812 2.6518869400024414 1.0775196552276611
<eos> 0 31 5 0.05086281895637512 0.21934181451797485 2.4325451254844666
<unk> 0 32 5 3.7271640300750732 4.152666091918945 0
was 0 33 3 3.4409339427948 5.152376651763916 0
written 0 34 7 3.7103893756866455 5.941868305206299 0
in 0 35 2 3.136209487915039 2.124814748764038 3.8170535564422607
<unk> 0 36 5 0.871407151222229 2.8150582313537598 0
<unk> 0 37 5 4.041454792022705 3.343207836151123 0
in 0 38 2 4.317365646362305 3.9633991718292236 0
response 0 39 8 9.076179504394531 2.865039348602295 1.0983598232269287
to 0 40 2 0.025365343317389488 0.185407817363739 2.679631531238556
the 0 41 3 1.7600786685943604 5.171209335327148 0
discrimination 0 42 14 14.556631088256836 9.132099151611328 0
and 0 43 3 4.302717208862305 5.171420574188232 3.9606785774230957
segregation 0 44 11 11.995927810668945 9.512551307678223 0
that 0 45 4 5.040878772735596 4.810680389404297 4.701870918273926
<unk> 0 46 5 3.974752902984619 7.506715297698975 0
<unk> 0 47 5 2.9711103439331055 7.613247394561768 0
faced 0 48 5 10.634077072143555 7.397152900695801 0.2160944938659668
during 0 49 6 4.7087321281433105 4.676486015319824 2.7206668853759766
a 0 50 1 3.9777302742004395 3.1097187995910645 1.5667672157287598
visit 0 51 5 5.445522308349609 8.59996509552002 0
to 0 52 2 0.3557785451412201 1.6650995016098022 6.934865593910217
<unk> 0 53 5 0.9603084325790405 3.1427125930786133 0
, 0 54 1 3.0016860961914062 4.231339454650879 0
<unk> 0 55 5 2.14575457572937 6.04380464553833 0
to 0 56 2 6.829331874847412 3.094777822494507 2.9490268230438232
record 0 57 6 4.916985511779785 8.003131866455078 0
for 0 58 3 7.501730442047119 5.4783406257629395 2.5247912406921387
<unk> 0 59 5 3.320012092590332 4.4314799308776855 1.046860694885254
<unk> 0 60 5 2.5381572246551514 5.360259532928467 0
. 0 61 1 2.3613672256469727 4.582120418548584 0.7781391143798828
<eos> 0 62 5 0.044044025242328644 0.19722554087638855 4.384894877672195
<unk> 0 63 5 2.524141311645508 5.473349571228027 0
rails 0 64 5 22.152488708496094 7.130680561065674 0
against 0 65 7 11.200894355773926 7.777649879455566 0
racism 0 66 6 11.730820655822754 4.956115245819092 2.8215346336364746
, 0 67 1 2.474839925765991 5.653467178344727 0
the 0 68 3 3.9779930114746094 8.624369621276855 0
<unk> 0 69 5 2.7338361740112305 8.564199447631836 0.06017017364501953
<unk> 0 70 5 2.712397575378418 7.426647186279297 1.137552261352539
laws 0 71 4 15.406246185302734 5.891023635864258 1.535623550415039
, 0 72 1 0.9019485712051392 3.9962286949157715 1.8947949409484863
and 0 73 3 1.1861518621444702 5.463374137878418 0
the 0 74 3 1.478156566619873 5.322128772735596 0.14124536514282227
conditions 0 75 10 14.784790992736816 7.0611796379089355 0
of 0 76 2 1.0181220769882202 4.804184913635254 2.2569947242736816
contemporary 0 77 12 12.10063362121582 6.822811603546143 0
<unk> 0 78 5 2.61859130859375 8.714818000793457 0
<unk> 0 79 5 3.910684585571289 8.655616760253906 0.05920124053955078
in 0 80 2 6.290456771850586 7.51881742477417 1.1367993354797363
the 0 81 3 1.905449390411377 4.689616680145264 2.8292007446289062
southern 0 82 8 9.900944709777832 6.822770595550537 0
<unk> 0 83 5 2.728203535079956 5.591185569763184 1.2315850257873535
<unk> 0 84 5 5.837331771850586 7.339794635772705 0
. 0 85 1 3.764946460723877 7.600920677185059 0
<eos> 0 86 5 0.0374537855386734 0.17386086285114288 7.427059814333916
<unk> 0 87 5 2.7527501583099365 5.91529655456543 0
song 0 88 4 11.431686401367188 7.267026424407959 0
was 0 89 3 4.15003776550293 6.688723564147949 0.5783028602600098
recorded 0 90 8 3.935838222503662 7.37011194229126 0
in 0 91 2 1.6197216510772705 4.353491306304932 3.016620635986328
<unk> 0 92 5 1.0146371126174927 3.7495338916778564 0.6039574146270752
<unk> 0 93 5 2.6806344985961914 4.451144218444824 0
for 0 94 3 5.463299751281738 4.259375095367432 0.19176912307739258
the 0 95 3 1.8164628744125366 5.432804107666016 0
<unk> 0 96 5 1.7627849578857422 6.328507423400879 0
of 0 97 2 6.119204521179199 6.540943145751953 0
<unk> 0 98 5 1.2338544130325317 4.165337562561035 2.375605583190918
and 0 99 3 4.01863431930542 5.551201820373535 0
re 0 100 2 10.568741798400879 5.879423141479492 0
<unk> 0 101 5 0.007099489215761423 0.08474449068307877 5.794678650796413
recorded 0 102 8 1.5535509586334229 4.171364784240723 0
in 0 103 2 2.0130789279937744 5.016355514526367 0
<unk> 0 104 5 0.7613588571548462 3.0169780254364014 1.9993774890899658
for 0 105 3 5.9647216796875 3.959230422973633 0
commercial 0 106 10 10.657975196838379 4.925501346588135 0
release 0 107 7 5.6696929931640625 7.096240997314453 0
. 0 108 1 1.0114341974258423 3.2497737407684326 3.8464672565460205
<eos> 0 109 5 0.016667189076542854 0.09192231297492981 3.157851427793503
<unk> 0 110 5 3.096430540084839 5.408288955688477 0
has 0 111 3 5.771612644195557 6.99147367477417 0
been 0 112 4 2.4876272678375244 6.567650318145752 0.42382335662841797
remixed 0 113 7 9.409964561462402 7.298066139221191 0
and 0 114 3 4.595274448394775 3.9767956733703613 3.32127046585083
covered 0 115 7 9.67565631866455 6.1602630615234375 0
by 0 116 2 0.6443322896957397 2.375607967376709 3.7846550941467285
a 0 117 1 4.988326549530029 6.006955623626709 0
number 0 118 6 3.557695150375366 8.220609664916992 0
of 0 119 2 0.013351471163332462 0.1365925371646881 8.084017127752304
artists 0 120 7 3.009920597076416 7.579558849334717 0
including 0 121 9 3.6428372859954834 4.693229675292969 2.886329174041748
<unk> 0 122 5 0.7059749364852905 4.023919105529785 0.6693105697631836
<unk> 0 123 5 0.48853805661201477 2.5698821544647217 1.4540369510650635
, 0 124 1 0.9225946664810181 2.271109104156494 0.29877305030822754
<unk> 0 125 5 0.34482237696647644 2.3672068119049072 0
<unk> 0 126 5 0.25638347864151 1.7171382904052734 0.6500685214996338
, 0 127 1 0.5057858824729919 1.2126346826553345 0.504503607749939
<unk> 0 128 5 0.3517306447029114 1.5336451530456543 0
<unk> 0 129 5 0.19746628403663635 1.511626124382019 0.022019028663635254
, 0 130 1 0.3892311453819275 1.0962494611740112 0.4153766632080078
and 0 131 3 2.8325018882751465 1.585988163948059 0
<unk> 0 132 5 0.20632967352867126 1.6965610980987549 0
<unk> 0 133 5 0.29263195395469666 2.1178905963897705 0
. 0 134 1 0.4742538034915924 1.7879760265350342 0.32991456985473633
<eos> 0 135 5 0.012911264784634113 0.07512917369604111 1.712846852838993
" 0 136 1 12.888484001159668 5.447675704956055 0
<unk> 0 137 5 2.063081979751587 7.813652038574219 0
<unk> 0 138 5 1.943179726600647 4.58457612991333 3.2290759086608887
<unk> 0 139 5 1.9624141454696655 3.2052934169769287 1.3792827129364014
" 0 140 1 0.8621833920478821 2.868124485015869 0.33716893196105957
is 0 141 2 2.10791015625 4.794956207275391 0
regarded 0 142 8 8.534597396850586 5.088895797729492 0
as 0 143 2 0.12606479227542877 0.5634681582450867 4.5254276394844055
one 0 144 3 3.154764413833618 2.8550288677215576 0
of 0 145 2 0.0035882515367120504 0.042823780328035355 2.8122050873935223
<unk> 0 146 5 3.4298293590545654 1.912524938583374 0
<unk> 0 147 5 4.573057174682617 1.3441855907440186 0.5683393478393555
's 0 148 2 0.32909226417541504 1.9049104452133179 0
best 0 149 4 3.008246421813965 4.83164119720459 0
original 0 150 8 9.668375015258789 5.42933464050293 0
works 0 151 5 5.583808898925781 5.603732585906982 0
, 0 152 1 2.00331711769104 3.3799808025360107 2.2237517833709717
but 0 153 3 4.190837383270264 6.062046051025391 0
it 0 154 2 2.944150447845459 6.336935997009277 0
also 0 155 4 5.290190696716309 4.028225898742676 2.3087100982666016
drew 0 156 4 10.505823135375977 6.528257846832275 0
controversy 0 157 11 8.57481861114502 6.578215599060059 0
. 0 158 1 3.20697021484375 4.698258399963379 1.8799571990966797
<eos> 0 159 5 0.02326028048992157 0.12003295123577118 4.578225448727608
<unk> 0 160 5 2.7486777305603027 5.326425552368164 0
is 0 161 2 4.941653251647949 6.182289123535156 0
doubt 0 162 5 18.803144454956055 6.653995037078857 0
over 0 163 4 8.356939315795898 5.075218677520752 1.5787763595581055
the 0 164 3 1.1961668729782104 5.127813339233398 0
song 0 165 4 6.7481865882873535 8.585057258605957 0
's 0 166 2 1.170054316520691 4.195813179016113 4.389244079589844
authorship 0 167 10 12.713357925415039 8.49034595489502 0
, 0 168 1 1.2479969263076782 3.450091600418091 5.040254354476929
with 0 169 4 4.079657077789307 5.970555305480957 0
some 0 170 4 5.129784107208252 6.492899417877197 0
scholars 0 171 8 7.087358474731445 8.237846374511719 0
contending 0 172 10 11.8456392288208 7.073515892028809 1.1643304824829102
that 0 173 4 0.3624155521392822 1.9649412631988525 5.108574628829956
<unk> 0 174 5 3.3737683296203613 4.726961135864258 0
<unk> 0 175 5 2.791764259338379 5.55501127243042 0
was 0 176 3 3.024420738220215 5.712745189666748 0
unlikely 0 177 8 10.850065231323242 6.471745491027832 0
to 0 178 2 0.10614228993654251 0.8000597953796387 5.671685695648193
have 0 179 4 2.8433520793914795 5.99538516998291 0
written 0 180 7 6.003150939941406 6.8683037757873535 0
a 0 181 1 2.725820541381836 6.154976844787598 0.7133269309997559
work 0 182 4 8.14773178100586 7.294941425323486 0
in 0 183 2 3.566152334213257 5.291309356689453 2.003632068634033
a 0 184 1 4.237364768981934 4.4448065757751465 0.8465027809143066
genre 0 185 5 7.28631067276001 8.364802360534668 0
new 0 186 3 11.5602388381958 5.18220853805542 3.182593822479248
to 0 187 2 3.6710453033447266 6.437686443328857 0
him 0 188 3 5.9954047203063965 5.9596171379089355 0.4780693054199219
without 0 189 7 10.396900177001953 2.7529120445251465 3.206705093383789
a 0 190 1 3.669311761856079 7.909208297729492 0
collaborator 0 191 12 12.483551025390625 9.62529182434082 0
. 0 192 1 1.0385041236877441 4.074674129486084 5.550617694854736
<eos> 0 193 5 0.04619595408439636 0.2039598524570465 3.8707142770290375
<unk> 0 194 5 2.320892095565796 5.502962112426758 0
have 0 195 4 11.338663101196289 6.543387413024902 0
been 0 196 4 3.143157720565796 6.859957218170166 0
raised 0 197 6 12.16258716583252 8.07040023803711 0
over 0 198 4 7.8493571281433105 4.4470343589782715 3.623365879058838
his 0 199 3 5.269639015197754 5.318155765533447 0
role 0 200 4 7.256058216094971 9.17681884765625 0
in 0 201 2 1.4679419994354248 2.2471487522125244 6.929670095443726
the 0 202 3 1.3507943153381348 5.817983150482178 0
<unk> 0 203 5 2.301107168197632 7.743942737579346 0
<unk> 0 204 5 2.1405208110809326 7.424638748168945 0.3193039894104004
<unk> 0 205 5 2.274507761001587 7.638270854949951 0
and 0 206 3 5.672473430633545 7.7710137367248535 0
whether 0 207 7 18.72434425354004 6.319338798522949 1.4516749382019043
he 0 208 2 3.0619421005249023 5.8394389152526855 0.47989988327026367
and 0 209 3 8.636763572692871 6.590225696563721 0
the 0 210 3 3.8412833213806152 3.511563539505005 3.078662157058716
song 0 211 4 8.98702621459961 6.928744316101074 0
were 0 212 4 3.3537497520446777 7.020528316497803 0
used 0 213 4 6.353489398956299 7.919651031494141 0
to 0 214 2 2.2971420288085938 4.058799743652344 3.860851287841797
further 0 215 7 9.2319917678833 8.186942100524902 0
the 0 216 3 3.4888014793395996 7.8070149421691895 0.3799271583557129
party 0 217 5 11.50128173828125 8.690837860107422 0
's 0 218 2 1.525092601776123 4.660821914672852 4.03001594543457
political 0 219 9 7.992812633514404 9.655355453491211 0
goals 0 220 5 10.836235046386719 8.989577293395996 0.6657781600952148
. 0 221 1 0.6881287097930908 2.743759870529175 6.245817422866821
<eos> 0 222 5 0.01834571175277233 0.09978295862674713 2.6439769119024277
= 0 223 1 2.6472561359405518 5.48231840133667 0
= 0 224 1 0.06917012482881546 0.4543642997741699 5.0279541015625
<unk> 0 225 5 5.1498236656188965 5.910427093505859 0
and 0 226 3 4.320087432861328 6.440696716308594 0
creation 0 227 8 10.426424026489258 6.769614219665527 0
= 0 228 1 0.3461143672466278 1.660961627960205 5.108652591705322
= 0 229 1 6.053662218619138e-05 0.0007927941041998565 1.6601688338560052
<eos> 0 230 5 18.594646453857422 4.799908638000488 0
<unk> 0 231 5 1.7274929285049438 6.236559867858887 0
music 0 232 5 7.96688985824585 6.0873589515686035 0.1492009162902832
historians 0 233 10 12.189701080322266 6.407361030578613 0
date 0 234 4 14.269820213317871 5.071040630340576 1.336320400238037
the 0 235 3 3.4393668174743652 5.270883560180664 0
writing 0 236 7 9.51608657836914 9.4409761428833 0
of 0 237 2 0.708978533744812 3.2201268672943115 6.220849275588989
" 0 238 1 5.5850911140441895 4.4533257484436035 0
<unk> 0 239 5 1.5916484594345093 6.950919151306152 0
<unk> 0 240 5 1.9142879247665405 4.24810791015625 2.7028112411499023
<unk> 0 241 5 1.8898842334747314 3.1010208129882812 1.1470870971679688
" 0 242 1 0.9090356230735779 2.7979753017425537 0.30304551124572754
to 0 243 2 4.8278913497924805 4.255098819732666 0
<unk> 0 244 5 2.863893747329712 5.9658284187316895 0
<unk> 0 245 5 1.1249467134475708 4.628617286682129 1.3372111320495605
's 0 246 2 3.313175678253174 4.079596996307373 0.5490202903747559
<unk> 0 247 5 2.425999641418457 8.074307441711426 0
<unk> 0 248 5 1.9647600650787354 6.87184476852417 1.2024626731872559
trip 0 249 4 16.060331344604492 5.9516096115112305 0.9202351570129395
to 0 250 2 1.7436577081680298 4.92207670211792 1.0295329093933105
<unk> 0 251 5 0.9128041863441467 3.104961633682251 1.817115068435669
, 0 252 1 1.9739782810211182 4.2791666984558105 0
<unk> 0 253 5 1.8996763229370117 5.565431594848633 0
, 0 254 1 1.6577614545822144 3.817247152328491 1.7481844425201416
when 0 255 4 6.5794219970703125 5.552902698516846 0
he 0 256 2 1.611890196800232 4.178408622741699 1.3744940757751465
was 0 257 3 1.9821674823760986 6.525611877441406 0
invited 0 258 7 6.668558597564697 7.738161087036133 0
by 0 259 2 2.2727081775665283 1.488904356956482 6.249256730079651
the 0 260 3 2.1431968212127686 3.5553863048553467 0
folklorist 0 261 10 13.687984466552734 5.63858699798584 0
<unk> 0 262 5 0.19205376505851746 1.4429947137832642 4.195592284202576
<unk> 0 263 5 0.1401231288909912 1.1512492895126343 0.2917454242706299
to 0 264 2 1.7257894277572632 3.9437830448150635 0
record 0 265 6 7.5259690284729 6.884610176086426 0
for 0 266 3 6.418491363525391 5.185534954071045 1.6990752220153809
the 0 267 3 1.5033085346221924 4.194189548492432 0.9913454055786133
<unk> 0 268 5 2.2581708431243896 7.82000732421875 0
of 0 269 2 5.907993316650391 7.184256076812744 0.6357512474060059
<unk> 0 270 5 1.5224813222885132 4.027906894683838 3.1563491821289062
's 0 271 2 3.9439377784729004 5.195774078369141 0
folk 0 272 4 10.602611541748047 7.960048198699951 0
music 0 273 5 2.0890471935272217 6.412426471710205 1.547621726989746
collection 0 274 10 9.613810539245605 5.75598669052124 0.6564397811889648
. 0 275 1 1.2883977890014648 4.2469282150268555 1.5090584754943848
<eos> 0 276 5 0.004419369623064995 0.030232181772589684 4.216696033254266
<unk> 0 277 5 2.3858492374420166 5.200499534606934 0
the 0 278 3 10.997057914733887 6.669581413269043 0
first 0 279 5 4.5974249839782715 7.950988292694092 0
night 0 280 5 9.670723915100098 7.9439287185668945 0.007059574127197266
<unk> 0 281 5 4.364953994750977 6.391764163970947 1.5521645545959473
<unk> 0 282 5 2.609187364578247 7.605340957641602 0
and 0 283 3 5.4789652824401855 7.236865520477295 0.36847543716430664
his 0 284 3 4.201324462890625 6.8200602531433105 0.4168052673339844
wife 0 285 4 4.859328746795654 8.994999885559082 0
<unk> 0 286 5 1.3573862314224243 4.886448860168457 4.108551025390625
spent 0 287 5 8.667351722717285 6.5919084548950195 0
in 0 288 2 6.620184421539307 5.367468357086182 1.224440097808838
the 0 289 3 2.261317253112793 4.743505477905273 0.6239628791809082
city 0 290 4 6.425203323364258 8.093403816223145 0
, 0 291 1 3.0612456798553467 4.4133782386779785 3.680025577545166
they 0 292 4 10.379741668701172 6.842564582824707 0
encountered 0 293 11 8.68928337097168 7.453780174255371 0
racially 0 294 8 17.870609283447266 7.004706382751465 0.44907379150390625
discriminatory 0 295 14 14.50230884552002 7.831879615783691 0
<unk> 0 296 5 4.63877534866333 8.82065200805664 0
<unk> 0 297 5 3.553438186645508 6.835780620574951 1.9848713874816895
laws 0 298 4 10.485443115234375 6.320539951324463 0.5152406692504883
similar 0 299 7 14.072017669677734 4.595621109008789 1.7249188423156738
to 0 300 2 0.023890363052487373 0.17679724097251892 4.41882386803627
those 0 301 5 2.9965734481811523 5.58753776550293 0
found 0 302 5 6.5403337478637695 4.564158916473389 1.023378849029541
in 0 303 2 0.4829438030719757 2.3124570846557617 2.251701831817627
their 0 304 5 5.704522609710693 4.040657997131348 0
native 0 305 6 4.682132720947266 7.344173908233643 0
<unk> 0 306 5 0.9738565683364868 4.690181255340576 2.6539926528930664
: 0 307 1 8.695915222167969 4.883100509643555 0
most 0 308 4 8.688863754272461 5.736210346221924 0
hotels 0 309 6 15.240750312805176 5.633331775665283 0.10287857055664062
refused 0 310 7 12.810340881347656 5.530450820922852 0.10288095474243164
to 0 311 2 0.49241653084754944 2.617760181427002 2.9126906394958496
rent 0 312 4 8.12239933013916 8.340422630310059 0
rooms 0 313 5 13.584620475769043 6.3850274085998535 1.955395221710205
to 0 314 2 4.073446273803711 4.366343021392822 2.0186843872070312
<unk> 0 315 5 2.8624930381774902 7.5194993019104 0
<unk> 0 316 5 3.017948865890503 5.7128167152404785 1.8066825866699219
and 0 317 3 3.6089417934417725 4.133631229400635 1.5791854858398438
the 0 318 3 4.20180606842041 6.4655351638793945 0
few 0 319 3 9.998199462890625 8.645109176635742 0
that 0 320 4 11.723509788513184 8.376025199890137 0.26908397674560547
would 0 321 5 6.244374752044678 6.233767032623291 2.1422581672668457
were 0 322 4 10.214397430419922 7.306893348693848 0
either 0 323 6 8.65681266784668 9.606945037841797 0
full 0 324 4 10.556014060974121 9.519044876098633 0.08790016174316406
or 0 325 2 1.539107084274292 2.744479179382324 6.774565696716309
refused 0 326 7 10.967970848083496 9.907254219055176 0
to 0 327 2 1.3128825426101685 3.425743818283081 6.481510400772095
serve 0 328 5 8.019787788391113 7.833446979522705 0
him 0 329 3 6.841504096984863 5.266756057739258 2.5666909217834473
because 0 330 7 8.494016647338867 3.9409313201904297 1.3258247375488281
he 0 331 2 2.7997138500213623 3.5819265842437744 0.3590047359466553
was 0 332 3 1.7818392515182495 5.644145965576172 0
with 0 333 4 9.731218338012695 8.358368873596191 0
a 0 334 1 3.3862545490264893 6.065606117248535 2.2927627563476562
white 0 335 5 8.552884101867676 9.786829948425293 0
man 0 336 3 3.718555212020874 8.371710777282715 1.4151191711425781
( 0 337 1 7.449110507965088 4.064008712768555 4.30770206451416
<unk> 0 338 5 1.9956729412078857 6.877126693725586 0
) 0 339 1 1.443022608757019 3.59797739982605 3.279149293899536
. 0 340 1 1.1550519466400146 4.191293716430664 0
<eos> 0 341 5 0.004006614442914724 0.027802249416708946 4.163491467013955
<unk> 0 342 5 2.667767286300659 5.879051685333252 0
, 0 343 1 4.479940414428711 7.2628068923950195 0
in 0 344 2 4.637805461883545 6.298662185668945 0.9641447067260742
some 0 345 4 8.026572227478027 4.89668083190918 1.4019813537597656
versions 0 346 8 8.702741622924805 5.247096538543701 0
of 0 347 2 1.7399773597717285 2.8532543182373047 2.3938422203063965
the 0 348 3 1.0649688243865967 3.528146266937256 0
story 0 349 5 9.42358684539795 7.314886569976807 0
described 0 350 9 12.766993522644043 2.544419050216675 4.770467519760132
as 0 351 2 1.4106608629226685 4.184807777404785 0
an 0 352 2 4.491666793823242 4.400661945343018 0
unnamed 0 353 7 10.816367149353027 6.027437686920166 0
" 0 354 1 3.914524555206299 8.126677513122559 0
white 0 355 5 8.133811950683594 8.939202308654785 0
friend 0 356 6 8.736472129821777 6.301793098449707 2.637409210205078
" 0 357 1 0.543473482131958 1.9901763200759888 4.311616778373718
, 0 358 1 0.627532958984375 2.787013053894043 0
offered 0 359 7 8.798965454101562 6.9900007247924805 0
to 0 360 2 2.6520934104919434 5.511803150177002 1.4781975746154785
let 0 361 3 8.735288619995117 8.513378143310547 0
the 0 362 3 2.325765609741211 4.783843994140625 3.729534149169922
couple 0 363 6 9.308869361877441 9.396693229675293 0
stay 0 364 4 6.663940906524658 8.122774124145508 1.2739191055297852
for 0 365 3 4.217179775238037 5.410516262054443 2.7122578620910645
the 0 366 3 2.5033037662506104 5.885034561157227 0
night 0 367 5 6.759112358093262 7.380821228027344 0
in 0 368 2 4.647892951965332 4.567821502685547 2.812999725341797
his 0 369 3 6.46903657913208 5.2165656089782715 0
apartment 0 370 9 6.726202964782715 8.686548233032227 0
near 0 371 4 8.015188217163086 3.808561086654663 4.8779871463775635
the 0 372 3 1.8958652019500732 3.843278408050537 0
<unk> 0 373 5 1.7931571006774902 7.319915294647217 0
<unk> 0 374 5 2.6829872131347656 7.52072286605835 0
<unk> 0 375 5 2.393301010131836 6.919106960296631 0.6016159057617188
. 0 376 1 3.6493589878082275 7.1929192543029785 0
<eos> 0 377 5 0.0034232058096677065 0.02442886121571064 7.168490393087268
<unk> 0 378 5 2.4341626167297363 5.6668171882629395 0
next 0 379 4 12.475723266601562 7.221573352813721 0
morning 0 380 7 8.232288360595703 7.906339645385742 0
, 0 381 1 1.5286685228347778 5.760056495666504 2.1462831497192383
<unk> 0 382 5 1.713178277015686 5.07470703125 0.6853494644165039
<unk> 0 383 5 3.6114306449890137 7.6429853439331055 0
awoke 0 384 5 13.179594993591309 6.68292236328125 0.9600629806518555
to 0 385 2 3.9545717239379883 5.158308506011963 1.524613857269287
<unk> 0 386 5 3.7522735595703125 7.591210842132568 0
arguing 0 387 7 17.799583435058594 5.495230197906494 2.095980644226074
with 0 388 4 5.332695007324219 2.8523027896881104 2.642927408218384
his 0 389 3 2.8817384243011475 4.171837329864502 0
landlord 0 390 8 11.216529846191406 8.751272201538086 0
about 0 391 5 6.5043535232543945 4.174410820007324 4.576861381530762
the 0 392 3 1.8787646293640137 5.356314182281494 0
presence 0 393 8 8.789194107055664 10.145164489746094 0
of 0 394 2 0.07675379514694214 0.5343215465545654 9.610842943191528
a 0 395 1 2.726168632507324 5.315209865570068 0
black 0 396 5 7.007043838500977 9.654643058776855 0
man 0 397 3 3.3877429962158203 8.061970710754395 1.592672348022461
, 0 398 1 2.401252031326294 4.76853609085083 3.2934346199035645
with 0 399 4 6.20888614654541 6.033146381378174 0
the 0 400 3 2.7687747478485107 5.054243564605713 0.9789028167724609
landlord 0 401 8 11.489266395568848 9.818482398986816 0
threatening 0 402 11 10.495983123779297 7.5627827644348145 2.255699634552002
to 0 403 2 0.6548495292663574 3.0581233501434326 4.504659414291382
call 0 404 4 6.78356409072876 8.34488296508789 0
the 0 405 3 2.867579460144043 4.231451511383057 4.113431453704834
police 0 406 6 5.398856163024902 9.652894973754883 0
. 0 407 1 2.445033311843872 6.4932942390441895 3.1596007347106934
<eos> 0 408 5 0.00618035439401865 0.03995151072740555 6.453342728316784
<unk> 0 409 5 2.220012664794922 5.615234851837158 0
in 0 410 2 10.032825469970703 7.255354881286621 0
<unk> 0 411 5 1.7872670888900757 4.877121925354004 2.378232955932617
, 0 412 1 3.1290550231933594 7.1235432624816895 0
<unk> 0 413 5 1.0612856149673462 4.880244255065918 2.2432990074157715
<unk> 0 414 5 3.060868978500366 6.090631484985352 0
encountered 0 415 11 13.487861633300781 4.25419282913208 1.8364386558532715
several 0 416 7 6.491844177246094 5.905062675476074 0
other 0 417 5 4.029063701629639 8.651155471801758 0
incidents 0 418 9 8.87047290802002 8.662630081176758 0
of 0 419 2 3.7892346382141113 4.707757949829102 3.9548721313476562
segregation 0 420 11 12.806097984313965 8.338436126708984 0
that 0 421 4 6.219729423522949 4.206002712249756 4.1324334144592285
are 0 422 3 9.378263473510742 6.783719539642334 0
believed 0 423 8 6.392292499542236 9.214242935180664 0
to 0 424 2 0.04314696788787842 0.36217057704925537 8.852072358131409
have 0 425 4 0.9316452145576477 2.1275341510772705 0
contributed 0 426 11 6.556135654449463 4.890042781829834 0
to 0 427 2 0.176913782954216 1.3549851179122925 3.5350576639175415
the 0 428 3 1.2180278301239014 4.479125022888184 0
impetus 0 429 7 17.210657119750977 9.069348335266113 0
of 0 430 2 2.2615718841552734 3.9697325229644775 5.099615812301636
the 0 431 3 1.1740154027938843 4.51657247543335 0
song 0 432 4 11.449934959411621 8.811915397644043 0
. 0 433 1 1.070821762084961 3.2816460132598877 5.530269384384155
<eos> 0 434 5 0.031595371663570404 0.15233249962329865 3.129313513636589
<unk> 0 435 5 2.1595215797424316 5.600388050079346 0
instance 0 436 8 22.92899513244629 6.9896159172058105 0
, 0 437 1 2.2988975048065186 6.390995025634766 0.5986208915710449
when 0 438 4 8.25466537475586 6.781731128692627 0
<unk> 0 439 5 2.009446859359741 5.272566795349121 1.5091643333435059
<unk> 0 440 5 2.729952096939087 6.854628086090088 0
, 0 441 1 2.7003421783447266 6.286792755126953 0.5678353309631348
<unk> 0 442 5 2.840688467025757 7.450370788574219 0
, 0 443 1 2.0947265625 5.3207244873046875 2.1296463012695312
and 0 444 3 1.9243289232254028 6.216889381408691 0
their 0 445 5 9.17311954498291 4.508819103240967 1.7080702781677246
wives 0 446 5 8.428107261657715 7.804438591003418 0
wanted 0 447 6 10.972664833068848 6.479184627532959 1.325253963470459
to 0 448 2 0.5314153432846069 2.5407238006591797 3.9384608268737793
go 0 449 2 5.624579906463623 8.466843605041504 0
out 0 450 3 5.225594997406006 5.313659191131592 3.153184413909912
to 0 451 2 2.7080209255218506 3.962852716445923 1.350806474685669
dinner 0 452 6 10.67040729522705 7.581137180328369 0
together 0 453 8 9.359416961669922 4.161475658416748 3.419661521911621
, 0 454 1 2.556936264038086 3.7061972618103027 0.4552783966064453
they 0 455 4 8.817171096801758 6.1273908615112305 0
discovered 0 456 10 8.046795845031738 7.953929424285889 0
that 0 457 4 1.6286249160766602 5.08993673324585 2.863992691040039
it 0 458 2 5.143917083740234 4.978573799133301 0.11136293411254883
was 0 459 3 0.8379159569740295 3.1935837268829346 1.7849900722503662
impossible 0 460 10 7.39884614944458 7.497329235076904 0
for 0 461 3 3.33730411529541 2.143313407897949 5.354015827178955
the 0 462 3 2.2591753005981445 5.552765369415283 0
mixed 0 463 5 17.081802368164062 8.811627388000488 0
race 0 464 4 10.600357055664062 8.256266593933105 0.5553607940673828
group 0 465 5 11.346363067626953 4.048055171966553 4.208211421966553
to 0 466 2 0.5805941820144653 2.398599147796631 1.6494560241699219
find 0 467 4 6.653799533843994 8.585563659667969 0
a 0 468 1 2.3987672328948975 6.0750203132629395 2.5105433464050293
restaurant 0 469 10 11.27048397064209 9.742701530456543 0
that 0 470 4 5.687284469604492 5.229064464569092 4.513637065887451
would 0 471 5 3.2303309440612793 6.5699381828308105 0
serve 0 472 5 8.756200790405273 6.771400451660156 0
them 0 473 4 6.793776988983154 4.415153980255127 2.3562464714050293
. 0 474 1 2.1988821029663086 4.793511390686035 0
<eos> 0 475 5 0.01221497729420662 0.07115527987480164 4.7223561108112335
<unk> 0 476 5 2.2118468284606934 5.6909050941467285 0
<unk> 0 477 5 3.4586799144744873 7.28489351272583 0
was 0 478 3 3.9100558757781982 5.9431962966918945 1.3416972160339355
told 0 479 4 6.601623058319092 8.500269889831543 0
that 0 480 4 1.640527367591858 4.134807109832764 4.365462779998779
if 0 481 2 7.517218589782715 4.280160427093506 0
he 0 482 2 1.8805848360061646 4.141976833343506 0.13818359375
returned 0 483 8 8.3009672164917 5.515311241149902 0
later 0 484 5 13.006180763244629 2.984687328338623 2.5306239128112793
without 0 485 7 11.08438491821289 3.1683576107025146 0
<unk> 0 486 5 3.963022232055664 7.378256797790527 0
, 0 487 1 1.5131638050079346 4.626696586608887 2.7515602111816406
he 0 488 2 1.4874669313430786 4.255396366119385 0.37130022048950195
would 0 489 5 1.919370412826538 5.219202995300293 0
be 0 490 2 2.300349235534668 6.400559902191162 0
served 0 491 6 14.046574592590332 8.799838066101074 0
. 0 492 1 4.306459426879883 4.219326972961426 4.580511093139648
<eos> 0 493 5 0.012572710402309895 0.07269738614559174 4.146629586815834
<unk> 0 494 5 2.0292177200317383 5.251584053039551 0
response 0 495 8 17.275495529174805 7.330019950866699 0
to 0 496 2 2.2361252307891846 5.993053913116455 1.3369660377502441
one 0 497 3 9.862478256225586 4.4130072593688965 1.5800466537475586
of 0 498 2 1.161658763885498 5.682163715362549 0
these 0 499 5 5.070677280426025 2.532956600189209 3.14920711517334
incidents 0 500 9 6.721109390258789 9.05538558959961 0
, 0 501 1 3.904043436050415 4.820372104644775 4.235013484954834
a 0 502 1 5.919580936431885 6.7154741287231445 0
friend 0 503 6 9.791417121887207 9.927382469177246 0
of 0 504 2 1.3198704719543457 4.539794445037842 5.387588024139404
<unk> 0 505 5 0.7487684488296509 2.728954792022705 1.8108396530151367
<unk> 0 506 5 1.6114912033081055 3.665719509124756 0
's 0 507 2 4.164665699005127 2.8355517387390137 0.8301677703857422
, 0 508 1 3.4488959312438965 8.175765037536621 0
variously 0 509 9 17.364639282226562 6.863157749176025 1.3126072883605957
identified 0 510 10 6.46873664855957 7.069867134094238 0
as 0 511 2 2.7816226482391357 5.190458297729492 1.879408836364746
either 0 512 6 11.003175735473633 4.30712890625 0.8833293914794922
<unk> 0 513 5 2.3824055194854736 5.974563121795654 0
or 0 514 2 0.8374303579330444 2.9114840030670166 3.0630791187286377
<unk> 0 515 5 0.442997008562088 2.7236838340759277 0.18780016899108887
<unk> 0 516 5 2.778031587600708 3.7810113430023193 0
<unk> 0 517 5 3.291588306427002 3.277296543121338 0.5037147998809814
joked 0 518 5 20.0123348236084 3.2589216232299805 0.018374919891357422
that 0 519 4 2.028667688369751 4.245982646942139 0
<unk> 0 520 5 2.3775789737701416 4.636807918548584 0
was 0 521 3 2.3690996170043945 5.2594709396362305 0
a 0 522 1 3.3635473251342773 7.537250518798828 0
" 0 523 1 2.4839165210723877 8.30234146118164 0
bourgeois 0 524 9 12.923227310180664 9.197776794433594 0
town 0 525 4 12.114439964294434 6.4787983894348145 2.7189784049987793
. 0 526 1 5.419297218322754 2.6987292766571045 3.78006911277771
" 0 527 1 0.19118967652320862 0.5501601099967957 2.148569166660309
<eos> 0 528 5 0.0 2.4765289708739147e-05 0.5501353447070869
<unk> 0 529 5 1.8144280910491943 5.208330154418945 0
<unk> 0 530 5 3.165698528289795 7.024808883666992 0
<unk> 0 531 5 2.8806748390197754 5.9545369148254395 1.0702719688415527
did 0 532 3 8.41693115234375 6.479907989501953 0
not 0 533 3 0.5651859045028687 3.527970314025879 2.951937675476074
know 0 534 4 4.373030185699463 7.694940090179443 0
what 0 535 4 3.362381935119629 5.280511379241943 2.4144287109375
the 0 536 3 3.3404810428619385 5.607928276062012 0
word 0 537 4 8.24487018585205 8.835521697998047 0
" 0 538 1 2.8239455223083496 5.87465238571167 2.960869312286377
bourgeois 0 539 9 15.181112289428711 7.049356937408447 0
" 0 540 1 0.7322320342063904 4.368194103240967 2.6811628341674805
meant 0 541 5 10.315731048583984 7.37481689453125 0
, 0 542 1 3.8615498542785645 5.0538434982299805 2.3209733963012695
he 0 543 2 6.84282112121582 5.567304611206055 0
was 0 544 3 3.1935224533081055 6.957820892333984 0
fascinated 0 545 10 10.046631813049316 8.416130065917969 0
by 0 546 2 0.5670831203460693 1.7601230144500732 6.6560070514678955
the 0 547 3 1.4762797355651855 4.714285373687744 0
sound 0 548 5 9.702948570251465 9.81273078918457 0
of 0 549 2 0.7849206328392029 3.8257052898406982 5.987025499343872
it 0 550 2 7.786663055419922 6.213217735290527 0
, 0 551 1 1.8412106037139893 3.829662322998047 2.3835554122924805
and 0 552 3 1.8976633548736572 5.739352703094482 0
after 0 553 5 8.517048835754395 7.607845783233643 0
its 0 554 3 8.032489776611328 6.922451496124268 0.685394287109375
meaning 0 555 7 13.035261154174805 9.515830039978027 0
was 0 556 3 3.0827903747558594 4.633115768432617 4.88271427154541
explained 0 557 9 10.870770454406738 9.180191993713379 0
to 0 558 2 4.452690124511719 3.6847357749938965 5.495456218719482
him 0 559 3 3.480376958847046 5.490431308746338 0
he 0 560 2 7.601571083068848 3.903878688812256 1.586552619934082
decided 0 561 7 7.323248386383057 6.879805564880371 0
to 0 562 2 0.690704345703125 2.495558977127075 4.384246587753296
incorporate 0 563 11 9.509529113769531 8.469012260437012 0
it 0 564 2 4.531305313110352 5.813887119293213 2.655125141143799
into 0 565 4 0.8580668568611145 3.054537773132324 2.7593493461608887
a 0 566 1 1.580183506011963 4.343256950378418 0
song 0 567 4 6.83854341506958 9.216187477111816 0
about 0 568 5 5.649956226348877 5.542548179626465 3.6736392974853516
the 0 569 3 1.916739821434021 5.487627029418945 0.05492115020751953
trip 0 570 4 11.850630760192871 9.680514335632324 0
. 0 571 1 0.8928554654121399 3.456421136856079 6.224093198776245
<eos> 0 572 5 0.06924700736999512 0.27630674839019775 3.1801143884658813
<unk> 0 573 5 2.335683822631836 5.502501964569092 0
song 0 574 4 14.767960548400879 7.331841468811035 0
came 0 575 4 8.895124435424805 6.198796272277832 1.1330451965332031
together 0 576 8 7.548827648162842 4.667054176330566 1.5317420959472656
quickly 0 577 7 10.596480369567871 4.594969749450684 0.07208442687988281
; 0 578 1 6.243253707885742 4.403596878051758 0.19137287139892578
one 0 579 3 7.423468589782715 5.854592323303223 0
account 0 580 7 9.98378849029541 6.3540143966674805 0
claims 0 581 6 9.63143539428711 5.944252967834473 0.4097614288330078
that 0 582 4 0.39723044633865356 2.045976161956787 3.8982768058776855
it 0 583 2 4.013452053070068 4.677680969238281 0
only 0 584 4 9.517935752868652 4.397176265716553 0.2805047035217285
took 0 585 4 5.367079257965088 8.18128490447998 0
a 0 586 1 3.014688014984131 5.773585319519043 2.4076995849609375
few 0 587 3 5.898458480834961 8.580124855041504 0
hours 0 588 5 2.9199090003967285 4.068490982055664 4.51163387298584
for 0 589 3 6.1886677742004395 4.68479585647583 0
<unk> 0 590 5 3.0034403800964355 6.099327564239502 0
<unk> 0 591 5 3.575249671936035 4.855773448944092 1.2435541152954102
to 0 592 2 3.151604175567627 4.672955513000488 0.18281793594360352
write 0 593 5 4.717678070068359 7.693798065185547 0
it 0 594 2 4.408458709716797 5.536916255950928 2.156881809234619
. 0 595 1 1.253618597984314 4.063411235809326 1.4735050201416016
<eos> 0 596 5 0.04450918734073639 0.1981498897075653 3.865261346101761
<unk> 0 597 5 2.1741690635681152 5.447774887084961 0
liked 0 598 5 11.235254287719727 7.33774995803833 0
it 0 599 2 4.253970146179199 4.155045032501221 3.1827049255371094
because 0 600 7 4.696683883666992 4.413395404815674 0
it 0 601 2 3.388930559158325 3.702502489089966 0.710892915725708
was 0 602 3 1.0933529138565063 4.361359596252441 0
partly 0 603 6 10.7776460647583 7.327487945556641 0
based 0 604 5 5.0427374839782715 6.626418590545654 0.7010693550109863
on 0 605 2 0.1269177347421646 0.6762570142745972 5.950161576271057
what 0 606 4 6.393796443939209 5.329538345336914 0
happened 0 607 8 6.207447052001953 4.87764310836792 0.45189523696899414
in 0 608 2 2.531961679458618 4.832012176513672 0.04563093185424805
his 0 609 3 3.9708564281463623 4.161434173583984 0.6705780029296875
apartment 0 610 9 8.608329772949219 8.623211860656738 0
. 0 611 1 1.899304747581482 4.572536945343018 4.050674915313721
<eos> 0 612 5 0.028108913451433182 0.13893640041351318 4.433600544929504
= 0 613 1 5.083464622497559 5.475941181182861 0
= 0 614 1 0.020494747906923294 0.17600129544734955 5.299939885735512
<unk> 0 615 5 6.284856796264648 4.0475592613220215 0
, 0 616 1 6.063146591186523 6.452188014984131 0
themes 0 617 6 8.83718490600586 6.448841571807861 0.0033464431762695312
and 0 618 3 0.6692492961883545 1.1486979722976685 5.300143599510193
music 0 619 5 5.726119518280029 8.793808937072754 0
= 0 620 1 0.20983542501926422 1.4744956493377686 7.319313287734985
= 0 621 1 7.979774090927094e-05 0.0010402918560430408 1.4734553574817255
<eos> 0 622 5 16.3481388092041 5.22203254699707 0
" 0 623 1 7.043075084686279 6.4886040687561035 0
<unk> 0 624 5 2.1154017448425293 7.639891147613525 0
<unk> 0 625 5 2.6018168926239014 4.1199517250061035 3.519939422607422
<unk> 0 626 5 2.4829933643341064 3.0821011066436768 1.0378506183624268
" 0 627 1 0.7871743440628052 2.9822824001312256 0.09981870651245117
is 0 628 2 1.5949658155441284 4.465892314910889 0
a 0 629 1 1.3425791263580322 4.478081226348877 0
blues 0 630 5 9.271587371826172 7.852266788482666 0
<unk> 0 631 5 2.3620262145996094 5.740460395812988 2.1118063926696777
style 0 632 5 4.991206169128418 5.859748840332031 0
protest 0 633 7 13.160858154296875 7.173917770385742 0
song 0 634 4 3.2600865364074707 5.737790107727051 1.4361276626586914
that 0 635 4 2.7125515937805176 4.680544376373291 1.0572457313537598
criticizes 0 636 10 12.7191162109375 7.532218933105469 0
the 0 637 3 1.0689725875854492 4.06817626953125 3.4640426635742188
culture 0 638 7 8.9292631149292 8.948006629943848 0
of 0 639 2 0.3246123790740967 1.7341023683547974 7.21390426158905
<unk> 0 640 5 2.550144910812378 5.693597793579102 0
, 0 641 1 3.5933806896209717 5.773870468139648 0
<unk> 0 642 5 2.3239340782165527 6.645757675170898 0
. 0 643 1 7.195470809936523 2.366119861602783 4.279637813568115
<eos> 0 644 5 0.05285225436091423 0.22640953958034515 2.139710322022438
<unk> 0 645 5 2.440213680267334 5.489314556121826 0
protests 0 646 8 15.459905624389648 6.367345809936523 0
against 0 647 7 5.08356237411499 6.88340950012207 0
both 0 648 4 8.682035446166992 5.564312934875488 1.319096565246582
the 0 649 3 2.6542935371398926 7.247049808502197 0
city 0 650 4 8.009696006774902 7.500576972961426 0
's 0 651 2 2.801280975341797 2.1424355506896973 5.3581414222717285
<unk> 0 652 5 3.2144176959991455 9.518745422363281 0
<unk> 0 653 5 4.250349044799805 5.3809428215026855 4.137802600860596
laws 0 654 4 14.646805763244629 3.791543960571289 1.5893988609313965
and 0 655 3 0.39585453271865845 1.981903076171875 1.809640884399414
the 0 656 3 1.557205319404602 6.899770259857178 0
racism 0 657 6 9.585716247558594 9.096295356750488 0
of 0 658 2 0.7495278120040894 3.6710448265075684 5.42525053024292
its 0 659 3 6.996245861053467 4.770573616027832 0
white 0 660 5 10.994348526000977 9.154467582702637 0
population 0 661 10 4.006560325622559 7.261144638061523 1.8933229446411133
. 0 662 1 1.4640567302703857 3.6824769973754883 3.578667640686035
<eos> 0 663 5 0.011540704406797886 0.06768299639225006 3.614794000983238
<unk> 0 664 5 2.99226975440979 5.356733798980713 0
structure 0 665 9 16.68032455444336 6.919474124908447 0
includes 0 666 8 7.356392860412598 7.257106304168701 0
several 0 667 7 5.749729633331299 6.9575300216674805 0.2995762825012207
verses 0 668 6 10.981749534606934 8.89758586883545 0
and 0 669 3 3.040609359741211 4.677920818328857 4.219665050506592
a 0 670 1 3.01081919670105 8.598804473876953 0
refrain 0 671 7 10.364843368530273 9.189932823181152 0
that 0 672 4 4.217245578765869 4.807956218719482 4.38197660446167
declares 0 673 8 10.055998802185059 7.538262367248535 0
that 0 674 4 2.071962833404541 5.205559253692627 2.332703113555908
the 0 675 3 1.6596450805664062 5.213388442993164 0
speaker 0 676 7 11.446976661682129 8.745537757873535 0
is 0 677 2 2.7726821899414062 5.735560894012451 3.009976863861084
going 0 678 5 8.294526100158691 7.398520469665527 0
to 0 679 2 0.17205433547496796 1.0978202819824219 6.3007001876831055
" 0 680 1 5.1138505935668945 7.776481628417969 0
spread 0 681 6 11.275354385375977 8.976773262023926 0
the 0 682 3 2.839481830596924 6.508825302124023 2.4679479598999023
news 0 683 4 10.697422981262207 9.846403121948242 0
all 0 684 3 11.400446891784668 4.771714687347412 5.07468843460083
around 0 685 6 7.087535858154297 6.384616374969482 0
" 0 686 1 5.275296688079834 5.537829399108887 0.8467869758605957
about 0 687 5 9.541922569274902 2.945114850997925 2.592714548110962
the 0 688 3 1.6133060455322266 5.845578670501709 0
racial 0 689 6 9.403721809387207 10.092275619506836 0
issues 0 690 6 5.35052490234375 8.764479637145996 1.3277959823608398
<unk> 0 691 5 8.02853012084961 4.022099018096924 4.742380619049072
the 0 692 3 5.341566562652588 7.946969032287598 0
city 0 693 4 6.472195625305176 8.54458999633789 0
. 0 694 1 1.6663854122161865 5.019979000091553 3.524610996246338
<eos> 0 695 5 0.03938814997673035 0.18023940920829773 4.839739590883255
<unk> 0 696 5 2.6840548515319824 5.535415172576904 0
song 0 697 4 12.062286376953125 7.227955341339111 0
, 0 698 1 3.7245829105377197 7.010000228881836 0.2179551124572754
particularly 0 699 12 11.47987174987793 4.432136535644531 2.5778636932373047
in 0 700 2 2.646224021911621 5.527092456817627 0
the 0 701 3 1.346763014793396 4.3396897315979 1.1874027252197266
refrain 0 702 7 9.512141227722168 7.839397430419922 0
, 0 703 1 1.8239269256591797 2.9843883514404297 4.855009078979492
<unk> 0 704 5 6.816657543182373 6.402849197387695 0
race 0 705 4 17.489763259887695 6.704866886138916 0
and 0 706 3 5.056098937988281 7.636075973510742 0
economics 0 707 9 16.03873062133789 9.713933944702148 0
by 0 708 2 6.402239799499512 5.3425140380859375 4.371419906616211
referring 0 709 9 8.407073020935059 7.766055583953857 0
to 0 710 2 0.10326123237609863 0.7610394358634949 7.0050161480903625
<unk> 0 711 5 3.116445302963257 4.583367347717285 0
as 0 712 2 1.3131344318389893 4.185586452484131 0.3977808952331543
" 0 713 1 1.4107818603515625 3.752511501312256 0.433074951171875
bourgeois 0 714 9 12.563541412353516 6.903103351593018 0
" 0 715 1 1.7509334087371826 5.172504425048828 1.7305989265441895
. 0 716 1 2.060272455215454 3.2546334266662598 1.9178709983825684
<eos> 0 717 5 0.04325161874294281 0.1934635490179062 3.0611698776483536
<unk> 0 718 5 2.535552740097046 5.321403980255127 0
first 0 719 5 10.731148719787598 6.852985858917236 0
two 0 720 3 14.738703727722168 7.938155174255371 0
verses 0 721 6 6.332178115844727 8.727176666259766 0
speak 0 722 5 10.575319290161133 5.959804058074951 2.7673726081848145
of 0 723 2 3.6382572650909424 5.718143463134766 0.24166059494018555
the 0 724 3 1.9511610269546509 4.828701019287109 0.8894424438476562
segregation 0 725 11 16.38868522644043 9.139254570007324 0
that 0 726 4 6.512228965759277 3.934549331665039 5.204705238342285
<unk> 0 727 5 3.668351411819458 8.511943817138672 0
<unk> 0 728 5 3.0976428985595703 8.181217193603516 0.33072662353515625
encountered 0 729 11 12.343721389770508 8.08281421661377 0.0984029769897461
in 0 730 2 2.4343044757843018 4.93192720413208 3.1508870124816895
<unk> 0 731 5 2.4266932010650635 4.52592134475708 0.406005859375
<unk> 0 732 5 3.8058536052703857 4.541468620300293 0
: 0 733 1 6.703310012817383 4.256924152374268 0.2845444679260254
the 0 734 3 2.6420373916625977 5.165622234344482 0
first 0 735 5 5.024909496307373 9.295442581176758 0
recounts 0 736 8 15.618560791015625 8.477763175964355 0.8176794052124023
the 0 737 3 2.8950347900390625 6.465178489685059 2.012584686279297
fact 0 738 4 8.388736724853516 9.788684844970703 0
that 0 739 4 0.06521856039762497 0.5303333401679993 9.258351504802704
during 0 740 6 9.270195007324219 5.4733052253723145 0
the 0 741 3 0.6494863033294678 2.9086737632751465 2.564631462097168
trip 0 742 4 10.928004264831543 7.673879623413086 0
, 0 743 1 1.3875038623809814 3.895297050476074 3.7785825729370117
<unk> 0 744 5 2.721933603286743 5.199069976806641 0
<unk> 0 745 5 3.174356698989868 7.591396808624268 0
was 0 746 3 4.195528984069824 6.890885353088379 0.7005114555358887
" 0 747 1 5.121485233306885 8.554495811462402 0
turned 0 748 6 10.215914726257324 8.382843971252441 0.17165184020996094
down 0 749 4 2.841125965118408 4.607213020324707 3.7756309509277344
" 0 750 1 1.7763179540634155 4.723089218139648 0
wherever 0 751 8 14.871662139892578 4.409059524536133 0.3140296936035156
he 0 752 2 1.159125804901123 3.959578514099121 0.4494810104370117
tried 0 753 5 7.592727184295654 6.9636993408203125 0
to 0 754 2 0.2890189588069916 1.8257572650909424 5.13794207572937
get 0 755 3 5.09198522567749 8.764261245727539 0
served 0 756 6 18.029510498046875 6.310293197631836 2.453968048095703
due 0 757 3 10.936785697937012 4.350802898406982 1.9594902992248535
to 0 758 2 0.02057732082903385 0.1787315458059311 4.172071352601051
his 0 759 3 3.0259673595428467 5.410530090332031 0
race 0 760 4 13.702072143554688 10.307212829589844 0
, 0 761 1 3.102829933166504 5.484494209289551 4.822718620300293
while 0 762 5 6.158382415771484 5.966599464416504 0
the 0 763 3 2.309037685394287 5.813198089599609 0.15340137481689453
second 0 764 6 7.858070373535156 8.493084907531738 0
recounts 0 765 8 14.897391319274902 8.095487594604492 0.3975973129272461
the 0 766 3 2.3877975940704346 6.620887756347656 1.474599838256836
argument 0 767 8 10.52764892578125 9.57514762878418 0
between 0 768 7 6.11074161529541 4.733789920806885 4.841357707977295
<unk> 0 769 5 1.7658352851867676 4.404344081878662 0.32944583892822266
and 0 770 3 0.34586676955223083 1.6667113304138184 2.7376327514648438
his 0 771 3 4.0864949226379395 3.1473746299743652 0
landlord 0 772 8 12.041769981384277 7.467686653137207 0
over 0 773 4 10.097145080566406 3.8576455116271973 3.6100411415100098
<unk> 0 774 5 3.600795269012451 4.256005764007568 0
<unk> 0 775 5 3.5826408863067627 4.550135612487793 0
staying 0 776 7 17.48167610168457 4.133545875549316 0.41658973693847656
in 0 777 2 1.5514168739318848 4.706759929656982 0
his 0 778 3 4.522281169891357 3.9200384616851807 0.7867214679718018
apartment 0 779 9 5.941949844360352 7.925576210021973 0
. 0 780 1 1.043648600578308 3.799018383026123 4.12655782699585
<eos> 0 781 5 0.012773534283041954 0.07337767630815506 3.725640706717968
<unk> 0 782 5 2.3560962677001953 5.592280864715576 0
third 0 783 5 16.193376541137695 7.525385856628418 0
verse 0 784 5 8.902679443359375 7.887673854827881 0
sarcastically 0 785 13 15.558263778686523 6.9766974449157715 0.9109764099121094
cites 0 786 5 11.313429832458496 8.35360050201416 0
" 0 787 1 4.168280124664307 5.1003007888793945 3.2532997131347656
the 0 788 3 3.0307719707489014 7.333197116851807 0
home 0 789 4 10.937426567077637 9.595605850219727 0
of 0 790 2 1.1002293825149536 4.540120601654053 5.055485248565674
the 0 791 3 2.0016977787017822 4.9522624015808105 0
brave 0 792 5 11.914359092712402 8.378602981567383 0
, 0 793 1 3.5116214752197266 3.995997667312622 4.382605314254761
the 0 794 3 3.308208703994751 6.187626361846924 0
land 0 795 4 10.819682121276855 8.867026329040527 0
of 0 796 2 1.4968104362487793 5.032237529754639 3.8347887992858887
the 0 797 3 1.748605489730835 5.629189491271973 0
<unk> 0 798 5 2.323078155517578 8.449496269226074 0
" 0 799 1 0.9044044017791748 3.9229485988616943 4.52654767036438
, 0 800 1 0.962613046169281 2.7554612159729004 1.167487382888794
juxtaposed 0 801 10 16.328824996948242 4.963592529296875 0
with 0 802 4 1.045270562171936 3.8057003021240234 1.1578922271728516
the 0 803 3 1.9190456867218018 5.561712741851807 0
mistreatment 0 804 12 15.116639137268066 9.522431373596191 0
he 0 805 2 9.953703880310059 0.5423402786254883 8.980091094970703
received 0 806 8 8.270662307739258 7.45701789855957 0
at 0 807 2 6.122885227203369 4.654043197631836 2.8029747009277344
the 0 808 3 0.9368968605995178 3.635944366455078 1.0180988311767578
hands 0 809 5 7.369998455047607 4.856560230255127 0
of 0 810 2 0.02431691624224186 0.19728299975395203 4.659277230501175
white 0 811 5 10.097265243530273 4.1656317710876465 0
people 0 812 6 4.868677616119385 6.856479167938232 0
in 0 813 2 4.067730903625488 4.040149211883545 2.8163299560546875
<unk> 0 814 5 1.7255901098251343 3.9212634563446045 0.11888575553894043
, 0 815 1 1.8121564388275146 3.8993639945983887 0.02189946174621582
<unk> 0 816 5 1.9847912788391113 5.196700572967529 0
. 0 817 1 2.293976068496704 3.166073799133301 2.0306267738342285
<eos> 0 818 5 0.021171629428863525 0.11079216748476028 3.0552816316485405
<unk> 0 819 5 2.5764694213867188 5.6076250076293945 0
fourth 0 820 6 18.012792587280273 7.264212131500244 0
verse 0 821 5 8.870367050170898 7.382425308227539 0
speaks 0 822 6 10.851198196411133 6.867892742156982 0.5145325660705566
of 0 823 2 2.3705923557281494 4.883169651031494 1.9847230911254883
the 0 824 3 2.017597198486328 5.050676345825195 0
racism 0 825 6 12.325077056884766 10.025826454162598 0
of 0 826 2 1.2257285118103027 4.05947732925415 5.966349124908447
the 0 827 3 1.440768837928772 4.306684494018555 0
white 0 828 5 8.764179229736328 8.010417938232422 0
population 0 829 10 8.383184432983398 6.919495105743408 1.0909228324890137
of 0 830 2 3.903238534927368 4.1984477043151855 2.7210474014282227
the 0 831 3 1.3937640190124512 4.0872392654418945 0.11120843887329102
city 0 832 4 6.132112979888916 7.379899501800537 0
, 0 833 1 1.4726873636245728 3.841334104537964 3.5385653972625732
leading 0 834 7 7.850091457366943 5.748471260070801 0
to 0 835 2 0.36885184049606323 1.987113118171692 3.761358141899109
the 0 836 3 1.6601388454437256 5.288820743560791 0
song 0 837 4 10.34128475189209 9.259824752807617 0
's 0 838 2 2.5875327587127686 5.221097946166992 4.038726806640625
end 0 839 3 7.370736122131348 9.4114351272583 0
, 0 840 1 2.6532726287841797 4.615528583526611 4.7959065437316895
which 0 841 5 4.665643215179443 7.229434967041016 0
suggests 0 842 8 7.582488059997559 7.805242538452148 0
that 0 843 4 0.6464661955833435 2.7304751873016357 5.074767351150513
<unk> 0 844 5 2.678305149078369 4.742222309112549 0
<unk> 0 845 5 3.426260471343994 6.122730255126953 0
boycott 0 846 7 19.712509155273438 6.2336530685424805 0
buying 0 847 6 17.937904357910156 7.565149307250977 0
homes 0 848 5 10.616020202636719 8.18481159210205 0
in 0 849 2 2.762794017791748 5.766053199768066 2.4187583923339844
the 0 850 3 1.5591025352478027 3.5111215114593506 2.254931688308716
district 0 851 8 8.955751419067383 6.65487003326416 0
. 0 852 1 4.801905632019043 5.26207971572876 1.3927903175354004
<eos> 0 853 5 0.012575438246130943 0.07228539139032364 5.189794324338436
<unk> 0 854 5 2.415186882019043 5.734811782836914 0
song 0 855 4 13.064146041870117 7.351757526397705 0
's 0 856 2 6.014625549316406 7.132027626037598 0.21972990036010742
tone 0 857 4 10.126246452331543 8.678796768188477 0
implies 0 858 7 12.39006233215332 6.906046390533447 1.7727503776550293
that 0 859 4 0.46476322412490845 2.1329333782196045 4.773113012313843
the 0 860 3 1.592020034790039 4.621944427490234 0
speaker 0 861 7 11.9540433883667 8.852862358093262 0
feels 0 862 5 9.074750900268555 6.213947772979736 2.6389145851135254
powerless 0 863 9 8.817436218261719 6.839112281799316 0
against 0 864 7 8.328022003173828 4.080772399902344 2.7583398818969727
the 0 865 3 1.7306984663009644 5.871067523956299 0
discrimination 0 866 14 13.270665168762207 9.908600807189941 0
and 0 867 3 3.2396633625030518 5.421733379364014 4.486867427825928
racism 0 868 6 10.005742073059082 9.509963989257812 0
that 0 869 4 3.644334316253662 5.489701747894287 4.020262241363525
he 0 870 2 3.8429880142211914 7.535791397094727 0
encounters 0 871 10 9.791887283325195 6.948930263519287 0.5868611335754395
; 0 872 1 5.977265357971191 5.038876533508301 1.9100537300109863
despite 0 873 7 8.936071395874023 5.923561096191406 0
this 0 874 4 4.124480724334717 5.912705898284912 0.01085519790649414
, 0 875 1 0.7094917297363281 4.7756547927856445 1.1370511054992676
by 0 876 2 10.378746032714844 4.877869129180908 0
" 0 877 1 6.55458927154541 7.27595853805542 0
spreading 0 878 9 13.448949813842773 7.6746320724487305 0
the 0 879 3 3.007889986038208 7.4933857917785645 0.18124628067016602
news 0 880 4 10.439042091369629 10.211008071899414 0
" 0 881 1 2.08123517036438 5.146010398864746 5.064997673034668
of 0 882 2 4.4486188888549805 4.591403484344482 0.5546069145202637
his 0 883 3 4.451015472412109 5.3243408203125 0
poor 0 884 4 11.197661399841309 10.308180809020996 0
treatment 0 885 9 8.553832054138184 9.35081958770752 0.9573612213134766
in 0 886 2 5.060932159423828 3.8818554878234863 5.468964099884033
a 0 887 1 4.143526077270508 6.143670082092285 0
song 0 888 4 7.631636619567871 9.871574401855469 0
, 0 889 1 2.279921770095825 6.1928863525390625 3.6786880493164062
the 0 890 3 2.598799467086792 4.9262895584106445 1.266596794128418
speaker 0 891 7 10.382266998291016 9.005341529846191 0
uses 0 892 4 7.555638313293457 7.773193836212158 1.2321476936340332
what 0 893 4 8.43983268737793 5.6133856773376465 2.1598081588745117
power 0 894 5 12.138917922973633 5.53837776184082 0.07500791549682617
he 0 895 2 5.1741766929626465 6.279358386993408 0
has 0 896 3 4.141152381896973 6.948051452636719 0
to 0 897 2 2.80472469329834 7.383333206176758 0
tell 0 898 4 7.17012882232666 7.816040515899658 0
both 0 899 4 9.902898788452148 5.795234203338623 2.020806312561035
southern 0 900 8 16.225666046142578 7.526557922363281 0
<unk> 0 901 5 3.185608386993408 3.878981113433838 3.6475768089294434
<unk> 0 902 5 4.087788105010986 4.776885509490967 0
and 0 903 3 1.161457896232605 4.6484270095825195 0.12845849990844727
northern 0 904 8 11.168901443481445 4.389181137084961 0.2592458724975586
whites 0 905 6 10.640219688415527 3.92445707321167 0.464724063873291
that 0 906 4 6.020359992980957 3.518496036529541 0.4059610366821289
the 0 907 3 3.933079481124878 6.9011454582214355 0
status 0 908 6 11.227781295776367 8.906673431396484 0
quo 0 909 3 2.2804267406463623 1.6666452884674072 7.240028142929077
is 0 910 2 2.2873787879943848 6.570681571960449 0
deeply 0 911 6 11.943416595458984 8.396086692810059 0
flawed 0 912 6 7.50015926361084 8.80933952331543 0
and 0 913 3 3.6155459880828857 2.517564058303833 6.291775465011597
that 0 914 4 4.533956527709961 9.499855041503906 0
something 0 915 9 9.733924865722656 5.874350547790527 3.625504493713379
needs 0 916 5 11.24406623840332 6.972265243530273 0
to 0 917 2 1.4786627292633057 5.831502437591553 1.1407628059387207
change 0 918 6 7.346721649169922 6.2976861000061035 0
. 0 919 1 2.3323476314544678 5.740406513214111 0.5572795867919922
<eos> 0 920 5 0.13015638291835785 0.4272747337818146 5.313131779432297
" 0 921 1 9.170097351074219 5.935225009918213 0
<unk> 0 922 5 2.3720288276672363 7.468467712402344 0
<unk> 0 923 5 2.2997024059295654 4.240995407104492 3.2274723052978516
<unk> 0 924 5 2.0910861492156982 3.901979446411133 0.3390159606933594
" 0 925 1 1.1427503824234009 3.8773691654205322 0.024610280990600586
follows 0 926 7 9.192708015441895 5.367882251739502 0
a 0 927 1 2.898580551147461 5.360162734985352 0.007719516754150391
traditional 0 928 11 8.627800941467285 9.653162956237793 0
twelve 0 929 6 15.054417610168457 8.95817756652832 0.6949853897094727
<unk> 0 930 5 0.24163976311683655 2.065535306930542 6.892642259597778
bar 0 931 3 8.078356742858887 6.701746940612793 0
blues 0 932 5 8.868353843688965 9.292062759399414 0
format 0 933 6 10.916526794433594 7.117100238800049 2.1749625205993652
. 0 934 1 2.82785701751709 4.670558929443359 2.4465413093566895
<eos> 0 935 5 0.044162455946207047 0.19670626521110535 4.473852664232254
<unk> 0 936 5 2.701737403869629 5.585925102233887 0
is 0 937 2 4.006776332855225 6.983058929443359 0
written 0 938 7 8.02733325958252 7.325104236602783 0
in 0 939 2 2.001113176345825 4.630422592163086 2.6946816444396973
<unk> 0 940 5 2.43607234954834 4.524209976196289 0.10621261596679688
time 0 941 4 13.408068656921387 4.839869499206543 0
but 0 942 3 8.555630683898926 4.755367279052734 0.0845022201538086
annotated 0 943 9 19.492095947265625 7.004300594329834 0
to 0 944 2 5.438165664672852 7.1376237869262695 0
note 0 945 4 10.751921653747559 7.127048969268799 0.010574817657470703
that 0 946 4 1.563285231590271 4.8100714683532715 2.3169775009155273
the 0 947 3 1.8498826026916504 4.847815990447998 0
song 0 948 4 4.074173927307129 8.725496292114258 0
rhythmically 0 949 12 18.85054588317871 5.193634510040283 3.5318617820739746
should 0 950 6 10.52506160736084 8.876200675964355 0
swing 0 951 5 12.171435356140137 5.009352684020996 3.8668479919433594
at 0 952 2 6.827423572540283 6.180171489715576 0
medium 0 953 6 14.161673545837402 4.925046443939209 1.2551250457763672
shuffle 0 954 7 19.169193267822266 6.353303909301758 0
. 0 955 1 1.780057668685913 5.180025100708008 1.17327880859375
<eos> 0 956 5 0.06754382699728012 0.2727075219154358 4.907317578792572
<unk> 0 957 5 2.772756576538086 5.588068008422852 0
song 0 958 4 11.393698692321777 6.917919635772705 0
was 0 959 3 5.46737813949585 6.459465980529785 0.4584536552429199
written 0 960 7 3.361281156539917 7.151130676269531 0
in 0 961 2 2.5749709606170654 3.611424446105957 3.539706230163574
<unk> 0 962 5 1.281113862991333 3.673299789428711 0
<unk> 0 963 5 3.234473466873169 4.113856792449951 0
. 0 964 1 4.415665626525879 4.42433500289917 0
<eos> 0 965 5 0.04358171671628952 0.19675864279270172 4.227576360106468
<unk> 0 966 5 2.7973968982696533 5.35375452041626 0
uses 0 967 4 9.356330871582031 6.740243434906006 0
twelve 0 968 6 11.652116775512695 5.533047199249268 1.2071962356567383
measures 0 969 8 12.14562702178955 7.771022319793701 0
with 0 970 4 5.808660507202148 4.868353366851807 2.9026689529418945
verses 0 971 6 9.395743370056152 6.433941841125488 0
one 0 972 3 10.19070816040039 5.89210844039917 0.5418334007263184
to 0 973 2 2.9780406951904297 6.636119365692139 0
four 0 974 4 3.4661850929260254 6.054724216461182 0.581395149230957
repeating 0 975 9 13.621057510375977 6.388612747192383 0
, 0 976 1 5.901968479156494 7.353118419647217 0
followed 0 977 8 8.98836612701416 7.597132682800293 0
by 0 978 2 0.13974899053573608 0.9764087200164795 6.6207239627838135
the 0 979 3 3.2939658164978027 5.172608852386475 0
final 0 980 5 6.7028985023498535 8.118552207946777 0
two 0 981 3 5.123434543609619 6.563658714294434 1.5548934936523438
verses 0 982 6 3.1493959426879883 6.677560806274414 0
and 0 983 3 4.313534259796143 4.0338311195373535 2.6437296867370605
a 0 984 1 2.6502459049224854 6.298968315124512 0
coda 0 985 4 6.926583290100098 8.0286865234375 0
. 0 986 1 1.2823328971862793 4.203099727630615 3.8255867958068848
<eos> 0 987 5 0.051115985959768295 0.21959543228149414 3.983504295349121
= 0 988 1 3.7625017166137695 5.104776382446289 0
= 0 989 1 0.018337391316890717 0.16306103765964508 4.941715344786644
<unk> 0 990 5 7.8919219970703125 3.9560794830322266 0
and 0 991 3 3.6499836444854736 5.90814733505249 0
<unk> 0 992 5 1.437620759010315 6.672642230987549 0
= 0 993 1 1.1075050830841064 4.950520038604736 1.7221221923828125
= 0 994 1 0.00019260770932305604 0.0022436599247157574 4.948276378680021
<eos> 0 995 5 16.119508743286133 4.774164199829102 0
<unk> 0 996 5 2.0488154888153076 5.571272850036621 0
<unk> 0 997 5 2.3177385330200195 5.6529340744018555 0
first 0 998 5 10.011298179626465 5.920116901397705 0
recorded 0 999 8 3.106804609298706 6.765101909637451 0
" 0 1000 1 3.8177342414855957 4.239001274108887 2.5261006355285645
<unk> 0 1001 5 1.8736587762832642 7.194950103759766 0
<unk> 0 1002 5 2.086167573928833 4.600217819213867 2.5947322845458984
<unk> 0 1003 5 1.9093334674835205 3.0446577072143555 1.5555601119995117
" 0 1004 1 0.8341158628463745 2.7169337272644043 0.32772397994995117
in 0 1005 2 2.106168270111084 4.284021854400635 0
<unk> 0 1006 5 0.7952257990837097 2.878484010696411 1.4055378437042236
<unk> 0 1007 5 2.0551021099090576 3.7932095527648926 0
in 0 1008 2 3.9166557788848877 3.810764789581299 0
<unk> 0 1009 5 1.168023705482483 3.421329975128174 0.389434814453125
<unk> 0 1010 5 3.029531955718994 3.7887887954711914 0
<unk> 0 1011 5 4.230628490447998 3.6687498092651367 0.12003898620605469
, 0 1012 1 2.5358731746673584 4.685972213745117 0
for 0 1013 3 7.1740593910217285 5.635206699371338 0
donation 0 1014 8 20.729476928710938 4.9239325523376465 0.7112741470336914
to 0 1015 2 3.8973124027252197 4.886120796203613 0.0378117561340332
the 0 1016 3 1.689741849899292 4.4265007972717285 0.45961999893188477
<unk> 0 1017 5 1.6168129444122314 7.57875394821167 0
of 0 1018 2 6.1055521965026855 7.310348987579346 0.2684049606323242
<unk> 0 1019 5 1.4684607982635498 4.0216827392578125 3.288666248321533
. 0 1020 1 1.9326503276824951 4.804409027099609 0
<eos> 0 1021 5 0.019091323018074036 0.10335184633731842 4.701057180762291
<unk> 0 1022 5 2.7289602756500244 5.082687854766846 0
re 0 1023 2 10.479666709899902 6.586451053619385 0
<unk> 0 1024 5 0.020690064877271652 0.21647100150585175 6.369980052113533
recorded 0 1025 8 1.3317593336105347 4.896319389343262 0
the 0 1026 3 1.1926597356796265 4.204124927520752 0.6921944618225098
song 0 1027 4 1.4977612495422363 5.1209540367126465 0
in 0 1028 2 2.74426531791687 4.668750286102295 0.45220375061035156
<unk> 0 1029 5 0.9744234085083008 3.264716386795044 1.404033899307251
<unk> 0 1030 5 2.1953749656677246 4.069910049438477 0
for 0 1031 3 4.673947811126709 3.9947335720062256 0.07517647743225098
<unk> 0 1032 5 2.555197238922119 4.978767395019531 0
<unk> 0 1033 5 1.6198687553405762 4.932281017303467 0.04648637771606445
, 0 1034 1 2.0198631286621094 4.273865699768066 0.6584153175354004
for 0 1035 3 6.831007957458496 5.4371514320373535 0
release 0 1036 7 9.284394264221191 4.9868645668029785 0.450286865234375
the 0 1037 3 6.92463493347168 3.977156639099121 1.0097079277038574
same 0 1038 4 3.9711289405822754 5.640798568725586 0
year 0 1039 4 1.1756925582885742 2.43401837348938 3.206780195236206
as 0 1040 2 4.4318084716796875 2.4298079013824463 0.004210472106933594
a 0 1041 1 2.8589446544647217 4.856491565704346 0
<unk> 0 1042 5 2.854851245880127 7.842898845672607 0
rpm 0 1043 3 10.604692459106445 6.008275985717773 1.834622859954834
record 0 1044 6 9.03078842163086 6.4236578941345215 0
. 0 1045 1 1.3829469680786133 4.333776950836182 2.08988094329834
<eos> 0 1046 5 0.06618446856737137 0.26875028014183044 4.065026670694351
<unk> 0 1047 5 2.9863150119781494 5.130429267883301 0
version 0 1048 7 11.94696044921875 6.774956703186035 0
that 0 1049 4 8.316335678100586 5.461153030395508 1.3138036727905273
was 0 1050 3 3.3313217163085938 7.130046367645264 0
commercially 0 1051 12 10.032305717468262 6.4275970458984375 0.7024493217468262
released 0 1052 8 1.1728309392929077 3.7336525917053223 2.6939444541931152
features 0 1053 8 12.866419792175293 4.020902633666992 0
<unk> 0 1054 5 3.95485258102417 6.434144020080566 0
<unk> 0 1055 5 2.050816059112549 5.911686420440674 0.5224575996398926
singing 0 1056 7 11.660928726196289 5.329626083374023 0.5820603370666504
and 0 1057 3 4.372642517089844 6.103816509246826 0
playing 0 1058 7 8.332365036010742 7.752639293670654 0
the 0 1059 3 2.818840980529785 6.092201232910156 1.660438060760498
twelve 0 1060 6 12.544946670532227 6.352409362792969 0
<unk> 0 1061 5 1.2102432250976562 4.98797082901001 1.364438533782959
string 0 1062 6 6.582188606262207 5.199944496154785 0
guitar 0 1063 6 4.909284591674805 6.263750076293945 0
without 0 1064 7 12.927282333374023 6.50427770614624 0
any 0 1065 3 4.615703582763672 7.13203239440918 0
other 0 1066 5 4.663057804107666 9.010045051574707 0
accompaniment 0 1067 13 7.050141334533691 8.592443466186523 0.4176015853881836
. 0 1068 1 0.9045819044113159 3.1426658630371094 5.449777603149414
<eos> 0 1069 5 0.058185167610645294 0.2441236823797226 2.898542180657387
<unk> 0 1070 5 2.431161880493164 5.127410888671875 0
song 0 1071 4 11.53695011138916 6.179802894592285 0
has 0 1072 3 6.057580947875977 5.906501770019531 0.2733011245727539
been 0 1073 4 2.267988681793213 6.342438220977783 0
covered 0 1074 7 6.801013946533203 6.404957294464111 0
and 0 1075 3 7.297550201416016 2.8399038314819336 3.5650534629821777
reinterpreted 0 1076 13 12.473779678344727 7.426041603088379 0
by 0 1077 2 1.4845433235168457 3.602809429168701 3.8232321739196777
a 0 1078 1 5.907964706420898 4.78237247467041 0
variety 0 1079 7 3.1005184650421143 7.398890495300293 0
of 0 1080 2 0.020282957702875137 0.209908589720726 7.188981905579567
artists 0 1081 7 3.448974370956421 7.4709248542785645 0
including 0 1082 9 3.720586061477661 3.982170820236206 3.4887540340423584
<unk> 0 1083 5 0.6194746494293213 3.694866418838501 0.2873044013977051
<unk> 0 1084 5 0.525413990020752 2.5306403636932373 1.1642260551452637
and 0 1085 3 1.7922574281692505 2.2579169273376465 0.2727234363555908
<unk> 0 1086 5 0.26577240228652954 2.0175669193267822 0.24035000801086426
<unk> 0 1087 5 0.27512264251708984 1.906678557395935 0.11088836193084717
. 0 1088 1 0.7820780873298645 2.3040902614593506 0
<eos> 0 1089 5 0.01602322794497013 0.0902678370475769 2.2138224244117737
<unk> 0 1090 5 2.715725898742676 5.095502853393555 0
recorded 0 1091 8 7.008159637451172 5.8426594734191895 0
and 0 1092 3 7.090786933898926 5.116829872131348 0.7258296012878418
released 0 1093 8 4.128076076507568 5.9686174392700195 0
both 0 1094 4 7.397703170776367 5.113874435424805 0.8547430038452148
live 0 1095 4 6.8688645362854 5.988269329071045 0
and 0 1096 3 1.5121430158615112 4.624574184417725 1.3636951446533203
studio 0 1097 6 13.07625675201416 7.4813761711120605 0
versions 0 1098 8 5.070315361022949 4.248809337615967 3.2325668334960938
of 0 1099 2 1.0039328336715698 3.3055191040039062 0.9432902336120605
the 0 1100 3 1.0911211967468262 3.9822757244110107 0
song 0 1101 4 2.683397054672241 5.346661567687988 0
on 0 1102 2 3.64457368850708 4.518213748931885 0.8284478187561035
several 0 1103 7 8.158326148986816 3.6757898330688477 0.8424239158630371
of 0 1104 2 4.2739763259887695 6.2597880363464355 0
his 0 1105 3 3.111964225769043 2.6584131717681885 3.601374864578247
albums 0 1106 6 3.89447283744812 7.128828048706055 0
. 0 1107 1 1.3724751472473145 3.6802003383636475 3.4486277103424072
<eos> 0 1108 5 0.03449002280831337 0.16573400795459747 3.51446633040905
<unk> 0 1109 5 2.978912830352783 5.404702186584473 0
<unk> 0 1110 5 2.0392134189605713 6.6066365242004395 0
, 0 1111 1 2.8694686889648438 6.327301025390625 0.27933549880981445
the 0 1112 3 3.142502784729004 5.551326751708984 0.7759742736816406
song 0 1113 4 6.657059192657471 7.258846759796143 0
was 0 1114 3 4.532051086425781 2.9865224361419678 4.272324323654175
reworked 0 1115 8 11.233631134033203 6.622325420379639 0
as 0 1116 2 3.852350950241089 4.425190448760986 2.1971349716186523
" 0 1117 1 4.110788345336914 4.047619342803955 0.37757110595703125
<unk> 0 1118 5 1.689797043800354 7.036918640136719 0
<unk> 0 1119 5 2.3892710208892822 4.047790050506592 2.989128589630127
" 0 1120 1 0.8074641227722168 2.9962618350982666 1.0515282154083252
by 0 1121 2 3.9435622692108154 4.416787624359131 0
<unk> 0 1122 5 0.773716926574707 3.4279232025146484 0.9888644218444824
<unk> 0 1123 5 1.184166669845581 4.218582630157471 0
<unk> 0 1124 5 3.430908203125 4.195912837982178 0.02266979217529297
, 0 1125 1 2.3580994606018066 4.492403507232666 0
an 0 1126 2 6.667409420013428 5.511444091796875 0
<unk> 0 1127 5 2.1130971908569336 6.762626647949219 0
& 0 1128 1 7.915976047515869 6.819797515869141 0
<unk> 0 1129 5 0.40893206000328064 3.016714334487915 3.8030831813812256
band 0 1130 4 6.04525899887085 7.623134613037109 0
. 0 1131 1 3.3952250480651855 6.927670478820801 0.6954641342163086
<eos> 0 1132 5 0.07127232849597931 0.2841653823852539 6.643505096435547
<unk> 0 1133 5 2.628117799758911 5.072682857513428 0
lyrics 0 1134 6 12.835779190063477 6.43571138381958 0
speak 0 1135 5 11.334193229675293 7.434916019439697 0
of 0 1136 2 4.147321701049805 6.050409317016602 1.3845067024230957
the 0 1137 3 2.1265008449554443 5.111614227294922 0.9387950897216797
problems 0 1138 8 10.725547790527344 9.009106636047363 0
faced 0 1139 5 11.451513290405273 4.3479766845703125 4.661129951477051
by 0 1140 2 0.8144630789756775 2.8196463584899902 1.5283303260803223
young 0 1141 5 8.888408660888672 4.999207496643066 0
<unk> 0 1142 5 2.5306737422943115 6.99108362197876 0
in 0 1143 2 4.130230903625488 5.573272228240967 1.417811393737793
the 0 1144 3 1.304469108581543 4.726605415344238 0.8466668128967285
<unk> 0 1145 5 3.633388042449951 8.093297958374023 0
<unk> 0 1146 5 3.507654905319214 7.7295098304748535 0.3637881278991699
<unk> 0 1147 5 2.810634136199951 7.842588901519775 0
in 0 1148 2 8.135233879089355 8.317464828491211 0
the 0 1149 3 1.9066766500473022 4.321535587310791 3.99592924118042
1960s 0 1150 5 5.624205589294434 7.687957286834717 0
. 0 1151 1 1.2741823196411133 2.919142723083496 4.768814563751221
<eos> 0 1152 5 0.0821087509393692 0.3124833106994629 2.606659412384033
<unk> 0 1153 5 2.352720022201538 5.784171104431152 0
adapted 0 1154 7 12.239651679992676 6.959660530090332 0
the 0 1155 3 1.590514898300171 4.874409198760986 2.0852513313293457
song 0 1156 4 1.3867497444152832 4.494202613830566 0.3802065849304199
to 0 1157 2 3.7498600482940674 4.612575054168701 0
his 0 1158 3 4.919206142425537 6.058363437652588 0
style 0 1159 5 8.869841575622559 8.48245620727539 0
of 0 1160 2 1.7524715662002563 4.410017490386963 4.072438716888428
<unk> 0 1161 5 2.7129135131835938 8.21839714050293 0
blues 0 1162 5 10.396955490112305 6.064050674438477 2.154346466064453
for 0 1163 3 7.239462375640869 5.226375579833984 0.8376750946044922
the 0 1164 3 1.9069932699203491 5.866296768188477 0
album 0 1165 5 4.357828617095947 6.987824440002441 0
<unk> 0 1166 5 4.8661017417907715 4.324930667877197 2.662893772125244
<unk> 0 1167 5 1.9288101196289062 5.879349231719971 0
in 0 1168 2 5.0231523513793945 5.075314521789551 0.8040347099304199
<unk> 0 1169 5 0.9952787756919861 3.7231059074401855 1.3522086143493652
. 0 1170 1 1.4470744132995605 3.239863634109497 0.4832422733306885
<eos> 0 1171 5 0.03841400519013405 0.17770405113697052 3.0621595829725266
<unk> 0 1172 5 2.370044708251953 5.541906833648682 0
<unk> 0 1173 5 1.9335803985595703 6.624382495880127 0
, 0 1174 1 2.8519387245178223 6.290947914123535 0.3334345817565918
<unk> 0 1175 5 2.650017499923706 5.521457195281982 0.7694907188415527
<unk> 0 1176 5 1.3096754550933838 4.391451835632324 1.1300053596496582
reworked 0 1177 8 16.092247009277344 3.097987651824951 1.293464183807373
the 0 1178 3 0.8581548929214478 3.408519744873047 0
song 0 1179 4 1.477773904800415 4.545017719268799 0
as 0 1180 2 3.948380470275879 4.7434916496276855 0
" 0 1181 1 3.364293098449707 4.224287509918213 0.5192041397094727
<unk> 0 1182 5 2.0519814491271973 7.2892231941223145 0
<unk> 0 1183 5 2.282099723815918 4.625250339508057 2.663972854614258
<unk> 0 1184 5 2.0475800037384033 3.612039089202881 1.0132112503051758
" 0 1185 1 0.8741409778594971 3.2138233184814453 0.39821577072143555
. 0 1186 1 2.608482837677002 4.148893356323242 0
<eos> 0 1187 5 0.06124790012836456 0.2518012225627899 3.8970921337604523
<unk> 0 1188 5 2.0301177501678467 5.149849891662598 0
's 0 1189 2 3.8368022441864014 6.550546646118164 0
cover 0 1190 5 7.654372692108154 8.322702407836914 0
is 0 1191 2 4.510659217834473 5.632763385772705 2.689939022064209
a 0 1192 1 2.7161483764648438 6.945521354675293 0
topical 0 1193 7 14.632601737976074 7.971004962921143 0
protest 0 1194 7 11.43032169342041 7.096107482910156 0.8748974800109863
song 0 1195 4 2.0484039783477783 5.509068489074707 1.5870389938354492
about 0 1196 5 6.302514553070068 4.6313581466674805 0.8777103424072266
the 0 1197 3 1.7445067167282104 5.481206893920898 0
<unk> 0 1198 5 3.232069730758667 8.66810131072998 0
<unk> 0 1199 5 2.905411720275879 8.37346076965332 0.29464054107666016
. 0 1200 1 4.604912757873535 7.685854434967041 0.6876063346862793
<eos> 0 1201 5 0.13000236451625824 0.42901986837387085 7.25683456659317
<unk> 0 1202 5 2.5559580326080322 5.348868370056152 0
one 0 1203 3 13.96097469329834 6.7438435554504395 0
verse 0 1204 5 8.216659545898438 4.793256759643555 1.9505867958068848
, 0 1205 1 2.9149463176727295 6.9227094650268555 0
<unk> 0 1206 5 4.771515369415283 4.651914596557617 2.2707948684692383
claims 0 1207 6 12.709485054016113 4.659506797790527 0
that 0 1208 4 1.8342664241790771 4.315352439880371 0.34415435791015625
the 0 1209 3 1.9937756061553955 4.7458906173706055 0
<unk> 0 1210 5 3.833528995513916 6.377411842346191 0
<unk> 0 1211 5 3.0464441776275635 8.27865219116211 0
was 0 1212 3 5.450736999511719 8.072151184082031 0.20650100708007812
not 0 1213 3 5.0008344650268555 7.196908950805664 0.8752422332763672
for 0 1214 3 8.764740943908691 7.7255377769470215 0
democracy 0 1215 9 16.25208854675293 6.287128448486328 1.4384093284606934
but 0 1216 3 5.089483737945557 4.01401948928833 2.273108959197998
instead 0 1217 7 7.063055038452148 7.3536176681518555 0
was 0 1218 3 5.143728733062744 8.687308311462402 0
to 0 1219 2 6.062848091125488 7.811586856842041 0.8757214546203613
" 0 1220 1 4.6940107345581055 7.267571449279785 0.5440154075622559
make 0 1221 4 5.133551597595215 8.974526405334473 0
the 0 1222 3 2.8907711505889893 5.713384628295898 3.261141777038574
world 0 1223 5 5.745636463165283 9.163519859313965 0
safe 0 1224 4 11.272270202636719 7.225622177124023 1.9378976821899414
for 0 1225 3 5.182811260223389 5.740233421325684 1.4853887557983398
<unk> 0 1226 5 4.016698837280273 6.864373683929443 0
" 0 1227 1 2.385246753692627 6.163867950439453 0.7005057334899902
. 0 1228 1 0.4798122048377991 2.025571346282959 4.138296604156494
<eos> 0 1229 5 0.042241666465997696 0.19018714129924774 1.8353842049837112
<unk> 0 1230 5 2.4654924869537354 5.37382173538208 0
another 0 1231 7 15.898715019226074 7.105400562286377 0
, 0 1232 1 4.495172500610352 8.82196044921875 0
he 0 1233 2 7.824394702911377 7.205279350280762 1.6166810989379883
takes 0 1234 5 9.459089279174805 6.987715721130371 0.21756362915039062
on 0 1235 2 3.9417076110839844 6.275542259216309 0.7121734619140625
the 0 1236 3 1.4439828395843506 4.917770862579346 1.357771396636963
<unk> 0 1237 5 3.794952630996704 8.206487655639648 0
right 0 1238 5 12.805558204650879 8.029255867004395 0.1772317886352539
, 0 1239 1 4.174072742462158 6.231434345245361 1.7978215217590332
asking 0 1240 6 10.023029327392578 6.998783588409424 0
where 0 1241 5 12.413995742797852 5.423146724700928 1.575636863708496
the 0 1242 3 2.6043484210968018 4.3055033683776855 1.1176433563232422
moderates 0 1243 9 18.749366760253906 8.060649871826172 0
are 0 1244 3 3.6426146030426025 7.81723690032959 0.24341297149658203
. 0 1245 1 7.058298587799072 9.11870288848877 0
<eos> 0 1246 5 0.03698315471410751 0.17297542095184326 8.945727467536926
<unk> 0 1247 5 2.7461090087890625 5.794137954711914 0
, 0 1248 1 4.3984808921813965 7.210900783538818 0
<unk> 0 1249 5 3.1118223667144775 6.18183708190918 1.0290637016296387
<unk> 0 1250 5 2.690474510192871 4.1468634605407715 2.034973621368408
the 0 1251 3 8.740674018859863 3.256310224533081 0.8905532360076904
<unk> 0 1252 5 2.38448166847229 8.846009254455566 0
<unk> 0 1253 5 2.7589895725250244 7.665688991546631 1.1803202629089355
government 0 1254 10 11.426939964294434 6.754488945007324 0.9112000465393066
for 0 1255 3 5.709406852722168 6.267812728881836 0.4866762161254883
not 0 1256 3 9.538545608520508 6.13334846496582 0.13446426391601562
dealing 0 1257 7 9.20179557800293 8.828771591186523 0
with 0 1258 4 0.044418301433324814 0.4051325023174286 8.423639088869095
poverty 0 1259 7 11.087553977966309 6.617771148681641 0
at 0 1260 2 7.731424808502197 4.339098930358887 2.278672218322754
home 0 1261 4 6.79530143737793 4.553329944610596 0
before 0 1262 6 9.031920433044434 3.719268560409546 0.8340613842010498
going 0 1263 5 8.444185256958008 6.034011363983154 0
to 0 1264 2 1.3207662105560303 3.8380913734436035 2.195919990539551
war 0 1265 3 7.960995674133301 5.65701961517334 0
. 0 1266 1 1.4523742198944092 3.742058277130127 1.914961338043213
<eos> 0 1267 5 0.010318943299353123 0.0617138110101223 3.6803444661200047
= 0 1268 1 3.6463816165924072 5.593404769897461 0
= 0 1269 1 0.04329551383852959 0.3297610282897949 5.263643741607666
<unk> 0 1270 5 5.814108848571777 4.634587287902832 0
= 0 1271 1 1.7527508735656738 5.783834457397461 0
= 0 1272 1 0.0004539627698250115 0.00553323607891798 5.778301221318543
<eos> 0 1273 5 15.445391654968262 4.7261810302734375 0
" 0 1274 1 6.859139919281006 5.933676719665527 0
<unk> 0 1275 5 1.8378424644470215 7.311025619506836 0
<unk> 0 1276 5 2.4409303665161133 3.9486424922943115 3.3623831272125244
<unk> 0 1277 5 2.3428633213043213 2.821798086166382 1.1268444061279297
" 0 1278 1 0.7674264907836914 2.705332040786743 0.11646604537963867
is 0 1279 2 1.4887919425964355 4.592009544372559 0
one 0 1280 3 4.923739433288574 3.6916096210479736 0.900399923324585
of 0 1281 2 0.013810962438583374 0.14293672144412994 3.5486728996038437
<unk> 0 1282 5 3.620985984802246 2.4304797649383545 0
<unk> 0 1283 5 3.9068267345428467 1.8678038120269775 0.562675952911377
's 0 1284 2 0.36806491017341614 1.9957526922225952 0
most 0 1285 4 1.9310816526412964 6.251186370849609 0
famous 0 1286 6 3.702768564224243 5.516208171844482 0.734978199005127
songs 0 1287 5 2.8013346195220947 7.3081374168396 0
and 0 1288 3 4.604228496551514 3.657644748687744 3.6504926681518555
is 0 1289 2 3.4830284118652344 7.933347702026367 0
remembered 0 1290 10 9.978014945983887 7.566154479980469 0.36719322204589844
as 0 1291 2 1.575710654258728 2.753213882446289 4.81294059753418
his 0 1292 3 6.736780643463135 3.6371710300445557 0
most 0 1293 4 3.5175819396972656 6.926729679107666 0
" 0 1294 1 9.505511283874512 7.100426197052002 0
heartfelt 0 1295 9 10.5448637008667 9.220242500305176 0
protest 0 1296 7 12.916740417480469 5.9761481285095215 3.2440943717956543
song 0 1297 4 7.635345935821533 1.875083565711975 4.101064562797546
" 0 1298 1 0.39948132634162903 1.8443515300750732 0.030732035636901855
. 0 1299 1 0.6821713447570801 2.5814290046691895 0
<eos> 0 1300 5 0.060339707881212234 0.24866782128810883 2.3327611833810806
<unk> 0 1301 5 2.352045774459839 5.354045391082764 0
is 0 1302 2 4.248655319213867 6.486225128173828 0
disagreement 0 1303 12 19.492610931396484 6.612507343292236 0
among 0 1304 5 6.52315616607666 3.3007917404174805 3.311715602874756
music 0 1305 5 10.040061950683594 5.34709358215332 0
scholars 0 1306 8 8.37554931640625 2.942941665649414 2.4041519165039062
as 0 1307 2 4.874248504638672 4.694852352142334 0
to 0 1308 2 5.504016876220703 5.3838911056518555 0
its 0 1309 3 7.34023904800415 5.200353145599365 0.18353796005249023
importance 0 1310 10 8.449650764465332 9.75063419342041 0
. 0 1311 1 4.397347450256348 3.770904779434204 5.979729413986206
<eos> 0 1312 5 0.08054853975772858 0.3096514940261841 3.46125328540802
<unk> 0 1313 5 2.2479467391967773 5.629871845245361 0
<unk> 0 1314 5 2.005645275115967 6.49007511138916 0
claims 0 1315 6 8.970175743103027 5.949552059173584 0.5405230522155762
that 0 1316 4 0.6127204895019531 2.6294198036193848 3.320132255554199
the 0 1317 3 1.9389777183532715 4.921432018280029 0
song 0 1318 4 3.347675323486328 7.463136196136475 0
is 0 1319 2 2.220989227294922 4.59325647354126 2.869879722595215
" 0 1320 1 2.153742790222168 6.155890464782715 0
peripheral 0 1321 10 16.944475173950195 7.823354721069336 0
" 0 1322 1 2.1080024242401123 5.291142463684082 2.532212257385254
to 0 1323 2 6.279661655426025 3.527012348175049 1.7641301155090332
the 0 1324 3 1.8738733530044556 6.560521125793457 0
wider 0 1325 5 9.864344596862793 8.103172302246094 0
study 0 1326 5 16.47635269165039 8.10806655883789 0
of 0 1327 2 0.33190715312957764 1.7061266899108887 6.401939868927002
the 0 1328 3 1.780544638633728 5.752745628356934 0
blues 0 1329 5 9.170159339904785 7.484592437744141 0
, 0 1330 1 2.25093936920166 5.220815181732178 2.263777256011963
while 0 1331 5 4.462886333465576 5.842275619506836 0
<unk> 0 1332 5 1.9390919208526611 5.606893062591553 0.2353825569152832
points 0 1333 6 11.596181869506836 5.804278373718262 0
to 0 1334 2 4.854905128479004 3.388615369796753 2.415663003921509
it 0 1335 2 6.79030179977417 5.697291851043701 0
as 0 1336 2 2.8235092163085938 5.218583106994629 0.47870874404907227
a 0 1337 1 1.7086063623428345 4.024881362915039 1.1937017440795898
watershed 0 1338 9 12.07898235321045 7.8036417961120605 0
in 0 1339 2 4.185025691986084 7.681130409240723 0.12251138687133789
the 0 1340 3 1.6115105152130127 5.260412693023682 2.420717716217041
way 0 1341 3 8.401885032653809 8.058975219726562 0
<unk> 0 1342 5 3.9742507934570312 5.738380432128906 2.3205947875976562
<unk> 0 1343 5 3.491844892501831 8.322927474975586 0
see 0 1344 3 12.88595962524414 7.83223295211792 0.490694522857666
themselves 0 1345 10 9.079060554504395 6.015181064605713 1.817051887512207
in 0 1346 2 3.5311696529388428 5.445763111114502 0.5694179534912109
the 0 1347 3 1.7472954988479614 5.885255813598633 0
fabric 0 1348 6 13.992201805114746 8.5360107421875 0
of 0 1349 2 0.4520515501499176 2.263942003250122 6.272068738937378
the 0 1350 3 1.1120383739471436 5.324426174163818 0
<unk> 0 1351 5 3.867591381072998 7.382613658905029 0
<unk> 0 1352 5 3.6398985385894775 6.9859442710876465 0.3966693878173828
. 0 1353 1 2.5413999557495117 7.241308689117432 0
<eos> 0 1354 5 0.07213080674409866 0.2854112386703491 6.9558974504470825
<unk> 0 1355 5 2.0716562271118164 5.464145183563232 0
is 0 1356 2 5.7851057052612305 6.239786624908447 0
debate 0 1357 6 20.699277877807617 6.951809883117676 0
over 0 1358 4 4.448821067810059 3.854858636856079 3.0969512462615967
the 0 1359 3 1.1034667491912842 4.679170608520508 0
relationship 0 1360 12 7.144357681274414 9.436238288879395 0
between 0 1361 7 0.40841618180274963 1.8412518501281738 7.594986438751221
the 0 1362 3 1.6494126319885254 4.515588283538818 0
song 0 1363 4 5.728978633880615 6.831410884857178 0
and 0 1364 3 0.8451723456382751 2.518850803375244 4.312560081481934
radical 0 1365 7 16.389549255371094 4.776939868927002 0
politics 0 1366 8 9.422918319702148 8.296521186828613 0
. 0 1367 1 1.5605361461639404 3.7781968116760254 4.518324375152588
<eos> 0 1368 5 0.08791761100292206 0.32850345969200134 3.449693351984024
<unk> 0 1369 5 2.0564215183258057 5.51219367980957 0
its 0 1370 3 15.967474937438965 6.463255882263184 0
release 0 1371 7 8.286213874816895 9.064140319824219 0
, 0 1372 1 2.4974522590637207 5.406668663024902 3.6574716567993164
it 0 1373 2 6.713754177093506 7.401260852813721 0
became 0 1374 6 7.2652459144592285 4.365368366241455 3.0358924865722656
popular 0 1375 7 5.626738548278809 4.362293243408203 0.003075122833251953
with 0 1376 4 1.7349581718444824 4.277225971221924 0.0850672721862793
left 0 1377 4 16.042648315429688 5.465314865112305 0
<unk> 0 1378 5 0.9084948897361755 4.609526634216309 0.8557882308959961
wing 0 1379 4 0.8334140777587891 2.9401943683624268 1.6693322658538818
political 0 1380 9 10.178318977355957 6.7126054763793945 0
groups 0 1381 6 2.431877374649048 6.449883937835693 0.26272153854370117
. 0 1382 1 2.0412909984588623 4.542115211486816 1.907768726348877
<eos> 0 1383 5 0.06579361855983734 0.26852214336395264 4.273593068122864
<unk> 0 1384 5 2.884059429168701 5.722382068634033 0
<unk> 0 1385 5 2.104137659072876 6.79481315612793 0
was 0 1386 3 5.078695774078369 6.036559104919434 0.7582540512084961
invited 0 1387 7 8.288299560546875 7.34324312210083 0
to 0 1388 2 0.3736095428466797 1.733948826789856 5.609294295310974
perform 0 1389 7 3.7212257385253906 6.873058319091797 0
at 0 1390 2 3.7184038162231445 5.214186191558838 1.658872127532959
<unk> 0 1391 5 2.9030985832214355 2.611513137817383 2.602673053741455
<unk> 0 1392 5 2.497415065765381 5.827101230621338 0
, 0 1393 1 3.4323086738586426 5.270901679992676 0.5561995506286621
the 0 1394 3 4.6489949226379395 5.252973556518555 0.017928123474121094
<unk> 0 1395 5 2.414289712905884 7.822377681732178 0
<unk> 0 1396 5 2.15644907951355 7.575692176818848 0.24668550491333008
<unk> 0 1397 5 2.2124524116516113 6.790836811065674 0.7848553657531738
's 0 1398 2 7.639718532562256 7.302010536193848 0
summer 0 1399 6 8.709798812866211 8.169149398803711 0
retreat 0 1400 7 12.682116508483887 6.322577476501465 1.846571922302246
, 0 1401 1 2.3439817428588867 4.992862224578857 1.3297152519226074
and 0 1402 3 2.0235753059387207 5.709944248199463 0
the 0 1403 3 3.586740732192993 7.511794090270996 0
<unk> 0 1404 5 1.5520952939987183 7.144156455993652 0.36763763427734375
subsequently 0 1405 12 12.909463882446289 7.087899208068848 0.05625724792480469
opened 0 1406 6 7.11600923538208 8.69711685180664 0
a 0 1407 1 2.842931032180786 4.731876850128174 3.965240001678467
file 0 1408 4 18.133649826049805 8.0225191116333 0
on 0 1409 2 2.865166425704956 6.166263103485107 1.8562560081481934
him 0 1410 3 8.372065544128418 3.7915945053100586 2.374668598175049
in 0 1411 2 3.4425477981567383 4.5460524559021 0
the 0 1412 3 3.0168356895446777 3.022512674331665 1.5235397815704346
1940s 0 1413 5 9.702713966369629 7.012414932250977 0
. 0 1414 1 0.6698160767555237 2.518373727798462 4.494041204452515
<eos> 0 1415 5 0.014515332877635956 0.0815972089767456 2.4367765188217163
<unk> 0 1416 5 2.477670192718506 5.350973129272461 0
led 0 1417 3 9.592713356018066 7.194705486297607 0
to 0 1418 2 3.9803059101104736 3.9178545475006104 3.276850938796997
the 0 1419 3 1.6966543197631836 4.853298664093018 0
accusations 0 1420 11 10.65207290649414 8.692779541015625 0
that 0 1421 4 1.6534191370010376 4.094000816345215 4.59877872467041
the 0 1422 3 2.2207157611846924 5.036511421203613 0
<unk> 0 1423 5 2.0864055156707764 7.810389041900635 0
were 0 1424 4 3.7863314151763916 8.141974449157715 0
taking 0 1425 6 7.253225326538086 9.215410232543945 0
advantage 0 1426 9 5.020451545715332 6.182643890380859 3.032766342163086
of 0 1427 2 0.030090032145380974 0.23647703230381012 5.946166858077049
him 0 1428 3 9.352818489074707 4.620491027832031 0
and 0 1429 3 3.2870686054229736 5.973660469055176 0
using 0 1430 5 8.622541427612305 8.317804336547852 0
him 0 1431 3 6.362037181854248 5.68375301361084 2.6340513229370117
as 0 1432 2 1.9827384948730469 4.195071697235107 1.4886813163757324
a 0 1433 1 0.9332163333892822 3.62035870552063 0.5747129917144775
platform 0 1434 8 10.145256996154785 9.52579116821289 0
. 0 1435 1 3.759826898574829 6.606317520141602 2.919473648071289
<eos> 0 1436 5 0.016094829887151718 0.08903499692678452 6.517282523214817
<unk> 0 1437 5 2.4244544506073 5.574599266052246 0
party 0 1438 5 14.478096961975098 7.3855156898498535 0
claims 0 1439 6 11.138751983642578 8.254951477050781 0
, 0 1440 1 4.92503023147583 5.8918633460998535 2.3630881309509277
to 0 1441 2 6.105246543884277 7.2847723960876465 0
the 0 1442 3 3.0470468997955322 7.183073997497559 0.10169839859008789
contrary 0 1443 8 5.899460315704346 8.523574829101562 0
, 0 1444 1 0.4057978391647339 2.48526930809021 6.0383055210113525
that 0 1445 4 8.432920455932617 7.442476749420166 0
they 0 1446 4 4.019230365753174 6.463918685913086 0.9785580635070801
were 0 1447 4 2.3022162914276123 5.8185224533081055 0.6453962326049805
some 0 1448 4 10.191164016723633 8.823424339294434 0
of 0 1449 2 1.3895263671875 6.743218421936035 2.0802059173583984
the 0 1450 3 0.5943390727043152 2.4749882221221924 4.268230199813843
few 0 1451 3 5.928730487823486 7.238663196563721 0
people 0 1452 6 3.690814971923828 8.308085441589355 0
who 0 1453 3 1.840888500213623 5.608678817749023 2.699406623840332
respected 0 1454 9 13.893999099731445 6.067686080932617 0
him 0 1455 3 5.482593536376953 4.728936672210693 1.3387494087219238
and 0 1456 3 3.900306463241577 4.6347575187683105 0.09417915344238281
gave 0 1457 4 7.4289116859436035 8.184292793273926 0
him 0 1458 3 2.886735677719116 4.619215488433838 3.565077304840088
a 0 1459 1 1.6752444505691528 5.233347415924072 0
chance 0 1460 6 4.883912563323975 9.357671737670898 0
to 0 1461 2 0.38234907388687134 1.7888433933258057 7.568828344345093
perform 0 1462 7 6.305786609649658 8.49338436126709 0
. 0 1463 1 3.4951553344726562 5.989633560180664 2.503750801086426
<eos> 0 1464 5 0.03907717764377594 0.18006712198257446 5.80956643819809
<unk> 0 1465 5 2.3769516944885254 5.591797351837158 0
<unk> 0 1466 5 3.043989896774292 7.257314682006836 0
<unk> 0 1467 5 2.9262421131134033 5.95985221862793 1.2974624633789062
and 0 1468 3 4.728832244873047 6.684959411621094 0
several 0 1469 7 8.247382164001465 3.6123099327087402 3.0726494789123535
other 0 1470 5 1.1812070608139038 4.754943370819092 0
writers 0 1471 7 6.669262886047363 6.983057498931885 0
have 0 1472 4 5.638713836669922 7.229811668395996 0
suggested 0 1473 9 4.572769641876221 7.607595443725586 0
that 0 1474 4 0.5266852378845215 2.701348066329956 4.90624737739563
<unk> 0 1475 5 1.7609331607818604 4.519014835357666 0
<unk> 0 1476 5 2.7795588970184326 5.83431339263916 0
had 0 1477 3 4.1898345947265625 5.99785041809082 0
significant 0 1478 11 13.483209609985352 7.2602033615112305 0
help 0 1479 4 11.311689376831055 8.387434005737305 0
with 0 1480 4 4.548546314239502 4.119106769561768 4.268327236175537
its 0 1481 3 7.46771764755249 4.694032669067383 0
authorship 0 1482 10 13.394042015075684 9.736350059509277 0
and 0 1483 3 3.3234972953796387 4.131510257720947 5.60483980178833
claim 0 1484 5 10.192096710205078 10.0047607421875 0
it 0 1485 2 6.18002462387085 3.868544101715088 6.136216640472412
is 0 1486 2 4.082176208496094 4.151925086975098 0
not 0 1487 3 3.181922674179077 7.426836967468262 0
a 0 1488 1 2.982430934906006 7.682020664215088 0
genuine 0 1489 7 8.378457069396973 9.19779109954834 0
protest 0 1490 7 10.61677074432373 9.354641914367676 0
song 0 1491 4 10.234734535217285 3.112065076828003 6.242576837539673
. 0 1492 1 0.6799314022064209 2.63950777053833 0.47255730628967285
<eos> 0 1493 5 0.0557774119079113 0.2344995141029358 2.4050082564353943
<unk> 0 1494 5 2.212549924850464 5.249039173126221 0
theory 0 1495 6 17.90583038330078 6.956925392150879 0
stems 0 1496 5 13.198966979980469 7.197632312774658 0
from 0 1497 4 0.09323668479919434 0.7183141708374023 6.479318141937256
the 0 1498 3 1.6812570095062256 5.928865909576416 0
idea 0 1499 4 6.886357307434082 9.853822708129883 0
that 0 1500 4 1.3955085277557373 2.2107598781585693 7.6430628299713135
<unk> 0 1501 5 1.9086730480194092 5.168445587158203 0
<unk> 0 1502 5 2.869807004928589 6.4715399742126465 0
did 0 1503 3 7.526251316070557 6.3178300857543945 0.15370988845825195
not 0 1504 3 0.29851233959198 2.161642551422119 4.156187534332275
have 0 1505 4 3.476149082183838 7.884352207183838 0
a 0 1506 1 2.1087658405303955 5.753681182861328 2.1306710243225098
history 0 1507 7 10.004044532775879 9.498291969299316 0
of 0 1508 2 0.5034083127975464 2.7039294242858887 6.794362545013428
protest 0 1509 7 11.228401184082031 8.122553825378418 0
music 0 1510 5 9.284003257751465 5.13534688949585 2.9872069358825684
before 0 1511 6 8.074274063110352 4.582974910736084 0.5523719787597656
he 0 1512 2 3.452624559402466 6.008047580718994 0
was 0 1513 3 2.0274856090545654 6.444283485412598 0
discovered 0 1514 10 8.680773735046387 8.687662124633789 0
by 0 1515 2 3.464607000350952 3.8533565998077393 4.83430552482605
<unk> 0 1516 5 1.418715238571167 4.476529598236084 0
. 0 1517 1 2.2815699577331543 4.955657482147217 0
<eos> 0 1518 5 0.021777044981718063 0.11390236765146255 4.841755114495754
<unk> 0 1519 5 2.4501419067382812 5.752496719360352 0
the 0 1520 3 10.597753524780273 7.127890586853027 0
music 0 1521 5 7.667027950286865 8.751143455505371 0
that 0 1522 4 5.99340295791626 7.813754558563232 0.9373888969421387
<unk> 0 1523 5 2.85701847076416 6.989742279052734 0.824012279510498
recorded 0 1524 8 8.35719108581543 6.8637824058532715 0.1259598731994629
was 0 1525 3 2.461573839187622 5.614542007446289 1.2492403984069824
sold 0 1526 4 10.66810131072998 7.4793219566345215 0
to 0 1527 2 2.6557698249816895 4.773253440856934 2.706068515777588
<unk> 0 1528 5 1.5208659172058105 4.87169075012207 0
sympathetic 0 1529 11 21.137178421020508 5.39411735534668 0
to 0 1530 2 1.277886152267456 3.620037794113159 1.7740795612335205
<unk> 0 1531 5 1.7253973484039307 4.658688545227051 0
<unk> 0 1532 5 2.8460500240325928 4.419757843017578 0.23893070220947266
, 0 1533 1 1.9048688411712646 4.047625541687012 0.3721323013305664
it 0 1534 2 9.634937286376953 4.646419048309326 0
has 0 1535 3 5.493546962738037 4.657571792602539 0
been 0 1536 4 1.1400041580200195 5.109532356262207 0
suggested 0 1537 9 3.5127196311950684 7.516427516937256 0
that 0 1538 4 0.2589206397533417 1.4140162467956543 6.102411270141602
<unk> 0 1539 5 2.1773416996002197 4.627573490142822 0
helped 0 1540 6 11.6468505859375 5.756126403808594 0
him 0 1541 3 5.209049224853516 6.751826286315918 0
write 0 1542 5 4.866110324859619 7.670622825622559 0
a 0 1543 1 2.226677179336548 5.4337849617004395 2.236837863922119
song 0 1544 4 3.4291882514953613 7.772399425506592 0
attractive 0 1545 10 23.042709350585938 5.275647163391113 2.4967522621154785
to 0 1546 2 0.7838060855865479 2.7578282356262207 2.5178189277648926
a 0 1547 1 5.257420063018799 5.074873924255371 0
white 0 1548 5 9.12525749206543 8.911334991455078 0
audience 0 1549 8 4.053497314453125 7.2945122718811035 1.6168227195739746
. 0 1550 1 1.3776662349700928 4.33178186416626 2.9627304077148438
<eos> 0 1551 5 0.04271776229143143 0.1920483410358429 4.139733523130417
<unk> 0 1552 5 2.208909511566162 5.509557247161865 0
<unk> 0 1553 5 2.912731170654297 7.225131511688232 0
admitted 0 1554 8 10.240479469299316 6.28726863861084 0.9378628730773926
that 0 1555 4 0.8095471858978271 3.1301519870758057 3.157116651535034
the 0 1556 3 2.3670523166656494 4.341074466705322 0
term 0 1557 4 9.78320026397705 7.561668395996094 0
" 0 1558 1 1.0265438556671143 4.042459964752197 3.5192084312438965
bourgeois 0 1559 9 14.523343086242676 7.383815765380859 0
" 0 1560 1 0.8767978549003601 4.882708549499512 2.5011072158813477
was 0 1561 3 2.0292439460754395 6.629815578460693 0
unfamiliar 0 1562 10 14.549837112426758 7.0428009033203125 0
to 0 1563 2 3.9592056274414062 1.306544542312622 5.73625636100769
him 0 1564 3 6.863443851470947 5.691428184509277 0
, 0 1565 1 1.7149889469146729 3.9704341888427734 1.720993995666504
and 0 1566 3 1.7436413764953613 5.105189323425293 0
it 0 1567 2 5.127124786376953 6.37604284286499 0
seems 0 1568 5 9.24395751953125 4.15121603012085 2.2248268127441406
out 0 1569 3 9.113393783569336 5.176076412200928 0
of 0 1570 2 1.5292009115219116 3.9868252277374268 1.189251184463501
place 0 1571 5 8.483769416809082 6.632932186126709 0
compared 0 1572 8 15.120670318603516 5.198887825012207 1.434044361114502
to 0 1573 2 0.3193539083003998 1.2717194557189941 3.927168369293213
the 0 1574 3 1.9031420946121216 5.267232894897461 0
vocabulary 0 1575 10 15.97957992553711 8.305039405822754 0
of 0 1576 2 0.4618173837661743 2.6791374683380127 5.625901937484741
his 0 1577 3 3.6665215492248535 4.7873945236206055 0
past 0 1578 4 7.885648250579834 8.42486572265625 0
work 0 1579 4 5.610735893249512 7.520439624786377 0.904426097869873
. 0 1580 1 0.6280228495597839 2.6464362144470215 4.8740034103393555
<eos> 0 1581 5 0.051839545369148254 0.22288936376571655 2.423546850681305
=========================================================================================
| End of testing | test loss  3.60 | test ppl    36.65
=========================================================================================
