word sentid sentpos wlen surp entropy entred
= 0 0 1 5.583418369293213 6.484085559844971 0
<unk> 0 1 5 4.390162467956543 0.7552588582038879 5.728826701641083
<unk> 0 2 5 1.1133097410202026 5.448545932769775 0
b 0 3 1 11.921238899230957 3.1603407859802246 2.288205146789551
= 0 4 1 1.2913117408752441 2.155301094055176 1.0050396919250488
<eos> 0 5 5 17.492298126220703 1.5041643381118774 0.6511367559432983
= 0 6 1 13.822039604187012 1.623875617980957 0
<unk> 0 7 5 0.2609815299510956 1.6421986818313599 0
<unk> 0 8 5 0.41726019978523254 2.826887845993042 0
b 0 9 1 10.325604438781738 3.5559606552124023 0
= 0 10 1 3.4306108951568604 2.3072023391723633 1.248758316040039
<eos> 0 11 5 16.81789207458496 1.001280665397644 1.3059216737747192
<unk> 0 12 5 0.5769040584564209 3.3043038845062256 0
<unk> 0 13 5 1.390031099319458 4.249633312225342 0
b 0 14 1 9.198155403137207 3.348351240158081 0.9012820720672607
( 0 15 1 3.032175302505493 3.283446788787842 0.06490445137023926
abbreviated 0 16 11 7.725808620452881 2.4568607807159424 0.8265860080718994
<unk> 0 17 5 0.9230087995529175 4.151332855224609 0
<unk> 0 18 5 0.8072068095207214 2.9245431423187256 1.2267897129058838
b 0 19 1 10.342058181762695 2.2993438243865967 0.6251993179321289
, 0 20 1 4.490156173706055 3.070089817047119 0
<unk> 0 21 5 0.5822837352752686 3.2270638942718506 0
<unk> 0 22 5 1.0270087718963623 3.355459213256836 0
b 0 23 1 9.010807037353516 2.9750540256500244 0.3804051876068115
) 0 24 1 1.583726406097412 2.9677557945251465 0.00729823112487793
, 0 25 1 2.1956942081451416 3.7895758152008057 0
occasionally 0 26 12 15.43187141418457 4.183407783508301 0
designated 0 27 10 9.11377239227295 5.962066650390625 0
<unk> 0 28 5 2.096090078353882 4.257351875305176 1.7047147750854492
<unk> 0 29 5 1.5158978700637817 4.0154619216918945 0.24188995361328125
<unk> 0 30 5 1.5509546995162964 3.5394320487976074 0.4760298728942871
( 0 31 1 2.073841094970703 3.2657318115234375 0.2737002372741699
to 0 32 2 11.080105781555176 3.4269142150878906 0
distinguish 0 33 11 3.4383018016815186 5.348191738128662 0
it 0 34 2 4.348570346832275 4.897269248962402 0.45092248916625977
from 0 35 4 1.400216817855835 1.9850682020187378 2.9122010469436646
the 0 36 3 1.3311868906021118 3.9224956035614014 0
red 0 37 3 7.958971977233887 4.948626518249512 0
dwarf 0 38 5 4.812814712524414 6.911579608917236 0
<unk> 0 39 5 3.4499266147613525 4.541218280792236 2.370361328125
<unk> 0 40 5 1.762508511543274 4.476834774017334 0.06438350677490234
<unk> 0 41 5 1.5494906902313232 4.079105377197266 0.39772939682006836
) 0 42 1 1.860831618309021 4.04868745803833 0.030417919158935547
, 0 43 1 1.036606788635254 3.105985403060913 0.942702054977417
also 0 44 4 6.23027229309082 4.294174671173096 0
named 0 45 5 5.802375793457031 4.147014617919922 0.14716005325317383
<unk> 0 46 5 1.5601329803466797 4.204586982727051 0
, 0 47 1 2.5751376152038574 3.884091854095459 0.3204951286315918
is 0 48 2 2.4744105339050293 5.3612446784973145 0
an 0 49 2 3.1649677753448486 2.251511335372925 3.1097333431243896
<unk> 0 50 5 1.4520220756530762 5.373180389404297 0
planet 0 51 6 8.398488998413086 5.9941816329956055 0
approximately 0 52 13 11.905773162841797 5.490857124328613 0.5033245086669922
<unk> 0 53 5 0.34642812609672546 1.8236663341522217 3.6671907901763916
light 0 54 5 4.98440408706665 3.9816901683807373 0
<unk> 0 55 5 1.1436681747436523 2.3564279079437256 1.6252622604370117
years 0 56 5 0.00287543423473835 0.030664946883916855 2.3257629610598087
away 0 57 4 1.568589210510254 3.4207582473754883 0
from 0 58 4 0.44370973110198975 1.5644769668579102 1.8562812805175781
the 0 59 3 1.7652300596237183 1.899875283241272 0
<unk> 0 60 5 2.9705007076263428 5.035470485687256 0
in 0 61 2 8.94199275970459 5.23111629486084 0
the 0 62 3 1.5310803651809692 3.051112413406372 2.1800038814544678
constellation 0 63 13 2.411419630050659 4.7889227867126465 0
of 0 64 2 1.6171075105667114 2.2582144737243652 2.5307083129882812
<unk> 0 65 5 0.24565178155899048 1.3046444654464722 0.9535700082778931
. 0 66 1 0.529929518699646 1.8292016983032227 0
<eos> 0 67 5 8.805243123788387e-05 0.0009547037188895047 1.8282469945843332
<unk> 0 68 5 3.642925500869751 3.484248399734497 0
planet 0 69 6 11.470904350280762 3.6815900802612305 0
orbits 0 70 6 5.508261680603027 4.4304070472717285 0
the 0 71 3 2.9206395149230957 6.107472896575928 0
<unk> 0 72 5 3.411630630493164 6.381143569946289 0
twin 0 73 4 17.394386291503906 6.769261837005615 0
star 0 74 4 4.9766011238098145 5.565709114074707 1.2035527229309082
, 0 75 1 2.5221338272094727 5.596010684967041 0
<unk> 0 76 5 3.0197813510894775 5.484415054321289 0.11159563064575195
<unk> 0 77 5 0.899729311466217 3.851594924926758 1.6328201293945312
<unk> 0 78 5 2.0023953914642334 4.174696445465088 0
, 0 79 1 1.9884248971939087 4.091470241546631 0.08322620391845703
approximately 0 80 13 9.538910865783691 5.190500259399414 0
every 0 81 5 10.653446197509766 1.3332068920135498 3.8572933673858643
five 0 82 4 7.654419422149658 4.586533546447754 0
days 0 83 4 4.246840476989746 4.620314598083496 0
. 0 84 1 3.7482283115386963 5.696890830993652 0
<eos> 0 85 5 0.000341173232300207 0.003245271509513259 5.693645559484139
<unk> 0 86 5 3.0449254512786865 4.397990703582764 0
in 0 87 2 9.955577850341797 3.3893308639526367 1.008659839630127
<unk> 0 88 5 1.6316571235656738 3.8916242122650146 0
<unk> 0 89 5 2.9054224491119385 4.606706619262695 0
by 0 90 2 11.109688758850098 4.673130989074707 0
<unk> 0 91 5 1.1516894102096558 3.531611919403076 1.1415190696716309
<unk> 0 92 5 0.481076717376709 2.857664108276367 0.673947811126709
and 0 93 3 3.1731486320495605 3.900428295135498 0
<unk> 0 94 5 0.6771811246871948 3.4074225425720215 0.49300575256347656
<unk> 0 95 5 0.2732267677783966 1.8297489881515503 1.5776735544204712
<unk> 0 96 5 2.2917320728302 3.76871395111084 0
, 0 97 1 1.6238079071044922 4.283179759979248 0
it 0 98 2 3.9043846130371094 4.899137496948242 0
was 0 99 3 3.6517090797424316 3.513643980026245 1.385493516921997
one 0 100 3 5.540035724639893 6.500569820404053 0
of 0 101 2 0.020780932158231735 0.19656459987163544 6.304005220532417
the 0 102 3 1.071039080619812 3.2601470947265625 0
first 0 103 5 2.825028419494629 5.316884994506836 0
hot 0 104 3 13.504441261291504 6.743919849395752 0
<unk> 0 105 5 0.5897959470748901 2.840402841567993 3.903517007827759
to 0 106 2 4.120156764984131 6.729736328125 0
be 0 107 2 1.3022855520248413 4.69656229019165 2.0331740379333496
discovered 0 108 10 4.025158882141113 7.485374450683594 0
. 0 109 1 4.265632152557373 3.907308340072632 3.578066110610962
<eos> 0 110 5 0.00037418570718728006 0.003492692019790411 3.9038156480528414
<unk> 0 111 5 2.97908616065979 5.057304859161377 0
is 0 112 2 3.33931565284729 4.577442646026611 0.4798622131347656
also 0 113 4 5.133643627166748 5.924102783203125 0
one 0 114 3 4.365387439727783 5.716155529022217 0.2079472541809082
of 0 115 2 0.03507627919316292 0.3027203381061554 5.413435190916061
the 0 116 3 0.5812546014785767 2.395559310913086 0
first 0 117 5 4.433074474334717 5.338626861572266 0
non 0 118 3 6.497633934020996 6.907054424285889 0
<unk> 0 119 5 0.002550997771322727 0.03144039958715439 6.875614024698734
resolved 0 120 8 19.74951171875 5.364458084106445 0
planets 0 121 7 4.107339382171631 5.2287917137146 0.1356663703918457
to 0 122 2 1.888396978378296 4.267380714416504 0.9614109992980957
be 0 123 2 1.0159523487091064 4.180998802185059 0.08638191223144531
detected 0 124 8 6.050129413604736 7.340039253234863 0
directly 0 125 8 8.419939041137695 4.338081359863281 3.001957893371582
. 0 126 1 4.0510334968566895 4.299752712249756 0.03832864761352539
<eos> 0 127 5 0.00019811041420325637 0.0020135429222136736 4.297739169327542
<unk> 0 128 5 3.198274850845337 5.223978042602539 0
<unk> 0 129 5 1.275520920753479 4.922368049621582 0.30160999298095703
b 0 130 1 8.390386581420898 4.871269702911377 0.05109834671020508
is 0 131 2 1.367440938949585 4.292054176330566 0.5792155265808105
the 0 132 3 2.318788528442383 5.380114555358887 0
innermost 0 133 9 8.206281661987305 6.406505107879639 0
known 0 134 5 9.698506355285645 6.204451560974121 0.20205354690551758
planet 0 135 6 3.313959836959839 5.47634220123291 0.7281093597412109
in 0 136 2 3.1879117488861084 4.934035301208496 0.5423069000244141
its 0 137 3 4.095907211303711 3.2593092918395996 1.6747260093688965
planetary 0 138 9 7.380308151245117 7.351193904876709 0
system 0 139 6 1.8300412893295288 5.755585670471191 1.5956082344055176
. 0 140 1 1.6217825412750244 3.2603816986083984 2.495203971862793
<eos> 0 141 5 0.0006714359624311328 0.005911641754209995 3.2544700568541884
<unk> 0 142 5 3.1649210453033447 4.96338415145874 0
<unk> 0 143 5 1.3554997444152832 4.4152679443359375 0.5481162071228027
<unk> 0 144 5 2.1675758361816406 4.53070592880249 0
the 0 145 3 9.39560604095459 4.88823938369751 0
<unk> 0 146 5 2.685422420501709 6.66566276550293 0
<unk> 0 147 5 2.372098922729492 6.910868167877197 0
<unk> 0 148 5 1.4935014247894287 5.701885223388672 1.2089829444885254
launched 0 149 8 13.49782943725586 6.443991184234619 0
a 0 150 1 3.1703901290893555 5.329047679901123 1.114943504333496
process 0 151 7 11.525665283203125 8.025982856750488 0
for 0 152 3 5.490726470947266 3.3935546875 4.632428169250488
giving 0 153 6 11.804019927978516 6.685299873352051 0
proper 0 154 6 10.805908203125 5.794505596160889 0.8907942771911621
names 0 155 5 6.267427444458008 8.570260047912598 0
to 0 156 2 1.7219700813293457 4.1124372482299805 4.457822799682617
certain 0 157 7 12.077399253845215 5.130215644836426 0
<unk> 0 158 5 4.682900428771973 5.155895233154297 0
and 0 159 3 5.432345867156982 5.734375 0
their 0 160 5 8.940820693969727 7.215636730194092 0
host 0 161 4 5.572723388671875 7.656774044036865 0
stars 0 162 5 0.46636465191841125 2.0872135162353516 5.569560527801514
. 0 163 1 1.1798559427261353 3.3579509258270264 0
<eos> 0 164 5 0.0014143796870484948 0.011416834779083729 3.3465340910479426
<unk> 0 165 5 3.2587203979492188 5.341827392578125 0
process 0 166 7 15.593518257141113 5.411077499389648 0
involved 0 167 8 11.47355842590332 6.68425178527832 0
public 0 168 6 16.222396850585938 6.362483024597168 0.32176876068115234
nomination 0 169 10 14.087920188903809 8.787120819091797 0
and 0 170 3 2.835059642791748 5.07990026473999 3.7072205543518066
voting 0 171 6 9.317611694335938 9.956539154052734 0
for 0 172 3 1.152565836906433 5.001354694366455 4.955184459686279
the 0 173 3 1.1646692752838135 4.892105579376221 0.10924911499023438
new 0 174 3 6.594823360443115 7.222423553466797 0
names 0 175 5 7.132570266723633 6.120333194732666 1.1020903587341309
. 0 176 1 2.5480494499206543 4.404489517211914 1.715843677520752
<eos> 0 177 5 0.0030269846320152283 0.02185175195336342 4.382637765258551
<unk> 0 178 5 3.062976598739624 5.0084614753723145 0
<unk> 0 179 5 1.3359447717666626 5.482119083404541 0
<unk> 0 180 5 1.823610544204712 5.174202919006348 0.30791616439819336
, 0 181 1 2.8964133262634277 5.5413923263549805 0
the 0 182 3 3.1310513019561768 5.429129123687744 0.11226320266723633
<unk> 0 183 5 2.5909173488616943 6.663236141204834 0
announced 0 184 9 13.549497604370117 5.82137393951416 0.8418622016906738
the 0 185 3 3.162393569946289 4.4682841300964355 1.3530898094177246
winning 0 186 7 9.549285888671875 7.369482517242432 0
name 0 187 4 4.478137969970703 7.484409332275391 0
was 0 188 3 5.200692176818848 4.654883861541748 2.8295254707336426
<unk> 0 189 5 3.1269912719726562 6.981800079345703 0
for 0 190 3 5.851334095001221 3.473142147064209 3.508657932281494
this 0 191 4 6.677357196807861 4.676379203796387 0
planet 0 192 6 3.4374420642852783 7.148524761199951 0
. 0 193 1 1.4230271577835083 3.4762117862701416 3.6723129749298096
<eos> 0 194 5 0.003582761622965336 0.025238260626792908 3.4509735256433487
<unk> 0 195 5 2.867605686187744 4.880001068115234 0
winning 0 196 7 14.6557035446167 5.089522838592529 0
name 0 197 4 8.216216087341309 6.738844394683838 0
was 0 198 3 3.3503761291503906 5.42763614654541 1.3112082481384277
submitted 0 199 9 7.922445297241211 6.84772253036499 0
by 0 200 2 2.5466971397399902 2.8948960304260254 3.952826499938965
the 0 201 3 1.5978963375091553 2.8783109188079834 0.016585111618041992
<unk> 0 202 5 1.0593607425689697 4.9843034744262695 0
<unk> 0 203 5 2.219682455062866 6.582565784454346 0
<unk> 0 204 5 1.3735359907150269 5.45664644241333 1.1259193420410156
of 0 205 2 7.901606559753418 5.969016075134277 0
<unk> 0 206 5 1.2052806615829468 2.647322416305542 3.3216936588287354
and 0 207 3 4.217167377471924 4.736474514007568 0
honours 0 208 7 17.225074768066406 6.066481590270996 0
the 0 209 3 4.288783550262451 5.490751266479492 0.5757303237915039
11th 0 210 4 16.09889030456543 6.639259338378906 0
<unk> 0 211 5 1.2261234521865845 5.246226787567139 1.3930325508117676
astronomer 0 212 10 6.804896831512451 6.866759777069092 0
<unk> 0 213 5 2.126209259033203 3.8509936332702637 3.015766143798828
al 0 214 2 7.912664413452148 3.0807528495788574 0.7702407836914062
<unk> 0 215 5 0.07418361306190491 0.6128116846084595 2.467941164970398
<unk> 0 216 5 0.4140956401824951 2.275453805923462 0
of 0 217 2 8.16534423828125 3.9101762771606445 0
<unk> 0 218 5 1.8611853122711182 2.0915515422821045 1.81862473487854
<unk> 0 219 5 3.2610855102539062 4.356893539428711 0
. 0 220 1 2.566732406616211 4.677664756774902 0
<eos> 0 221 5 0.001838182914070785 0.014203211292624474 4.663461545482278
= 0 222 1 2.597562789916992 4.8200836181640625 0
= 0 223 1 0.2099316418170929 0.9912339448928833 3.828849673271179
<unk> 0 224 5 5.30281925201416 5.7942728996276855 0
= 0 225 1 2.186891555786133 6.359179496765137 0
= 0 226 1 0.00020361308997962624 0.002669451292604208 6.3565100454725325
<eos> 0 227 5 19.940502166748047 4.394792079925537 0
<unk> 0 228 5 1.7002384662628174 4.997488498687744 0
the 0 229 3 10.910696029663086 4.515350818634033 0.48213768005371094
majority 0 230 8 10.545912742614746 6.410385608673096 0
of 0 231 2 0.33080652356147766 2.1949079036712646 4.215477705001831
known 0 232 5 11.609131813049316 3.683485269546509 0
<unk> 0 233 5 3.190122604370117 5.616602897644043 0
planets 0 234 7 3.8518004417419434 6.286660671234131 0
, 0 235 1 3.9682204723358154 5.291942596435547 0.994718074798584
<unk> 0 236 5 2.6313881874084473 6.231166839599609 0
<unk> 0 237 5 1.964189052581787 3.509965658187866 2.721201181411743
b 0 238 1 8.830986976623535 3.1606247425079346 0.34934091567993164
was 0 239 3 10.292977333068848 2.954023599624634 0.20660114288330078
detected 0 240 8 7.7926177978515625 6.6484246253967285 0
by 0 241 2 1.4937422275543213 3.329103708267212 3.3193209171295166
the 0 242 3 1.9316980838775635 4.120848655700684 0
variations 0 243 10 16.613914489746094 5.656607627868652 0
in 0 244 2 1.925169587135315 4.505867958068848 1.1507396697998047
its 0 245 3 5.53665828704834 6.466441631317139 0
star 0 246 4 5.142754554748535 8.060259819030762 0
's 0 247 2 2.6292526721954346 5.8773112297058105 2.182948589324951
radial 0 248 6 3.805224895477295 7.869604110717773 0
velocity 0 249 8 0.10068286955356598 0.8580085039138794 7.011595606803894
caused 0 250 6 13.262096405029297 4.710366725921631 0
by 0 251 2 0.0784212201833725 0.5928934812545776 4.117473244667053
the 0 252 3 1.741629719734192 5.883617877960205 0
planet 0 253 6 5.70111083984375 8.352598190307617 0
's 0 254 2 0.6661314368247986 3.1681370735168457 5.1844611167907715
gravity 0 255 7 5.122870445251465 8.434290885925293 0
. 0 256 1 1.0159991979599 3.8440747261047363 4.590216159820557
<eos> 0 257 5 0.0008641259628348053 0.00737978657707572 3.8366949395276606
<unk> 0 258 5 2.804854154586792 5.357321739196777 0
variations 0 259 10 14.404592514038086 5.061666011810303 0.2956557273864746
were 0 260 4 3.560225248336792 5.718315124511719 0
detected 0 261 8 6.440886497497559 7.888373374938965 0
by 0 262 2 1.4831453561782837 3.4130046367645264 4.4753687381744385
making 0 263 6 13.785025596618652 4.23532772064209 0
sensitive 0 264 9 13.45681381225586 6.047068119049072 0
measurements 0 265 12 0.9318158030509949 3.4047255516052246 2.6423425674438477
of 0 266 2 2.0652666091918945 4.832334995269775 0
the 0 267 3 1.3872506618499756 5.4288716316223145 0
<unk> 0 268 5 3.2459990978240967 7.9523138999938965 0
shift 0 269 5 13.127047538757324 7.674767017364502 0.27754688262939453
of 0 270 2 3.6714553833007812 5.585628509521484 2.0891385078430176
<unk> 0 271 5 2.2396721839904785 5.516103744506836 0.06952476501464844
<unk> 0 272 5 1.3375792503356934 5.076979637145996 0.43912410736083984
's 0 273 2 6.754416465759277 3.7582805156707764 1.3186991214752197
spectrum 0 274 8 6.231564044952393 8.826494216918945 0
. 0 275 1 2.0687971115112305 4.61220121383667 4.214293003082275
<eos> 0 276 5 0.0004237030225340277 0.003909882158041 4.608291331678629
<unk> 0 277 5 3.4129626750946045 5.357653617858887 0
planet 0 278 6 10.43557357788086 5.744640827178955 0
's 0 279 2 3.8623437881469727 6.435208320617676 0
existence 0 280 9 8.102863311767578 8.646212577819824 0
was 0 281 3 2.086061477661133 5.458845615386963 3.1873669624328613
announced 0 282 9 7.266041278839111 8.35394287109375 0
in 0 283 2 1.3327637910842896 3.403486490249634 4.950456380844116
<unk> 0 284 5 0.32295042276382446 1.5488407611846924 1.8546457290649414
<unk> 0 285 5 2.348055601119995 3.7374768257141113 0
, 0 286 1 1.533793568611145 3.688204288482666 0.04927253723144531
together 0 287 8 11.686320304870605 5.020690441131592 0
with 0 288 4 0.06916733831167221 0.4775054454803467 4.543184995651245
<unk> 0 289 5 2.4553041458129883 4.731951713562012 0
<unk> 0 290 5 0.9025842547416687 4.253511428833008 0.4784402847290039
b 0 291 1 9.089326858520508 4.407468318939209 0
and 0 292 3 3.3289153575897217 4.108275413513184 0.2991929054260254
the 0 293 3 4.447619915008545 3.0638058185577393 1.0444695949554443
planet 0 294 6 5.649993419647217 6.940690040588379 0
orbiting 0 295 8 11.178359985351562 3.7949905395507812 3.1456995010375977
<unk> 0 296 5 1.2135729789733887 3.964128255844116 0
<unk> 0 297 5 1.0334933996200562 3.6203551292419434 0.34377312660217285
. 0 298 1 1.93250572681427 3.649502754211426 0
<eos> 0 299 5 0.00031366225448437035 0.0030302454251796007 3.646472508786246
<unk> 0 300 5 3.0280778408050537 5.135134220123291 0
<unk> 0 301 5 1.2193735837936401 4.961863040924072 0.17327117919921875
<unk> 0 302 5 1.752899408340454 5.1283183097839355 0
b 0 303 1 9.818288803100586 5.394021034240723 0
, 0 304 1 3.665971279144287 4.664307594299316 0.7297134399414062
the 0 305 3 3.1413745880126953 5.971366882324219 0
first 0 306 5 3.5074472427368164 7.147816181182861 0
<unk> 0 307 5 2.508390426635742 6.676852703094482 0.4709634780883789
planet 0 308 6 1.9956729412078857 5.631259441375732 1.04559326171875
discovered 0 309 10 5.543720245361328 4.943114280700684 0.6881451606750488
around 0 310 6 7.900027275085449 3.6181676387786865 1.324946641921997
a 0 311 1 5.532062530517578 1.7487293481826782 1.8694382905960083
normal 0 312 6 12.122159957885742 6.842364311218262 0
star 0 313 4 3.402130603790283 6.270704746246338 0.5716595649719238
, 0 314 1 1.3029983043670654 4.463469982147217 1.807234764099121
<unk> 0 315 5 4.696133613586426 5.009471416473389 0
<unk> 0 316 5 0.9885026812553406 4.578800201416016 0.43067121505737305
b 0 317 1 7.674062728881836 4.303643226623535 0.27515697479248047
orbits 0 318 6 8.133293151855469 4.458665370941162 0
very 0 319 4 10.514857292175293 5.846643447875977 0
close 0 320 5 2.268690586090088 5.954741954803467 0
to 0 321 2 0.4547578990459442 2.2422163486480713 3.7125256061553955
its 0 322 3 4.776260852813721 3.8885655403137207 0
star 0 323 4 3.1789519786834717 6.783636093139648 0
, 0 324 1 1.6415371894836426 4.271028518676758 2.5126075744628906
closer 0 325 6 13.088129997253418 5.956434726715088 0
than 0 326 4 5.814920425415039 0.8355607986450195 5.120873928070068
<unk> 0 327 5 2.0563814640045166 4.554348468780518 0
does 0 328 4 13.085549354553223 3.6424858570098877 0.9118626117706299
to 0 329 2 5.646523475646973 4.68281364440918 0
our 0 330 3 12.5538911819458 6.2919158935546875 0
<unk> 0 331 5 3.4294111728668213 7.035159587860107 0
. 0 332 1 2.2019641399383545 6.10246467590332 0.9326949119567871
<eos> 0 333 5 0.0009136264561675489 0.007767458446323872 6.094697217456996
<unk> 0 334 5 3.2715818881988525 5.288163661956787 0
planet 0 335 6 9.137324333190918 4.929355621337891 0.3588080406188965
takes 0 336 5 9.875839233398438 5.804882049560547 0
<unk> 0 337 5 3.7400543689727783 5.492467880249023 0.31241416931152344
<unk> 0 338 5 1.1686069965362549 4.716483116149902 0.7759847640991211
<eos> 0 339 5 1.4269030094146729 3.621309995651245 1.0951731204986572
@ 0 340 1 2.751696047198493e-05 0.000410120323067531 3.6208998753281776
<unk> 0 341 5 0.0013044144725427032 0.015869634225964546 0
days 0 342 4 2.070051908493042 4.023592948913574 0
to 0 343 2 1.9884634017944336 4.4322428703308105 0
complete 0 344 8 4.116488456726074 6.7458930015563965 0
an 0 345 2 6.294782638549805 4.650567531585693 2.095325469970703
orbit 0 346 5 1.4563407897949219 4.740267276763916 0
, 0 347 1 2.6309328079223633 4.895397186279297 0
with 0 348 4 3.2812488079071045 5.682864665985107 0
a 0 349 1 2.4436821937561035 4.801885604858398 0.880979061126709
<unk> 0 350 5 3.9564690589904785 6.934471130371094 0
axis 0 351 4 11.072943687438965 5.520171165466309 1.4142999649047852
of 0 352 2 0.778718113899231 4.013658046722412 1.5065131187438965
<unk> 0 353 5 0.5269685983657837 2.143543243408203 1.870114803314209
<unk> 0 354 5 0.40098923444747925 1.8483426570892334 0.2952005863189697
<eos> 0 355 5 0.2929951548576355 1.233163833618164 0.6151788234710693
@ 0 356 1 0.0 6.879289685457479e-06 1.2331569543284786
<unk> 0 357 5 0.0005008985172025859 0.006504660472273827 0
<unk> 0 358 5 1.3098832368850708 3.6328046321868896 0
. 0 359 1 2.111677408218384 4.32887077331543 0
<eos> 0 360 5 0.0004073693708050996 0.0038061104714870453 4.325064662843943
<unk> 0 361 5 2.8990137577056885 4.952059745788574 0
limitation 0 362 10 21.808027267456055 4.020867347717285 0.9311923980712891
of 0 363 2 3.683410167694092 6.198537349700928 0
the 0 364 3 1.7544898986816406 5.942912578582764 0.25562477111816406
radial 0 365 6 4.194436550140381 6.715423107147217 0
velocity 0 366 8 0.11429836601018906 0.9171651005744934 5.798258006572723
method 0 367 6 7.65693998336792 5.632324695587158 0
used 0 368 4 8.031964302062988 5.78812837600708 0
to 0 369 2 2.67781400680542 4.553108215332031 1.2350201606750488
detect 0 370 6 4.886466026306152 7.541712760925293 0
<unk> 0 371 5 3.1336145401000977 6.294992446899414 1.246720314025879
<unk> 0 372 5 2.5526766777038574 6.778285026550293 0
b 0 373 1 7.614048957824707 5.265338897705078 1.5129461288452148
is 0 374 2 1.7089241743087769 5.271378993988037 0
that 0 375 4 6.978116035461426 6.65527868270874 0
only 0 376 4 7.697600841522217 5.1690473556518555 1.4862313270568848
a 0 377 1 3.311645746231079 5.170823097229004 0
lower 0 378 5 10.587912559509277 6.6676106452941895 0
limit 0 379 5 5.954805850982666 6.714208126068115 0
on 0 380 2 7.372591018676758 5.63817834854126 1.0760297775268555
the 0 381 3 0.8746872544288635 3.8881380558013916 1.7500402927398682
mass 0 382 4 7.895729064941406 6.411183834075928 0
can 0 383 3 6.602933883666992 5.0344390869140625 1.3767447471618652
be 0 384 2 0.5158571600914001 3.1994423866271973 1.8349967002868652
found 0 385 5 4.772969722747803 7.6071600914001465 0
. 0 386 1 1.993399977684021 4.573366641998291 3.0337934494018555
<eos> 0 387 5 0.0014088816242292523 0.011353189125657082 4.562013452872634
<unk> 0 388 5 3.608670711517334 5.43312406539917 0
the 0 389 3 9.738754272460938 5.470136642456055 0
case 0 390 4 11.971423149108887 7.618743419647217 0
of 0 391 2 3.27573823928833 6.26524543762207 1.3534979820251465
<unk> 0 392 5 1.6790322065353394 5.008469581604004 1.2567758560180664
<unk> 0 393 5 1.6033391952514648 5.523326873779297 0
b 0 394 1 8.402581214904785 5.436161041259766 0.08716583251953125
, 0 395 1 3.965252637863159 4.891522407531738 0.5446386337280273
this 0 396 4 7.6396660804748535 6.387848377227783 0
lower 0 397 5 13.865758895874023 6.772983551025391 0
limit 0 398 5 4.776159286499023 6.966936111450195 0
is 0 399 2 2.2671689987182617 6.460456848144531 0.5064792633056641
<unk> 0 400 5 4.181382656097412 7.9147467613220215 0
<unk> 0 401 5 1.5372111797332764 4.915619373321533 2.9991273880004883
<eos> 0 402 5 1.144661545753479 3.101832389831543 1.8137869834899902
@ 0 403 1 2.751696047198493e-05 0.00042817325447686017 3.101404216577066
<unk> 0 404 5 0.001406132592819631 0.017489278689026833 0
% 0 405 1 5.866939067840576 4.30999755859375 0
of 0 406 2 3.0630881786346436 5.328113079071045 0
the 0 407 3 0.6972755193710327 3.1635541915893555 2.1645588874816895
mass 0 408 4 2.5709726810455322 6.543202877044678 0
of 0 409 2 1.3629447221755981 4.877870082855225 1.6653327941894531
<unk> 0 410 5 2.3613617420196533 3.596524953842163 1.2813451290130615
, 0 411 1 2.8351519107818604 4.261173725128174 0
though 0 412 6 6.642158508300781 5.626856327056885 0
depending 0 413 9 11.856186866760254 5.662820339202881 0
on 0 414 2 0.1270167976617813 0.5889548063278198 5.073865532875061
the 0 415 3 0.6428903341293335 3.3381881713867188 0
inclination 0 416 11 5.773757457733154 7.838827610015869 0
of 0 417 2 0.6962326765060425 3.266521453857422 4.572306156158447
the 0 418 3 1.0614286661148071 4.40557861328125 0
orbit 0 419 5 5.448999404907227 6.249754428863525 0
, 0 420 1 2.1850314140319824 4.567256927490234 1.682497501373291
the 0 421 3 1.8174148797988892 5.055233478546143 0
true 0 422 4 10.567061424255371 7.786857604980469 0
mass 0 423 4 4.070292949676514 7.739451885223389 0.04740571975708008
may 0 424 3 7.847618103027344 3.9091601371765137 3.830291748046875
be 0 425 2 0.8783470392227173 3.473646879196167 0.4355132579803467
much 0 426 4 7.431686878204346 7.881368160247803 0
greater 0 427 7 3.496652126312256 4.380544185638428 3.500823974609375
. 0 428 1 3.756662368774414 1.1283541917800903 3.2521899938583374
<eos> 0 429 5 0.003082074224948883 0.02260977402329445 1.1057444177567959
<unk> 0 430 5 3.518115758895874 5.462891101837158 0
, 0 431 1 4.602702617645264 5.4962592124938965 0
astronomers 0 432 11 11.668882369995117 6.383869647979736 0
found 0 433 5 8.33840274810791 6.12537956237793 0.25849008560180664
recently 0 434 8 15.870121002197266 4.561161994934082 1.5642175674438477
that 0 435 4 2.9513819217681885 7.451482772827148 0
inclination 0 436 11 12.115571975708008 6.835357666015625 0.6161251068115234
of 0 437 2 3.4608068466186523 6.449696063995361 0.38566160202026367
the 0 438 3 1.672316551208496 5.003764629364014 1.4459314346313477
orbital 0 439 7 6.484048366546631 6.788878917694092 0
plane 0 440 5 5.2667694091796875 6.018672466278076 0.7702064514160156
is 0 441 2 2.924299478530884 6.695267200469971 0
around 0 442 6 6.968148231506348 7.518091678619385 0
<unk> 0 443 5 0.20707271993160248 1.3722742795944214 6.145817399024963
<unk> 0 444 5 1.0525860786437988 3.573047637939453 0
and 0 445 3 6.718428134918213 2.3485569953918457 1.2244906425476074
the 0 446 3 2.812422752380371 6.326714038848877 0
true 0 447 4 10.452217102050781 8.029577255249023 0
mass 0 448 4 4.258639812469482 7.752505779266357 0.277071475982666
may 0 449 3 7.633192539215088 4.428636074066162 3.3238697052001953
be 0 450 2 1.0168824195861816 3.455681085586548 0.9729549884796143
about 0 451 5 5.082699775695801 7.5082926750183105 0
<unk> 0 452 5 0.14040666818618774 0.9508430361747742 6.557449638843536
<unk> 0 453 5 0.900611162185669 3.113929510116577 0
<eos> 0 454 5 0.7930078506469727 2.272789239883423 0.8411402702331543
@ 0 455 1 2.751719648586004e-06 4.402688500704244e-05 2.272745212998416
<unk> 0 456 5 0.0007651198538951576 0.00997499842196703 0
<unk> 0 457 5 1.5457195043563843 4.078567981719971 0
. 0 458 1 1.5305520296096802 3.874196767807007 0.20437121391296387
<eos> 0 459 5 0.0011062840931117535 0.009201589971780777 3.864995177835226
<unk> 0 460 5 3.278963327407837 5.29765510559082 0
is 0 461 2 3.553427219390869 5.390031337738037 0
not 0 462 3 4.794866561889648 7.044373512268066 0
to 0 463 2 7.2590837478637695 7.6144700050354 0
be 0 464 2 1.1294746398925781 5.252020835876465 2.3624491691589355
assumed 0 465 7 9.352594375610352 7.893932342529297 0
; 0 466 1 7.85781717300415 4.495238304138184 3.3986940383911133
the 0 467 3 2.917637586593628 5.772387981414795 0
mutual 0 468 6 14.998235702514648 8.446873664855957 0
inclination 0 469 11 4.704911708831787 8.787277221679688 0
between 0 470 7 4.832789421081543 4.9336771965026855 3.853600025177002
c 0 471 1 10.6668701171875 4.987691402435303 0
and 0 472 3 1.3999388217926025 3.362549066543579 1.6251423358917236
d 0 473 1 3.56303334236145 4.8566484451293945 0
is 0 474 2 0.8145648837089539 3.724522352218628 1.1321260929107666
<unk> 0 475 5 4.5052809715271 7.746587753295898 0
degrees 0 476 7 9.31874942779541 4.542289733886719 3.2042980194091797
. 0 477 1 1.8226280212402344 4.255157470703125 0.28713226318359375
<eos> 0 478 5 0.0015959758311510086 0.012638007290661335 4.242519463412464
= 0 479 1 2.8813424110412598 5.430576801300049 0
= 0 480 1 0.12338732928037643 0.7638471722602844 4.666729629039764
<unk> 0 481 5 5.2044358253479 4.608119964599609 0
characteristics 0 482 15 10.859219551086426 5.319096088409424 0
= 0 483 1 0.19855324923992157 1.2017929553985596 4.117303133010864
= 0 484 1 2.201361166953575e-05 0.00033635884756222367 1.2014565965509973
<eos> 0 485 5 19.860055923461914 4.886116981506348 0
<unk> 0 486 5 2.494309902191162 4.93511438369751 0
the 0 487 3 10.104432106018066 4.697772979736328 0.23734140396118164
planet 0 488 6 5.181729793548584 7.340997695922852 0
's 0 489 2 3.135934352874756 5.223538875579834 2.1174588203430176
high 0 490 4 10.579951286315918 7.183609485626221 0
mass 0 491 4 4.082869529724121 5.952186584472656 1.2314229011535645
, 0 492 1 4.191837787628174 6.73690938949585 0
it 0 493 2 6.234006404876709 7.060929298400879 0
is 0 494 2 0.7124264240264893 3.355255603790283 3.7056736946105957
likely 0 495 6 7.338587760925293 7.519817352294922 0
that 0 496 4 1.417868971824646 2.277526378631592 5.24229097366333
<unk> 0 497 5 2.685847520828247 4.615441799163818 0
<unk> 0 498 5 1.841495394706726 5.194636344909668 0
b 0 499 1 6.873351097106934 4.836638450622559 0.3579978942871094
is 0 500 2 1.098790168762207 4.090478420257568 0.7461600303649902
a 0 501 1 2.2142586708068848 6.102389335632324 0
gas 0 502 3 8.440495491027832 7.7835564613342285 0
giant 0 503 5 2.2318902015686035 5.609553813934326 2.1740026473999023
with 0 504 4 4.321355819702148 5.696279048919678 0
no 0 505 2 5.856513023376465 5.0050368309021 0.6912422180175781
solid 0 506 5 8.136279106140137 8.568083763122559 0
surface 0 507 7 5.300604343414307 8.370725631713867 0.1973581314086914
. 0 508 1 1.7972296476364136 5.632575035095215 2.7381505966186523
<eos> 0 509 5 0.0006054238765500486 0.005377151072025299 5.6271978840231895
<unk> 0 510 5 3.969301700592041 5.214721202850342 0
<unk> 0 511 5 1.7706576585769653 4.872580051422119 0.34214115142822266
<unk> 0 512 5 2.2698848247528076 4.917579174041748 0
<unk> 0 513 5 2.824828624725342 5.258655548095703 0
measured 0 514 8 11.469905853271484 5.160451889038086 0.09820365905761719
the 0 515 3 3.631131649017334 4.19498872756958 0.9654631614685059
planet 0 516 6 4.535589694976807 7.990010738372803 0
temperature 0 517 11 11.51109504699707 4.333591938018799 3.656418800354004
, 0 518 1 4.5124311447143555 4.730925559997559 0
and 0 519 3 2.202303886413574 6.311013698577881 0
found 0 520 5 9.607438087463379 6.801862716674805 0
that 0 521 4 1.510644793510437 4.505692958831787 2.2961697578430176
the 0 522 3 1.5819789171218872 4.584372043609619 0
difference 0 523 10 10.46908187866211 7.455462455749512 0
between 0 524 7 0.39835867285728455 1.8525705337524414 5.60289192199707
the 0 525 3 1.256528615951538 4.641085624694824 0
two 0 526 3 2.2646372318267822 6.601076602935791 0
sides 0 527 5 6.237502574920654 6.817818641662598 0
of 0 528 2 1.6783361434936523 5.066620826721191 1.7511978149414062
<unk> 0 529 5 4.129135608673096 2.064582347869873 3.0020384788513184
<unk> 0 530 5 2.4769532680511475 5.381585121154785 0
b 0 531 1 8.39319896697998 5.9271955490112305 0
of 0 532 2 6.954575061798096 5.148698329925537 0.7784972190856934
about 0 533 5 10.347772598266602 3.9954442977905273 1.1532540321350098
<unk> 0 534 5 0.09834923595190048 0.699395477771759 3.2960488200187683
<unk> 0 535 5 0.45916053652763367 2.311873197555542 0
<unk> 0 536 5 2.6046016216278076 1.9583163261413574 0.35355687141418457
degrees 0 537 7 8.969941139221191 5.35390043258667 0
<unk> 0 538 5 6.190248489379883 5.575320720672607 0
, 0 539 1 5.063611030578613 6.325828552246094 0
ranging 0 540 7 12.015434265136719 6.335194110870361 0
from 0 541 4 0.0841917097568512 0.5244759321212769 5.8107181787490845
minus 0 542 5 16.386322021484375 3.6100549697875977 0
<unk> 0 543 5 1.0677783489227295 4.216418266296387 0
to 0 544 2 3.4066200256347656 2.9623477458953857 1.254070520401001
<unk> 0 545 5 0.132842019200325 0.9233456254005432 2.0390021204948425
degrees 0 546 7 7.08799934387207 3.092888593673706 0
to 0 547 2 5.567181587219238 4.199776649475098 0
about 0 548 5 6.84074068069458 4.307036399841309 0
<unk> 0 549 5 0.14619356393814087 0.937824010848999 3.3692123889923096
<unk> 0 550 5 0.9256546497344971 3.3128488063812256 0
<unk> 0 551 5 2.354156255722046 2.191883087158203 1.1209657192230225
to 0 552 2 8.179168701171875 4.922865867614746 0
<unk> 0 553 5 0.14829859137535095 1.101467251777649 3.821398615837097
<unk> 0 554 5 0.2907772362232208 1.5793670415878296 0
<unk> 0 555 5 0.48057180643081665 2.0932540893554688 0
degrees 0 556 7 7.330295562744141 4.016631126403809 0
<unk> 0 557 5 7.6733293533325195 2.6394171714782715 1.377213954925537
. 0 558 1 1.8096784353256226 4.553414344787598 0
<eos> 0 559 5 0.0009026264888234437 0.007696467451751232 4.545717877335846
<unk> 0 560 5 3.206460952758789 5.344018459320068 0
temperature 0 561 11 13.255196571350098 5.551912784576416 0
difference 0 562 10 10.594315528869629 6.582330703735352 0
has 0 563 3 4.60975980758667 6.0371012687683105 0.545229434967041
led 0 564 3 5.828871726989746 5.547691345214844 0.4894099235534668
to 0 565 2 0.18157237768173218 1.1294224262237549 4.418268918991089
speculation 0 566 11 6.62794303894043 5.136882781982422 0
that 0 567 4 0.8981869220733643 2.8571112155914307 2.279771566390991
<unk> 0 568 5 2.126485586166382 4.999061584472656 0
<unk> 0 569 5 2.326169967651367 5.785828113555908 0
b 0 570 1 7.742025852203369 5.41984224319458 0.3659858703613281
is 0 571 2 1.5891884565353394 4.888145446777344 0.5316967964172363
tidal 0 572 5 10.390854835510254 6.834774017333984 0
locked 0 573 6 16.629640579223633 6.7525739669799805 0.0822000503540039
with 0 574 4 5.548549652099609 4.9115800857543945 1.840993881225586
the 0 575 3 2.039018154144287 5.15085506439209 0
same 0 576 4 7.831003189086914 6.663867950439453 0
side 0 577 4 8.62376594543457 8.201278686523438 0
always 0 578 6 17.394081115722656 3.881542205810547 4.319736480712891
facing 0 579 6 11.995685577392578 7.527885437011719 0
<unk> 0 580 5 3.176650285720825 6.574012279510498 0.9538731575012207
<unk> 0 581 5 2.820101261138916 4.593984603881836 1.980027675628662
<unk> 0 582 5 2.6350934505462646 4.114770889282227 0.4792137145996094
<eos> 0 583 5 4.861599922180176 5.389209747314453 0
<unk> 0 584 5 6.487188339233398 0.18652671575546265 5.2026830315589905
had 0 585 3 10.24387264251709 4.690140724182129 0
, 0 586 1 8.033223152160645 6.696159839630127 0
on 0 587 2 7.130753993988037 6.594546318054199 0.10161352157592773
the 0 588 3 1.4424254894256592 3.88808274269104 2.706463575363159
assumption 0 589 10 10.038712501525879 3.9300148487091064 0
that 0 590 4 0.7589223384857178 1.4103704690933228 2.5196443796157837
the 0 591 3 1.6085139513015747 4.4112324714660645 0
planet 0 592 6 3.588620185852051 7.480319976806641 0
is 0 593 2 2.872968912124634 5.166853427886963 2.3134665489196777
similar 0 594 7 7.588113784790039 8.171380996704102 0
to 0 595 2 0.40490779280662537 1.7302407026290894 6.441140294075012
<unk> 0 596 5 2.298786163330078 3.949068069458008 0
in 0 597 2 6.158578872680664 3.445603370666504 0.5034646987915039
composition 0 598 11 13.815000534057617 5.0027360916137695 0
and 0 599 3 3.728005886077881 2.340740203857422 2.6619958877563477
that 0 600 4 5.079028606414795 7.9174113273620605 0
its 0 601 3 4.945281505584717 5.67887020111084 2.2385411262512207
environment 0 602 11 11.829456329345703 8.069068908691406 0
is 0 603 2 1.4660792350769043 5.12236213684082 2.946706771850586
close 0 604 5 7.789441108703613 8.248537063598633 0
to 0 605 2 0.5813095569610596 1.9972877502441406 6.251249313354492
chemical 0 606 8 14.943764686584473 4.494729518890381 0
equilibrium 0 607 11 5.683955192565918 7.491494178771973 0
, 0 608 1 1.220113754272461 2.6730823516845703 4.818411827087402
predicted 0 609 9 9.785358428955078 7.281336784362793 0
<unk> 0 610 5 6.1599907875061035 3.2282896041870117 4.053047180175781
<unk> 0 611 5 1.5435510873794556 5.477193832397461 0
b 0 612 1 8.92824649810791 2.7048401832580566 2.7723536491394043
to 0 613 2 4.967976093292236 5.096028804779053 0
have 0 614 4 5.491063594818115 6.46081018447876 0
reflective 0 615 10 15.35597038269043 6.614492893218994 0
clouds 0 616 6 10.46963119506836 8.564577102661133 0
of 0 617 2 2.812087059020996 4.368924617767334 4.195652484893799
silicates 0 618 9 8.9065580368042 7.339000701904297 0
and 0 619 3 3.4924778938293457 3.9676272869110107 3.371373414993286
iron 0 620 4 8.20751953125 7.901463508605957 0
in 0 621 2 5.58217716217041 4.761966228485107 3.1394972801208496
its 0 622 3 4.693025588989258 5.412848949432373 0
upper 0 623 5 6.713457107543945 7.596622943878174 0
atmosphere 0 624 10 0.959305465221405 4.036128520965576 3.5604944229125977
. 0 625 1 0.41956061124801636 1.8877257108688354 2.1484028100967407
<eos> 0 626 5 0.0027077319100499153 0.01987573318183422 1.8678499776870012
<unk> 0 627 5 3.116541862487793 5.329108238220215 0
cloud 0 628 5 10.243753433227539 5.493268013000488 0
deck 0 629 4 20.302675247192383 5.610892295837402 0
instead 0 630 7 12.002154350280762 6.80068302154541 0
absorbs 0 631 7 11.560269355773926 5.991090774536133 0.8095922470092773
the 0 632 3 2.054807424545288 6.196725845336914 0
sun 0 633 3 4.77421760559082 8.572871208190918 0
's 0 634 2 1.531453251838684 4.744517803192139 3.8283534049987793
radiation 0 635 9 8.63595199584961 7.672704696655273 0
; 0 636 1 6.850715637207031 6.171720504760742 1.5009841918945312
between 0 637 7 11.405648231506348 5.5576863288879395 0.6140341758728027
that 0 638 4 7.8938469886779785 2.6003217697143555 2.957364559173584
and 0 639 3 6.92596960067749 5.542455196380615 0
the 0 640 3 1.1090788841247559 3.360607624053955 2.18184757232666
hot 0 641 3 8.639846801757812 8.037097930908203 0
, 0 642 1 4.272456169128418 6.5368123054504395 1.5002856254577637
high 0 643 4 8.358601570129395 7.239206790924072 0
pressure 0 644 8 4.491239070892334 6.389433860778809 0.8497729301452637
gas 0 645 3 9.131023406982422 8.178312301635742 0
surrounding 0 646 11 12.393754959106445 7.599924087524414 0.5783882141113281
the 0 647 3 0.8028274178504944 3.715095281600952 3.884828805923462
mantle 0 648 6 7.019183158874512 7.576446533203125 0
, 0 649 1 3.075657844543457 6.446906089782715 1.1295404434204102
exists 0 650 6 15.276784896850586 5.757172107696533 0.6897339820861816
a 0 651 1 6.404240608215332 5.940916538238525 0
stratosphere 0 652 12 12.695770263671875 8.35886001586914 0
of 0 653 2 3.9586002826690674 6.403544902801514 1.955315113067627
cooler 0 654 6 8.492561340332031 6.76378870010376 0
gas 0 655 3 4.076233863830566 6.405097484588623 0.3586912155151367
. 0 656 1 1.597014307975769 5.177712440490723 1.2273850440979004
<eos> 0 657 5 0.0005834191688336432 0.005253093782812357 5.17245934670791
<unk> 0 658 5 4.023838043212891 5.181168556213379 0
outer 0 659 5 14.630615234375 5.564145088195801 0
shell 0 660 5 7.187490940093994 6.129726409912109 0
of 0 661 2 5.011636257171631 7.579317092895508 0
dark 0 662 4 11.381346702575684 3.499628782272339 4.079688310623169
, 0 663 1 4.152970790863037 6.925755023956299 0
opaque 0 664 6 8.55115795135498 8.228553771972656 0
, 0 665 1 1.6732590198516846 6.012722492218018 2.2158312797546387
hot 0 666 3 8.094139099121094 6.260486125946045 0
cloud 0 667 5 6.884395122528076 5.8434977531433105 0.4169883728027344
is 0 668 2 3.1298036575317383 6.275972843170166 0
assumed 0 669 7 10.968618392944336 8.132186889648438 0
to 0 670 2 0.4244477152824402 2.1943166255950928 5.937870264053345
consist 0 671 7 8.890425682067871 2.558616876602173 0
of 0 672 2 0.09568562358617783 0.7330414056777954 1.8255754709243774
vanadium 0 673 8 16.344879150390625 6.683003902435303 0
and 0 674 3 2.632033348083496 5.102030277252197 1.5809736251831055
titanium 0 675 8 9.685341835021973 6.612767219543457 0
oxides 0 676 6 11.950689315795898 4.202886581420898 2.4098806381225586
( 0 677 1 5.848524570465088 3.0367093086242676 1.1661772727966309
" 0 678 1 6.554044246673584 6.062114238739014 0
<unk> 0 679 5 1.6535265445709229 7.5438151359558105 0
planets 0 680 7 10.412252426147461 3.0322461128234863 4.511569023132324
" 0 681 1 0.10143682360649109 0.7643145322799683 2.267931580543518
) 0 682 1 0.3127443492412567 1.4893614053726196 0
, 0 683 1 1.7046011686325073 3.300459623336792 0
but 0 684 3 4.173604488372803 5.748029708862305 0
other 0 685 5 8.813277244567871 6.670493125915527 0
compounds 0 686 9 8.194841384887695 8.355895042419434 0
like 0 687 4 6.29884672164917 5.7188825607299805 2.637012481689453
<unk> 0 688 5 1.3985767364501953 5.115644931793213 0.6032376289367676
cannot 0 689 6 8.967912673950195 4.938729286193848 0.17691564559936523
be 0 690 2 0.8814729452133179 4.611546516418457 0.3271827697753906
ruled 0 691 5 10.236473083496094 7.994062423706055 0
out 0 692 3 1.8472285270690918 5.098403453826904 2.8956589698791504
yet 0 693 3 11.582383155822754 3.5260140895843506 1.5723893642425537
. 0 694 1 1.561127781867981 5.724776268005371 0
<eos> 0 695 5 0.003092885948717594 0.022572357207536697 5.702203910797834
<unk> 0 696 5 3.4693000316619873 5.652856349945068 0
planet 0 697 6 11.246849060058594 5.906551361083984 0
is 0 698 2 2.391266107559204 6.062425136566162 0
unlikely 0 699 8 8.873871803283691 6.7192864418029785 0
to 0 700 2 0.057109247893095016 0.44530564546585083 6.273980796337128
have 0 701 4 2.122161388397217 5.1943488121032715 0
large 0 702 5 8.871026039123535 7.047557353973389 0
moons 0 703 5 3.3374085426330566 7.055169105529785 0
, 0 704 1 2.1168506145477295 5.266326427459717 1.7888426780700684
since 0 705 5 7.724720478057861 4.808855056762695 0.4574713706970215
tidal 0 706 5 9.262703895568848 4.963638782501221 0
forces 0 707 6 7.736230850219727 6.699453353881836 0
would 0 708 5 5.9092841148376465 5.672402381896973 1.0270509719848633
either 0 709 6 8.900528907775879 5.120254993438721 0.552147388458252
eject 0 710 5 10.743123054504395 6.313570976257324 0
them 0 711 4 8.531388282775879 5.774593830108643 0.5389771461486816
from 0 712 4 1.15419340133667 3.6556060314178467 2.118987798690796
orbit 0 713 5 9.112380027770996 5.352493762969971 0
or 0 714 2 1.7280073165893555 4.3518242835998535 1.0006694793701172
destroy 0 715 7 8.890608787536621 8.59190559387207 0
them 0 716 4 4.608038425445557 5.681064128875732 2.910841464996338
on 0 717 2 7.5081048011779785 3.0326147079467773 2.648449420928955
short 0 718 5 11.259511947631836 4.4963836669921875 0
<unk> 0 719 5 2.698345899581909 6.1403985023498535 0
compared 0 720 8 16.188676834106445 5.085472583770752 1.0549259185791016
to 0 721 2 3.3912556171417236 7.117010116577148 0
the 0 722 3 1.5618128776550293 4.501358985900879 2.6156511306762695
age 0 723 3 14.509060859680176 6.465005397796631 0
of 0 724 2 0.4694962501525879 2.0827808380126953 4.3822245597839355
the 0 725 3 2.5002646446228027 4.839558124542236 0
system 0 726 6 10.747349739074707 5.516178607940674 0
. 0 727 1 0.35540151596069336 1.7604552507400513 3.7557233572006226
<eos> 0 728 5 0.0007264437736012042 0.006471103057265282 1.753984147682786
<unk> 0 729 5 4.090249538421631 6.010492324829102 0
planet 0 730 6 10.686328887939453 6.426144599914551 0
( 0 731 1 5.667979717254639 6.7293901443481445 0
with 0 732 4 8.687612533569336 3.4179248809814453 3.311465263366699
<unk> 0 733 5 2.6339776515960693 6.204286575317383 0
<unk> 0 734 5 1.4675953388214111 5.066335678100586 1.1379508972167969
b 0 735 1 8.724767684936523 3.986090660095215 1.080245018005371
) 0 736 1 1.2154523134231567 4.154190540313721 0
was 0 737 3 3.9511513710021973 6.024072647094727 0
deemed 0 738 6 10.709454536437988 7.592131614685059 0
a 0 739 1 2.519317388534546 6.116015434265137 1.4761161804199219
candidate 0 740 9 8.271772384643555 8.195210456848145 0
for 0 741 3 1.0450160503387451 3.534374713897705 4.6608357429504395
direct 0 742 6 13.1929292678833 4.234068393707275 0
imaging 0 743 7 6.453223705291748 8.287585258483887 0
by 0 744 2 4.919986248016357 4.59039306640625 3.6971921920776367
<unk> 0 745 5 1.2569400072097778 3.8217148780822754 0.7686781883239746
. 0 746 1 2.9951066970825195 4.098665714263916 0
<eos> 0 747 5 0.00098512414842844 0.00830927211791277 4.090356442146003
<unk> 0 748 5 3.6205222606658936 5.3426337242126465 0
results 0 749 7 12.18680191040039 5.712620735168457 0
from 0 750 4 2.4385600090026855 4.126158714294434 1.5864620208740234
<unk> 0 751 5 3.122109889984131 5.7775349617004395 0
studies 0 752 7 11.661751747131348 6.09962797164917 0
indicate 0 753 8 12.973691940307617 5.367663860321045 0.731964111328125
that 0 754 4 0.3394938111305237 2.025320291519165 3.34234356880188
the 0 755 3 1.5470376014709473 5.046307563781738 0
planet 0 756 6 3.778838634490967 7.91748571395874 0
has 0 757 3 4.32167911529541 5.105668067932129 2.8118176460266113
predominately 0 758 13 17.74049186706543 5.26262092590332 0
blue 0 759 4 10.869701385498047 7.404592514038086 0
color 0 760 5 8.738205909729004 6.076037883758545 1.328554630279541
, 0 761 1 2.0554871559143066 5.162268161773682 0.9137697219848633
is 0 762 2 11.70767593383789 6.048931121826172 0
<unk> 0 763 5 3.4735708236694336 7.373387336730957 0
<unk> 0 764 5 1.387977123260498 4.755535125732422 2.617852210998535
<eos> 0 765 5 0.49384886026382446 2.016038417816162 2.7394967079162598
@ 0 766 1 1.1006847671524156e-05 0.00016217051597777754 2.0158762473001843
<unk> 0 767 5 0.0006659351056441665 0.008578222244977951 0
times 0 768 5 2.4555490016937256 4.334923267364502 0
as 0 769 2 5.172234058380127 5.887903690338135 0
large 0 770 5 7.49326229095459 5.559607028961182 0.3282966613769531
and 0 771 3 5.347372531890869 1.7254921197891235 3.834114909172058
<unk> 0 772 5 0.4466154873371124 2.946354389190674 0
<unk> 0 773 5 0.7396024465560913 3.2932653427124023 0
<eos> 0 774 5 0.33356934785842896 1.323342204093933 1.9699231386184692
@ 0 775 1 5.503434294951148e-06 0.00011109651677543297 1.3232311075771577
<unk> 0 776 5 0.0009383760625496507 0.01179967075586319 0
times 0 777 5 1.793066382408142 4.284384727478027 0
as 0 778 2 3.5560193061828613 5.964905261993408 0
massive 0 779 7 2.745941162109375 6.027558326721191 0
as 0 780 2 0.3948253393173218 1.7089142799377441 4.318644046783447
<unk> 0 781 5 1.2257918119430542 4.030032634735107 0
, 0 782 1 5.2895917892456055 3.6718556880950928 0.35817694664001465
meaning 0 783 7 7.83629035949707 5.738194465637207 0
that 0 784 4 0.9184176325798035 3.3200979232788086 2.4180965423583984
the 0 785 3 2.066969871520996 4.242622375488281 0
mean 0 786 4 10.005619049072266 7.644582748413086 0
density 0 787 7 5.280467510223389 6.978575229644775 0.6660075187683105
is 0 788 2 2.9718408584594727 2.816371202468872 4.162204027175903
<unk> 0 789 5 1.682862639427185 5.959683895111084 0
/ 0 790 1 9.776966094970703 1.9159287214279175 4.0437551736831665
<unk> 0 791 5 0.14995235204696655 0.9263128042221069 0.9896159172058105
. 0 792 1 1.3941848278045654 3.7163305282592773 0
<eos> 0 793 5 0.0016399540472775698 0.013064832426607609 3.7032656958326697
<unk> 0 794 5 3.1649954319000244 4.888068199157715 0
has 0 795 3 4.13110876083374 4.8241868019104 0.06388139724731445
a 0 796 1 1.5963594913482666 5.093436241149902 0
geometric 0 797 9 13.430209159851074 8.025491714477539 0
albedo 0 798 6 4.919027328491211 6.997445106506348 1.0280466079711914
of 0 799 2 1.202904462814331 3.872865676879883 3.124579429626465
<unk> 0 800 5 0.5098720788955688 2.2987618446350098 1.574103832244873
<unk> 0 801 5 0.3905683755874634 2.1043388843536377 0.19442296028137207
<eos> 0 802 5 0.19735078513622284 1.0025750398635864 1.1017638444900513
@ 0 803 1 0.0 8.771088687353767e-06 1.002566268774899
<unk> 0 804 5 0.0006136755109764636 0.007779774721711874 0
in 0 805 2 7.39314079284668 4.309637546539307 0
visible 0 806 7 13.033944129943848 5.900417327880859 0
light 0 807 5 3.6452972888946533 7.319425582885742 0
. 0 808 1 1.6562837362289429 3.647883415222168 3.671542167663574
<eos> 0 809 5 0.000588920374866575 0.00526663102209568 3.6426167842000723
= 0 810 1 4.975917339324951 4.516005992889404 0
= 0 811 1 0.10992037504911423 0.6596326231956482 3.856373369693756
<unk> 0 812 5 5.982405662536621 4.115079402923584 0
on 0 813 2 10.598252296447754 4.888716220855713 0
its 0 814 3 6.742949962615967 3.5266222953796387 1.3620939254760742
sun 0 815 3 11.829522132873535 7.48125696182251 0
= 0 816 1 0.17128370702266693 1.1111819744110107 6.370074987411499
= 0 817 1 1.3758546629105695e-05 0.00021719773940276355 1.110964776671608
<eos> 0 818 5 21.15155601501465 4.504871368408203 0
<unk> 0 819 5 1.7535598278045654 4.861873149871826 0
<unk> 0 820 5 2.1699366569519043 4.407350063323975 0.45452308654785156
b 0 821 1 9.79549789428711 4.265766620635986 0.14158344268798828
appears 0 822 7 8.510189056396484 3.6290690898895264 0.63669753074646
to 0 823 2 2.177649736404419 3.9904239177703857 0
be 0 824 2 0.8996784090995789 2.4403016567230225 1.5501222610473633
responsible 0 825 11 9.026061058044434 5.699286460876465 0
for 0 826 3 0.01694495417177677 0.14851164817810059 5.550774812698364
increased 0 827 9 11.799915313720703 6.326608657836914 0
<unk> 0 828 5 3.355975866317749 7.913111686706543 0
activity 0 829 8 4.466707229614258 7.672689437866211 0.24042224884033203
on 0 830 2 5.573490142822266 4.114059925079346 3.5586295127868652
its 0 831 3 5.082348823547363 3.9309654235839844 0.18309450149536133
parent 0 832 6 8.064144134521484 7.885654449462891 0
star 0 833 4 3.1315369606018066 4.902439117431641 2.98321533203125
. 0 834 1 1.6240307092666626 3.9492955207824707 0.9531435966491699
<eos> 0 835 5 0.00023662872263230383 0.002372612478211522 3.946922908304259
<unk> 0 836 5 2.9018068313598633 5.056738376617432 0
suggest 0 837 7 15.728372573852539 4.868635654449463 0.18810272216796875
that 0 838 4 0.34486517310142517 1.8585189580917358 3.010116696357727
there 0 839 5 6.477583408355713 4.461461544036865 0
is 0 840 2 1.1640032529830933 2.1841681003570557 2.2772934436798096
a 0 841 1 1.7124078273773193 4.286864757537842 0
" 0 842 1 6.0040669441223145 8.55522632598877 0
hot 0 843 3 8.48017692565918 8.685622215270996 0
spot 0 844 4 8.2820405960083 6.581740856170654 2.103881359100342
" 0 845 1 0.30322596430778503 1.8190693855285645 4.76267147064209
on 0 846 2 4.721020221710205 5.5203070640563965 0
the 0 847 3 0.6903755068778992 2.8543379306793213 2.665969133377075
star 0 848 4 4.768394947052002 6.244983196258545 0
around 0 849 6 9.568190574645996 5.008925914764404 1.2360572814941406
<unk> 0 850 5 2.5829882621765137 3.640784740447998 1.3681411743164062
<unk> 0 851 5 1.8603129386901855 4.7800679206848145 0
away 0 852 4 12.443031311035156 3.73884916305542 1.0412187576293945
from 0 853 4 1.327689528465271 3.32963228225708 0.40921688079833984
the 0 854 3 1.1346644163131714 3.717864990234375 0
sub 0 855 3 14.303659439086914 5.668942928314209 0
<unk> 0 856 5 0.1901770383119583 1.4232170581817627 4.245725870132446
planetary 0 857 9 6.9219207763671875 5.686929702758789 0
point 0 858 5 12.072078704833984 6.432516574859619 0
. 0 859 1 1.2616289854049683 3.3693864345550537 3.0631301403045654
<eos> 0 860 5 0.0010786157799884677 0.00893634557723999 3.3604500889778137
<unk> 0 861 5 3.014611005783081 5.127927780151367 0
may 0 862 3 7.1693291664123535 5.536830902099609 0
be 0 863 2 2.2971763610839844 4.134247303009033 1.4025835990905762
the 0 864 3 3.0990283489227295 7.839514255523682 0
result 0 865 6 6.032471656799316 7.031237602233887 0.8082766532897949
of 0 866 2 0.08783508092164993 0.6158971786499023 6.415340423583984
interactions 0 867 12 11.450854301452637 4.976264476776123 0
between 0 868 7 1.2946743965148926 2.7169840335845947 2.2592804431915283
the 0 869 3 1.7249488830566406 5.355166912078857 0
magnetic 0 870 8 12.226059913635254 5.584816932678223 0
fields 0 871 6 3.2593188285827637 3.353567123413086 2.2312498092651367
of 0 872 2 1.1816115379333496 2.734473705291748 0.6190934181213379
the 0 873 3 0.8626649975776672 3.526993989944458 0
planet 0 874 6 3.6210439205169678 6.329736232757568 0
and 0 875 3 1.4216580390930176 3.704190254211426 2.6255459785461426
the 0 876 3 1.2329354286193848 5.145940780639648 0
star 0 877 4 4.252412796020508 8.08302116394043 0
. 0 878 1 3.4890835285186768 5.477950572967529 2.6050705909729004
<eos> 0 879 5 0.0005724166403524578 0.005164156202226877 5.472786416765302
<unk> 0 880 5 3.016043186187744 5.4359636306762695 0
mechanism 0 881 9 16.71234893798828 5.676558971405029 0
may 0 882 3 6.073421478271484 6.269132137298584 0
be 0 883 2 1.1697241067886353 4.109155178070068 2.1599769592285156
similar 0 884 7 6.673977851867676 8.336725234985352 0
to 0 885 2 0.1850229948759079 1.0122114419937134 7.324513792991638
that 0 886 4 2.7480902671813965 4.520066738128662 0
responsible 0 887 11 14.370613098144531 1.324663758277893 3.195402979850769
for 0 888 3 0.3168855607509613 1.7599670886993408 0
the 0 889 3 2.029778003692627 7.3300676345825195 0
activity 0 890 8 10.914779663085938 8.664342880249023 0
of 0 891 2 0.7888829708099365 3.2789716720581055 5.385371208190918
<unk> 0 892 5 2.7591452598571777 4.847502708435059 0
<unk> 0 893 5 1.8281906843185425 4.7500128746032715 0.09748983383178711
<unk> 0 894 5 2.575714111328125 4.087785243988037 0.6622276306152344
variable 0 895 8 14.725140571594238 4.515591144561768 0
stars 0 896 5 3.5541975498199463 6.920140266418457 0
, 0 897 1 2.2755203247070312 3.8488550186157227 3.0712852478027344
or 0 898 2 7.073800563812256 5.761232852935791 0
the 0 899 3 3.6215240955352783 7.077942371368408 0
interaction 0 900 11 9.153424263000488 8.567148208618164 0
between 0 901 7 1.1541686058044434 2.0923430919647217 6.474805116653442
<unk> 0 902 5 2.3045992851257324 5.915040493011475 0
and 0 903 3 0.7517568469047546 2.873623847961426 3.041416645050049
its 0 904 3 6.165396213531494 3.4932804107666016 0
moon 0 905 4 7.468270778656006 7.503911018371582 0
<unk> 0 906 5 4.392618656158447 5.089682579040527 2.4142284393310547
. 0 907 1 1.9262468814849854 6.572018623352051 0
<eos> 0 908 5 0.0006054238765500486 0.005438833497464657 6.566579789854586
=========================================================================================
| End of testing | test loss  3.34 | test ppl    28.24
=========================================================================================
