word sentid sentpos wlen surp entropy entred
= 0 0 1 6.093905448913574 6.97152042388916 0
... 0 1 3 14.92603588104248 1.3487905263900757 5.6227298974990845
<unk> 0 2 5 2.105374574661255 7.698623180389404 0
<unk> 0 3 5 2.1508069038391113 5.454078197479248 2.2445449829101562
<unk> 0 4 5 3.3361358642578125 3.4385130405426025 2.0155651569366455
= 0 5 1 0.9768613576889038 3.76633882522583 0
<eos> 0 6 5 15.190713882446289 4.007687091827393 0
= 0 7 1 7.1432318687438965 5.718377113342285 0
... 0 8 3 13.55171012878418 2.313079357147217 3.4052977561950684
<unk> 0 9 5 1.4924339056015015 6.075340747833252 0
<unk> 0 10 5 2.231869697570801 4.372287750244141 1.7030529975891113
<unk> 0 11 5 2.892889976501465 2.807678699493408 1.5646090507507324
= 0 12 1 0.8983823657035828 3.2535526752471924 0
<eos> 0 13 5 15.771862030029297 3.7286217212677 0
" 0 14 1 4.681268692016602 5.564295291900635 0
... 0 15 3 9.60036563873291 6.036538124084473 0
<unk> 0 16 5 1.961367130279541 6.132731914520264 0
<unk> 0 17 5 1.644341230392456 4.252691268920898 1.8800406455993652
<unk> 0 18 5 1.3498876094818115 3.510216236114502 0.7424750328063965
" 0 19 1 1.7189624309539795 3.411111354827881 0.0991048812866211
is 0 20 2 1.1343259811401367 2.25632905960083 1.1547822952270508
the 0 21 3 1.1636923551559448 1.5679776668548584 0.6883513927459717
fifth 0 22 5 4.087436199188232 5.2087626457214355 0
episode 0 23 7 0.13204404711723328 0.8981068134307861 4.310655832290649
of 0 24 2 0.05915381386876106 0.3803129494190216 0.5177938640117645
the 0 25 3 0.04100335016846657 0.31979310512542725 0.06051984429359436
third 0 26 5 2.994779348373413 4.004919528961182 0
season 0 27 6 0.03262171149253845 0.2536187171936035 3.751300811767578
of 0 28 2 0.024294931441545486 0.16882556676864624 0.08479315042495728
the 0 29 3 0.0571560300886631 0.40240785479545593 0
<unk> 0 30 5 0.19321762025356293 1.119404673576355 0
crime 0 31 5 6.036760330200195 3.1404106616973877 0
<unk> 0 32 5 5.5233259201049805 2.7281312942504883 0.4122793674468994
thriller 0 33 8 0.6224753856658936 1.9239760637283325 0.8041552305221558
television 0 34 10 0.20394939184188843 1.1126574277877808 0.8113186359405518
series 0 35 6 0.07914228737354279 0.5062001943588257 0.6064572334289551
<unk> 0 36 5 3.2737791538238525 3.8352508544921875 0
. 0 37 1 2.2363743782043457 3.301894187927246 0.5333566665649414
<eos> 0 38 5 0.0042954012751579285 0.029320593923330307 3.272573594003916
<unk> 0 39 5 8.976080894470215 2.009734630584717 0
premiered 0 40 9 6.606204509735107 4.519435882568359 0
on 0 41 2 0.7356206774711609 1.9888911247253418 2.5305447578430176
the 0 42 3 0.8466389179229736 2.153059244155884 0
<unk> 0 43 5 2.3382484912872314 3.5490715503692627 0
network 0 44 7 0.8477396368980408 3.085402011871338 0.4636695384979248
on 0 45 2 0.4310986399650574 1.4612178802490234 1.6241841316223145
<unk> 0 46 5 0.3807503581047058 1.2004547119140625 0.26076316833496094
<unk> 0 47 5 0.05118487402796745 0.27121010422706604 0.9292446076869965
, 0 48 1 0.042761676013469696 0.243305042386055 0.027905061841011047
<unk> 0 49 5 0.002080349251627922 0.023172445595264435 0.22013259679079056
. 0 50 1 1.2557485103607178 1.9384673833847046 0
<eos> 0 51 5 0.030307462438941002 0.14611570537090302 1.7923516780138016
<unk> 0 52 5 3.0206453800201416 4.404862880706787 0
episode 0 53 7 10.218779563903809 5.382795333862305 0
was 0 54 3 4.125481605529785 5.391393184661865 0
written 0 55 7 3.616947889328003 5.9934515953063965 0
by 0 56 2 0.13316400349140167 0.802258312702179 5.1911932826042175
<unk> 0 57 5 0.35032185912132263 2.064725399017334 0
<unk> 0 58 5 0.2865505814552307 1.8373894691467285 0.22733592987060547
<unk> 0 59 5 4.858116149902344 2.098174810409546 0
, 0 60 1 2.0368194580078125 2.8855268955230713 0
and 0 61 3 1.3680353164672852 4.146595001220703 0
directed 0 62 8 0.7172419428825378 3.185148239135742 0.9614467620849609
by 0 63 2 0.0029911149758845568 0.03157602250576019 3.153572216629982
<unk> 0 64 5 0.3182834982872009 1.7972832918167114 0
<unk> 0 65 5 0.2221217006444931 1.5671063661575317 0.2301769256591797
<unk> 0 66 5 4.633254051208496 1.3908964395523071 0.1762099266052246
. 0 67 1 0.651016354560852 2.022263288497925 0
" 0 68 1 4.8397650718688965 0.22153446078300476 1.80072882771492
<eos> 0 69 5 2.751719648586004e-06 4.643456850317307e-05 0.2214880262145016
... 0 70 3 11.26079273223877 7.592732906341553 0
<unk> 0 71 5 3.0979647636413574 5.779807090759277 1.8129258155822754
<unk> 0 72 5 2.3809690475463867 3.467564821243286 2.312242269515991
<unk> 0 73 5 2.766946315765381 3.6288716793060303 0
" 0 74 1 0.777738630771637 3.225217342376709 0.4036543369293213
featured 0 75 8 6.106141090393066 4.274307727813721 0
guest 0 76 5 0.6999363899230957 3.0567259788513184 1.2175817489624023
appearances 0 77 11 0.38791030645370483 1.6966527700424194 1.360073208808899
by 0 78 2 0.18970920145511627 0.8619589805603027 0.8346937894821167
the 0 79 3 6.48784875869751 2.1239495277404785 0
members 0 80 7 10.296696662902832 6.4428486824035645 0
of 0 81 2 0.3076811134815216 1.6837366819381714 4.759112000465393
the 0 82 3 0.5081852674484253 2.2535629272460938 0
band 0 83 4 10.312210083007812 5.698564529418945 0
<unk> 0 84 5 3.9543490409851074 4.984469890594482 0.7140946388244629
, 0 85 1 2.265638828277588 5.115873336791992 0
performing 0 86 10 11.767168045043945 5.122540473937988 0
both 0 87 4 9.244902610778809 5.844742298126221 0
as 0 88 2 7.1502885818481445 6.635873317718506 0
themselves 0 89 10 13.559492111206055 4.451169967651367 2.1847033500671387
and 0 90 3 3.047602653503418 4.845802307128906 0
as 0 91 2 7.1603684425354 6.796591758728027 0
minor 0 92 5 12.091177940368652 6.289956092834473 0.5066356658935547
characters 0 93 10 1.2589486837387085 4.898192405700684 1.391763687133789
. 0 94 1 1.8800289630889893 4.576902866363525 0.3212895393371582
<eos> 0 95 5 0.012289327569305897 0.07139263302087784 4.5055102333426476
<unk> 0 96 5 2.02026629447937 4.832927703857422 0
this 0 97 4 15.917059898376465 5.440880298614502 0
episode 0 98 7 2.475648880004883 7.078530788421631 0
, 0 99 1 4.100360870361328 4.635628700256348 2.442902088165283
<unk> 0 100 5 1.745643138885498 5.695353984832764 0
<unk> 0 101 5 1.1450591087341309 5.491031169891357 0.20432281494140625
of 0 102 2 6.114405632019043 5.147479057312012 0.3435521125793457
<unk> 0 103 5 1.6877853870391846 2.990602970123291 2.1568760871887207
agents 0 104 6 16.253694534301758 6.769810676574707 0
<unk> 0 105 5 2.013108015060425 6.883461952209473 0
<unk> 0 106 5 0.6281659603118896 3.4626688957214355 3.420793056488037
( 0 107 1 2.836167335510254 3.155935049057007 0.3067338466644287
<unk> 0 108 5 0.3418712615966797 2.409785270690918 0.7461497783660889
<unk> 0 109 5 0.23512649536132812 1.4850200414657593 0.9247652292251587
) 0 110 1 0.04444848373532295 0.28837114572525024 1.196648895740509
and 0 111 3 1.0856894254684448 2.843369245529175 0
<unk> 0 112 5 0.3237704336643219 2.0550220012664795 0.7883472442626953
<unk> 0 113 5 0.32901519536972046 2.1195547580718994 0
( 0 114 1 0.12357157468795776 0.8925353288650513 1.2270194292068481
<unk> 0 115 5 0.14304839074611664 1.120539903640747 0
<unk> 0 116 5 0.23361293971538544 1.3622310161590576 0
) 0 117 1 0.026933858171105385 0.1839374452829361 1.1782935708761215
investigate 0 118 11 5.051568031311035 7.058246612548828 0
a 0 119 1 3.608889579772949 4.633159160614014 2.4250874519348145
series 0 120 6 5.706823348999023 9.56467056274414 0
of 0 121 2 0.03688693419098854 0.36103951930999756 9.203631043434143
murders 0 122 7 3.0114850997924805 9.02112102508545 0
on 0 123 2 4.718813419342041 5.126029968261719 3.8950910568237305
the 0 124 3 1.328689694404602 4.676664352416992 0.44936561584472656
set 0 125 3 6.164231300354004 8.405275344848633 0
of 0 126 2 1.5394043922424316 4.520853042602539 3.8844223022460938
a 0 127 1 4.198974132537842 7.445321083068848 0
horror 0 128 6 11.053243637084961 9.703853607177734 0
film 0 129 4 1.8300962448120117 5.8343987464904785 3.869454860687256
— 0 130 1 8.98836612701416 6.428823471069336 0
and 0 131 3 4.871240615844727 6.226901531219482 0.20192193984985352
realize 0 132 7 12.094237327575684 7.627634048461914 0
that 0 133 4 0.7832723259925842 3.113236904144287 4.514397144317627
the 0 134 3 1.8566737174987793 4.764927387237549 0
production 0 135 10 9.912275314331055 9.325244903564453 0
is 0 136 2 3.6097562313079834 5.568155288696289 3.757089614868164
based 0 137 5 5.148072242736816 8.03936767578125 0
on 0 138 2 0.1675112545490265 0.9532330632209778 7.086134612560272
a 0 139 1 3.15281343460083 4.503226280212402 0
case 0 140 4 9.580965042114258 9.315813064575195 0
<unk> 0 141 5 5.330368518829346 5.465125560760498 3.8506875038146973
solved 0 142 6 19.30103302001953 8.284832000732422 0
several 0 143 7 10.486465454101562 6.121419906616211 2.163412094116211
years 0 144 5 3.584630250930786 7.323156833648682 0
earlier 0 145 7 1.8067452907562256 3.295966386795044 4.027190446853638
. 0 146 1 0.5575484037399292 2.1405811309814453 1.1553852558135986
<eos> 0 147 5 0.02667793072760105 0.13423749804496765 2.0063436329364777
" 0 148 1 10.322885513305664 4.890874862670898 0
... 0 149 3 9.855992317199707 6.599327564239502 0
<unk> 0 150 5 3.187540292739868 6.461938381195068 0.1373891830444336
<unk> 0 151 5 1.7594857215881348 5.342135429382324 1.1198029518127441
<unk> 0 152 5 2.403867721557617 4.238065242767334 1.1040701866149902
" 0 153 1 0.9225067496299744 3.6176486015319824 0.6204166412353516
proved 0 154 6 11.554024696350098 4.142029285430908 0
a 0 155 1 4.131373882293701 5.350200176239014 0
difficult 0 156 9 7.270130634307861 8.276577949523926 0
episode 0 157 7 3.337404489517212 7.602660179138184 0.6739177703857422
to 0 158 2 4.14330530166626 4.383179187774658 3.2194809913635254
produce 0 159 7 7.804690837860107 7.217480182647705 0
, 0 160 1 4.296792507171631 5.696752548217773 1.5207276344299316
with 0 161 4 5.3717942237854 4.85160493850708 0.8451476097106934
filming 0 162 7 11.243024826049805 4.958979606628418 0
requiring 0 163 9 11.50039291381836 7.568464756011963 0
a 0 164 1 2.872626304626465 5.421096324920654 2.1473684310913086
large 0 165 5 6.767818450927734 8.806103706359863 0
number 0 166 6 3.223360776901245 6.615510940551758 2.1905927658081055
of 0 167 2 0.05737057700753212 0.44614988565444946 6.169361054897308
shots 0 168 5 8.731560707092285 7.660828113555908 0
to 0 169 2 3.2328267097473145 5.089523792266846 2.5713043212890625
be 0 170 2 1.0585187673568726 5.028419494628906 0.06110429763793945
completed 0 171 9 6.9801483154296875 7.076486110687256 0
and 0 172 3 4.268411159515381 3.593195676803589 3.483290433883667
the 0 173 3 2.8674943447113037 8.519797325134277 0
script 0 174 6 5.229010105133057 7.69869327545166 0.8211040496826172
to 0 175 2 6.4257917404174805 5.941549301147461 1.7571439743041992
be 0 176 2 1.2260160446166992 5.453244686126709 0.48830461502075195
adjusted 0 177 8 10.687932014465332 8.208417892456055 0
on 0 178 2 6.14225435256958 3.893730878829956 4.314687013626099
short 0 179 5 11.42918872833252 5.434999942779541 0
notice 0 180 6 4.539329528808594 6.695765972137451 0
. 0 181 1 0.659389853477478 2.9437506198883057 3.7520153522491455
<eos> 0 182 5 0.05850443243980408 0.24308040738105774 2.700670212507248
<unk> 0 183 5 3.0066654682159424 5.467859745025635 0
has 0 184 3 7.43791389465332 6.351860523223877 0
evoked 0 185 6 16.707263946533203 6.560741424560547 0
mixed 0 186 5 10.028595924377441 5.742400169372559 0.8183412551879883
responses 0 187 9 5.337639808654785 5.387150287628174 0.35524988174438477
from 0 188 4 1.1196125745773315 3.358280658721924 2.02886962890625
critics 0 189 7 3.5038933753967285 5.767064571380615 0
, 0 190 1 1.583387851715088 3.871521472930908 1.895543098449707
although 0 191 8 5.911501884460449 4.856697082519531 0
the 0 192 3 2.376397132873535 4.939211845397949 0
guest 0 193 5 9.925658226013184 7.293122291564941 0
appearances 0 194 11 4.754171371459961 5.350836753845215 1.9422855377197266
by 0 195 2 7.073782444000244 4.844074249267578 0.5067625045776367
the 0 196 3 3.5500659942626953 3.2961883544921875 1.5478858947753906
members 0 197 7 10.51600456237793 7.440116882324219 0
of 0 198 2 1.5704768896102905 5.63090181350708 1.8092150688171387
<unk> 0 199 5 4.085940361022949 1.6077980995178223 4.023103713989258
have 0 200 4 4.959312438964844 5.8191423416137695 0
been 0 201 4 1.3238646984100342 5.5277323722839355 0.291409969329834
more 0 202 4 9.148212432861328 7.307595252990723 0
universally 0 203 11 11.551445960998535 7.709918975830078 0
criticized 0 204 10 3.54437255859375 5.295344352722168 2.41457462310791
. 0 205 1 1.1081185340881348 2.8825268745422363 2.4128174781799316
<eos> 0 206 5 0.010467665269970894 0.062362901866436005 2.8201639726758003
= 0 207 1 2.992016553878784 4.269570827484131 0
= 0 208 1 0.2777891159057617 1.2958955764770508 2.97367525100708
<unk> 0 209 5 10.383886337280273 1.8820315599441528 0
= 0 210 1 1.8006954193115234 6.007848739624023 0
= 0 211 1 0.0007511965814046562 0.0094913886860013 5.998357350938022
<eos> 0 212 5 17.777896881103516 4.509407997131348 0
<unk> 0 213 5 2.4439876079559326 6.389328956604004 0
<unk> 0 214 5 1.9533308744430542 5.809476852416992 0.5798521041870117
of 0 215 2 5.056771278381348 5.140463829040527 0.6690130233764648
<unk> 0 216 5 2.2224972248077393 2.1485047340393066 2.9919590950012207
agents 0 217 6 15.698394775390625 7.085717678070068 0
<unk> 0 218 5 2.1792855262756348 6.840625286102295 0.24509239196777344
<unk> 0 219 5 0.45310279726982117 2.7812981605529785 4.059327125549316
( 0 220 1 4.05155086517334 3.7331957817077637 0
<unk> 0 221 5 0.4075080454349518 2.8276922702789307 0.905503511428833
<unk> 0 222 5 0.6194375157356262 1.96194589138031 0.8657463788986206
) 0 223 1 0.18898823857307434 0.9228526949882507 1.0390931963920593
and 0 224 3 1.0058082342147827 2.9605371952056885 0
<unk> 0 225 5 0.27142155170440674 1.7853180170059204 1.175219178199768
<unk> 0 226 5 0.279016375541687 1.8517731428146362 0
( 0 227 1 0.20001718401908875 1.2034491300582886 0.6483240127563477
<unk> 0 228 5 0.1282881200313568 1.1323230266571045 0.07112610340118408
<unk> 0 229 5 0.32741105556488037 1.4861092567443848 0
) 0 230 1 0.07669606059789658 0.4327978789806366 1.0533113777637482
travel 0 231 6 8.685718536376953 6.773191452026367 0
to 0 232 2 1.1910637617111206 4.205731391906738 2.567460060119629
<unk> 0 233 5 0.9147852659225464 3.4657561779022217 0.7399752140045166
<unk> 0 234 5 4.297334671020508 4.722675323486328 0
, 0 235 1 2.5576324462890625 4.584712028503418 0.13796329498291016
<unk> 0 236 5 1.252700924873352 4.274852752685547 0.3098592758178711
<unk> 0 237 5 1.9876075983047485 4.334085941314697 0
to 0 238 2 5.386727809906006 3.289062261581421 1.0450236797332764
investigate 0 239 11 5.354293346405029 7.4293060302734375 0
the 0 240 3 1.7218023538589478 5.348445415496826 2.0808606147766113
deaths 0 241 6 7.217747211456299 9.543001174926758 0
of 0 242 2 0.4201027452945709 1.9740593433380127 7.568941831588745
film 0 243 4 12.95010757446289 4.100261211395264 0
director 0 244 8 4.260348796844482 7.177266597747803 0
<unk> 0 245 5 0.23177753388881683 1.4389959573745728 5.73827064037323
<unk> 0 246 5 0.15285824239253998 1.2653765678405762 0.17361938953399658
( 0 247 1 3.3506898880004883 3.1033241748809814 0
<unk> 0 248 5 0.3693843483924866 2.6511404514312744 0.45218372344970703
<unk> 0 249 5 0.22072386741638184 1.430930733680725 1.2202097177505493
) 0 250 1 0.04253609478473663 0.27566203474998474 1.1552686989307404
and 0 251 3 1.5737595558166504 2.4642333984375 0
<unk> 0 252 5 1.1443064212799072 5.414496898651123 0
<unk> 0 253 5 0.9521812796592712 3.3793976306915283 2.0350992679595947
, 0 254 1 6.580545902252197 0.6863199472427368 2.6930776834487915
the 0 255 3 3.21289324760437 4.499044895172119 0
leading 0 256 7 7.764904022216797 8.13998794555664 0
actress 0 257 7 6.543160915374756 7.9261250495910645 0.21386289596557617
in 0 258 2 3.132885456085205 3.4673354625701904 4.458789587020874
his 0 259 3 6.525538921356201 2.601496934890747 0.8658385276794434
newest 0 260 6 13.398100852966309 7.683681964874268 0
film 0 261 4 4.184622764587402 7.552322864532471 0.13135910034179688
. 0 262 1 1.4612789154052734 4.502778053283691 3.0495448112487793
<eos> 0 263 5 0.03485335409641266 0.1642279475927353 4.338550105690956
<unk> 0 264 5 1.836267113685608 4.918064594268799 0
the 0 265 3 9.328495025634766 6.476617336273193 0
local 0 266 5 11.967647552490234 8.341163635253906 0
sheriff 0 267 7 7.872544288635254 9.172584533691406 0
guides 0 268 6 17.161287307739258 4.862113952636719 4.3104705810546875
<unk> 0 269 5 1.4542467594146729 4.9105939865112305 0
and 0 270 3 3.2459042072296143 4.915598392486572 0
<unk> 0 271 5 1.1108276844024658 5.502081394195557 0
through 0 272 7 9.054014205932617 5.857680320739746 0
the 0 273 3 2.097654342651367 5.40302848815918 0.4546518325805664
murder 0 274 6 8.773181915283203 9.907439231872559 0
scene 0 275 5 6.782530784606934 2.538179874420166 7.369259357452393
, 0 276 1 1.7537882328033447 3.855994462966919 0
<unk> 0 277 5 5.5869059562683105 5.324717044830322 0
realizes 0 278 8 10.809432029724121 6.810769081115723 0
that 0 279 4 0.8928417563438416 3.330918073654175 3.479851007461548
the 0 280 3 2.4369969367980957 4.243109703063965 0
film 0 281 4 6.895878314971924 9.519977569580078 0
is 0 282 2 2.373851776123047 5.249020576477051 4.270956993103027
based 0 283 5 5.721617698669434 7.480190753936768 0
on 0 284 2 0.1334061175584793 0.8177971839904785 6.662393569946289
a 0 285 1 2.9425253868103027 4.363755226135254 0
real 0 286 4 6.972319602966309 9.369172096252441 0
murder 0 287 6 8.909485816955566 6.495043754577637 2.8741283416748047
case 0 288 4 6.0474700927734375 5.911208629608154 0.5838351249694824
he 0 289 2 10.26274585723877 4.73600959777832 1.175199031829834
investigated 0 290 12 11.370738983154297 7.213011741638184 0
thirteen 0 291 8 17.40288734436035 4.917258262634277 2.2957534790039062
years 0 292 5 0.7975949048995972 2.8242075443267822 2.093050718307495
previously 0 293 10 6.0344719886779785 2.9908437728881836 0
; 0 294 1 6.2904486656188965 2.3034250736236572 0.6874186992645264
he 0 295 2 2.6365602016448975 5.0747599601745605 0
is 0 296 2 3.351102590560913 7.348881721496582 0
shocked 0 297 7 7.697935104370117 8.49951457977295 0
to 0 298 2 2.1591691970825195 3.4116082191467285 5.087906360626221
learn 0 299 5 2.867924928665161 3.3791067600250244 0.0325014591217041
that 0 300 4 0.5947792530059814 2.7745978832244873 0.6045088768005371
the 0 301 3 2.684588670730591 4.065221786499023 0
true 0 302 4 9.160917282104492 9.325050354003906 0
story 0 303 5 5.60214376449585 9.306570053100586 0.018480300903320312
is 0 304 2 2.512991189956665 4.933891773223877 4.372678279876709
being 0 305 5 6.106797218322754 7.684191703796387 0
<unk> 0 306 5 6.073076248168945 8.53125286102295 0
for 0 307 3 5.681994438171387 5.516401767730713 3.0148510932922363
the 0 308 3 2.0827457904815674 6.415449619293213 0
screen 0 309 6 12.93420124053955 8.904983520507812 0
. 0 310 1 1.333715796470642 4.757364749908447 4.147618770599365
<eos> 0 311 5 0.04079153761267662 0.18457211554050446 4.572792634367943
<unk> 0 312 5 1.871396780014038 4.930549144744873 0
pair 0 313 4 20.682462692260742 6.7461018562316895 0
interview 0 314 9 15.406871795654297 5.305090427398682 1.4410114288330078
the 0 315 3 5.722880840301514 6.77351188659668 0
cast 0 316 4 7.646274566650391 8.400322914123535 0
and 0 317 3 3.2399659156799316 5.948091506958008 2.4522314071655273
crew 0 318 4 0.7825471758842468 4.733757495880127 1.2143340110778809
as 0 319 2 6.27452278137207 7.377974033355713 0
suspects 0 320 8 13.988743782043457 5.551914215087891 1.8260598182678223
, 0 321 1 2.474764347076416 5.635942459106445 0
discovering 0 322 11 11.787358283996582 5.765298843383789 0
that 0 323 4 1.1447137594223022 3.9158716201782227 1.8494272232055664
many 0 324 4 9.472333908081055 4.572746753692627 0
would 0 325 5 10.26859188079834 5.374331951141357 0
benefit 0 326 7 12.490791320800781 6.737481117248535 0
from 0 327 4 1.9443821907043457 5.262847423553467 1.4746336936950684
either 0 328 6 10.592634201049805 5.893941879272461 0
of 0 329 2 4.925376892089844 8.455057144165039 0
the 0 330 3 1.4246740341186523 2.6960108280181885 5.759046316146851
deaths 0 331 6 8.146827697753906 8.747724533081055 0
— 0 332 1 8.95020580291748 4.505716323852539 4.242008209228516
producer 0 333 8 16.196439743041992 6.104007720947266 0
<unk> 0 334 5 0.42114144563674927 2.109720468521118 3.9942872524261475
<unk> 0 335 5 0.29673057794570923 2.265872001647949 0
had 0 336 3 4.719539642333984 5.190008640289307 0
been 0 337 4 3.3304412364959717 7.794280052185059 0
having 0 338 6 9.983885765075684 8.797863006591797 0
an 0 339 2 5.175533294677734 7.1602911949157715 1.6375718116760254
affair 0 340 6 2.220733642578125 7.408291816711426 0
with 0 341 4 0.6381822228431702 2.721914768218994 4.686377048492432
<unk> 0 342 5 1.0730700492858887 3.90527606010437 0
; 0 343 1 6.1872782707214355 4.301424980163574 0
<unk> 0 344 5 2.0353238582611084 5.490357398986816 0
<unk> 0 345 5 2.3984081745147705 6.339725017547607 0
replaced 0 346 8 10.946308135986328 5.406103610992432 0.9336214065551758
<unk> 0 347 5 0.8834349513053894 2.963059425354004 2.4430441856384277
as 0 348 2 2.342012882232666 3.8600707054138184 0
director 0 349 8 5.464195728302002 4.9325690269470215 0
; 0 350 1 6.030965328216553 3.4103405475616455 1.522228479385376
<unk> 0 351 5 1.511653184890747 4.671413421630859 0
<unk> 0 352 5 1.6996495723724365 5.703134536743164 0
and 0 353 3 4.612932205200195 4.975137233734131 0.7279973030090332
<unk> 0 354 5 0.2591021656990051 1.7883632183074951 3.1867740154266357
<unk> 0 355 5 0.22963400185108185 1.8376352787017822 0
, 0 356 1 2.6439731121063232 5.7363057136535645 0
whose 0 357 5 7.859803676605225 5.110856533050537 0.6254491806030273
roles 0 358 5 6.452498912811279 8.9518404006958 0
in 0 359 2 4.199956893920898 4.783294677734375 4.168545722961426
the 0 360 3 0.612442672252655 3.1302080154418945 1.6530866622924805
film 0 361 4 1.5205496549606323 4.927539348602295 0
will 0 362 4 9.790877342224121 4.623530864715576 0.30400848388671875
expand 0 363 6 11.608596801757812 5.509239196777344 0
without 0 364 7 11.231416702270508 5.498005390167236 0.011233806610107422
<unk> 0 365 5 3.494882822036743 8.362854957580566 0
; 0 366 1 7.113836765289307 5.409682273864746 2.9531726837158203
and 0 367 3 3.6288063526153564 5.580580234527588 0
<unk> 0 368 5 1.5659226179122925 6.140640735626221 0
<unk> 0 369 5 1.249009609222412 5.030353546142578 1.1102871894836426
, 0 370 1 2.4567859172821045 5.649908542633057 0
a 0 371 1 3.9782090187072754 4.75164270401001 0.8982658386230469
method 0 372 6 16.299253463745117 7.929605484008789 0
actor 0 373 5 9.50974178314209 5.8977370262146 2.0318684577941895
<unk> 0 374 5 5.188546180725098 4.923476219177246 0.9742608070373535
the 0 375 3 9.952110290527344 4.2348785400390625 0.6885976791381836
opportunity 0 376 11 9.128093719482422 7.369192600250244 0
to 0 377 2 0.3471902906894684 1.528293490409851 5.840899109840393
meet 0 378 4 8.60213851928711 7.8567352294921875 0
<unk> 0 379 5 2.3572726249694824 4.987356185913086 2.8693790435791016
, 0 380 1 3.851821184158325 4.466049671173096 0.5213065147399902
whose 0 381 5 8.185527801513672 6.2198076248168945 0
role 0 382 4 5.3981404304504395 9.56979751586914 0
he 0 383 2 7.249711036682129 4.982027053833008 4.587770462036133
plays 0 384 5 8.107874870300293 6.662683486938477 0
. 0 385 1 4.050290584564209 5.0180182456970215 1.644665241241455
<eos> 0 386 5 0.022754017263650894 0.11774486303329468 4.900273382663727
<unk> 0 387 5 1.609174370765686 4.7084832191467285 0
questioned 0 388 10 13.266776084899902 6.127353668212891 0
is 0 389 2 15.34925365447998 3.6064891815185547 2.520864486694336
<unk> 0 390 5 5.692829132080078 7.475285530090332 0
<unk> 0 391 5 2.7819018363952637 5.402550220489502 2.07273530960083
, 0 392 1 1.9158838987350464 5.441008567810059 0
the 0 393 3 4.455155372619629 5.028054237365723 0.41295433044433594
man 0 394 3 8.223916053771973 7.754664897918701 0
whose 0 395 5 8.129302978515625 4.281096935272217 3.4735679626464844
partner 0 396 7 8.511198997497559 9.130547523498535 0
was 0 397 3 2.345703125 5.038691520690918 4.091856002807617
murdered 0 398 8 7.716195583343506 8.041363716125488 0
in 0 399 2 2.721285581588745 4.134810447692871 3.906553268432617
the 0 400 3 1.5143431425094604 3.7594873905181885 0.3753230571746826
earlier 0 401 7 9.255106925964355 7.427258014678955 0
case 0 402 4 8.240459442138672 6.561992645263672 0.8652653694152832
and 0 403 3 4.405507564544678 3.4179515838623047 3.144041061401367
who 0 404 3 9.460892677307129 7.257564067840576 0
is 0 405 2 3.6624269485473633 5.820312023162842 1.4372520446777344
campaigning 0 406 11 17.40045166015625 8.161578178405762 0
against 0 407 7 4.836397171020508 4.365530967712402 3.7960472106933594
what 0 408 4 10.510905265808105 4.448659896850586 0
he 0 409 2 1.0701558589935303 3.9878220558166504 0.46083784103393555
sees 0 410 4 6.1959943771362305 6.200469017028809 0
as 0 411 2 0.6348085999488831 2.7928454875946045 3.407623529434204
a 0 412 1 1.7026393413543701 4.526613712310791 0
disrespectful 0 413 13 13.431685447692871 9.241690635681152 0
production 0 414 10 11.505535125732422 8.670303344726562 0.5713872909545898
. 0 415 1 0.7216254472732544 2.9671502113342285 5.703153133392334
<eos> 0 416 5 0.012556172907352448 0.07212311774492264 2.895027093589306
<unk> 0 417 5 1.5291417837142944 4.663017749786377 0
production 0 418 10 14.864974021911621 6.187631607055664 0
continues 0 419 9 9.281466484069824 7.340034008026123 0
, 0 420 1 4.074923992156982 4.475569248199463 2.86446475982666
and 0 421 3 2.361292839050293 5.465571880340576 0
after 0 422 5 7.1395087242126465 6.6029276847839355 0
the 0 423 3 2.1603524684906006 6.212912559509277 0.3900151252746582
filming 0 424 7 7.364542007446289 8.028719902038574 0
of 0 425 2 0.5325820446014404 2.7275171279907227 5.301202774047852
a 0 426 1 4.974878787994385 3.380739212036133 0
pool 0 427 4 12.901915550231934 8.405896186828613 0
scene 0 428 5 6.018360614776611 6.296111583709717 2.1097846031188965
the 0 429 3 8.953514099121094 3.821476697921753 2.474634885787964
crew 0 430 4 6.915473461151123 7.948033809661865 0
gather 0 431 6 15.721343994140625 8.216241836547852 0
in 0 432 2 5.762929439544678 6.5735883712768555 1.642653465270996
catering 0 433 8 17.146989822387695 5.54998254776001 1.0236058235168457
; 0 434 1 8.360082626342773 3.2162928581237793 2.3336896896362305
<unk> 0 435 5 2.220945358276367 5.4677042961120605 0
discovers 0 436 9 8.991408348083496 7.027495384216309 0
a 0 437 1 4.5246500968933105 3.231487989425659 3.7960073947906494
severed 0 438 7 14.322027206420898 10.030903816223145 0
finger 0 439 6 9.304117202758789 9.019065856933594 1.0118379592895508
in 0 440 2 3.7260427474975586 5.4435882568359375 3.5754776000976562
his 0 441 3 2.922421455383301 4.155574798583984 1.2880134582519531
sandwich 0 442 8 18.23925018310547 7.918317794799805 0
, 0 443 1 1.9275732040405273 5.006892681121826 2.9114251136779785
recognizing 0 444 11 15.94843864440918 5.136648178100586 0
from 0 445 4 11.737266540527344 4.409427165985107 0.7272210121154785
its 0 446 3 9.019876480102539 4.642504692077637 0
ring 0 447 4 15.162033081054688 10.46696662902832 0
that 0 448 4 4.0173563957214355 6.813683032989502 3.6532835960388184
it 0 449 2 4.083487510681152 5.663825035095215 1.149857997894287
belonged 0 450 8 10.909599304199219 5.299307346343994 0.3645176887512207
to 0 451 2 0.11353886127471924 0.8540777564048767 4.445229589939117
<unk> 0 452 5 1.854006052017212 4.500150680541992 0
. 0 453 1 2.022916316986084 4.480896949768066 0.01925373077392578
<eos> 0 454 5 0.024140864610671997 0.12361245602369308 4.357284493744373
<unk> 0 455 5 1.8380612134933472 4.983917713165283 0
the 0 456 3 9.561968803405762 6.73011589050293 0
sheriff 0 457 7 9.859513282775879 9.454545021057129 0
shuts 0 458 5 17.574493408203125 5.918939113616943 3.5356059074401855
down 0 459 4 1.4924296140670776 3.9469563961029053 1.971982717514038
production 0 460 10 14.865423202514648 5.2597198486328125 0
, 0 461 1 2.9451615810394287 5.459475517272949 0
<unk> 0 462 5 7.231786251068115 5.250357151031494 0.20911836624145508
<unk> 0 463 5 3.7883787155151367 7.500367641448975 0
that 0 464 4 7.255198001861572 7.038817882537842 0.4615497589111328
the 0 465 3 3.691776752471924 5.484277725219727 1.5545401573181152
killer 0 466 6 6.6541314125061035 9.743431091308594 0
may 0 467 3 6.664876461029053 6.899460792541504 2.84397029876709
target 0 468 6 14.585108757019043 6.324573993682861 0.5748867988586426
the 0 469 3 2.241863965988159 5.582695007324219 0.7418789863586426
crew 0 470 4 8.378042221069336 10.118408203125 0
's 0 471 2 5.171266555786133 4.890900135040283 5.227508068084717
hotel 0 472 5 11.440130233764648 10.47981071472168 0
; 0 473 1 6.254903316497803 4.876959323883057 5.602851390838623
he 0 474 2 2.6931588649749756 5.438234329223633 0
and 0 475 3 5.892670154571533 7.492161750793457 0
<unk> 0 476 5 0.5671657919883728 2.664083957672119 4.828077793121338
arrive 0 477 6 6.115701675415039 7.812166213989258 0
to 0 478 2 4.263026237487793 4.4933881759643555 3.3187780380249023
find 0 479 4 3.230088710784912 7.644454002380371 0
the 0 480 3 2.604898691177368 5.323429584503174 2.3210244178771973
body 0 481 4 7.978612422943115 10.119290351867676 0
of 0 482 2 3.089193820953369 6.399036407470703 3.7202539443969727
the 0 483 3 1.4954607486724854 4.554405212402344 1.8446311950683594
film 0 484 4 7.349498271942139 9.580551147460938 0
's 0 485 2 3.3029391765594482 5.653128623962402 3.927422523498535
publicist 0 486 9 15.156537055969238 9.920893669128418 0
hanging 0 487 7 17.240676879882812 3.142587661743164 6.778306007385254
from 0 488 4 5.123897075653076 5.816170692443848 0
a 0 489 1 2.9097111225128174 4.672461986541748 1.1437087059020996
rope 0 490 4 10.791000366210938 9.635807037353516 0
. 0 491 1 2.149893045425415 6.106494903564453 3.5293121337890625
<eos> 0 492 5 0.008571554906666279 0.05293548107147217 6.053559422492981
<unk> 0 493 5 2.1100056171417236 5.542047023773193 0
next 0 494 4 11.650355339050293 7.188661575317383 0
day 0 495 3 7.524130821228027 8.196541786193848 0
, 0 496 1 2.6640195846557617 6.841214656829834 1.3553271293640137
a 0 497 1 4.428524494171143 5.826694965362549 1.0145196914672852
film 0 498 4 7.15948486328125 9.522359848022461 0
extra 0 499 5 15.617544174194336 8.017959594726562 1.5044002532958984
( 0 500 1 7.000859260559082 8.45789623260498 0
<unk> 0 501 5 0.9748842716217041 5.459156036376953 2.9987401962280273
<unk> 0 502 5 2.180142879486084 2.3770182132720947 3.0821378231048584
) 0 503 1 0.5060169696807861 2.2432968616485596 0.13372135162353516
confesses 0 504 9 11.97301959991455 7.215914726257324 0
to 0 505 2 1.5317518711090088 3.883906841278076 3.332007884979248
the 0 506 3 2.006173610687256 3.998323440551758 0
killings 0 507 8 13.781092643737793 9.232272148132324 0
; 0 508 1 7.417490482330322 3.558342456817627 5.673929691314697
<unk> 0 509 5 2.2440378665924072 5.536921501159668 0
<unk> 0 510 5 2.8057193756103516 7.131959438323975 0
holes 0 511 5 17.722829818725586 6.397155284881592 0.7348041534423828
in 0 512 2 2.904130697250366 6.975426197052002 0
his 0 513 3 3.7711102962493896 4.649643421173096 2.3257827758789062
story 0 514 5 8.97433853149414 8.602595329284668 0
and 0 515 3 3.0102179050445557 4.969544410705566 3.6330509185791016
discovers 0 516 9 6.597073078155518 8.936366081237793 0
he 0 517 2 4.446341514587402 3.6623213291168213 5.274044752120972
is 0 518 2 1.5197956562042236 4.7265706062316895 0
not 0 519 3 4.067472457885742 8.208232879638672 0
a 0 520 1 3.585731029510498 8.396445274353027 0
credible 0 521 8 11.588263511657715 9.218147277832031 0
perpetrator 0 522 11 8.974206924438477 7.896331787109375 1.3218154907226562
. 0 523 1 0.7625409364700317 2.634777069091797 5.261554718017578
<eos> 0 524 5 0.013436667621135712 0.07644718140363693 2.55832988768816
<unk> 0 525 5 1.9657011032104492 5.243581295013428 0
, 0 526 1 4.373188495635986 7.059711933135986 0
production 0 527 10 15.819668769836426 5.628070831298828 1.4316411018371582
is 0 528 2 7.2185893058776855 6.753660202026367 0
resumed 0 529 7 13.918192863464355 8.395788192749023 0
— 0 530 1 10.06484603881836 4.2249531745910645 4.170835018157959
and 0 531 3 3.61734676361084 6.625913619995117 0
shortly 0 532 7 10.54162311553955 7.5289506912231445 0
afterwards 0 533 10 2.0278377532958984 1.9416913986206055 5.587259292602539
, 0 534 1 0.9817623496055603 4.42437744140625 0
several 0 535 7 9.9423189163208 7.196602821350098 0
crew 0 536 4 8.549407958984375 8.097528457641602 0
members 0 537 7 0.2271105796098709 1.793792963027954 6.3037354946136475
are 0 538 3 3.945251703262329 7.556452751159668 0
found 0 539 5 4.790567398071289 8.003089904785156 0
with 0 540 4 7.099771022796631 4.974521160125732 3.028568744659424
their 0 541 5 5.07369327545166 5.631487846374512 0
throats 0 542 7 12.090922355651855 9.511320114135742 0
cut 0 543 3 11.658604621887207 4.480157375335693 5.031162738800049
, 0 544 1 5.090701580047607 5.1506123542785645 0
while 0 545 5 4.364875793457031 6.237786769866943 0
<unk> 0 546 5 1.6696033477783203 5.627838611602783 0.6099481582641602
's 0 547 2 4.007007598876953 7.016115188598633 0
body 0 548 4 4.100657939910889 9.701105117797852 0
hangs 0 549 5 8.883158683776855 6.570173263549805 3.130931854248047
nearby 0 550 6 10.202853202819824 5.70357608795166 0.8665971755981445
in 0 551 2 3.1157314777374268 3.8882486820220947 1.8153274059295654
an 0 552 2 5.494189262390137 4.08070707321167 0
apparent 0 553 8 9.51895809173584 7.440622329711914 0
murder 0 554 6 7.863976955413818 9.041573524475098 0
<unk> 0 555 5 4.70906400680542 4.937380313873291 4.104193210601807
suicide 0 556 7 12.029098510742188 7.202729225158691 0
. 0 557 1 1.9676920175552368 6.334921836853027 0.8678073883056641
<eos> 0 558 5 0.0039652809500694275 0.027997927740216255 6.306923909112811
<unk> 0 559 5 2.0635716915130615 5.3933210372924805 0
doubts 0 560 6 15.116325378417969 6.775233745574951 0
that 0 561 4 2.5870249271392822 4.807443618774414 1.967790126800537
<unk> 0 562 5 2.031266450881958 4.4935503005981445 0.31389331817626953
is 0 563 2 2.419295310974121 5.433845520019531 0
the 0 564 3 4.097712516784668 7.938774108886719 0
killer 0 565 6 4.370577335357666 7.870443344116211 0.06833076477050781
, 0 566 1 2.1688222885131836 4.882721424102783 2.9877219200134277
and 0 567 3 1.7073240280151367 3.7275307178497314 1.1551907062530518
while 0 568 5 8.93848705291748 6.544638633728027 0
<unk> 0 569 5 1.8564852476119995 5.54153299331665 1.003105640411377
stays 0 570 5 9.662050247192383 6.74352502822876 0
in 0 571 2 2.33821702003479 5.9104814529418945 0.8330435752868652
the 0 572 3 1.9956191778182983 5.490530967712402 0.4199504852294922
hotel 0 573 5 7.0483717918396 8.424028396606445 0
, 0 574 1 1.1541273593902588 4.555362701416016 3.8686656951904297
he 0 575 2 1.7901771068572998 4.028785228729248 0.5265774726867676
visits 0 576 6 8.50020694732666 7.539261341094971 0
the 0 577 3 2.156731128692627 3.9580156803131104 3.5812456607818604
production 0 578 10 12.660662651062012 9.243992805480957 0
's 0 579 2 6.598502159118652 7.053199291229248 2.190793514251709
climactic 0 580 9 12.005289077758789 10.165873527526855 0
shoot 0 581 5 6.627997875213623 9.048271179199219 1.1176023483276367
, 0 582 1 2.6663942337036133 4.227001190185547 4.821269989013672
set 0 583 3 10.858691215515137 6.710256099700928 0
during 0 584 6 9.213757514953613 4.946011066436768 1.7642450332641602
a 0 585 1 2.4605765342712402 3.5635342597961426 1.382476806640625
performance 0 586 11 9.103078842163086 9.410922050476074 0
by 0 587 2 4.123245716094971 4.752927780151367 4.657994270324707
the 0 588 3 2.5185813903808594 4.8297014236450195 0
band 0 589 4 7.683066368103027 8.6130952835083 0
<unk> 0 590 5 3.7461659908294678 5.297266006469727 3.315829277038574
. 0 591 1 2.341491460800171 5.306626319885254 0
<eos> 0 592 5 0.010976719669997692 0.06540922820568085 5.241217091679573
<unk> 0 593 5 1.747782588005066 5.194603443145752 0
he 0 594 2 12.047904968261719 7.011387348175049 0
looks 0 595 5 8.372231483459473 7.143043518066406 0
around 0 596 6 6.9225053787231445 5.923367500305176 1.2196760177612305
him 0 597 3 5.101400375366211 4.868780612945557 1.0545868873596191
, 0 598 1 1.5846178531646729 4.2690510749816895 0.5997295379638672
the 0 599 3 7.486900329589844 5.265389442443848 0
sheriff 0 600 7 10.012811660766602 9.382192611694336 0
's 0 601 2 2.8793952465057373 6.36890172958374 3.0132908821105957
body 0 602 4 5.862775802612305 8.939009666442871 0
is 0 603 2 4.199428558349609 6.188360691070557 2.7506489753723145
thrown 0 604 6 7.037075996398926 9.428099632263184 0
down 0 605 4 5.206679821014404 4.825966835021973 4.602132797241211
from 0 606 4 5.290887832641602 4.499545574188232 0.32642126083374023
the 0 607 3 1.398660659790039 4.363070964813232 0.136474609375
rafters 0 608 7 10.746262550354004 9.12382984161377 0
; 0 609 1 6.225620269775391 3.693538188934326 5.430291652679443
as 0 610 2 6.957054615020752 5.450870990753174 0
the 0 611 3 2.7631585597991943 4.734732627868652 0.7161383628845215
<unk> 0 612 5 4.12999153137207 9.619749069213867 0
settles 0 613 7 10.360224723815918 9.334756851196289 0.2849922180175781
, 0 614 1 2.7227742671966553 5.110376358032227 4.2243804931640625
<unk> 0 615 5 1.7408772706985474 4.160257339477539 0.9501190185546875
realizes 0 616 8 7.257519245147705 7.75214147567749 0
that 0 617 4 0.9930856823921204 3.3190908432006836 4.433050632476807
horror 0 618 6 17.321290969848633 4.204041481018066 0
films 0 619 5 7.928362846374512 6.422584533691406 0
end 0 620 3 13.823420524597168 6.377039432525635 0.045545101165771484
with 0 621 4 3.203329563140869 4.298023700714111 2.0790157318115234
the 0 622 3 2.3379335403442383 5.544135093688965 0
leading 0 623 7 11.07119083404541 10.207077980041504 0
lady 0 624 4 7.965228080749512 8.347979545593262 1.8590984344482422
being 0 625 5 5.966503143310547 5.803717613220215 2.544261932373047
targeted 0 626 8 11.857461929321289 8.710283279418945 0
— 0 627 1 10.428553581237793 3.785508155822754 4.924775123596191
the 0 628 3 3.500181198120117 6.98176383972168 0
killer 0 629 6 7.0250372886657715 9.856816291809082 0
is 0 630 2 2.9485023021698 7.095153331756592 2.7616629600524902
after 0 631 5 12.863638877868652 9.070489883422852 0
<unk> 0 632 5 3.0737812519073486 7.328061103820801 1.7424287796020508
. 0 633 1 2.4497745037078857 6.310057163238525 1.0180039405822754
<eos> 0 634 5 0.012352590449154377 0.07137659192085266 6.238680571317673
<unk> 0 635 5 1.9983503818511963 5.404723167419434 0
back 0 636 4 14.421686172485352 7.192910671234131 0
to 0 637 2 1.8415021896362305 4.390204906463623 2.802705764770508
her 0 638 3 6.061188697814941 3.488895893096924 0.9013090133666992
hotel 0 639 5 8.111656188964844 8.787490844726562 0
, 0 640 1 2.321211338043213 4.76566743850708 4.021823406219482
<unk> 0 641 5 3.4755711555480957 6.043086528778076 0
discover 0 642 8 14.22673225402832 6.62453556060791 0
<unk> 0 643 5 3.6223535537719727 4.338881492614746 2.285654067993164
<unk> 0 644 5 4.310507297515869 5.065037250518799 0
off 0 645 3 10.156188011169434 5.59561824798584 0
a 0 646 1 4.010776996612549 4.839158058166504 0.7564601898193359
chainsaw 0 647 8 13.313185691833496 9.601802825927734 0
<unk> 0 648 5 6.6977033615112305 5.532646656036377 4.069156169891357
wielding 0 649 8 7.192355632781982 7.8709797859191895 0
<unk> 0 650 5 2.8101470470428467 9.275430679321289 0
. 0 651 1 2.5498080253601074 6.439354419708252 2.836076259613037
<eos> 0 652 5 0.0050246561877429485 0.034042950719594955 6.405311468988657
<unk> 0 653 5 1.7566816806793213 5.192805767059326 0
is 0 654 2 3.5035245418548584 7.217283725738525 0
able 0 655 4 5.598470211029053 8.624850273132324 0
to 0 656 2 0.005099034868180752 0.05538223683834076 8.569468036293983
subdue 0 657 6 12.579588890075684 8.316143035888672 0
<unk> 0 658 5 1.6921565532684326 3.7877795696258545 4.528363466262817
after 0 659 5 5.734947204589844 4.237071514129639 0
<unk> 0 660 5 3.4909794330596924 6.488276481628418 0
<unk> 0 661 5 4.3738861083984375 7.599019527435303 0
the 0 662 3 4.663341045379639 6.624078273773193 0.9749412536621094
chainsaw 0 663 8 15.855504035949707 9.875436782836914 0
; 0 664 1 6.772665977478027 6.51741886138916 3.358017921447754
the 0 665 3 3.4079806804656982 5.116960048675537 1.400458812713623
actor 0 666 5 8.071702003479004 9.444281578063965 0
then 0 667 4 5.025298595428467 8.05567741394043 1.3886041641235352
explains 0 668 8 7.865158557891846 8.354766845703125 0
that 0 669 4 1.028043508529663 3.507744312286377 4.847022533416748
he 0 670 2 1.9842188358306885 4.068551063537598 0
lacked 0 671 6 12.902173042297363 6.133062839508057 0
<unk> 0 672 5 3.770480155944824 6.097810745239258 0.03525209426879883
's 0 673 2 1.387608289718628 4.772740364074707 1.3250703811645508
insight 0 674 7 15.023873329162598 9.838521003723145 0
and 0 675 3 3.6070663928985596 3.984436273574829 5.854084730148315
had 0 676 3 5.065125942230225 9.358892440795898 0
to 0 677 2 3.2700092792510986 7.282773971557617 2.0761184692382812
commit 0 678 6 8.385626792907715 7.914998531341553 0
the 0 679 3 4.8689470291137695 3.605292558670044 4.309705972671509
crimes 0 680 6 8.754636764526367 9.426644325256348 0
in 0 681 2 4.481902122497559 4.246710300445557 5.179934024810791
order 0 682 5 4.95117712020874 4.893957614898682 0
to 0 683 2 0.0338902547955513 0.23960508406162262 4.654352530837059
see 0 684 3 7.763855457305908 7.999995708465576 0
through 0 685 7 13.067211151123047 4.97403621673584 3.0259594917297363
the 0 686 3 1.7935301065444946 5.256760120391846 0
eyes 0 687 4 9.388320922851562 10.013322830200195 0
of 0 688 2 1.0490556955337524 2.6441407203674316 7.369182109832764
a 0 689 1 3.374206066131592 4.356125354766846 0
killer 0 690 6 7.779980659484863 8.675436019897461 0
. 0 691 1 1.051573395729065 4.615615367889404 4.059820652008057
<eos> 0 692 5 0.004551385063678026 0.031214050948619843 4.5844013169407845
= 0 693 1 4.273268222808838 5.1415181159973145 0
= 0 694 1 0.005819833371788263 0.053333479911088943 5.0881846360862255
<unk> 0 695 5 10.427133560180664 2.4931864738464355 0
= 0 696 1 1.4422451257705688 6.075885772705078 0
= 0 697 1 0.0006851881043985486 0.008755500428378582 6.0671302722766995
<eos> 0 698 5 18.876604080200195 4.809309005737305 0
" 0 699 1 5.1877546310424805 6.654304504394531 0
... 0 700 3 10.916818618774414 6.9777350425720215 0
<unk> 0 701 5 2.9783473014831543 6.675048828125 0.3026862144470215
<unk> 0 702 5 1.905426025390625 5.029356002807617 1.6456928253173828
<unk> 0 703 5 2.454058885574341 3.9212260246276855 1.1081299781799316
" 0 704 1 0.96180260181427 3.5211195945739746 0.40010643005371094
is 0 705 2 1.4102797508239746 3.865107536315918 0
the 0 706 3 1.7343446016311646 3.0287394523620605 0.8363680839538574
second 0 707 6 2.6283020973205566 5.315232276916504 0
episode 0 708 7 1.5920283794403076 5.089863300323486 0.22536897659301758
of 0 709 2 0.7604770660400391 2.644336223602295 2.4455270767211914
<unk> 0 710 5 3.614541530609131 1.3243931531906128 1.3199430704116821
to 0 711 2 5.233574867248535 4.631623268127441 0
have 0 712 4 4.215611457824707 5.9478535652160645 0
been 0 713 4 2.323255777359009 5.982247352600098 0
written 0 714 7 3.708386182785034 6.918694019317627 0
by 0 715 2 0.9468182325363159 3.1980350017547607 3.720659017562866
<unk> 0 716 5 0.4025109112262726 2.433835029602051 0.76419997215271
<unk> 0 717 5 0.5383938550949097 2.674579620361328 0
<unk> 0 718 5 4.598607063293457 2.8955154418945312 0
, 0 719 1 2.335926055908203 3.536766767501831 0
who 0 720 3 2.765456199645996 4.945767879486084 0
had 0 721 3 2.4990592002868652 5.792269229888916 0
previously 0 722 10 0.9420273303985596 3.9597461223602295 1.8325231075286865
penned 0 723 6 7.772605895996094 4.098206996917725 0
the 0 724 3 1.4533097743988037 4.437334060668945 0
second 0 725 6 6.033199310302734 5.954568862915039 0
season 0 726 6 1.1938621997833252 4.008115291595459 1.94645357131958
episode 0 727 7 2.5335795879364014 3.9943885803222656 0.01372671127319336
" 0 728 1 0.08464572578668594 0.5596475601196289 3.4347410202026367
<unk> 0 729 5 1.4713568687438965 6.606539726257324 0
<unk> 0 730 5 1.882293701171875 4.414666175842285 2.191873550415039
" 0 731 1 0.7521598935127258 2.7132983207702637 1.7013678550720215
, 0 732 1 2.0723605155944824 2.5418474674224854 0.17145085334777832
and 0 733 3 2.9211666584014893 5.436747074127197 0
would 0 734 5 8.494333267211914 6.693978786468506 0
provide 0 735 7 8.864229202270508 5.906649112701416 0.7873296737670898
a 0 736 1 2.2210803031921387 5.855069637298584 0.05157947540283203
further 0 737 7 8.108423233032227 8.482756614685059 0
three 0 738 5 4.238918304443359 6.999068737030029 1.4836878776550293
scripts 0 739 7 6.084608554840088 6.685815334320068 0.31325340270996094
in 0 740 2 4.706350326538086 3.253368616104126 3.4324467182159424
the 0 741 3 1.0896629095077515 4.22688627243042 0
third 0 742 5 5.8319783210754395 5.072896957397461 0
season 0 743 6 0.32726234197616577 1.30039644241333 3.772500514984131
. 0 744 1 0.8629814982414246 2.8667774200439453 0
<eos> 0 745 5 0.044022005051374435 0.196650892496109 2.6701265275478363
<unk> 0 746 5 2.3560991287231445 4.672107696533203 0
episode 0 747 7 13.123214721679688 5.868556976318359 0
was 0 748 3 4.52017068862915 5.743331432342529 0.12522554397583008
directed 0 749 8 3.587921380996704 6.429894924163818 0
by 0 750 2 0.06193295493721962 0.43090271949768066 5.998992204666138
<unk> 0 751 5 0.3443010449409485 2.0016629695892334 0
<unk> 0 752 5 0.1954328864812851 1.479360818862915 0.5223021507263184
<unk> 0 753 5 4.1105475425720215 2.658067464828491 0
, 0 754 1 1.5775625705718994 3.3078269958496094 0
who 0 755 3 2.5712342262268066 4.78312349319458 0
<unk> 0 756 5 6.36607551574707 5.9771037101745605 0
a 0 757 1 7.575596332550049 4.764432430267334 1.2126712799072266
total 0 758 5 7.826940059661865 8.228052139282227 0
of 0 759 2 0.1444268822669983 1.1395924091339111 7.088459730148315
twenty 0 760 6 5.572108745574951 3.7630691528320312 0
<unk> 0 761 5 0.7416497468948364 3.5330796241760254 0.22998952865600586
six 0 762 3 2.719623565673828 3.4036810398101807 0.12939858436584473
episodes 0 763 8 0.38061827421188354 2.314408302307129 1.0892727375030518
across 0 764 6 10.86667251586914 3.6954212188720703 0
all 0 765 3 7.412055969238281 3.0353431701660156 0.6600780487060547
three 0 766 5 2.8198094367980957 5.229944229125977 0
seasons 0 767 7 1.3303862810134888 2.9727888107299805 2.257155418395996
. 0 768 1 0.6299242973327637 2.3539998531341553 0.6187889575958252
<eos> 0 769 5 0.03327662870287895 0.15827807784080505 2.19572177529335
<unk> 0 770 5 2.2885594367980957 4.8221516609191895 0
would 0 771 5 8.016071319580078 5.492629528045654 0
also 0 772 4 3.6211814880371094 6.18049430847168 0
go 0 773 2 6.44285774230957 6.235250473022461 0
on 0 774 2 0.7857404947280884 3.120727062225342 3.114523410797119
to 0 775 2 0.12590782344341278 0.8494673371315002 2.2712597250938416
direct 0 776 6 2.87862491607666 5.826135158538818 0
" 0 777 1 5.968609809875488 4.510004043579102 1.3161311149597168
<unk> 0 778 5 2.5245554447174072 7.565168857574463 0
" 0 779 1 1.3864057064056396 4.971965312957764 2.593203544616699
, 0 780 1 2.048618793487549 4.960449695587158 0.011515617370605469
the 0 781 3 4.126246452331543 5.331534385681152 0
series 0 782 6 6.2465500831604 6.436033725738525 0
' 0 783 1 1.5826008319854736 5.086739540100098 1.3492941856384277
crossover 0 784 9 10.360031127929688 6.388247489929199 0
episode 0 785 7 1.5829668045043945 5.706480503082275 0.6817669868469238
with 0 786 4 6.318645477294922 3.3558335304260254 2.35064697265625
its 0 787 3 6.980456829071045 4.257277965545654 0
sister 0 788 6 7.718534469604492 8.435460090637207 0
show 0 789 4 4.381344795227051 4.382001876831055 4.053458213806152
<unk> 0 790 5 3.4146549701690674 5.195455551147461 0
<unk> 0 791 5 1.5053337812423706 4.204164028167725 0.9912915229797363
<unk> 0 792 5 4.756627559661865 3.229691743850708 0.9744722843170166
<unk> 0 793 5 3.0002248287200928 3.9358091354370117 0
. 0 794 1 1.5269691944122314 3.9044346809387207 0.031374454498291016
<eos> 0 795 5 0.07655564695596695 0.2983734905719757 3.606061190366745
<unk> 0 796 5 2.366894006729126 4.884491443634033 0
episode 0 797 7 13.314752578735352 5.85188627243042 0
features 0 798 8 8.353382110595703 5.739358425140381 0.11252784729003906
guest 0 799 5 4.62451171875 5.788987159729004 0
appearances 0 800 11 0.9413753151893616 2.4879212379455566 3.3010659217834473
by 0 801 2 0.9165079593658447 2.7869389057159424 0
the 0 802 3 6.312566757202148 2.517972230911255 0.2689666748046875
members 0 803 7 9.893399238586426 6.976897716522217 0
of 0 804 2 0.44395047426223755 2.287597179412842 4.689300537109375
the 0 805 3 0.5339579582214355 2.3776512145996094 0
band 0 806 4 10.214268684387207 5.822534561157227 0
<unk> 0 807 5 3.9897634983062744 5.077331066131592 0.7452034950256348
— 0 808 1 9.536590576171875 5.424124240875244 0
<unk> 0 809 5 1.80433189868927 5.882206916809082 0
<unk> 0 810 5 1.0842969417572021 4.453181743621826 1.4290251731872559
, 0 811 1 0.969192385673523 3.1115658283233643 1.341615915298462
<unk> 0 812 5 0.36277055740356445 2.396373987197876 0.7151918411254883
<unk> 0 813 5 0.22761139273643494 1.708775520324707 0.687598466873169
, 0 814 1 0.2974914610385895 0.9936255812644958 0.7151499390602112
<unk> 0 815 5 0.4131656289100647 1.676203727722168 0
<unk> 0 816 5 0.16802291572093964 1.317799687385559 0.3584040403366089
and 0 817 3 2.98922061920166 0.9438872933387756 0.37391239404678345
<unk> 0 818 5 0.17028206586837769 1.3178261518478394 0
<unk> 0 819 5 0.16678477823734283 1.3658366203308105 0
— 0 820 1 1.3012070655822754 2.7289164066314697 0
who 0 821 3 2.992967367172241 6.844409465789795 0
each 0 822 4 9.68836498260498 7.155080795288086 0
portray 0 823 7 9.688565254211426 8.090309143066406 0
both 0 824 4 8.669346809387207 4.438460350036621 3.651848793029785
themselves 0 825 10 9.089020729064941 5.143509387969971 0
and 0 826 3 1.7215216159820557 3.611950635910034 1.5315587520599365
a 0 827 1 5.079888820648193 6.370300769805908 0
small 0 828 5 6.850155830383301 8.703808784484863 0
cameo 0 829 5 8.469893455505371 6.8454108238220215 1.8583979606628418
role 0 830 4 4.447822093963623 5.297112464904785 1.5482983589172363
. 0 831 1 2.027313709259033 3.3611373901367188 1.9359750747680664
<eos> 0 832 5 0.030282706022262573 0.1486520618200302 3.2124853283166885
<unk> 0 833 5 2.1014959812164307 5.097841262817383 0
, 0 834 1 5.136425495147705 5.2126264572143555 0
the 0 835 3 4.3667497634887695 5.288143157958984 0
band 0 836 4 9.946653366088867 7.10483455657959 0
members 0 837 7 5.737628936767578 2.8255727291107178 4.279261827468872
insisted 0 838 8 14.813233375549316 6.10856294631958 0
during 0 839 6 10.898216247558594 2.6747665405273438 3.4337964057922363
filming 0 840 7 5.588200569152832 3.862109899520874 0
that 0 841 4 4.729740142822266 5.301293849945068 0
their 0 842 5 6.236876487731934 5.0244269371032715 0.2768669128417969
roles 0 843 5 6.971067905426025 9.251754760742188 0
be 0 844 2 8.485926628112793 4.87988805770874 4.371866703033447
given 0 845 5 7.66811466217041 9.123261451721191 0
an 0 846 2 6.994832992553711 5.041260242462158 4.082001209259033
equal 0 847 5 8.350177764892578 7.638256072998047 0
amount 0 848 6 2.074744939804077 6.9391984939575195 0.6990575790405273
of 0 849 2 0.47052258253097534 2.000290632247925 4.938907861709595
dialogue 0 850 8 5.703131675720215 8.054059982299805 0
, 0 851 1 2.885396957397461 4.040333271026611 4.013726711273193
which 0 852 5 4.551957130432129 5.902766704559326 0
led 0 853 3 5.973349571228027 6.8033270835876465 0
to 0 854 2 0.17020228505134583 1.18455970287323 5.6187673807144165
<unk> 0 855 5 3.663022756576538 5.15367317199707 0
being 0 856 5 2.681692361831665 6.4752678871154785 0
asked 0 857 5 6.707970142364502 8.874406814575195 0
to 0 858 2 0.9393829107284546 3.362740993499756 5.5116658210754395
amend 0 859 5 14.19991397857666 7.4949212074279785 0
scenes 0 860 6 12.863697052001953 3.5929818153381348 3.9019393920898438
on 0 861 2 4.85877799987793 4.8117265701293945 0
short 0 862 5 12.384346961975098 4.680936336517334 0.13079023361206055
notice 0 863 6 5.325201988220215 6.910421371459961 0
and 0 864 3 4.76054573059082 4.106649875640869 2.803771495819092
fax 0 865 3 12.545782089233398 9.74349594116211 0
updated 0 866 7 16.155406951904297 8.173501968383789 1.5699939727783203
scripts 0 867 7 9.889119148254395 6.020764350891113 2.152737617492676
to 0 868 2 3.234297513961792 3.552521228790283 2.46824312210083
the 0 869 3 2.4980645179748535 7.737419605255127 0
shooting 0 870 8 12.4551362991333 7.587371349334717 0.15004825592041016
locations 0 871 9 8.711371421813965 4.779744625091553 2.807626724243164
; 0 872 1 7.155142784118652 3.036365032196045 1.7433795928955078
ultimately 0 873 10 9.722127914428711 6.309349536895752 0
much 0 874 4 12.054162979125977 3.199439764022827 3.109909772872925
of 0 875 2 1.136902928352356 5.296034336090088 0
this 0 876 4 5.5108113288879395 2.752087116241455 2.543947219848633
additional 0 877 10 13.534004211425781 6.6765289306640625 0
material 0 878 8 4.943719863891602 8.216729164123535 0
was 0 879 3 1.1006284952163696 4.445588111877441 3.7711410522460938
filmed 0 880 6 4.483057975769043 7.471774101257324 0
but 0 881 3 9.913944244384766 4.362189292907715 3.1095848083496094
not 0 882 3 4.895484924316406 7.493279933929443 0
used 0 883 4 7.241882801055908 8.525028228759766 0
in 0 884 2 2.8958921432495117 4.429052829742432 4.095975399017334
the 0 885 3 0.8650231957435608 4.345521450042725 0.08353137969970703
episode 0 886 7 1.9799165725708008 5.799777984619141 0
. 0 887 1 0.5257991552352905 2.3504762649536133 3.4493017196655273
<eos> 0 888 5 0.021862423047423363 0.11360562592744827 2.236870639026165
<unk> 0 889 5 2.322849988937378 5.1523003578186035 0
<unk> 0 890 5 1.987879991531372 6.407759666442871 0
was 0 891 3 3.3904025554656982 5.948758602142334 0.4590010643005371
also 0 892 4 4.105340003967285 7.206325054168701 0
<unk> 0 893 5 6.61110782623291 7.307794094085693 0
towards 0 894 7 10.406993865966797 4.9274210929870605 2.380373001098633
his 0 895 3 4.684771537780762 4.221314907073975 0.7061061859130859
role 0 896 4 6.187692165374756 8.647330284118652 0
, 0 897 1 2.6335525512695312 3.2681689262390137 5.379161357879639
and 0 898 3 1.7101045846939087 4.933033466339111 0
requested 0 899 9 11.136539459228516 6.661365032196045 0
to 0 900 2 4.219499588012695 4.582187652587891 2.0791773796081543
play 0 901 4 5.267812252044678 7.28373908996582 0
a 0 902 1 2.8559811115264893 4.767534255981445 2.516204833984375
" 0 903 1 5.697832107543945 8.321158409118652 0
<unk> 0 904 5 2.6889266967773438 9.350811004638672 0
<unk> 0 905 5 2.3402271270751953 5.026549816131592 4.32426118850708
pound 0 906 5 14.428740501403809 4.5673933029174805 0.45915651321411133
black 0 907 5 11.613570213317871 4.661208152770996 0
man 0 908 3 3.886326313018799 6.766022205352783 0
" 0 909 1 0.4927673637866974 2.6464123725891113 4.119609832763672
instead 0 910 7 7.657205581665039 4.883057117462158 0
, 0 911 1 4.175681114196777 2.194607973098755 2.6884491443634033
wishing 0 912 7 13.459988594055176 6.713525772094727 0
to 0 913 2 0.4885573089122772 2.3720221519470215 4.341503620147705
wear 0 914 4 7.370220184326172 7.73314905166626 0
a 0 915 1 1.8923429250717163 4.838679313659668 2.894469738006592
fat 0 916 3 11.628143310546875 8.794700622558594 0
suit 0 917 4 4.978043079376221 7.776599407196045 1.0181012153625488
like 0 918 4 8.840315818786621 5.053434371948242 2.7231650352478027
those 0 919 5 8.258138656616211 5.46295166015625 0
used 0 920 4 4.945387363433838 6.746404647827148 0
in 0 921 2 2.0805139541625977 3.523810863494873 3.2225937843322754
the 0 922 3 0.9416146874427795 4.5835089683532715 0
<unk> 0 923 5 4.384323596954346 5.982443332672119 0
<unk> 0 924 5 2.9012277126312256 6.950156211853027 0
<unk> 0 925 5 2.9731438159942627 6.522017002105713 0.42813920974731445
film 0 926 4 2.8665807247161865 6.713886260986328 0
<unk> 0 927 5 3.034878730773926 6.2423248291015625 0.4715614318847656
<unk> 0 928 5 2.6734910011291504 4.908078670501709 1.3342461585998535
<unk> 0 929 5 3.315192461013794 3.759873628616333 1.148205041885376
; 0 930 1 7.274042129516602 3.8927090167999268 0
he 0 931 2 3.205763578414917 5.566391944885254 0
was 0 932 3 2.6574153900146484 6.626940727233887 0
eventually 0 933 10 7.325715065002441 7.934762001037598 0
convinced 0 934 9 8.625393867492676 7.861027240753174 0.07373476028442383
that 0 935 4 0.7436997890472412 2.6196978092193604 5.2413294315338135
such 0 936 4 9.313863754272461 4.425959587097168 0
a 0 937 1 1.5817381143569946 6.086061477661133 0
suit 0 938 4 12.22330093383789 8.857619285583496 0
would 0 939 5 1.3484952449798584 3.516826868057251 5.340792417526245
take 0 940 4 6.043591499328613 3.8550379276275635 0
too 0 941 3 9.541720390319824 2.719043493270874 1.1359944343566895
long 0 942 4 1.2544525861740112 2.5972890853881836 0.12175440788269043
to 0 943 2 1.1333765983581543 3.239313840866089 0
fabricate 0 944 9 15.663185119628906 5.989147186279297 0
. 0 945 1 2.350303888320923 5.453710079193115 0.5354371070861816
<eos> 0 946 5 0.05447862669825554 0.2305111438035965 5.223198935389519
<unk> 0 947 5 1.9783040285110474 5.138908863067627 0
has 0 948 3 7.618889331817627 6.522191524505615 0
described 0 949 9 6.337472438812256 6.368579387664795 0.1536121368408203
the 0 950 3 1.0081195831298828 3.4427831172943115 2.9257962703704834
production 0 951 10 6.715174198150635 7.613124370574951 0
" 0 952 1 6.839733600616455 4.156520366668701 3.45660400390625
... 0 953 3 7.896562576293945 8.589668273925781 0
<unk> 0 954 5 4.376152038574219 6.901901721954346 1.6877665519714355
<unk> 0 955 5 1.919199824333191 6.743935585021973 0.15796613693237305
<unk> 0 956 5 2.770798683166504 7.285762786865234 0
" 0 957 1 3.7221930027008057 7.717217922210693 0
as 0 958 2 1.3010447025299072 4.390488147735596 3.3267297744750977
being 0 959 5 5.954136848449707 4.331026554107666 0.05946159362792969
" 0 960 1 1.6095210313796997 5.7647905349731445 0
one 0 961 3 5.4887614250183105 8.120379447937012 0
of 0 962 2 0.2183409184217453 1.762442946434021 6.357936501502991
the 0 963 3 0.32140669226646423 1.7400498390197754 0.022393107414245605
most 0 964 4 1.792393684387207 5.190921306610107 0
<unk> 0 965 5 4.674967288970947 8.432672500610352 0
" 0 966 1 4.326998233795166 8.52286148071289 0
of 0 967 2 4.389082431793213 5.850193500518799 2.672667980194092
the 0 968 3 0.6905584931373596 2.816133975982666 3.034059524536133
series 0 969 6 2.273693084716797 4.4731950759887695 0
' 0 970 1 6.388503551483154 2.66619873046875 1.8069963455200195
run 0 971 3 8.579350471496582 7.9509382247924805 0
, 0 972 1 2.5888423919677734 3.6866958141326904 4.26424241065979
citing 0 973 6 7.587869167327881 5.95567512512207 0
its 0 974 3 5.324027061462402 4.859799861907959 1.0958752632141113
abundance 0 975 9 12.908143043518066 9.431029319763184 0
of 0 976 2 1.5972179174423218 3.772336721420288 5.6586925983428955
stunt 0 977 5 11.146069526672363 8.95730209350586 0
work 0 978 4 7.639817237854004 7.310983657836914 1.6463184356689453
and 0 979 3 3.2181077003479004 3.966107130050659 3.344876527786255
physical 0 980 8 11.170676231384277 9.842097282409668 0
effects 0 981 7 2.9274239540100098 8.696722984313965 1.1453742980957031
as 0 982 2 6.355841636657715 2.745110273361206 5.951612710952759
the 0 983 3 4.210766792297363 5.217273712158203 0
cause 0 984 5 11.684307098388672 8.70295524597168 0
of 0 985 2 0.42661604285240173 2.2525413036346436 6.450413942337036
this 0 986 4 6.4748454093933105 5.839101791381836 0
. 0 987 1 4.95792818069458 8.38579273223877 0
<eos> 0 988 5 0.12122441828250885 0.4116078317165375 7.974184900522232
<unk> 0 989 5 1.836876630783081 4.825372695922852 0
praised 0 990 7 8.229513168334961 5.777246952056885 0
<unk> 0 991 5 2.2176103591918945 2.519040107727051 3.258206844329834
for 0 992 3 3.333681344985962 2.8442184925079346 0
his 0 993 3 3.4198310375213623 5.953368186950684 0
ability 0 994 7 5.7171478271484375 7.416851043701172 0
to 0 995 2 0.05377693474292755 0.3695819079875946 7.047269135713577
direct 0 996 6 9.034661293029785 8.118300437927246 0
the 0 997 3 1.569742202758789 5.634730815887451 2.483569622039795
episode 0 998 7 2.279590129852295 7.025929927825928 0
within 0 999 6 11.936225891113281 4.604321002960205 2.4216089248657227
the 0 1000 3 1.7317099571228027 4.582107067108154 0.02221393585205078
usual 0 1001 5 8.722003936767578 7.7470784187316895 0
time 0 1002 4 5.516432762145996 8.211199760437012 0
constraints 0 1003 11 12.248248100280762 4.588654041290283 3.6225457191467285
, 0 1004 1 1.7379355430603027 3.8843233585357666 0.7043306827545166
as 0 1005 2 5.196291923522949 5.40031623840332 0
he 0 1006 2 1.6992671489715576 4.115356922149658 1.284959316253662
felt 0 1007 4 2.288252592086792 6.4444355964660645 0
the 0 1008 3 3.0589771270751953 3.7449088096618652 2.699526786804199
number 0 1009 6 9.90052604675293 8.357916831970215 0
of 0 1010 2 0.7176988124847412 3.22855806350708 5.129358768463135
shots 0 1011 5 7.578030109405518 7.992679119110107 0
involved 0 1012 8 9.057185173034668 6.6259660720825195 1.366713047027588
was 0 1013 3 3.038111925125122 5.858916282653809 0.7670497894287109
more 0 1014 4 5.369678020477295 7.71312952041626 0
akin 0 1015 4 7.342803478240967 8.614847183227539 0
to 0 1016 2 0.01252036914229393 0.11152669042348862 8.50332049280405
a 0 1017 1 3.6667981147766113 5.539527893066406 0
feature 0 1018 7 8.360021591186523 8.613375663757324 0
film 0 1019 4 1.7697166204452515 5.544371604919434 3.0690040588378906
than 0 1020 4 5.503114700317383 4.790855407714844 0.7535161972045898
a 0 1021 1 4.916487216949463 5.532262802124023 0
television 0 1022 10 6.530655860900879 8.502569198608398 0
episode 0 1023 7 4.555985450744629 5.144565582275391 3.358003616333008
. 0 1024 1 0.6306259632110596 2.8580620288848877 2.286503553390503
<eos> 0 1025 5 0.052329402416944504 0.22301077842712402 2.6350512504577637
<unk> 0 1026 5 1.5104260444641113 4.24714994430542 0
star 0 1027 4 12.339828491210938 5.002622604370117 0
<unk> 0 1028 5 1.2492117881774902 4.821223735809326 0.18139886856079102
<unk> 0 1029 5 0.2435494065284729 1.8460479974746704 2.9751757383346558
, 0 1030 1 3.946016788482666 5.693472385406494 0
who 0 1031 3 1.5995995998382568 4.825653553009033 0.8678188323974609
played 0 1032 6 3.993860960006714 6.152853488922119 0
killer 0 1033 6 15.770442962646484 4.499176979064941 1.6536765098571777
<unk> 0 1034 5 0.854247510433197 4.708552837371826 0
<unk> 0 1035 5 0.7127869129180908 3.634113073348999 1.0744397640228271
, 0 1036 1 1.1339023113250732 3.955796957015991 0
is 0 1037 2 5.120707988739014 6.4279632568359375 0
the 0 1038 3 3.8245363235473633 6.875537395477295 0
husband 0 1039 7 14.983381271362305 6.847236156463623 0.028301239013671875
of 0 1040 2 0.3621871769428253 1.9894856214523315 4.8577505350112915
actress 0 1041 7 10.456033706665039 4.5196027755737305 0
<unk> 0 1042 5 0.15207110345363617 1.190270185470581 3.3293325901031494
<unk> 0 1043 5 0.30287107825279236 2.194377899169922 0
, 0 1044 1 1.7665163278579712 3.163661241531372 0
who 0 1045 3 1.0846656560897827 4.11266565322876 0
starred 0 1046 7 8.282423973083496 6.735781669616699 0
in 0 1047 2 1.1463483572006226 3.348501443862915 3.387280225753784
the 0 1048 3 0.8542447090148926 3.3830459117889404 0
first 0 1049 5 4.749666690826416 6.174837589263916 0
two 0 1050 3 4.744283199310303 4.453734874725342 1.7211027145385742
seasons 0 1051 7 1.663451910018921 3.2296385765075684 1.2240962982177734
of 0 1052 2 1.0542563199996948 3.2050859928131104 0.024552583694458008
<unk> 0 1053 5 3.2604827880859375 2.429422378540039 0.7756636142730713
as 0 1054 2 7.482783317565918 4.933572292327881 0
<unk> 0 1055 5 2.153237819671631 4.892778396606445 0.04079389572143555
's 0 1056 2 3.9739439487457275 4.069890022277832 0.8228883743286133
wife 0 1057 4 5.009640216827393 8.099664688110352 0
<unk> 0 1058 5 3.508664846420288 2.8721818923950195 5.227482795715332
. 0 1059 1 1.5532206296920776 3.627415895462036 0
<eos> 0 1060 5 0.02248702012002468 0.11634030938148499 3.511075586080551
= 0 1061 1 3.110262155532837 4.954092025756836 0
= 0 1062 1 0.06672383844852448 0.44674623012542725 4.507345795631409
<unk> 0 1063 5 10.372474670410156 3.638073444366455 0
and 0 1064 3 5.013500690460205 6.919235706329346 0
reception 0 1065 9 7.772964954376221 5.11154842376709 1.8076872825622559
= 0 1066 1 0.03092673234641552 0.2552295923233032 4.856318831443787
= 0 1067 1 0.0 3.198841659468599e-05 0.25519760390670854
<eos> 0 1068 5 19.44144630432129 4.683826446533203 0
" 0 1069 1 5.129096508026123 6.251510143280029 0
... 0 1070 3 10.190876960754395 5.647706031799316 0.6038041114807129
<unk> 0 1071 5 2.6565966606140137 6.300575256347656 0
<unk> 0 1072 5 1.9823408126831055 4.480514049530029 1.820061206817627
<unk> 0 1073 5 2.546368360519409 3.498061180114746 0.9824528694152832
" 0 1074 1 0.5527303218841553 2.550063371658325 0.9479978084564209
was 0 1075 3 0.9274211525917053 3.447719097137451 0
first 0 1076 5 2.795708656311035 4.144077301025391 0
broadcast 0 1077 9 0.33611464500427246 1.6401429176330566 2.503934383392334
on 0 1078 2 0.6096606254577637 1.583425521850586 0.0567173957824707
the 0 1079 3 1.965002179145813 2.0656378269195557 0
<unk> 0 1080 5 1.984866976737976 2.0440921783447266 0.0215456485748291
network 0 1081 7 1.081176519393921 2.869983196258545 0
on 0 1082 2 0.3710036873817444 1.1827129125595093 1.6872702836990356
<unk> 0 1083 5 0.30339935421943665 1.0532498359680176 0.1294630765914917
<unk> 0 1084 5 0.03291609138250351 0.20241501927375793 0.8508348166942596
, 0 1085 1 0.03429471701383591 0.2036287933588028 0
<unk> 0 1086 5 0.001452865544706583 0.016432220116257668 0.18719657324254513
. 0 1087 1 0.7109404802322388 1.6966218948364258 0
<eos> 0 1088 5 0.040475018322467804 0.183087557554245 1.5135343372821808
<unk> 0 1089 5 4.501370906829834 3.7891712188720703 0
episode 0 1090 7 12.237388610839844 5.466794490814209 0
earned 0 1091 6 9.26220989227295 5.538760662078857 0
a 0 1092 1 1.6581082344055176 3.879418134689331 1.6593425273895264
<unk> 0 1093 5 0.6620726585388184 3.2901623249053955 0.5892558097839355
rating 0 1094 6 1.596494436264038 2.2508533000946045 1.039309024810791
of 0 1095 2 0.03792141005396843 0.2885516881942749 1.9623016119003296
<unk> 0 1096 5 0.01063276082277298 0.10456420481204987 0.18398748338222504
<unk> 0 1097 5 0.05798709765076637 0.4168958067893982 0
<eos> 0 1098 5 4.1275245166616514e-05 0.0005541936261579394 0.41634161316324025
@ 0 1099 1 0.0 1.272665940632578e-05 0.0005414669667516137
<unk> 0 1100 5 0.000982374302111566 0.01170499436557293 0
during 0 1101 6 6.275440692901611 1.601216435432434 0
its 0 1102 3 0.5044897794723511 1.356649398803711 0.24456703662872314
original 0 1103 8 0.436968058347702 1.7905550003051758 0
broadcast 0 1104 9 0.5380717515945435 1.5904433727264404 0.20011162757873535
, 0 1105 1 0.7888748049736023 1.9551668167114258 0
meaning 0 1106 7 2.1066665649414062 3.6496424674987793 0
that 0 1107 4 0.29642656445503235 1.130011796951294 2.5196306705474854
<unk> 0 1108 5 2.8963308334350586 2.789360523223877 0
<unk> 0 1109 5 0.25066259503364563 1.4058678150177002 1.3834927082061768
<eos> 0 1110 5 0.005285994149744511 0.039515331387519836 1.3663524836301804
@ 0 1111 1 0.0 7.051271495583933e-06 0.03950828011602425
<unk> 0 1112 5 0.0001458339102100581 0.002156597562134266 0
percent 0 1113 7 0.12394297868013382 0.5060697793960571 0
of 0 1114 2 0.0007291940855793655 0.008861993439495564 0.49720778595656157
households 0 1115 10 3.868096113204956 0.8662862181663513 0
in 0 1116 2 1.640631914138794 4.375107765197754 0
the 0 1117 3 0.7552322149276733 2.7319769859313965 1.6431307792663574
<unk> 0 1118 5 3.7437376976013184 1.4273406267166138 1.3046363592147827
<unk> 0 1119 5 6.753566265106201 0.9256163835525513 0.5017242431640625
viewed 0 1120 6 3.3515703678131104 4.995182514190674 0
the 0 1121 3 3.142136812210083 5.960845947265625 0
episode 0 1122 7 0.12557774782180786 0.8743096590042114 5.086536288261414
. 0 1123 1 1.8830229043960571 4.120365142822266 0
<eos> 0 1124 5 0.08132446557283401 0.308573454618454 3.8117916882038116
<unk> 0 1125 5 3.4775757789611816 4.205698013305664 0
represented 0 1126 11 14.063140869140625 4.878264427185059 0
approximately 0 1127 13 10.378264427185059 3.42641544342041 1.4518489837646484
<unk> 0 1128 5 0.5541805028915405 2.22426176071167 1.2021536827087402
<unk> 0 1129 5 0.7162458300590515 2.026643991470337 0.197617769241333
<eos> 0 1130 5 0.032789502292871475 0.16462141275405884 1.862022578716278
@ 0 1131 1 0.0 6.7073078753310256e-06 0.1646147054461835
<unk> 0 1132 5 0.00012382218847051263 0.0018539850134402514 0
million 0 1133 7 0.07229864597320557 0.34190329909324646 0
households 0 1134 10 0.7267299890518188 1.619099736213684 0
. 0 1135 1 4.465712547302246 3.5963733196258545 0
<eos> 0 1136 5 0.07167413830757141 0.28115904331207275 3.3152142763137817
" 0 1137 1 8.847460746765137 4.58687686920166 0
... 0 1138 3 9.711979866027832 7.299134731292725 0
<unk> 0 1139 5 2.6660008430480957 6.1601972579956055 1.1389374732971191
<unk> 0 1140 5 1.7854357957839966 4.744577407836914 1.4156198501586914
<unk> 0 1141 5 2.2523412704467773 4.044168949127197 0.7004084587097168
" 0 1142 1 0.739285945892334 2.986839532852173 1.0573294162750244
received 0 1143 8 2.032416820526123 3.5014801025390625 0
mixed 0 1144 5 2.6161890029907227 3.890566825866699 0
reviews 0 1145 7 0.29459381103515625 1.430748462677002 2.4598183631896973
from 0 1146 4 0.16601409018039703 0.8440051674842834 0.5867432951927185
critics 0 1147 7 0.9302968382835388 1.5239719152450562 0
. 0 1148 1 0.9490635991096497 1.943358063697815 0
<eos> 0 1149 5 0.001849175663664937 0.014242719858884811 1.9291153438389301
<unk> 0 1150 5 1.299674391746521 4.006666660308838 0
<unk> 0 1151 5 0.33359965682029724 2.2699813842773438 1.7366852760314941
<eos> 0 1152 5 11.830267906188965 1.9772924184799194 0.2926889657974243
<unk> 0 1153 5 2.600881338119507 4.511789321899414 0
's 0 1154 2 5.267231464385986 4.4222540855407715 0.08953523635864258
<unk> 0 1155 5 0.4246926009654999 3.033885955810547 1.3883681297302246
<unk> 0 1156 5 0.15457801520824432 1.2873475551605225 1.7465384006500244
rated 0 1157 5 3.217498302459717 5.47086238861084 0
the 0 1158 3 0.6847220659255981 2.082185983657837 3.388676404953003
episode 0 1159 7 0.01941341906785965 0.1785733699798584 1.9036126136779785
a 0 1160 1 1.2590121030807495 3.6598992347717285 0
" 0 1161 1 3.5950124263763428 4.249264240264893 0
<unk> 0 1162 5 4.197760581970215 1.695317268371582 2.5539469718933105
" 0 1163 1 0.8257808685302734 2.4358832836151123 0
. 0 1164 1 3.763676643371582 3.9139418601989746 0
<eos> 0 1165 5 0.011414104141294956 0.06647996604442596 3.8474618941545486
<unk> 0 1166 5 1.5806939601898193 3.5100858211517334 0
felt 0 1167 4 5.754996299743652 3.9825870990753174 0
that 0 1168 4 0.43038859963417053 1.682203769683838 2.3003833293914795
the 0 1169 3 1.0624648332595825 3.501351833343506 0
episode 0 1170 7 0.9074685573577881 4.401797771453857 0
's 0 1171 2 3.425687789916992 4.35914945602417 0.0426483154296875
comedic 0 1172 7 10.16962718963623 7.926259994506836 0
slant 0 1173 5 17.184091567993164 7.944459438323975 0
was 0 1174 3 1.3264760971069336 5.08489990234375 2.8595595359802246
necessary 0 1175 9 11.080242156982422 5.899299144744873 0
within 0 1176 6 11.029335021972656 3.6418395042419434 2.2574596405029297
the 0 1177 3 1.0263057947158813 3.81868314743042 0
wider 0 1178 5 9.935121536254883 7.362428665161133 0
series 0 1179 6 3.3773293495178223 7.1875386238098145 0.17489004135131836
, 0 1180 1 1.4938137531280518 3.68672251701355 3.5008161067962646
as 0 1181 2 4.905842304229736 4.683741092681885 0
he 0 1182 2 3.392730712890625 4.365437030792236 0.31830406188964844
considered 0 1183 10 6.256467342376709 6.107019424438477 0
<unk> 0 1184 5 4.514008045196533 3.7533273696899414 2.353692054748535
's 0 1185 2 1.9746524095535278 5.089465618133545 0
dark 0 1186 4 11.878912925720215 8.263419151306152 0
tone 0 1187 4 5.809666156768799 8.381620407104492 0
to 0 1188 2 3.0630688667297363 4.9434285163879395 3.4381918907165527
be 0 1189 2 0.23732507228851318 1.6291279792785645 3.314300537109375
prone 0 1190 5 15.551793098449707 4.205216407775879 0
to 0 1191 2 0.05746693164110184 0.40701422095298767 3.7982021868228912
unintentional 0 1192 13 14.449060440063477 8.142309188842773 0
comedy 0 1193 6 10.348827362060547 10.014053344726562 0
and 0 1194 3 2.779066324234009 3.844759941101074 6.169293403625488
that 0 1195 4 4.783756732940674 9.837841987609863 0
a 0 1196 1 6.124677658081055 5.474343299865723 4.363498687744141
comic 0 1197 5 10.167457580566406 7.91294527053833 0
episode 0 1198 7 9.522339820861816 7.29972505569458 0.61322021484375
provided 0 1199 8 10.084298133850098 6.164685249328613 1.1350398063659668
an 0 1200 2 4.948015213012695 5.901680946350098 0.2630043029785156
outlet 0 1201 6 8.558402061462402 6.766155242919922 0
for 0 1202 3 0.5154114961624146 2.2069873809814453 4.559167861938477
this 0 1203 4 9.019740104675293 5.443999290466309 0
. 0 1204 1 5.131186485290527 4.856093406677246 0.5879058837890625
<eos> 0 1205 5 0.06805561482906342 0.27084991335868835 4.585243493318558
<unk> 0 1206 5 1.2835161685943604 3.926286220550537 0
found 0 1207 5 7.748769283294678 4.2979416847229 0
the 0 1208 3 1.5752180814743042 3.720557689666748 0.5773839950561523
script 0 1209 6 7.566205978393555 4.6662445068359375 0
to 0 1210 2 2.149158477783203 6.049105644226074 0
be 0 1211 2 0.10944714397192001 0.8139410614967346 5.23516458272934
at 0 1212 2 12.074946403503418 4.593477725982666 0
its 0 1213 3 5.255443096160889 4.7978692054748535 0
strongest 0 1214 9 4.8519415855407715 5.666171550750732 0
when 0 1215 4 10.26488208770752 6.471470832824707 0
<unk> 0 1216 5 2.8368306159973145 5.766245365142822 0.7052254676818848
the 0 1217 3 8.048238754272461 7.006954193115234 0
character 0 1218 9 6.785772323608398 8.110371589660645 0
of 0 1219 2 3.1978797912597656 5.8346147537231445 2.2757568359375
<unk> 0 1220 5 0.7798575162887573 3.7661516666412354 2.068463087081909
<unk> 0 1221 5 1.6767910718917847 4.898340225219727 0
, 0 1222 1 1.8637484312057495 4.9984049797058105 0
but 0 1223 3 4.09501838684082 5.666434288024902 0
admitted 0 1224 8 8.288763999938965 6.503149509429932 0
that 0 1225 4 0.5942895412445068 2.4107799530029297 4.092369556427002
it 0 1226 2 2.63226056098938 4.116256237030029 0
" 0 1227 1 2.3362700939178467 3.5936145782470703 0.522641658782959
falls 0 1228 5 10.56076431274414 7.504863739013672 0
apart 0 1229 5 4.229964256286621 5.73547887802124 1.7693848609924316
" 0 1230 1 2.9179182052612305 4.072270393371582 1.6632084846496582
when 0 1231 4 6.471683979034424 3.99700927734375 0.07526111602783203
attempting 0 1232 10 12.451437950134277 4.801907539367676 0
to 0 1233 2 0.15079161524772644 1.0849173069000244 3.7169902324676514
send 0 1234 4 10.23238754272461 8.52892017364502 0
up 0 1235 2 7.758144378662109 5.181906700134277 3.347013473510742
other 0 1236 5 10.024378776550293 5.517874240875244 0
subjects 0 1237 8 9.792926788330078 8.450004577636719 0
; 0 1238 1 6.931004047393799 4.158435821533203 4.291568756103516
he 0 1239 2 3.115875720977783 5.7349324226379395 0
also 0 1240 4 2.509800672531128 6.516407012939453 0
felt 0 1241 4 3.70841646194458 6.530997276306152 0
that 0 1242 4 0.6721659898757935 2.415097713470459 4.115899562835693
the 0 1243 3 1.5435855388641357 4.194695472717285 0
guest 0 1244 5 9.997856140136719 6.132199764251709 0
appearance 0 1245 10 2.833167791366577 6.133688926696777 0
by 0 1246 2 7.592022895812988 4.21699333190918 1.9166955947875977
<unk> 0 1247 5 0.7052527070045471 3.5293891429901123 0.6876041889190674
felt 0 1248 4 9.826835632324219 3.9761362075805664 0
unnecessary 0 1249 11 11.81308650970459 5.214159965515137 0
and 0 1250 3 2.9960973262786865 4.27274227142334 0.9414176940917969
contrived 0 1251 9 11.118929862976074 8.51125717163086 0
. 0 1252 1 1.6848783493041992 4.362689971923828 4.148567199707031
<eos> 0 1253 5 0.08673425763845444 0.3226948082447052 4.039995163679123
<unk> 0 1254 5 1.1652195453643799 4.078756332397461 0
<unk> 0 1255 5 1.0548204183578491 4.606146335601807 0
and 0 1256 3 4.975111484527588 2.3762714862823486 2.229874849319458
<unk> 0 1257 5 0.16378800570964813 1.1835097074508667 1.192761778831482
<unk> 0 1258 5 0.26814159750938416 1.7367448806762695 0
, 0 1259 1 0.8664900064468384 3.3775136470794678 0
in 0 1260 2 1.1526496410369873 4.2127366065979 0
their 0 1261 5 0.5921651124954224 2.211991548538208 2.0007450580596924
book 0 1262 4 0.35958120226860046 1.734457015991211 0.47753453254699707
<unk> 0 1263 5 10.048216819763184 0.27865052223205566 1.4558064937591553
to 0 1264 2 8.431072235107422 4.606621742248535 0
<unk> 0 1265 5 2.769944429397583 3.485884666442871 1.120737075805664
: 0 1266 1 2.247774839401245 3.7384114265441895 0
<unk> 0 1267 5 5.728498458862305 3.5652213096618652 0.17319011688232422
<unk> 0 1268 5 5.229037284851074 4.664608001708984 0
<unk> 0 1269 5 6.382756233215332 3.1447460651397705 1.5198619365692139
to 0 1270 2 10.661381721496582 5.349768161773682 0
<unk> 0 1271 5 1.9850596189498901 4.8162522315979 0.5335159301757812
<unk> 0 1272 5 4.14332914352417 3.791045904159546 1.0252063274383545
<unk> 0 1273 5 8.42092514038086 0.7376759648323059 3.05336993932724
<unk> 0 1274 5 2.8451929092407227 3.8027524948120117 0
, 0 1275 1 2.4137048721313477 3.4071974754333496 0.3955550193786621
<unk> 0 1276 5 6.8046393394470215 6.051822662353516 0
& 0 1277 1 11.620231628417969 4.5721259117126465 1.4796967506408691
<unk> 0 1278 5 0.2043703943490982 1.3587300777435303 3.213395833969116
<unk> 0 1279 5 3.194441556930542 4.4018330574035645 0
<unk> 0 1280 5 3.999006748199463 3.639512777328491 0.7623202800750732
, 0 1281 1 1.961127758026123 4.417099952697754 0
rated 0 1282 5 5.672733783721924 6.167958736419678 0
" 0 1283 1 3.0994713306427 2.2492501735687256 3.918708562850952
... 0 1284 3 8.621054649353027 7.37113094329834 0
<unk> 0 1285 5 2.1961965560913086 6.313235282897949 1.0578956604003906
<unk> 0 1286 5 1.5661592483520508 5.446109771728516 0.8671255111694336
<unk> 0 1287 5 1.983590006828308 4.776677131652832 0.6694326400756836
" 0 1288 1 1.440639615058899 3.887134313583374 0.889542818069458
one 0 1289 3 7.096319198608398 5.139001369476318 0
star 0 1290 4 5.940393447875977 5.251199245452881 0
out 0 1291 3 2.930610418319702 4.443206787109375 0.8079924583435059
of 0 1292 2 0.007391250692307949 0.07410960644483566 4.369097180664539
five 0 1293 4 1.6507664918899536 2.570155143737793 0
. 0 1294 1 2.3685038089752197 2.967042922973633 0
<eos> 0 1295 5 0.044792648404836655 0.19744813442230225 2.7695947885513306
<unk> 0 1296 5 1.2398297786712646 3.8525314331054688 0
felt 0 1297 4 6.006900310516357 4.076432704925537 0
that 0 1298 4 0.4748096764087677 1.793795108795166 2.282637596130371
the 0 1299 3 1.177270770072937 3.67006778717041 0
episode 0 1300 7 0.9093782305717468 4.444602966308594 0
had 0 1301 3 4.848837375640869 4.339766025543213 0.10483694076538086
the 0 1302 3 4.695643901824951 5.47380256652832 0
potential 0 1303 9 4.603745937347412 7.675511360168457 0
to 0 1304 2 0.6900328397750854 3.1174449920654297 4.558066368103027
be 0 1305 2 2.7849385738372803 7.721457004547119 0
much 0 1306 4 9.971871376037598 7.711949825286865 0.009507179260253906
better 0 1307 6 3.4775071144104004 5.283726692199707 2.428223133087158
, 0 1308 1 3.535665988922119 4.1483683586120605 1.1353583335876465
but 0 1309 3 1.5353758335113525 4.265839576721191 0
that 0 1310 4 2.5416078567504883 6.183136940002441 0
" 0 1311 1 3.1568639278411865 3.884997606277466 2.2981393337249756
the 0 1312 3 2.3277013301849365 6.267313480377197 0
whole 0 1313 5 6.6802077293396 8.98878002166748 0
concept 0 1314 7 9.847304344177246 6.940805435180664 2.0479745864868164
drowns 0 1315 6 19.25832748413086 4.582120895385742 2.358684539794922
in 0 1316 2 3.900869131088257 6.5204243659973145 0
<unk> 0 1317 5 4.754273414611816 5.073334217071533 1.4470901489257812
" 0 1318 1 3.6462976932525635 5.2347564697265625 0
. 0 1319 1 0.8890979290008545 2.5770881175994873 2.657668352127075
<eos> 0 1320 5 0.048058755695819855 0.20937274396419525 2.367715373635292
<unk> 0 1321 5 1.1968601942062378 4.035275459289551 0
considered 0 1322 10 8.533231735229492 4.241241931915283 0
the 0 1323 3 0.8886247277259827 2.8476345539093018 1.3936073780059814
episode 0 1324 7 0.8034809231758118 4.229935169219971 0
's 0 1325 2 4.803290843963623 4.122347354888916 0.10758781433105469
characters 0 1326 10 9.004362106323242 7.232295513153076 0
to 0 1327 2 3.7113759517669678 4.612311363220215 2.6199841499328613
too 0 1328 3 17.70524024963379 1.0313835144042969 3.580927848815918
shallow 0 1329 7 10.077707290649414 7.619790554046631 0
and 0 1330 3 2.7802481651306152 4.912659168243408 2.7071313858032227
its 0 1331 3 9.457033157348633 9.411439895629883 0
commentary 0 1332 10 12.844776153564453 9.279111862182617 0.13232803344726562
to 0 1333 2 5.295053005218506 5.824588775634766 3.4545230865478516
be 0 1334 2 3.1259331703186035 6.542552947998047 0
too 0 1335 3 7.298767566680908 7.873320579528809 0
heavy 0 1336 5 8.712821006774902 8.400558471679688 0
<unk> 0 1337 5 6.738483905792236 3.8468973636627197 4.553661108016968
handed 0 1338 6 5.3925323486328125 7.656675338745117 0
to 0 1339 2 4.380458831787109 5.285050392150879 2.3716249465942383
fully 0 1340 5 13.786836624145508 5.9404401779174805 0
execute 0 1341 7 12.770103454589844 8.148385047912598 0
anything 0 1342 8 10.202397346496582 5.202569007873535 2.9458160400390625
meaningful 0 1343 10 14.988250732421875 5.989012241363525 0
; 0 1344 1 6.1296706199646 3.7066683769226074 2.282343864440918
criticism 0 1345 9 12.76900577545166 5.564207553863525 0
was 0 1346 3 2.648791551589966 4.89661169052124 0.6675958633422852
also 0 1347 4 4.756013870239258 7.157580852508545 0
levelled 0 1348 8 8.604085922241211 6.774842262268066 0.3827385902404785
at 0 1349 2 3.2766273021698 4.073060512542725 2.701781749725342
the 0 1350 3 0.8317245244979858 3.6356678009033203 0.4373927116394043
guest 0 1351 5 11.593804359436035 8.300537109375 0
roles 0 1352 5 9.531452178955078 5.12354040145874 3.1769967079162598
by 0 1353 2 6.940739631652832 3.773185968399048 1.3503544330596924
the 0 1354 3 2.3227686882019043 3.7947304248809814 0
members 0 1355 7 11.289480209350586 7.711378574371338 0
of 0 1356 2 0.8209874033927917 3.140868902206421 4.570509672164917
<unk> 0 1357 5 4.22792911529541 1.5192716121673584 1.6215972900390625
. 0 1358 1 2.75056529045105 4.42625617980957 0
<eos> 0 1359 5 0.06472335755825043 0.26464101672172546 4.161615163087845
=========================================================================================
| End of testing | test loss  3.33 | test ppl    27.91
=========================================================================================
