word sentid sentpos wlen surp entropy entred
= 0 0 1 6.093905448913574 6.97152042388916 0
<unk> 0 1 5 3.931290864944458 1.3487905263900757 5.6227298974990845
<unk> 0 2 5 1.2684766054153442 6.006113052368164 0
( 0 3 1 3.9354968070983887 2.820369243621826 3.185743808746338
<unk> 0 4 5 0.5820732712745667 3.92273211479187 0
) 0 5 1 0.7721304893493652 2.65651535987854 1.26621675491333
= 0 6 1 0.005404394585639238 0.0624699592590332 2.594045400619507
<eos> 0 7 5 23.252012252807617 1.0404036045074463 0
= 0 8 1 12.62523078918457 0.8810210227966309 0.15938258171081543
<unk> 0 9 5 0.8726041316986084 1.9172009229660034 0
<unk> 0 10 5 0.5512952208518982 3.2483088970184326 0
( 0 11 1 2.557750701904297 2.98604154586792 0.2622673511505127
<unk> 0 12 5 0.33220309019088745 2.5612967014312744 0.4247448444366455
) 0 13 1 1.3086943626403809 2.899893045425415 0
= 0 14 1 0.010451103560626507 0.11157221347093582 2.788320831954479
<eos> 0 15 5 20.79786491394043 1.4161159992218018 0
<unk> 0 16 5 0.09794209897518158 0.8860684633255005 0.5300475358963013
<unk> 0 17 5 1.4034416675567627 3.3360540866851807 0
was 0 18 3 2.945815086364746 2.3765146732330322 0.9595394134521484
a 0 19 1 0.820659875869751 1.8913958072662354 0.4851188659667969
<unk> 0 20 5 1.087387204170227 5.218976020812988 0
<unk> 0 21 5 0.4523776173591614 2.6229565143585205 2.5960195064544678
hurricane 0 22 9 11.34986400604248 1.530442714691162 1.0925137996673584
that 0 23 4 4.65125846862793 6.280819416046143 0
killed 0 24 6 6.97421407699585 5.864893436431885 0.4159259796142578
four 0 25 4 6.036945819854736 3.4171864986419678 2.447706937789917
people 0 26 6 0.5496207475662231 2.625704526901245 0.7914819717407227
after 0 27 5 7.620713710784912 3.868114709854126 0
brushing 0 28 8 12.719008445739746 5.1259942054748535 0
the 0 29 3 1.1367502212524414 3.607189655303955 1.5188045501708984
western 0 30 7 7.65366268157959 5.916370868682861 0
coast 0 31 5 4.835275650024414 4.505609035491943 1.410761833190918
of 0 32 2 0.06410691887140274 0.4654804766178131 4.04012855887413
<unk> 0 33 5 0.579598069190979 2.0192763805389404 0
in 0 34 2 2.7799413204193115 3.6084840297698975 0
<unk> 0 35 5 0.9713029861450195 2.5716054439544678 1.0368785858154297
<unk> 0 36 5 2.8978898525238037 2.925516366958618 0
. 0 37 1 0.6265259981155396 2.1862633228302 0.739253044128418
<eos> 0 38 5 0.00029440424987114966 0.0027963058091700077 2.18346701702103
<unk> 0 39 5 2.682400941848755 5.071925163269043 0
from 0 40 4 11.245168685913086 4.8852691650390625 0.18665599822998047
an 0 41 2 7.580048561096191 3.268383741378784 1.6168854236602783
area 0 42 4 5.006596565246582 7.206275463104248 0
of 0 43 2 0.2395208775997162 1.6444416046142578 5.56183385848999
disturbed 0 44 9 7.873667240142822 3.862654685974121 0
weather 0 45 7 0.5298221707344055 3.178708553314209 0.6839461326599121
on 0 46 2 6.421008110046387 4.770401954650879 0
<unk> 0 47 5 1.4873706102371216 2.916882276535034 1.8535196781158447
<unk> 0 48 5 1.0023149251937866 3.371821641921997 0
, 0 49 1 0.8139264583587646 2.265066623687744 1.106755018234253
several 0 50 7 11.706252098083496 1.9209439754486084 0.34412264823913574
hundred 0 51 7 6.078110218048096 6.848760604858398 0
miles 0 52 5 2.9208362102508545 5.16528844833374 1.6834721565246582
south 0 53 5 6.8000288009643555 3.6901278495788574 1.4751605987548828
of 0 54 2 0.11389108747243881 0.6772398352622986 3.012888014316559
<unk> 0 55 5 0.6157336831092834 2.073012351989746 0
, 0 56 1 1.141279697418213 3.687598943710327 0
<unk> 0 57 5 1.019917607307434 4.349034786224365 0
gradually 0 58 9 10.736859321594238 3.7363431453704834 0.6126916408538818
intensified 0 59 11 4.464146614074707 6.722355365753174 0
. 0 60 1 2.3479952812194824 3.496311664581299 3.226043701171875
<eos> 0 61 5 0.00033016889938153327 0.0031272084452211857 3.4931844561360776
<unk> 0 62 5 2.424184799194336 5.240026473999023 0
latitude 0 63 8 20.019990921020508 5.603991985321045 0
, 0 64 1 3.5310115814208984 5.574717044830322 0.029274940490722656
the 0 65 3 3.0689024925231934 6.250288486480713 0
system 0 66 6 8.180309295654297 7.379884243011475 0
became 0 67 6 7.198040962219238 5.497560501098633 1.8823237419128418
increasingly 0 68 12 6.081105709075928 6.441892147064209 0
organized 0 69 9 7.819358825683594 8.259346008300781 0
and 0 70 3 2.6571292877197266 4.115768909454346 4.1435770988464355
reached 0 71 7 8.531830787658691 8.842560768127441 0
hurricane 0 72 9 5.810319900512695 3.9982471466064453 4.844313621520996
status 0 73 6 1.4267239570617676 2.430192232131958 1.5680549144744873
on 0 74 2 3.2287416458129883 4.583751678466797 0
the 0 75 3 5.539280414581299 0.6220911741256714 3.9616605043411255
evening 0 76 7 4.991226673126221 5.475840091705322 0
of 0 77 2 0.010789472609758377 0.09970656782388687 5.376133523881435
<unk> 0 78 5 0.08725433796644211 0.4689982235431671 0
<unk> 0 79 5 0.03261616453528404 0.20930223166942596 0.25969599187374115
. 0 80 1 1.3780542612075806 2.118037700653076 0
<eos> 0 81 5 0.0003521774779073894 0.0032893710304051638 2.114748329622671
<unk> 0 82 5 2.9076693058013916 5.22216796875 0
following 0 83 9 12.562928199768066 6.1312103271484375 0
morning 0 84 7 14.23068904876709 3.578218936920166 2.5529913902282715
, 0 85 1 4.426146984100342 7.007528305053711 0
<unk> 0 86 5 2.2538492679595947 6.313413143157959 0.694115161895752
attained 0 87 8 9.829068183898926 6.182116508483887 0.13129663467407227
winds 0 88 5 4.988025188446045 4.754834175109863 1.4272823333740234
of 0 89 2 0.5197288990020752 2.560849189758301 2.1939849853515625
<unk> 0 90 5 0.21256792545318604 1.2203181982040405 1.3405309915542603
mph 0 91 3 0.5802199244499207 1.563805341720581 0
( 0 92 1 0.0034671283792704344 0.03258371353149414 1.531221628189087
<unk> 0 93 5 0.00017059670062735677 0.0024443811271339655 0.030139332404360175
km 0 94 2 0.005181464366614819 0.04114426299929619 0
/ 0 95 1 0.00021461838332470506 0.002458803355693817 0.03868545964360237
h 0 96 1 4.402688500704244e-05 0.000542675144970417 0.0019161282107234001
) 0 97 1 0.012561628594994545 0.07832413911819458 0
as 0 98 2 6.1509318351745605 3.6483707427978516 0
it 0 99 2 3.78987717628479 4.011382102966309 0
passed 0 100 6 3.861670970916748 5.863804817199707 0
roughly 0 101 7 9.952113151550293 5.172267436981201 0.6915373802185059
<unk> 0 102 5 0.9173691868782043 3.8621044158935547 1.3101630210876465
mi 0 103 2 3.133746862411499 3.937220811843872 0
( 0 104 1 0.008491883054375648 0.07979758083820343 3.8574232310056686
<unk> 0 105 5 0.00028890190878883004 0.004144841339439154 0.07565273949876428
km 0 106 2 0.13989198207855225 0.5114763975143433 0
) 0 107 1 0.01020623929798603 0.06173292547464371 0.44974347203969955
of 0 108 2 8.022047996520996 4.922451496124268 0
<unk> 0 109 5 2.4925308227539062 4.645273208618164 0.2771782875061035
. 0 110 1 2.0775201320648193 4.0812811851501465 0.5639920234680176
<eos> 0 111 5 0.0003081600007135421 0.002930701244622469 4.078350483905524
<unk> 0 112 5 2.699596643447876 5.333760738372803 0
to 0 113 2 9.7841215133667 6.322000980377197 0
its 0 114 3 7.345097064971924 5.2093825340271 1.1126184463500977
interaction 0 115 11 13.91342830657959 7.959204196929932 0
with 0 116 4 0.20126917958259583 1.3066105842590332 6.652593612670898
land 0 117 4 10.037325859069824 3.825197458267212 0
, 0 118 1 2.377142906188965 6.188777923583984 0
the 0 119 3 3.0599100589752197 7.449845314025879 0
hurricane 0 120 9 6.554675579071045 8.26496696472168 0
abruptly 0 121 8 12.460693359375 6.957215785980225 1.307751178741455
weakened 0 122 8 2.072335958480835 6.289801597595215 0.6674141883850098
hours 0 123 5 13.021293640136719 5.141637802124023 1.1481637954711914
later 0 124 5 2.097120761871338 3.985255241394043 1.1563825607299805
. 0 125 1 1.7006497383117676 3.160459041595459 0.824796199798584
<eos> 0 126 5 0.00047339056618511677 0.004285798873752356 3.1561732427217066
<unk> 0 127 5 2.7014100551605225 5.580007553100586 0
on 0 128 2 9.52310848236084 6.614426612854004 0
<unk> 0 129 5 0.916824460029602 2.653679132461548 3.960747480392456
<unk> 0 130 5 0.2037842571735382 1.268692970275879 1.384986162185669
, 0 131 1 1.4640636444091797 4.769362449645996 0
<unk> 0 132 5 1.1187636852264404 4.166672706604004 0.6026897430419922
dissipated 0 133 10 7.728664875030518 4.528287410736084 0
over 0 134 4 4.7370710372924805 5.286348342895508 0
open 0 135 4 8.995248794555664 2.8085711002349854 2.4777772426605225
waters 0 136 6 0.4068008363246918 2.126312255859375 0.6822588443756104
. 0 137 1 2.565948247909546 4.367442607879639 0
<eos> 0 138 5 0.0008859544759616256 0.007498528808355331 4.359944079071283
<unk> 0 139 5 2.2879414558410645 4.036584854125977 0
to 0 140 2 9.855754852294922 5.944660663604736 0
<unk> 0 141 5 1.7091883420944214 5.93038272857666 0.014277935028076172
's 0 142 2 5.135602951049805 6.2147417068481445 0
arrival 0 143 7 10.946268081665039 8.474717140197754 0
in 0 144 2 2.6991562843322754 5.076748847961426 3.397968292236328
<unk> 0 145 5 0.7199001312255859 2.697075366973877 2.379673480987549
, 0 146 1 2.069314479827881 5.295258522033691 0
hurricane 0 147 9 8.407119750976562 4.316707134246826 0.9785513877868652
watches 0 148 7 11.268880844116211 1.544376254081726 2.7723308801651
and 0 149 3 3.097170829772949 4.708726406097412 0
warnings 0 150 8 3.6224045753479004 8.131570816040039 0
were 0 151 4 2.140193462371826 5.241589069366455 2.889981746673584
issued 0 152 6 1.396174430847168 5.755740165710449 0
for 0 153 3 1.624526023864746 4.02799654006958 1.7277436256408691
coastal 0 154 7 6.739566802978516 4.299659729003906 0
areas 0 155 5 2.154590368270874 5.116220951080322 0
. 0 156 1 2.2733078002929688 4.297534942626953 0.8186860084533691
<eos> 0 157 5 0.0007623696001246572 0.006564753595739603 4.2909701890312135
<unk> 0 158 5 2.753253698348999 5.232683181762695 0
of 0 159 2 8.957762718200684 5.900801181793213 0
shelters 0 160 8 16.802671432495117 3.0640485286712646 2.8367526531219482
opened 0 161 6 8.947653770446777 4.643341064453125 0
across 0 162 6 8.218505859375 3.9001572132110596 0.7431838512420654
the 0 163 3 1.5740182399749756 2.7460973262786865 1.154059886932373
states 0 164 6 10.496828079223633 4.726170063018799 0
of 0 165 2 1.7485599517822266 3.7218775749206543 1.0042924880981445
<unk> 0 166 5 0.11646675318479538 0.806656002998352 2.9152215719223022
and 0 167 3 0.995220959186554 2.0649642944335938 0
<unk> 0 168 5 0.14297114312648773 1.0627307891845703 1.0022335052490234
. 0 169 1 2.066326141357422 3.462345838546753 0
<eos> 0 170 5 0.00028890190878883004 0.002778797410428524 3.4595670411363244
<unk> 0 171 5 2.774545192718506 5.38017463684082 0
rains 0 172 5 12.93413257598877 5.9435224533081055 0
from 0 173 4 6.846611499786377 5.879121780395508 0.06440067291259766
the 0 174 3 1.5030789375305176 3.836158275604248 2.0429635047912598
storm 0 175 5 1.256543755531311 4.805810451507568 0
triggered 0 176 9 7.663064002990723 6.261719226837158 0
significant 0 177 11 5.400819301605225 5.333853244781494 0.9278659820556641
flooding 0 178 8 1.5524448156356812 3.0047242641448975 2.3291289806365967
along 0 179 5 4.757227420806885 4.0122880935668945 0
the 0 180 3 0.45287013053894043 2.3060269355773926 1.706261157989502
<unk> 0 181 5 1.767255187034607 4.442193508148193 0
<unk> 0 182 5 4.855240821838379 3.8338544368743896 0.6083390712738037
in 0 183 2 6.63185453414917 4.817925453186035 0
<unk> 0 184 5 0.9380428791046143 3.0563106536865234 1.7616147994995117
, 0 185 1 1.9788599014282227 3.3640341758728027 0
killing 0 186 7 6.184646129608154 5.440765380859375 0
four 0 187 4 4.99573278427124 4.973063945770264 0.46770143508911133
people 0 188 6 0.40940672159194946 2.177161931991577 2.7959020137786865
. 0 189 1 1.0929924249649048 2.889904022216797 0
<eos> 0 190 5 0.0002916530938819051 0.002787380013614893 2.887116642203182
<unk> 0 191 5 3.6993343830108643 5.951368808746338 0
, 0 192 1 4.291623592376709 6.218128204345703 0
the 0 193 3 3.576749324798584 5.068451404571533 1.14967679977417
overall 0 194 7 9.438178062438965 6.996105670928955 0
effects 0 195 7 6.237593173980713 7.924396514892578 0
of 0 196 2 0.3943300247192383 2.1938912868499756 5.7305052280426025
<unk> 0 197 5 2.668919086456299 4.725213527679443 0
were 0 198 4 5.215399742126465 3.894033670425415 0.8311798572540283
limited 0 199 7 8.470091819763184 8.102314949035645 0
and 0 200 3 4.822531223297119 2.4441874027252197 5.658127546310425
the 0 201 3 3.0451853275299072 8.145865440368652 0
rains 0 202 5 8.322534561157227 7.2961626052856445 0.8497028350830078
were 0 203 4 2.57672381401062 6.287249565124512 1.0089130401611328
largely 0 204 7 8.563369750976562 8.190055847167969 0
beneficial 0 205 10 5.415266036987305 7.198741912841797 0.9913139343261719
in 0 206 2 3.5841541290283203 3.025474786758423 4.173267126083374
mitigating 0 207 10 14.062047004699707 5.780685901641846 0
a 0 208 1 5.861903667449951 5.2495198249816895 0.5311660766601562
severe 0 209 6 5.515440940856934 8.520573616027832 0
drought 0 210 7 2.711294174194336 6.337886810302734 2.1826868057250977
. 0 211 1 1.092100739479065 3.626565933227539 2.7113208770751953
<eos> 0 212 5 0.0003358430112712085 0.003165133763104677 3.6234007994644344
= 0 213 1 3.02974534034729 6.239409446716309 0
= 0 214 1 0.14206326007843018 0.8171654939651489 5.42224395275116
<unk> 0 215 5 8.224370002746582 2.3421998023986816 0
history 0 216 7 6.666297912597656 5.46785831451416 0
= 0 217 1 0.02862611413002014 0.18330644071102142 5.284551873803139
= 0 218 1 0.0 1.9949849956901744e-05 0.18328649086106452
<eos> 0 219 5 22.26325798034668 4.3741936683654785 0
<unk> 0 220 5 3.517024517059326 5.572580337524414 0
<unk> 0 221 5 1.4214296340942383 4.738180637359619 0.8343997001647949
<unk> 0 222 5 2.304025411605835 4.685486793518066 0.052693843841552734
, 0 223 1 1.7384281158447266 4.908547401428223 0
<unk> 0 224 5 2.957526445388794 4.3907856941223145 0.5177617073059082
, 0 225 1 1.6135605573654175 3.8686513900756836 0.5221343040466309
a 0 226 1 6.929721832275391 5.906150817871094 0
trough 0 227 6 11.688408851623535 7.214261054992676 0
situated 0 228 8 8.714505195617676 6.200384616851807 1.0138764381408691
off 0 229 3 8.613804817199707 3.765961170196533 2.4344234466552734
the 0 230 3 1.0414140224456787 2.540053367614746 1.225907802581787
southern 0 231 8 4.897454738616943 4.853819370269775 0
coast 0 232 5 1.690317153930664 3.5296099185943604 1.324209451675415
of 0 233 2 0.010701559484004974 0.09272246807813644 3.436887450516224
<unk> 0 234 5 0.6803717613220215 2.4060020446777344 0
showed 0 235 6 13.694129943847656 3.4695749282836914 0
signs 0 236 5 6.167486667633057 5.343894004821777 0
of 0 237 2 0.12895402312278748 0.7657985091209412 4.578095495700836
possible 0 238 8 12.250394821166992 8.049522399902344 0
tropical 0 239 8 6.055229663848877 8.303892135620117 0
<unk> 0 240 5 7.005764007568359 3.507033348083496 4.796858787536621
. 0 241 1 3.294464111328125 6.715582847595215 0
<eos> 0 242 5 0.0006466817576438189 0.005696670152246952 6.709886177442968
<unk> 0 243 5 3.763254165649414 5.5365309715271 0
located 0 244 7 11.826025009155273 6.440732479095459 0
within 0 245 6 6.115928649902344 5.833325386047363 0.6074070930480957
an 0 246 2 6.090615749359131 2.7644848823547363 3.068840503692627
area 0 247 4 1.13579261302948 3.9416298866271973 0
favoring 0 248 8 15.622488975524902 0.5817638635635376 3.3598660230636597
development 0 249 11 8.571124076843262 5.3906731605529785 0
, 0 250 1 3.0598576068878174 4.57546854019165 0.8152046203613281
the 0 251 3 6.034488677978516 6.938228607177734 0
system 0 252 6 5.564581394195557 8.161741256713867 0
remained 0 253 8 8.856430053710938 6.974249362945557 1.1874918937683105
broad 0 254 5 9.704051971435547 7.343834400177002 0
and 0 255 3 2.2778401374816895 4.2203168869018555 3.1235175132751465
disorganized 0 256 12 6.932466506958008 9.033162117004395 0
as 0 257 2 6.203232765197754 3.855778217315674 5.177383899688721
it 0 258 2 1.5892544984817505 4.046667098999023 0
moved 0 259 5 3.3727381229400635 6.0396952629089355 0
slowly 0 260 6 5.6583476066589355 5.769405841827393 0.27028942108154297
west 0 261 4 6.335670471191406 5.160348892211914 0.6090569496154785
<unk> 0 262 5 2.2869153022766113 4.1851606369018555 0.9751882553100586
northwestward 0 263 13 2.4366393089294434 3.6876988410949707 0.49746179580688477
. 0 264 1 0.8281887173652649 2.9205570220947266 0.7671418190002441
<eos> 0 265 5 0.00037418570718728006 0.0035016133915632963 2.9170554087031633
<unk> 0 266 5 3.647143840789795 5.668284893035889 0
, 0 267 1 4.706680774688721 7.1788763999938965 0
convection 0 268 10 13.412742614746094 6.835788726806641 0.34308767318725586
consolidated 0 269 12 12.681983947753906 4.89982271194458 1.9359660148620605
around 0 270 6 5.953940391540527 5.773162841796875 0
an 0 271 2 7.746410846710205 3.0332729816436768 2.7398898601531982
area 0 272 4 1.1746084690093994 5.069247722625732 0
of 0 273 2 0.39038416743278503 2.322380304336548 2.7468674182891846
low 0 274 3 3.6337802410125732 5.980484962463379 0
pressure 0 275 8 0.7764177918434143 3.4836506843566895 2.4968342781066895
. 0 276 1 4.449580669403076 4.391150951385498 0
<eos> 0 277 5 0.0003081600007135421 0.0029504389967769384 4.388200512388721
<unk> 0 278 5 3.722275495529175 5.699855327606201 0
<unk> 0 279 5 3.5623743534088135 7.197556495666504 0
<unk> 0 280 5 2.4705734252929688 7.223877429962158 0
, 0 281 1 2.8324854373931885 7.36107873916626 0
a 0 282 1 2.3779406547546387 5.5965166091918945 1.7645621299743652
<unk> 0 283 5 2.5337295532226562 8.160263061523438 0
<unk> 0 284 5 1.6602710485458374 6.83906364440918 1.3211994171142578
<unk> 0 285 5 2.9829275608062744 5.901669979095459 0.9373936653137207
<unk> 0 286 5 1.6626691818237305 6.656745433807373 0
was 0 287 3 9.692849159240723 6.144612789154053 0.5121326446533203
issued 0 288 6 8.174198150634766 8.4495267868042 0
for 0 289 3 3.131828784942627 5.672674179077148 2.776852607727051
the 0 290 3 0.8955439329147339 4.416562557220459 1.2561116218566895
system 0 291 6 6.544858932495117 6.751366138458252 0
as 0 292 2 6.0060014724731445 4.3201494216918945 2.4312167167663574
it 0 293 2 5.062595844268799 3.9495909214019775 0.370558500289917
was 0 294 3 1.5915852785110474 5.772026062011719 0
expected 0 295 8 6.7058939933776855 8.6533842086792 0
to 0 296 2 0.6791802644729614 2.216207265853882 6.437176942825317
develop 0 297 7 7.392308235168457 7.364964485168457 0
into 0 298 4 5.163078784942627 5.525417327880859 1.8395471572875977
a 0 299 1 0.8529128432273865 3.4714438915252686 2.053973436355591
tropical 0 300 8 3.114633321762085 8.187600135803223 0
depression 0 301 10 2.334935426712036 2.889470100402832 5.298130035400391
within 0 302 6 8.144941329956055 3.796917676925659 0
<unk> 0 303 5 2.4264111518859863 3.290609121322632 0.5063085556030273
hours 0 304 5 0.7570951581001282 2.7242283821105957 0.5663807392120361
. 0 305 1 1.1608415842056274 2.8425405025482178 0
<eos> 0 306 5 0.00039069168269634247 0.0036340560764074326 2.8389064464718103
<unk> 0 307 5 3.5258398056030273 5.504868507385254 0
the 0 308 3 8.837255477905273 7.290040969848633 0
following 0 309 9 5.400654315948486 8.247724533081055 0
day 0 310 3 0.6755863428115845 2.113292694091797 6.134431838989258
, 0 311 1 0.5455976724624634 2.775325298309326 0
the 0 312 3 1.2823081016540527 4.441475868225098 0
low 0 313 3 9.12320613861084 6.775766849517822 0
further 0 314 7 12.373568534851074 6.5442891120910645 0.2314777374267578
developed 0 315 9 3.5140390396118164 8.534947395324707 0
and 0 316 3 4.574680805206299 5.63940954208374 2.895537853240967
was 0 317 3 5.168832778930664 9.042511940002441 0
declared 0 318 8 7.2337775230407715 8.561633110046387 0.4808788299560547
<unk> 0 319 5 5.69448184967041 5.675958633422852 2.885674476623535
<unk> 0 320 5 3.303584337234497 5.114142894744873 0.5618157386779785
<unk> 0 321 5 2.781928062438965 5.014970302581787 0.09917259216308594
<unk> 0 322 5 3.242058515548706 4.997462272644043 0.01750802993774414
<unk> 0 323 5 1.8390036821365356 4.674014568328857 0.32344770431518555
by 0 324 2 4.2866716384887695 5.114564418792725 0
the 0 325 3 1.6954697370529175 3.471182346343994 1.6433820724487305
<unk> 0 326 5 0.9138882756233215 5.01655912399292 0
<unk> 0 327 5 3.511047840118408 6.493351936340332 0
<unk> 0 328 5 2.1400833129882812 6.375217914581299 0.1181340217590332
at 0 329 2 8.364642143249512 6.6203508377075195 0
<unk> 0 330 5 1.0635268688201904 2.6372783184051514 3.983072519302368
<unk> 0 331 5 2.1053621768951416 4.549144744873047 0
. 0 332 1 2.396923542022705 3.8847885131835938 0.6643562316894531
<eos> 0 333 5 0.0016593658365309238 0.012984215281903744 3.87180429790169
<unk> 0 334 5 3.445061445236206 5.145018577575684 0
being 0 335 5 15.296481132507324 7.16611385345459 0
declared 0 336 8 7.372709274291992 8.356529235839844 0
, 0 337 1 7.425951957702637 5.3675384521484375 2.9889907836914062
the 0 338 3 2.614060640335083 6.506546497344971 0
depression 0 339 10 11.922123908996582 7.413177967071533 0
was 0 340 3 1.069393515586853 4.831564903259277 2.581613063812256
located 0 341 7 7.546181678771973 8.489526748657227 0
about 0 342 5 5.10762882232666 5.300675392150879 3.1888513565063477
<unk> 0 343 5 0.32199826836586 1.747392177581787 3.553283214569092
mi 0 344 2 2.9795897006988525 2.8364813327789307 0
( 0 345 1 0.03238781541585922 0.2671375870704651 2.5693437457084656
<unk> 0 346 5 0.0004924742388539016 0.0068013351410627365 0.26033625192940235
km 0 347 2 0.16117386519908905 0.5526134967803955 0
) 0 348 1 0.006020742934197187 0.041474007070064545 0.511139489710331
south 0 349 5 2.3821303844451904 3.9075446128845215 0
<unk> 0 350 5 2.974944829940796 0.9745564460754395 2.932988166809082
southeast 0 351 9 2.191697359085083 2.7906768321990967 0
of 0 352 2 0.042915936559438705 0.3353937566280365 2.45528307557106
<unk> 0 353 5 0.5001227855682373 1.8166860342025757 0
<unk> 0 354 5 3.4269661903381348 3.142874002456665 0
, 0 355 1 1.7012330293655396 3.446117401123047 0
<unk> 0 356 5 1.5782201290130615 4.81422758102417 0
. 0 357 1 1.3238728046417236 3.1740527153015137 1.6401748657226562
<eos> 0 358 5 0.0011117833200842142 0.009220387786626816 3.164832327514887
<unk> 0 359 5 3.2609381675720215 5.151187419891357 0
, 0 360 1 4.298523426055908 6.855757713317871 0
after 0 361 5 7.430488586425781 6.072554588317871 0.783203125
post 0 362 4 14.260940551757812 6.607102394104004 0
<unk> 0 363 5 0.18287667632102966 1.4162348508834839 5.19086754322052
analysis 0 364 8 8.572277069091797 6.164884090423584 0
, 0 365 1 0.9211913347244263 3.674593687057495 2.490290403366089
the 0 366 3 6.116528511047363 7.7364606857299805 0
depression 0 367 10 12.788982391357422 8.240426063537598 0
had 0 368 3 4.653724193572998 6.957614421844482 1.2828116416931152
actually 0 369 8 9.853827476501465 7.446274757385254 0
developed 0 370 9 6.949857234954834 7.295640468597412 0.1506342887878418
nine 0 371 4 11.773866653442383 5.555020809173584 1.7406196594238281
hours 0 372 5 3.8251500129699707 7.871402263641357 0
earlier 0 373 7 5.993149280548096 4.301752090454102 3.569650173187256
. 0 374 1 1.8968310356140137 3.929779529571533 0.37197256088256836
<eos> 0 375 5 0.0019840027671307325 0.01521272398531437 3.914566805586219
<unk> 0 376 5 3.030531167984009 5.656571388244629 0
a 0 377 1 11.12745189666748 7.544458389282227 0
west 0 378 4 13.23592472076416 8.940995216369629 0
<unk> 0 379 5 0.33761441707611084 2.1142237186431885 6.82677149772644
northwesterly 0 380 13 9.921422004699707 8.703648567199707 0
track 0 381 5 4.038416862487793 7.755568504333496 0.9480800628662109
in 0 382 2 5.710063457489014 6.16110372543335 1.5944647789001465
response 0 383 8 6.547342300415039 3.8538818359375 2.3072218894958496
to 0 384 2 0.11891858279705048 0.8107215762138367 3.0431602597236633
a 0 385 1 3.0158863067626953 4.757863998413086 0
subtropical 0 386 11 10.86558723449707 8.971619606018066 0
ridge 0 387 5 3.176863431930542 2.8707149028778076 6.100904703140259
to 0 388 2 3.9100821018218994 6.275585174560547 0
the 0 389 3 0.5178467035293579 2.9655957221984863 3.3099894523620605
north 0 390 5 2.0671489238739014 3.162362813949585 0
, 0 391 1 2.145528793334961 3.266815662384033 0
the 0 392 3 4.677454948425293 6.170085430145264 0
depression 0 393 10 11.193537712097168 7.061878681182861 0
was 0 394 3 2.9909088611602783 7.631316184997559 0
forecast 0 395 8 6.194010257720947 9.15451431274414 0
to 0 396 2 0.35382190346717834 1.8549845218658447 7.299529790878296
move 0 397 4 5.241661071777344 7.504847049713135 0
into 0 398 4 4.620598793029785 6.474391460418701 1.0304555892944336
a 0 399 1 2.9818146228790283 3.9499144554138184 2.524477005004883
favorable 0 400 9 7.585232734680176 7.771883010864258 0
environment 0 401 11 2.6279029846191406 5.9109320640563965 1.8609509468078613
, 0 402 1 2.694227933883667 3.6310980319976807 2.279834032058716
characterized 0 403 13 14.00121784210205 5.910940647125244 0
by 0 404 2 0.1443251222372055 0.7921808958053589 5.118759751319885
low 0 405 3 8.311108589172363 5.376549243927002 0
wind 0 406 4 3.0760583877563477 5.04594612121582 0.33060312271118164
shear 0 407 5 0.16669392585754395 1.1663793325424194 3.879566788673401
and 0 408 3 2.144345760345459 3.5568835735321045 0
sea 0 409 3 9.430298805236816 8.339187622070312 0
surface 0 410 7 1.783398151397705 5.791755676269531 2.5474319458007812
temperatures 0 411 12 0.397896409034729 2.3457112312316895 3.446044445037842
up 0 412 2 11.372690200805664 3.0426928997039795 0
to 0 413 2 0.0568065382540226 0.45147350430488586 2.5912193953990936
<unk> 0 414 5 0.32999488711357117 1.838790774345398 0
<unk> 0 415 5 0.5711502432823181 2.626338005065918 0
<unk> 0 416 5 2.872528553009033 2.0405256748199463 0.5858123302459717
( 0 417 1 8.805268287658691 3.8554115295410156 0
<unk> 0 418 5 0.033394936472177505 0.336185485124588 3.5192260444164276
<unk> 0 419 5 0.08443114161491394 0.5023092031478882 0
<unk> 0 420 5 0.7826228737831116 1.8280410766601562 0
) 0 421 1 4.971619606018066 2.3256733417510986 0
. 0 422 1 0.6346298456192017 2.3969950675964355 0
<eos> 0 423 5 0.00034667536965571344 0.003308417508378625 2.393686650088057
<unk> 0 424 5 3.331822633743286 5.6586761474609375 0
hours 0 425 5 10.680416107177734 7.307032585144043 0
after 0 426 5 3.7556333541870117 4.339895725250244 2.967136859893799
classification 0 427 14 15.182921409606934 4.593845367431641 0
, 0 428 1 1.602694034576416 5.637554168701172 0
the 0 429 3 1.337774634361267 4.704638957977295 0.932915210723877
depression 0 430 10 9.912213325500488 7.422853469848633 0
strengthened 0 431 12 8.449539184570312 6.5197577476501465 0.9030957221984863
<unk> 0 432 5 5.7937517166137695 5.181922435760498 1.3378353118896484
<unk> 0 433 5 3.9396684169769287 5.383092880249023 0
<unk> 0 434 5 1.554406762123108 4.6682820320129395 0.714810848236084
, 0 435 1 4.822019100189209 6.20761251449585 0
the 0 436 3 4.341796875 5.829878330230713 0.3777341842651367
second 0 437 6 4.557741165161133 6.976774215698242 0
named 0 438 5 6.321949005126953 6.9669623374938965 0.009811878204345703
storm 0 439 5 2.1140904426574707 5.772009372711182 1.1949529647827148
of 0 440 2 2.143228530883789 4.881753921508789 0.8902554512023926
the 0 441 3 0.4656327962875366 1.8089877367019653 3.0727661848068237
season 0 442 6 1.5544536113739014 3.8942925930023193 0
. 0 443 1 1.4267295598983765 3.2303943634033203 0.663898229598999
<eos> 0 444 5 0.0002806483826134354 0.0026878193020820618 3.2277065441012383
<unk> 0 445 5 3.769444227218628 5.251252174377441 0
on 0 446 2 8.98559856414795 6.835761547088623 0
<unk> 0 447 5 0.994731068611145 2.7734272480010986 4.062334299087524
<unk> 0 448 5 0.22172001004219055 1.5221258401870728 1.2513014078140259
, 0 449 1 1.2975032329559326 4.301594257354736 0
convection 0 450 10 13.662095069885254 3.1934053897857666 1.1081888675689697
increased 0 451 9 4.93993616104126 6.8933563232421875 0
markedly 0 452 8 7.680534839630127 5.515267848968506 1.3780884742736816
with 0 453 4 6.306768894195557 4.588736057281494 0.9265317916870117
several 0 454 7 8.398358345031738 3.9766433238983154 0.6120927333831787
<unk> 0 455 5 2.387194871902466 7.367999076843262 0
tops 0 456 4 13.419291496276855 6.421786308288574 0.9462127685546875
( 0 457 1 6.693655490875244 4.7652387619018555 1.6565475463867188
denoted 0 458 7 14.420587539672852 4.505941390991211 0.25929737091064453
by 0 459 2 1.2760838270187378 4.099022388458252 0.406919002532959
cloud 0 460 5 9.368396759033203 5.606685161590576 0
<unk> 0 461 5 2.653437852859497 5.306326866149902 0.30035829544067383
top 0 462 3 14.820595741271973 5.111177444458008 0.19514942169189453
temperatures 0 463 12 7.608486175537109 5.436890125274658 0
below 0 464 5 7.653342247009277 2.599310874938965 2.8375792503356934
<unk> 0 465 5 2.391070604324341 2.3531575202941895 0.2461533546447754
<unk> 0 466 5 0.39273130893707275 1.8607921600341797 0.49236536026000977
<unk> 0 467 5 2.699472665786743 1.8359535932540894 0.024838566780090332
<unk> 0 468 5 2.6073451042175293 3.3353028297424316 0
( 0 469 1 8.942032814025879 2.8109428882598877 0.524359941482544
<unk> 0 470 5 0.012993760406970978 0.12503503262996674 2.685907855629921
<unk> 0 471 5 0.09005021303892136 0.508988082408905 0
<unk> 0 472 5 1.9738214015960693 1.7391529083251953 0
<unk> 0 473 5 1.4710074663162231 3.097860813140869 0
) 0 474 1 1.28255033493042 2.433666229248047 0.6641945838928223
) 0 475 1 1.3092612028121948 3.4104208946228027 0
appearing 0 476 9 16.946083068847656 2.534571647644043 0.8758492469787598
on 0 477 2 2.730746030807495 4.459001541137695 0
satellite 0 478 9 7.410303115844727 3.403580665588379 1.0554208755493164
imagery 0 479 7 0.3959342837333679 2.540142059326172 0.863438606262207
. 0 480 1 1.075240969657898 3.4576990604400635 0
<eos> 0 481 5 0.0003851897199638188 0.003595971502363682 3.4541030889377
<unk> 0 482 5 3.5548484325408936 5.570289134979248 0
notable 0 483 7 19.94689178466797 7.0816497802734375 0
increase 0 484 8 15.07140064239502 8.765300750732422 0
in 0 485 2 0.6928204298019409 3.2844700813293457 5.480830669403076
southerly 0 486 9 14.823366165161133 6.683948040008545 0
outflow 0 487 7 7.577054977416992 6.195559501647949 0.4883885383605957
also 0 488 4 7.1442389488220215 6.32074499130249 0
took 0 489 4 6.691983699798584 6.8462934494018555 0
place 0 490 5 0.3002156913280487 1.7750604152679443 5.071233034133911
. 0 491 1 6.16009521484375 4.679859638214111 0
<eos> 0 492 5 0.000674186390824616 0.0059351068921387196 4.673924531321973
<unk> 0 493 5 3.6212501525878906 5.697322368621826 0
the 0 494 3 8.543403625488281 6.794631481170654 0
subtropical 0 495 11 10.479516983032227 8.050187110900879 0
ridge 0 496 5 2.9716923236846924 4.83107328414917 3.219113826751709
north 0 497 5 8.848533630371094 7.105154514312744 0
of 0 498 2 0.719066321849823 3.260745048522949 3.844409465789795
the 0 499 3 1.1961628198623657 2.341538190841675 0.9192068576812744
storm 0 500 5 5.2633819580078125 5.940876007080078 0
weakened 0 501 8 9.34322738647461 6.639047145843506 0
, 0 502 1 3.6302855014801025 5.573624134063721 1.0654230117797852
<unk> 0 503 5 7.687282085418701 5.424508571624756 0.14911556243896484
acquired 0 504 8 16.262557983398438 6.759548187255859 0
a 0 505 1 3.15541934967041 5.438582420349121 1.3209657669067383
more 0 506 4 5.956898212432861 8.10123062133789 0
northerly 0 507 9 3.442767858505249 7.088432312011719 1.0127983093261719
component 0 508 9 10.238822937011719 7.589423179626465 0
to 0 509 2 5.296135425567627 4.363192081451416 3.226231098175049
its 0 510 3 4.463829040527344 3.6432199478149414 0.7199721336364746
track 0 511 5 10.563583374023438 7.833530426025391 0
, 0 512 1 2.3117661476135254 5.016750335693359 2.8167800903320312
bringing 0 513 8 8.051520347595215 5.534015655517578 0
the 0 514 3 1.908396601676941 5.7781081199646 0
center 0 515 6 8.119514465332031 8.447160720825195 0
of 0 516 2 2.311892509460449 4.821375846862793 3.6257848739624023
the 0 517 3 1.0744870901107788 4.334621906280518 0.4867539405822754
storm 0 518 5 4.906301975250244 7.756272315979004 0
closer 0 519 6 9.429237365722656 3.823073148727417 3.933199167251587
to 0 520 2 0.1551145315170288 1.0035544633865356 2.8195186853408813
<unk> 0 521 5 2.353039026260376 3.4354214668273926 0
. 0 522 1 1.7138855457305908 4.425553321838379 0
<eos> 0 523 5 0.0005724166403524578 0.005123198963701725 4.420430122874677
<unk> 0 524 5 3.475626230239868 5.668757915496826 0
bands 0 525 5 14.043866157531738 7.066494941711426 0
gradually 0 526 9 8.756053924560547 7.620848655700684 0
wrapped 0 527 7 14.780176162719727 7.157377243041992 0.4634714126586914
around 0 528 6 4.820526599884033 6.36585807800293 0.7915191650390625
the 0 529 3 1.040640950202942 4.143087387084961 2.2227706909179688
system 0 530 6 6.004382133483887 7.634491443634033 0
throughout 0 531 10 8.895919799804688 4.251184940338135 3.3833065032958984
the 0 532 3 0.3505336344242096 1.7594072818756104 2.4917776584625244
day 0 533 3 2.251335382461548 6.116137981414795 0
. 0 534 1 1.9694379568099976 3.0444231033325195 3.0717148780822754
<eos> 0 535 5 0.0005311566055752337 0.004796524997800589 3.039626578334719
<unk> 0 536 5 3.7549853324890137 5.834198474884033 0
the 0 537 3 7.772495746612549 7.190268516540527 0
afternoon 0 538 9 10.862850189208984 7.983990669250488 0
hours 0 539 5 11.856868743896484 5.208580017089844 2.7754106521606445
of 0 540 2 1.473690390586853 4.9891510009765625 0.21942901611328125
<unk> 0 541 5 0.9521042704582214 4.281618118286133 0.7075328826904297
<unk> 0 542 5 0.27018609642982483 1.5821233987808228 2.69949471950531
, 0 543 1 0.8242453932762146 3.1773486137390137 0
a 0 544 1 5.2837018966674805 4.172321796417236 0
hurricane 0 545 9 6.135993003845215 8.122417449951172 0
hunter 0 546 6 8.594572067260742 7.633114337921143 0.4893031120300293
aircraft 0 547 8 9.745695114135742 7.499767303466797 0.1333470344543457
found 0 548 5 7.240828514099121 7.662704944610596 0
<unk> 0 549 5 4.731286525726318 6.411343097686768 1.2513618469238281
just 0 550 4 10.524560928344727 6.483174800872803 0
below 0 551 5 4.806385517120361 5.389894485473633 1.09328031539917
hurricane 0 552 9 7.660717964172363 3.1030118465423584 2.2868826389312744
strength 0 553 8 4.74087381362915 2.668910503387451 0.4341013431549072
, 0 554 1 2.0596532821655273 4.35429573059082 0
and 0 555 3 2.236776113510132 6.624434471130371 0
subsequently 0 556 12 9.353507995605469 7.215751647949219 0
, 0 557 1 5.0665178298950195 8.236673355102539 0
the 0 558 3 2.710026741027832 6.946252822875977 1.2904205322265625
system 0 559 6 6.551237106323242 7.307669639587402 0
was 0 560 3 2.431438446044922 6.790739059448242 0.5169305801391602
upgraded 0 561 8 5.454406261444092 8.702109336853027 0
just 0 562 4 12.747647285461426 2.49107027053833 6.211039066314697
a 0 563 1 6.4730305671691895 5.236505031585693 0
few 0 564 3 1.0810085535049438 3.455413579940796 1.7810914516448975
hours 0 565 5 2.283252477645874 2.3346827030181885 1.1207308769226074
later 0 566 5 0.7346300482749939 1.8899916410446167 0.4446910619735718
, 0 567 1 3.227726459503174 2.369631767272949 0
while 0 568 5 5.040572166442871 6.218995094299316 0
situated 0 569 8 9.199713706970215 5.730932712554932 0.48806238174438477
roughly 0 570 7 6.824657917022705 5.504451274871826 0.22648143768310547
<unk> 0 571 5 0.3873325288295746 2.2989795207977295 3.2054717540740967
mi 0 572 2 1.810396671295166 2.9920520782470703 0
( 0 573 1 0.008954120799899101 0.08666963875293732 2.905382439494133
<unk> 0 574 5 0.00028890190878883004 0.004149471875280142 0.08252016687765718
km 0 575 2 0.15089617669582367 0.5411882400512695 0
) 0 576 1 0.004683388862758875 0.033021822571754456 0.5081664174795151
southeast 0 577 9 3.6425678730010986 4.078001022338867 0
of 0 578 2 0.030695589259266853 0.23643279075622559 3.8415682315826416
<unk> 0 579 5 0.5686957240104675 1.915405511856079 0
, 0 580 1 2.084547996520996 3.39581298828125 0
<unk> 0 581 5 0.7719213962554932 3.594613790512085 0
. 0 582 1 0.9495725631713867 2.9897985458374023 0.6048152446746826
<eos> 0 583 5 0.0010566182900220156 0.008770029991865158 2.981028515845537
<unk> 0 584 5 4.178619861602783 5.506577491760254 0
on 0 585 2 8.569106101989746 6.893504619598389 0
<unk> 0 586 5 1.2086251974105835 3.090857982635498 3.8026466369628906
<unk> 0 587 5 0.2798226475715637 1.7533921003341675 1.3374658823013306
, 0 588 1 1.4974240064620972 4.884434700012207 0
a 0 589 1 4.217373847961426 4.057708740234375 0.826725959777832
<unk> 0 590 5 3.3255858421325684 7.643975734710693 0
to 0 591 2 7.797840595245361 5.563643455505371 2.0803322792053223
<unk> 0 592 5 0.5365582704544067 3.33919620513916 2.224447250366211
mi 0 593 2 5.0045576095581055 4.499826908111572 0
( 0 594 1 0.008855155669152737 0.08677668869495392 4.413050219416618
<unk> 0 595 5 0.0003961936163250357 0.005296960473060608 0.08147972822189331
to 0 596 2 2.3195204734802246 1.9754420518875122 0
<unk> 0 597 5 0.0016758571146056056 0.01864318735897541 1.9567988645285368
km 0 598 2 0.0562727153301239 0.3536352217197418 0
) 0 599 1 0.010076790116727352 0.07548518478870392 0.2781500369310379
wide 0 600 4 5.28395938873291 7.527863025665283 0
eye 0 601 3 4.761972427368164 8.05214786529541 0
developed 0 602 9 8.179162979125977 5.889318943023682 2.1628289222717285
within 0 603 6 5.372586727142334 5.227652549743652 0.6616663932800293
the 0 604 3 0.9497377872467041 2.8525116443634033 2.375140905380249
central 0 605 7 5.972978115081787 6.841219425201416 0
dense 0 606 5 2.095913887023926 5.054647445678711 1.786571979522705
overcast 0 607 8 0.013590861111879349 0.1370561718940735 4.9175912737846375
. 0 608 1 1.7549386024475098 4.344372272491455 0
<eos> 0 609 5 0.0005641647730953991 0.005059618037194014 4.339312654454261
<unk> 0 610 5 4.228693008422852 5.3737616539001465 0
light 0 611 5 12.544452667236328 7.017998218536377 0
of 0 612 2 7.475447654724121 7.394256591796875 0
this 0 613 4 5.778861999511719 4.824289321899414 2.569967269897461
, 0 614 1 6.736021041870117 7.532131671905518 0
the 0 615 3 4.1851911544799805 7.149467945098877 0.3826637268066406
<unk> 0 616 5 1.7774791717529297 7.399622440338135 0
<unk> 0 617 5 2.021287441253662 7.327078819274902 0.07254362106323242
<unk> 0 618 5 1.8779927492141724 6.505615234375 0.8214635848999023
estimated 0 619 9 10.049823760986328 6.9794440269470215 0
<unk> 0 620 5 2.7665445804595947 5.348405361175537 1.6310386657714844
to 0 621 2 3.9775748252868652 5.1530303955078125 0.1953749656677246
have 0 622 4 4.218140125274658 3.4154534339904785 1.737576961517334
attained 0 623 8 5.58843469619751 5.48225736618042 0
winds 0 624 5 4.821117877960205 4.839200973510742 0.6430563926696777
of 0 625 2 0.5073624849319458 2.559223175048828 2.279977798461914
<unk> 0 626 5 0.12774595618247986 0.8215738534927368 1.7376493215560913
mph 0 627 3 0.8417051434516907 1.6846671104431152 0
( 0 628 1 0.010869358666241169 0.08951529860496521 1.59515181183815
<unk> 0 629 5 0.00032466670381836593 0.004463604651391506 0.0850516939535737
km 0 630 2 0.002663614694029093 0.023268233984708786 0
/ 0 631 1 0.0002448825107421726 0.0027307341806590557 0.02053749980404973
h 0 632 1 0.00010456165909999982 0.0011583539890125394 0.0015723801916465163
) 0 633 1 0.0016703599831089377 0.01512269675731659 0
along 0 634 5 10.109646797180176 3.4151418209075928 0
with 0 635 4 2.6177520751953125 2.065457820892334 1.3496840000152588
a 0 636 1 2.562653064727783 4.0166335105896 0
barometric 0 637 10 6.837771415710449 7.677161693572998 0
pressure 0 638 8 0.016614824533462524 0.1652270406484604 7.511934652924538
of 0 639 2 0.08635184913873672 0.6858112812042236 0
<unk> 0 640 5 0.10756206512451172 0.6585027575492859 0.027308523654937744
<unk> 0 641 5 0.035634782165288925 0.31017228960990906 0.34833046793937683
( 0 642 1 2.1156370639801025 2.4836573600769043 0
<unk> 0 643 5 0.007902931421995163 0.07912470400333405 2.4045326560735703
; 0 644 1 3.2307698726654053 1.0109070539474487 0
<unk> 0 645 5 0.019121702760457993 0.17516955733299255 0.8357374966144562
<unk> 0 646 5 0.019212499260902405 0.16161476075649261 0.013554796576499939
<eos> 0 647 5 0.2988452613353729 0.923651397228241 0
@ 0 648 1 0.0 3.7663707189494744e-05 0.9236137335210515
<unk> 0 649 5 0.00014858535723760724 0.0018881652504205704 0
<unk> 0 650 5 0.015726061537861824 0.14607498049736023 0
) 0 651 1 0.024748923256993294 0.1694348007440567 0
; 0 652 1 5.5955915451049805 2.028240203857422 0
however 0 653 7 4.534062385559082 5.1089982986450195 0
, 0 654 1 0.03790784254670143 0.31976762413978577 4.789230674505234
it 0 655 2 3.897325038909912 4.545112609863281 0
was 0 656 3 1.0436457395553589 4.467278003692627 0.0778346061706543
noted 0 657 5 6.815881729125977 7.1302595138549805 0
that 0 658 4 0.25213757157325745 1.4044299125671387 5.725829601287842
this 0 659 4 5.5749192237854 4.516968727111816 0
could 0 660 5 6.588887691497803 7.352433204650879 0
be 0 661 2 1.753287434577942 5.10933780670166 2.2430953979492188
conservative 0 662 12 18.46697998046875 8.450019836425781 0
based 0 663 5 9.257874488830566 5.614712238311768 2.8353075981140137
on 0 664 2 0.18588444590568542 1.0449193716049194 4.569792866706848
estimates 0 665 9 9.266459465026855 5.278309345245361 0
of 0 666 2 1.13162100315094 3.8085362911224365 1.4697730541229248
<unk> 0 667 5 2.378687858581543 5.407800197601318 0
mph 0 668 3 6.231667518615723 5.38182258605957 0.025977611541748047
( 0 669 1 0.06745027750730515 0.45239269733428955 4.929429888725281
<unk> 0 670 5 0.0008557038381695747 0.012004694901406765 0.4403880024328828
km 0 671 2 0.021226709708571434 0.13166561722755432 0
/ 0 672 1 0.0006026732735335827 0.006321455352008343 0.12534416187554598
h 0 673 1 0.00022562358935829252 0.0023111423943191767 0.004010312957689166
) 0 674 1 0.007787472568452358 0.05657222867012024 0
from 0 675 4 8.022971153259277 4.704864025115967 0
the 0 676 3 1.4534143209457397 4.237496852874756 0.46736717224121094
<unk> 0 677 5 2.187748670578003 7.118703365325928 0
of 0 678 2 7.540898323059082 6.597684383392334 0.5210189819335938
<unk> 0 679 5 0.8972816467285156 2.951178550720215 3.646505832672119
and 0 680 3 4.393009185791016 3.9563632011413574 0
the 0 681 3 2.7543201446533203 3.1661386489868164 0.790224552154541
<unk> 0 682 5 1.2512397766113281 6.2823486328125 0
<unk> 0 683 5 1.8773845434188843 6.297482013702393 0
<unk> 0 684 5 1.6908838748931885 5.4276323318481445 0.869849681854248
. 0 685 1 2.436873197555542 6.384069442749023 0
<eos> 0 686 5 0.00040186746628023684 0.0037584244273602962 6.380311018321663
<unk> 0 687 5 3.74629807472229 5.484143257141113 0
the 0 688 3 8.158740043640137 6.91453218460083 0
morning 0 689 7 10.044374465942383 7.863924503326416 0
of 0 690 2 1.0217612981796265 4.764509201049805 3.0994153022766113
<unk> 0 691 5 0.32650285959243774 1.331996202468872 3.4325129985809326
<unk> 0 692 5 0.09889967739582062 0.6075117588043213 0.7244844436645508
, 0 693 1 0.6148668527603149 2.7691688537597656 0
<unk> 0 694 5 1.6138356924057007 4.831514358520508 0
brushed 0 695 7 12.70703125 5.6739277839660645 0
the 0 696 3 1.0141857862472534 4.00277853012085 1.6711492538452148
coast 0 697 5 2.9624135494232178 6.028291702270508 0
of 0 698 2 1.2225104570388794 3.9803593158721924 2.0479323863983154
<unk> 0 699 5 0.4401710331439972 2.0558652877807617 1.9244940280914307
, 0 700 1 1.9514113664627075 4.4550251960754395 0
with 0 701 4 4.568345069885254 6.27495002746582 0
the 0 702 3 2.216442346572876 5.396698951721191 0.8782510757446289
center 0 703 6 8.557548522949219 8.292430877685547 0
passing 0 704 7 8.38879108428955 5.643064022064209 2.649366855621338
roughly 0 705 7 8.14037799835205 6.532809257507324 0
<unk> 0 706 5 1.2242494821548462 4.602270126342773 1.9305391311645508
mi 0 707 2 3.3311965465545654 3.900063991546631 0.7022061347961426
( 0 708 1 0.012949615716934204 0.1222907155752182 3.7777732759714127
<unk> 0 709 5 0.00039911651401780546 0.005624891724437475 0.11666582385078073
km 0 710 2 0.164869487285614 0.5745888948440552 0
) 0 711 1 0.011881888844072819 0.070441834628582 0.5041470602154732
south 0 712 5 3.5602610111236572 5.004634380340576 0
<unk> 0 713 5 3.1064412593841553 1.269410490989685 3.735223889350891
southeast 0 714 9 1.9688656330108643 2.7517006397247314 0
of 0 715 2 0.12589962780475616 0.7775294184684753 1.974171221256256
<unk> 0 716 5 0.6064851880073547 2.056680917739868 0
<unk> 0 717 5 2.828294515609741 3.2873942852020264 0
, 0 718 1 2.605919599533081 3.3965837955474854 0
<unk> 0 719 5 1.6670690774917603 5.047470569610596 0
. 0 720 1 0.9366835951805115 2.993239641189575 2.0542309284210205
<eos> 0 721 5 0.0007401953916996717 0.006443537771701813 2.9867961034178734
<unk> 0 722 5 3.950301170349121 5.357723236083984 0
just 0 723 4 11.693974494934082 6.9650373458862305 0
off 0 724 3 11.463401794433594 7.615530967712402 0
the 0 725 3 0.9210482835769653 2.347687244415283 5.267843723297119
coast 0 726 5 0.9940982460975647 3.735679864883423 0
of 0 727 2 0.5340873003005981 2.803321123123169 0.9323587417602539
<unk> 0 728 5 0.4981415569782257 2.217221260070801 0.5860998630523682
, 0 729 1 1.8286930322647095 5.393582820892334 0
the 0 730 3 3.0885112285614014 5.700370788574219 0
system 0 731 6 6.980143070220947 6.879396915435791 0
interacted 0 732 10 12.136017799377441 6.865347862243652 0.014049053192138672
with 0 733 4 0.06146249920129776 0.5023901462554932 6.362957715988159
land 0 734 4 10.212207794189453 4.243552207946777 0
and 0 735 3 2.9263949394226074 6.555459976196289 0
began 0 736 5 6.9518537521362305 9.502992630004883 0
weakening 0 737 9 6.505110263824463 5.89603328704834 3.606959342956543
. 0 738 1 2.099461078643799 5.464681148529053 0.4313521385192871
<eos> 0 739 5 0.0013564771506935358 0.010941559448838234 5.4537395890802145
<unk> 0 740 5 3.535324811935425 5.580735683441162 0
later 0 741 5 7.317319393157959 7.266193866729736 0
, 0 742 1 8.24242115020752 8.09486198425293 0
convection 0 743 10 14.267895698547363 6.9219536781311035 1.1729083061218262
rapidly 0 744 7 9.834449768066406 7.289066314697266 0
diminished 0 745 10 5.908785820007324 6.444757461547852 0.8443088531494141
as 0 746 2 5.2761030197143555 4.724965572357178 1.7197918891906738
dry 0 747 3 9.363506317138672 3.7865116596221924 0.9384539127349854
air 0 748 3 2.417602777481079 4.934452056884766 0
became 0 749 6 6.201107025146484 7.740457534790039 0
<unk> 0 750 5 5.55271053314209 6.941850662231445 0.7986068725585938
in 0 751 2 5.489141464233398 4.953264236450195 1.98858642578125
the 0 752 3 1.061911702156067 4.112454891204834 0.8408093452453613
circulation 0 753 11 9.960357666015625 7.350292205810547 0
. 0 754 1 1.327004313468933 3.9081366062164307 3.442155599594116
<eos> 0 755 5 0.0003961936163250357 0.003670252626761794 3.904466353589669
<unk> 0 756 5 3.451218605041504 5.863759994506836 0
response 0 757 8 15.343733787536621 7.446488857269287 0
to 0 758 2 2.1577961444854736 6.792237281799316 0.6542515754699707
quick 0 759 5 14.569376945495605 4.976126670837402 1.816110610961914
degradation 0 760 11 13.929232597351074 7.739171028137207 0
of 0 761 2 2.3475630283355713 5.076671123504639 2.6624999046325684
the 0 762 3 0.6217832565307617 3.3417611122131348 1.734910011291504
system 0 763 6 5.218184471130371 7.596523284912109 0
's 0 764 2 5.13490104675293 6.009008407592773 1.587514877319336
structure 0 765 9 6.903285980224609 9.68761920928955 0
, 0 766 1 3.5793673992156982 5.656177997589111 4.0314412117004395
the 0 767 3 4.928996562957764 7.182159900665283 0
<unk> 0 768 5 2.533980131149292 9.035002708435059 0
downgraded 0 769 10 14.003195762634277 8.032806396484375 1.0021963119506836
<unk> 0 770 5 3.137559413909912 5.013041019439697 3.0197653770446777
to 0 771 2 2.031247138977051 5.463590145111084 0
a 0 772 1 1.8939692974090576 5.290614604949951 0.1729755401611328
tropical 0 773 8 4.195620059967041 8.890999794006348 0
storm 0 774 5 0.7272830605506897 2.465069532394409 6.4259302616119385
. 0 775 1 2.309584140777588 4.434823513031006 0
<eos> 0 776 5 0.001904138596728444 0.014605909585952759 4.420217603445053
<unk> 0 777 5 3.478375196456909 5.758332252502441 0
weakening 0 778 9 14.619682312011719 7.162952423095703 0
continued 0 779 9 8.290939331054688 6.4796223640441895 0.6833300590515137
throughout 0 780 10 6.52922248840332 4.997403621673584 1.4822187423706055
the 0 781 3 0.4783814251422882 1.9304935932159424 3.0669100284576416
day 0 782 3 3.2751660346984863 6.123342037200928 0
and 0 783 3 2.7966580390930176 3.029971122741699 3.0933709144592285
by 0 784 2 8.031238555908203 7.892672538757324 0
the 0 785 3 2.3735711574554443 4.632620334625244 3.26005220413208
evening 0 786 7 6.133327960968018 5.309072971343994 0
hours 0 787 5 8.760992050170898 1.2731809616088867 4.035892009735107
, 0 788 1 2.6834495067596436 5.2262396812438965 0
the 0 789 3 1.5092799663543701 4.59500789642334 0.6312317848205566
storm 0 790 5 3.4293341636657715 7.421594619750977 0
no 0 791 2 11.262205123901367 6.383737564086914 1.0378570556640625
longer 0 792 6 0.12174170464277267 0.9606227874755859 5.423114776611328
had 0 793 3 4.16316032409668 8.31514835357666 0
a 0 794 1 1.8989416360855103 6.038299560546875 2.276848793029785
defined 0 795 7 13.296235084533691 8.386241912841797 0
circulation 0 796 11 5.147933006286621 8.687633514404297 0
. 0 797 1 1.2029595375061035 3.9888761043548584 4.6987574100494385
<eos> 0 798 5 0.0010236214147880673 0.008470682427287102 3.9804054219275713
<unk> 0 799 5 3.5965285301208496 5.790466785430908 0
an 0 800 2 13.020561218261719 6.982407569885254 0
organized 0 801 9 10.942964553833008 6.9608049392700195 0.021602630615234375
center 0 802 6 8.688985824584961 7.832794189453125 0
and 0 803 3 5.266100883483887 6.073101043701172 1.7596931457519531
deep 0 804 4 8.603837966918945 8.086313247680664 0
convection 0 805 10 0.7714521884918213 3.8996317386627197 4.186681509017944
, 0 806 1 3.0536606311798096 7.125312805175781 0
the 0 807 3 3.2781999111175537 6.841026306152344 0.2842864990234375
final 0 808 5 9.05526351928711 7.828489303588867 0
advisory 0 809 8 6.443177223205566 8.212498664855957 0
was 0 810 3 1.5617401599884033 4.794969081878662 3.417529582977295
issued 0 811 6 3.3415114879608154 7.735815525054932 0
on 0 812 2 2.90279483795166 4.371257305145264 3.364558219909668
<unk> 0 813 5 0.3402891159057617 1.610911250114441 2.7603460550308228
. 0 814 1 8.321907997131348 0.5404869318008423 1.0704243183135986
<eos> 0 815 5 0.0009411259670741856 0.007910627871751785 0.5325763039290905
<unk> 0 816 5 3.873567819595337 5.557061672210693 0
storm 0 817 5 10.648455619812012 7.03106164932251 0
's 0 818 2 3.9467363357543945 6.366199970245361 0.6648616790771484
remnants 0 819 8 7.850761890411377 9.035171508789062 0
persisted 0 820 9 8.059497833251953 6.388208866119385 2.6469626426696777
for 0 821 3 3.3293282985687256 5.507084369659424 0.8811244964599609
several 0 822 7 3.551166534423828 5.366621494293213 0.14046287536621094
more 0 823 4 8.462370872497559 2.825867176055908 2.5407543182373047
hours 0 824 5 4.097276210784912 3.2402029037475586 0
before 0 825 6 3.7015786170959473 3.5494425296783447 0
dissipating 0 826 11 2.314831495285034 5.454797267913818 0
roughly 0 827 7 11.77188491821289 4.607747554779053 0.8470497131347656
<unk> 0 828 5 0.8457115888595581 3.6162121295928955 0.9915354251861572
mi 0 829 2 2.9074230194091797 3.1706674098968506 0.4455447196960449
( 0 830 1 0.007897458039224148 0.07787757366895676 3.092789836227894
<unk> 0 831 5 0.0003274178015999496 0.004599045030772686 0.07327852863818407
km 0 832 2 0.1447075605392456 0.5130941867828369 0
) 0 833 1 0.005492460448294878 0.03753187134861946 0.47556231543421745
southwest 0 834 9 3.688906669616699 4.529743671417236 0
of 0 835 2 0.039880745112895966 0.28554728627204895 4.244196385145187
<unk> 0 836 5 0.36941882967948914 1.4621613025665283 0
<unk> 0 837 5 2.526414155960083 3.256155014038086 0
, 0 838 1 2.5726375579833984 3.4499833583831787 0
<unk> 0 839 5 1.3291451930999756 4.510526180267334 0
. 0 840 1 0.999728262424469 2.8825621604919434 1.6279640197753906
<eos> 0 841 5 0.0020004904363304377 0.01585313491523266 2.8667090255767107
= 0 842 1 1.7146450281143188 4.7397780418396 0
= 0 843 1 0.24058303236961365 1.174668312072754 3.5651097297668457
<unk> 0 844 5 5.638418197631836 3.56681489944458 0
and 0 845 3 3.1860666275024414 4.849443435668945 0
impact 0 846 6 9.283300399780273 3.441612720489502 1.4078307151794434
= 0 847 1 0.24588574469089508 1.6279475688934326 1.8136651515960693
= 0 848 1 3.026862941624131e-05 0.0005229044472798705 1.6274246644461527
<eos> 0 849 5 22.96390724182129 4.846255302429199 0
<unk> 0 850 5 3.1390480995178223 6.062819004058838 0
the 0 851 3 10.136087417602539 5.487797260284424 0.5750217437744141
classification 0 852 14 15.45915699005127 6.571362018585205 0
of 0 853 2 1.3362337350845337 4.069389820098877 2.501972198486328
<unk> 0 854 5 2.349093198776245 4.116016864776611 0
<unk> 0 855 5 2.276482105255127 6.033646106719971 0
<unk> 0 856 5 1.4116156101226807 4.943118572235107 1.0905275344848633
<unk> 0 857 5 2.272310495376587 6.440179347991943 0
<unk> 0 858 5 1.6161760091781616 5.043883800506592 1.3962955474853516
on 0 859 2 6.754776954650879 5.567254066467285 0
<unk> 0 860 5 0.3703625500202179 1.590783715248108 3.9764703512191772
<unk> 0 861 5 0.10770796239376068 0.6852638721466064 0.9055198431015015
, 0 862 1 1.5539307594299316 3.186868667602539 0
the 0 863 3 5.263296604156494 1.3061556816101074 1.8807129859924316
<unk> 0 864 5 1.7828725576400757 6.2044758796691895 0
of 0 865 2 4.995368003845215 6.978183746337891 0
<unk> 0 866 5 1.005292296409607 2.9048280715942383 4.073355674743652
issued 0 867 6 10.265071868896484 5.247481822967529 0
a 0 868 1 1.805864691734314 4.88886833190918 0.3586134910583496
tropical 0 869 8 3.080484390258789 7.153585433959961 0
storm 0 870 5 1.1025160551071167 1.5123356580734253 5.641249775886536
warning 0 871 7 1.3003978729248047 3.719660758972168 0
for 0 872 3 2.464250087738037 4.83588171005249 0
coastal 0 873 7 8.99725341796875 3.1633174419403076 1.6725642681121826
areas 0 874 5 3.4144086837768555 5.220815658569336 0
between 0 875 7 7.170815467834473 4.549516677856445 0.6712989807128906
<unk> 0 876 5 0.4641907513141632 1.9701427221298218 2.5793739557266235
and 0 877 3 0.7316499948501587 1.970741868019104 0
<unk> 0 878 5 0.1699298918247223 1.0587204694747925 0.9120213985443115
. 0 879 1 1.3328161239624023 3.270225763320923 0
<eos> 0 880 5 0.0011475277133286 0.009476695209741592 3.2607490681111813
<unk> 0 881 5 3.7108325958251953 5.239089488983154 0
hurricane 0 882 9 9.258955955505371 6.25882625579834 0
watch 0 883 5 5.880867004394531 3.9702277183532715 2.2885985374450684
was 0 884 3 1.2950540781021118 5.033321380615234 0
also 0 885 4 4.522654056549072 6.456503868103027 0
put 0 886 3 9.938211441040039 5.840249538421631 0.6162543296813965
in 0 887 2 4.165004253387451 3.5658676624298096 2.2743818759918213
place 0 888 5 1.0908433198928833 3.7228829860687256 0
from 0 889 4 6.798731327056885 4.758800506591797 0
<unk> 0 890 5 0.9923453330993652 3.5297107696533203 1.2290897369384766
de 0 891 2 11.54324722290039 2.7359871864318848 0.7937235832214355
<unk> 0 892 5 0.3759815990924835 1.2577353715896606 1.4782518148422241
to 0 893 2 1.256065011024475 3.3131792545318604 0
<unk> 0 894 5 0.2752548158168793 1.780921220779419 1.5322580337524414
<unk> 0 895 5 0.5478981733322144 2.2047243118286133 0
<unk> 0 896 5 3.358215808868408 3.156771659851074 0
. 0 897 1 1.2985846996307373 3.0478241443634033 0.1089475154876709
<eos> 0 898 5 0.00036043059662915766 0.0034494565334171057 3.044374687829986
<unk> 0 899 5 3.9834511280059814 5.296896934509277 0
that 0 900 4 10.059802055358887 6.215696334838867 0
day 0 901 3 4.893270969390869 6.940884113311768 0
, 0 902 1 1.240025281906128 4.0738525390625 2.8670315742492676
the 0 903 3 2.027101516723633 5.50053596496582 0
tropical 0 904 8 5.620830535888672 6.2417826652526855 0
storm 0 905 5 0.9637963175773621 2.088665723800659 4.153116941452026
warning 0 906 7 2.260648727416992 5.295087814331055 0
was 0 907 3 0.7691503763198853 3.7476491928100586 1.547438621520996
upgraded 0 908 8 5.925227642059326 7.061174392700195 0
to 0 909 2 0.6803165674209595 2.880812406539917 4.180361986160278
a 0 910 1 1.5782310962677002 3.929893732070923 0
hurricane 0 911 9 1.609677791595459 3.007035255432129 0.922858476638794
warning 0 912 7 0.2773488461971283 1.4226927757263184 1.5843424797058105
and 0 913 3 4.76158332824707 5.120917797088623 0
the 0 914 3 3.5618364810943604 7.608918190002441 0
watch 0 915 5 8.202686309814453 6.635039806365967 0.9738783836364746
was 0 916 3 2.429523468017578 6.538094997406006 0.09694480895996094
extended 0 917 8 4.775163173675537 6.632750511169434 0
westward 0 918 8 6.6847357749938965 4.141463279724121 2.4912872314453125
to 0 919 2 2.08369779586792 3.769986867904663 0.371476411819458
<unk> 0 920 5 1.249825358390808 4.744928359985352 0
<unk> 0 921 5 2.805206298828125 4.006171703338623 0.7387566566467285
. 0 922 1 1.3093411922454834 3.632910966873169 0.3732607364654541
<eos> 0 923 5 0.0007539468933828175 0.006568177603185177 3.6263427892699838
<unk> 0 924 5 4.401611328125 5.348409175872803 0
<unk> 0 925 5 3.1593899726867676 6.455204963684082 0
continued 0 926 9 8.850579261779785 5.253933906555176 1.2012710571289062
to 0 927 2 0.7602540850639343 3.4512779712677 1.8026559352874756
strengthen 0 928 10 5.824532508850098 7.9667558670043945 0
, 0 929 1 2.993774890899658 5.258070945739746 2.7086849212646484
the 0 930 3 6.969870567321777 4.824206352233887 0.4338645935058594
watches 0 931 7 9.868812561035156 6.749027252197266 0
and 0 932 3 2.0311124324798584 5.2897186279296875 1.4593086242675781
warnings 0 933 8 0.4988569915294647 3.2277889251708984 2.061929702758789
were 0 934 4 3.1428329944610596 5.139889240264893 0
extended 0 935 8 6.048794746398926 6.286718368530273 0
westward 0 936 8 7.365264415740967 4.515986919403076 1.7707314491271973
to 0 937 2 2.236327648162842 3.895948886871338 0.6200380325317383
<unk> 0 938 5 1.4394410848617554 4.771951675415039 0
<unk> 0 939 5 3.313549757003784 3.9927873611450195 0.7791643142700195
on 0 940 2 4.125811576843262 3.9361603260040283 0.05662703514099121
<unk> 0 941 5 0.3757780194282532 1.5710755586624146 2.3650847673416138
<unk> 0 942 5 0.11166214942932129 0.6925966739654541 0.8784788846969604
. 0 943 1 0.7439776659011841 2.0199129581451416 0
<eos> 0 944 5 0.0004348785732872784 0.004007128998637199 2.0159058291465044
<unk> 0 945 5 4.080840110778809 5.543341159820557 0
on 0 946 2 7.921204566955566 6.565896034240723 0
<unk> 0 947 5 0.5642572045326233 2.079571485519409 4.4863245487213135
<unk> 0 948 5 0.1771833300590515 1.1763533353805542 0.903218150138855
, 0 949 1 1.0009225606918335 4.155402183532715 0
the 0 950 3 2.0870769023895264 4.733516216278076 0
easternmost 0 951 11 10.928730964660645 5.890411376953125 0
advisories 0 952 10 13.743144989013672 6.568696975708008 0
were 0 953 4 1.1324905157089233 3.885220527648926 2.683476448059082
discontinued 0 954 12 2.46952223777771 4.05536413192749 0
as 0 955 2 5.31212043762207 4.508266448974609 0
<unk> 0 956 5 3.188441276550293 4.866526126861572 0
moved 0 957 5 4.1805830001831055 6.410016059875488 0
away 0 958 4 4.9290971755981445 5.242076873779297 1.1679391860961914
. 0 959 1 3.486825704574585 3.8127079010009766 1.4293689727783203
<eos> 0 960 5 0.00048422187683172524 0.004405653104186058 3.8083022478967905
<unk> 0 961 5 4.047706604003906 5.482975482940674 0
that 0 962 4 11.201112747192383 6.561270236968994 0
morning 0 963 7 7.284189224243164 7.055354595184326 0
, 0 964 1 1.3593041896820068 4.818027973175049 2.2373266220092773
all 0 965 3 8.527119636535645 5.675972938537598 0
watches 0 966 7 5.484914779663086 5.414155006408691 0.26181793212890625
and 0 967 3 2.741832733154297 3.905278444290161 1.5088765621185303
warnings 0 968 8 0.059621553868055344 0.4405902922153473 3.464688152074814
were 0 969 4 0.5986536741256714 3.088041067123413 0
discontinued 0 970 12 2.2033729553222656 4.942149639129639 0
in 0 971 2 3.9506726264953613 4.130612373352051 0.8115372657775879
light 0 972 5 12.825364112854004 3.4013607501983643 0.7292516231536865
of 0 973 2 0.04241502285003662 0.3389308452606201 3.062429904937744
<unk> 0 974 5 2.8586392402648926 3.8855419158935547 0
's 0 975 2 1.5862289667129517 4.051121234893799 0
rapid 0 976 5 9.44183349609375 8.11732006072998 0
weakening 0 977 9 3.3510985374450684 6.521864891052246 1.5954551696777344
. 0 978 1 1.0839035511016846 3.503690242767334 3.018174648284912
<eos> 0 979 5 0.0008943764260038733 0.007572951260954142 3.49611729150638
<unk> 0 980 5 3.985530138015747 5.582262992858887 0
<unk> 0 981 5 4.410131931304932 6.609615325927734 0
and 0 982 3 5.547909736633301 5.933638095855713 0.6759772300720215
<unk> 0 983 5 0.4347391724586487 2.4653711318969727 3.4682669639587402
, 0 984 1 4.778602600097656 4.766385555267334 0
residents 0 985 9 13.139338493347168 6.3096089363098145 0
were 0 986 4 4.439089775085449 4.506304740905762 1.8033041954040527
warned 0 987 6 4.936076641082764 7.3482818603515625 0
of 0 988 2 1.8741375207901 3.4495017528533936 3.898780107498169
heavy 0 989 5 9.013113975524902 5.077596187591553 0
rains 0 990 5 1.8422257900238037 2.664325714111328 2.4132704734802246
that 0 991 4 3.363983392715454 4.610077381134033 0
could 0 992 5 5.16853666305542 6.707857131958008 0
trigger 0 993 7 12.035833358764648 6.4525370597839355 0.25532007217407227
flooding 0 994 8 4.976605415344238 6.417428970336914 0.035108089447021484
and 0 995 3 3.1755123138427734 4.618246555328369 1.799182415008545
mudslides 0 996 9 4.912137031555176 8.390570640563965 0
. 0 997 1 1.414154291152954 3.9672982692718506 4.423272371292114
<eos> 0 998 5 0.0008254525018855929 0.007051740773022175 3.9602465284988284
<unk> 0 999 5 4.0378265380859375 6.269932270050049 0
across 0 1000 6 11.223960876464844 6.9062275886535645 0
both 0 1001 4 8.998024940490723 2.668935537338257 4.237292051315308
states 0 1002 6 4.787831783294678 5.268726348876953 0
canceled 0 1003 8 8.199767112731934 6.215948104858398 0
classes 0 1004 7 13.194622993469238 5.0536088943481445 1.162339210510254
for 0 1005 3 5.5126423835754395 4.833995342254639 0.21961355209350586
<unk> 0 1006 5 2.629973888397217 6.088484287261963 0
<unk> 0 1007 5 2.7782092094421387 4.773489475250244 1.3149948120117188
. 0 1008 1 4.167428493499756 3.276376724243164 1.49711275100708
<eos> 0 1009 5 0.0005366580444388092 0.004846747498959303 3.2715299767442048
<unk> 0 1010 5 4.245424747467041 6.054012298583984 0
<unk> 0 1011 5 3.4002785682678223 6.773748397827148 0
, 0 1012 1 4.626674652099609 4.117255210876465 2.6564931869506836
<unk> 0 1013 5 1.8697376251220703 5.569828987121582 0
shelters 0 1014 8 13.719178199768066 3.862879991531372 1.70694899559021
were 0 1015 4 2.6865105628967285 3.667527675628662 0.19535231590270996
opened 0 1016 6 4.8749098777771 7.475996494293213 0
to 0 1017 2 2.691765069961548 4.18559455871582 3.2904019355773926
the 0 1018 3 1.140323519706726 5.237969398498535 0
public 0 1019 6 0.4520530700683594 2.177036762237549 3.0609326362609863
. 0 1020 1 4.016072750091553 3.910170078277588 0
<eos> 0 1021 5 0.0007623696001246572 0.006569547113031149 3.9036005311645567
<unk> 0 1022 5 4.079860687255859 6.158445358276367 0
, 0 1023 1 4.232733726501465 6.724930286407471 0
the 0 1024 3 3.634509325027466 5.083571434020996 1.6413588523864746
<unk> 0 1025 5 1.8628597259521484 6.93815279006958 0
<unk> 0 1026 5 2.5162549018859863 6.785224437713623 0.15292835235595703
was 0 1027 3 7.969559192657471 5.507444381713867 1.2777800559997559
placed 0 1028 6 8.202722549438477 8.129727363586426 0
on 0 1029 2 1.966848611831665 3.876803398132324 4.252923965454102
standby 0 1030 7 0.9053799510002136 2.705129861831665 1.1716735363006592
for 0 1031 3 1.9123259782791138 4.175379753112793 0
hurricane 0 1032 9 7.141392707824707 6.260387420654297 0
relief 0 1033 6 12.091586112976074 1.2569475173950195 5.003439903259277
. 0 1034 1 2.4895520210266113 4.353574275970459 0
<eos> 0 1035 5 0.0009493757388554513 0.008007435128092766 4.345566840842366
<unk> 0 1036 5 4.118986129760742 6.171956539154053 0
total 0 1037 5 11.901086807250977 6.894791126251221 0
of 0 1038 2 4.947737216949463 5.943547248840332 0.9512438774108887
<unk> 0 1039 5 0.2174217253923416 1.5532951354980469 4.390252113342285
temporary 0 1040 9 15.255443572998047 4.491046905517578 0
shelters 0 1041 8 4.124833106994629 6.982630252838135 0
were 0 1042 4 0.2952021062374115 1.764552354812622 5.218077898025513
opened 0 1043 6 5.983091831207275 6.713119029998779 0
in 0 1044 2 2.1242361068725586 3.9987714290618896 2.7143476009368896
<unk> 0 1045 5 0.6394866704940796 2.801048755645752 1.1977226734161377
, 0 1046 1 2.54729962348938 3.426727056503296 0
many 0 1047 4 9.270236015319824 4.942376613616943 0
of 0 1048 2 0.6602826714515686 3.862506151199341 1.0798704624176025
which 0 1049 5 0.3045496344566345 0.8444538712501526 3.0180522799491882
were 0 1050 4 0.6265671849250793 3.508941411972046 0
in 0 1051 2 5.413019180297852 7.766048431396484 0
<unk> 0 1052 5 2.670772075653076 6.463632106781006 1.3024163246154785
, 0 1053 1 3.151484489440918 4.244507789611816 2.2191243171691895
as 0 1054 2 5.875013828277588 4.598571300506592 0
many 0 1055 4 6.0193705558776855 3.408210039138794 1.1903612613677979
residents 0 1056 9 3.2289247512817383 6.998458385467529 0
were 0 1057 4 2.237180471420288 6.34606409072876 0.6523942947387695
expected 0 1058 8 7.632483959197998 6.811732769012451 0
to 0 1059 2 0.02927290089428425 0.22992658615112305 6.581806182861328
evacuate 0 1060 8 3.002016544342041 6.775644302368164 0
flood 0 1061 5 14.385140419006348 4.329013824462891 2.4466304779052734
<unk> 0 1062 5 4.354080677032471 5.339469909667969 0
prone 0 1063 5 3.5516357421875 6.472428321838379 0
area 0 1064 4 11.128009796142578 7.261282920837402 0
. 0 1065 1 1.0541876554489136 4.210033893585205 3.0512490272521973
<eos> 0 1066 5 0.00034667536965571344 0.003250419395044446 4.206783474190161
<unk> 0 1067 5 4.217585563659668 6.555180549621582 0
orange 0 1068 6 17.810434341430664 7.03153133392334 0
<unk> 0 1069 5 4.196768760681152 6.975458145141602 0.05607318878173828
level 0 1070 5 12.909162521362305 7.562662601470947 0
alert 0 1071 5 12.949930191040039 7.743601322174072 0
was 0 1072 3 3.6183953285217285 7.735474109649658 0.008127212524414062
issued 0 1073 6 3.2792606353759766 7.427236557006836 0.30823755264282227
for 0 1074 3 2.209547758102417 4.183627128601074 3.2436094284057617
portions 0 1075 8 8.53808307647705 5.321017742156982 0
of 0 1076 2 0.03171079233288765 0.2623116672039032 5.058706074953079
<unk> 0 1077 5 1.3936675786972046 3.347907543182373 0
in 0 1078 2 4.254316806793213 5.002756595611572 0
light 0 1079 5 12.058531761169434 3.0822689533233643 1.920487642288208
of 0 1080 2 0.03395341709256172 0.27974969148635864 2.8025192618370056
potentially 0 1081 11 15.254284858703613 4.838266372680664 0
heavy 0 1082 5 4.646623134613037 6.8787336349487305 0
rains 0 1083 5 2.669924736022949 3.561244010925293 3.3174896240234375
. 0 1084 1 1.1886836290359497 3.424927234649658 0.13631677627563477
<eos> 0 1085 5 0.0001871049898909405 0.0018658365588635206 3.4230613980907947
<unk> 0 1086 5 4.449313640594482 6.518003463745117 0
<unk> 0 1087 5 2.8408148288726807 7.085806369781494 0
and 0 1088 3 5.720736026763916 4.243756294250488 2.842050075531006
<unk> 0 1089 5 0.816896915435791 4.121336936950684 0.12241935729980469
<unk> 0 1090 5 1.0079739093780518 4.8657755851745605 0
, 0 1091 1 3.4554686546325684 5.582432270050049 0
the 0 1092 3 3.8005359172821045 6.249573707580566 0
<unk> 0 1093 5 2.0112175941467285 7.082498073577881 0
<unk> 0 1094 5 2.7158124446868896 7.203851222991943 0
<unk> 0 1095 5 2.091742515563965 6.196263790130615 1.0075874328613281
( 0 1096 1 6.402124404907227 6.878298759460449 0
<unk> 0 1097 5 0.5669979453086853 4.1555280685424805 2.7227706909179688
<unk> 0 1098 5 2.4284377098083496 2.814094066619873 1.3414340019226074
<unk> 0 1099 5 0.880972146987915 2.2691550254821777 0.5449390411376953
) 0 1100 1 0.6508070230484009 3.0654125213623047 0
advised 0 1101 7 11.182718276977539 3.8725368976593018 0
that 0 1102 4 5.777595043182373 4.771732807159424 0
all 0 1103 3 6.207573413848877 5.4246134757995605 0
air 0 1104 3 10.274056434631348 6.754446029663086 0
and 0 1105 3 6.949485778808594 4.587325572967529 2.1671204566955566
sea 0 1106 3 7.26365852355957 8.27743148803711 0
traffic 0 1107 7 7.284040451049805 7.989487171173096 0.28794431686401367
be 0 1108 2 4.407417297363281 6.53783655166626 1.451650619506836
suspended 0 1109 9 8.583599090576172 8.438276290893555 0
until 0 1110 5 8.860595703125 4.161191940307617 4.2770843505859375
the 0 1111 3 1.866432785987854 3.910658121109009 0.2505338191986084
passage 0 1112 7 5.930191516876221 6.8030195236206055 0
of 0 1113 2 0.052073463797569275 0.43071693181991577 6.37230259180069
<unk> 0 1114 5 3.1192314624786377 3.4035427570343018 0
. 0 1115 1 2.6922495365142822 5.233654499053955 0
<eos> 0 1116 5 0.0003824387094937265 0.003567836247384548 5.2300866628065705
<unk> 0 1117 5 3.812251329421997 6.12871789932251 0
<unk> 0 1118 5 2.6228151321411133 6.884404182434082 0
, 0 1119 1 3.8692986965179443 4.5517072677612305 2.3326969146728516
<unk> 0 1120 5 1.5171746015548706 5.263528347015381 0
produced 0 1121 8 11.642168998718262 4.833322048187256 0.430206298828125
heavy 0 1122 5 6.116988182067871 5.797300815582275 0
rain 0 1123 4 4.763484477996826 2.037266731262207 3.7600340843200684
, 0 1124 1 2.2975120544433594 4.652259349822998 0
peaking 0 1125 7 6.411781311035156 6.406311988830566 0
at 0 1126 2 0.1851358562707901 1.0818604230880737 5.324451565742493
<unk> 0 1127 5 0.2072872519493103 1.276321530342102 0
<unk> 0 1128 5 0.5462636947631836 2.101386308670044 0
<eos> 0 1129 5 0.06071390584111214 0.3249596357345581 1.7764266729354858
@ 0 1130 1 0.0 1.203873489430407e-05 0.3249475969996638
<unk> 0 1131 5 0.00037160664214752614 0.004916679579764605 0
mm 0 1132 2 2.8320205211639404 2.88388991355896 0
( 0 1133 1 0.016581842675805092 0.13312777876853943 2.7507621347904205
<unk> 0 1134 5 0.00011281620390946046 0.0017084955470636487 0.13141928322147578
<unk> 0 1135 5 0.23010165989398956 0.693998396396637 0
<eos> 0 1136 5 0.00037418570718728006 0.0038093694020062685 0.6901890269946307
@ 0 1137 1 0.0 0.0 0.0038093694020062685
<unk> 0 1138 5 1.1006847671524156e-05 0.00016732941730879247 0
in 0 1139 2 0.01944362185895443 0.12666021287441254 0
) 0 1140 1 0.0015052665257826447 0.014781767502427101 0.11187844537198544
in 0 1141 2 1.2190488576889038 2.971919298171997 0
<unk> 0 1142 5 0.4792400002479553 2.143000602722168 0.8289186954498291
, 0 1143 1 1.71746826171875 3.356261730194092 0
<unk> 0 1144 5 0.7630223631858826 3.255336046218872 0.10092568397521973
. 0 1145 1 0.999615490436554 2.707068920135498 0.548267126083374
<eos> 0 1146 5 0.0002806483826134354 0.0027233529835939407 2.704345567151904
<unk> 0 1147 5 3.9505679607391357 5.954875946044922 0
homes 0 1148 5 8.102038383483887 6.089666843414307 0
across 0 1149 6 8.489385604858398 3.3619470596313477 2.727719783782959
the 0 1150 3 1.0008455514907837 2.728637456893921 0.6333096027374268
state 0 1151 5 4.162595272064209 4.758782386779785 0
were 0 1152 4 0.7117797136306763 3.5275464057922363 1.2312359809875488
damaged 0 1153 7 4.164577960968018 7.690831661224365 0
, 0 1154 1 1.9225375652313232 3.829056739807129 3.8617749214172363
though 0 1155 6 5.253507137298584 5.096240997314453 0
none 0 1156 4 6.215967655181885 6.151735305786133 0
were 0 1157 4 2.7172296047210693 1.739176869392395 4.412558436393738
destroyed 0 1158 9 3.272019386291504 6.158251762390137 0
. 0 1159 1 0.7335678339004517 2.581881284713745 3.5763704776763916
<eos> 0 1160 5 0.0003000785072799772 0.0028632476460188627 2.5790180370677263
<unk> 0 1161 5 4.322362899780273 6.158481121063232 0
<unk> 0 1162 5 2.657034397125244 6.509964466094971 0
, 0 1163 1 4.002856254577637 4.515148162841797 1.9948163032531738
<unk> 0 1164 5 1.258659839630127 4.765820026397705 0
homes 0 1165 5 10.768364906311035 4.571100234985352 0.19471979141235352
were 0 1166 4 2.741992235183716 3.680793285369873 0.8903069496154785
inundated 0 1167 9 5.062258243560791 5.797181606292725 0
by 0 1168 2 1.5442914962768555 3.4513161182403564 2.345865488052368
flood 0 1169 5 7.053425312042236 6.172967910766602 0
waters 0 1170 6 0.9166125059127808 4.294833183288574 1.8781347274780273
, 0 1171 1 1.6203213930130005 4.110979080200195 0.1838541030883789
prompting 0 1172 9 7.3610663414001465 6.16901159286499 0
evacuations 0 1173 11 2.8616786003112793 6.158767223358154 0.010244369506835938
in 0 1174 2 3.3897159099578857 4.709336280822754 1.4494309425354004
areas 0 1175 5 6.966675758361816 4.011371612548828 0.6979646682739258
built 0 1176 5 11.461760520935059 4.9380011558532715 0
in 0 1177 2 2.2606253623962402 4.303845405578613 0.6341557502746582
<unk> 0 1178 5 1.2176785469055176 4.010369300842285 0.2934761047363281
to 0 1179 2 5.978328704833984 4.1475510597229 0
relocate 0 1180 8 13.73774242401123 7.119932651519775 0
residents 0 1181 9 6.622860431671143 6.475161075592041 0.6447715759277344
after 0 1182 5 9.950121879577637 4.019988059997559 2.4551730155944824
<unk> 0 1183 5 3.019451141357422 6.681270122528076 0
<unk> 0 1184 5 2.833806276321411 6.613335609436035 0.06793451309204102
. 0 1185 1 2.482861042022705 5.472908973693848 1.1404266357421875
<eos> 0 1186 5 0.0015739861410111189 0.012462569400668144 5.4604464042931795
<unk> 0 1187 5 3.953744888305664 6.436936855316162 0
landslides 0 1188 10 11.151079177856445 6.984059810638428 0
blocked 0 1189 7 9.74593734741211 5.587901592254639 1.396158218383789
off 0 1190 3 8.736985206604004 5.527589797973633 0.06031179428100586
roads 0 1191 5 5.705142021179199 5.975177764892578 0
and 0 1192 3 1.6910738945007324 3.8856618404388428 2.0895159244537354
a 0 1193 1 7.449841499328613 8.078306198120117 0
<unk> 0 1194 5 4.099609851837158 8.636702537536621 0
m 0 1195 1 8.001220703125 6.946530818939209 1.690171718597412
( 0 1196 1 0.2664658725261688 1.7099027633666992 5.23662805557251
<unk> 0 1197 5 0.0009383760625496507 0.013035006821155548 1.6968677565455437
ft 0 1198 2 0.08122806996107101 0.34966376423835754 0
) 0 1199 1 0.016328664496541023 0.09609083086252213 0.2535729333758354
section 0 1200 7 8.621979713439941 7.385442733764648 0
of 0 1201 2 0.7172473669052124 3.25361967086792 4.1318230628967285
a 0 1202 1 6.22953462600708 5.443058967590332 0
roundabout 0 1203 10 11.201981544494629 8.21135425567627 0
was 0 1204 3 4.924179553985596 5.615536212921143 2.595818042755127
destroyed 0 1205 9 4.359202861785889 6.946972370147705 0
. 0 1206 1 1.2182259559631348 3.3501622676849365 3.5968101024627686
<eos> 0 1207 5 0.00033016889938153327 0.0031246342696249485 3.3470376334153116
<unk> 0 1208 5 4.4761552810668945 6.537920951843262 0
the 0 1209 3 9.623197555541992 7.108346462249756 0
community 0 1210 9 11.656564712524414 8.193341255187988 0
of 0 1211 2 1.9618734121322632 6.375319957733154 1.818021297454834
<unk> 0 1212 5 0.3936805725097656 2.3970143795013428 3.9783055782318115
, 0 1213 1 2.4956607818603516 6.355339527130127 0
three 0 1214 5 11.33859634399414 5.607497692108154 0.7478418350219727
people 0 1215 6 3.7509429454803467 7.066640377044678 0
were 0 1216 4 3.064675807952881 6.133808135986328 0.9328322410583496
killed 0 1217 6 1.36293363571167 5.144420146942139 0.9893879890441895
after 0 1218 5 6.987795352935791 3.740140914916992 1.4042792320251465
being 0 1219 5 5.274421691894531 4.559110164642334 0
washed 0 1220 6 4.999874114990234 6.399961471557617 0
away 0 1221 4 1.3720252513885498 2.594029426574707 3.80593204498291
by 0 1222 2 2.7806155681610107 3.657362461090088 0
flood 0 1223 5 8.278460502624512 5.479275226593018 0
waters 0 1224 6 1.431915283203125 5.58909797668457 0
. 0 1225 1 0.9617323875427246 3.106874465942383 2.4822235107421875
<eos> 0 1226 5 0.0014088816242292523 0.011254900135099888 3.095619565807283
<unk> 0 1227 5 4.423103332519531 6.415566444396973 0
rains 0 1228 5 10.348197937011719 7.075379848480225 0
from 0 1229 4 7.21174430847168 5.800209045410156 1.2751708030700684
<unk> 0 1230 5 1.6498544216156006 3.8317503929138184 1.968458652496338
caused 0 1231 6 4.023436546325684 6.448457717895508 0
the 0 1232 3 3.5038671493530273 6.032161235809326 0.41629648208618164
<unk> 0 1233 5 3.3388960361480713 7.082040786743164 0
<unk> 0 1234 5 2.4945380687713623 6.383790493011475 0.6982502937316895
to 0 1235 2 3.3627216815948486 5.8367133140563965 0.5470771789550781
overflow 0 1236 8 3.8958003520965576 7.330709457397461 0
its 0 1237 3 4.386809825897217 5.769084930419922 1.561624526977539
banks 0 1238 5 1.1213130950927734 5.005776405334473 0.7633085250854492
, 0 1239 1 2.247920513153076 3.8736650943756104 1.1321113109588623
placing 0 1240 7 11.855992317199707 6.234292030334473 0
<unk> 0 1241 5 3.5993106365203857 6.245606899261475 0
homes 0 1242 5 9.416311264038086 6.268100261688232 0
across 0 1243 6 6.819698333740234 4.285768985748291 1.9823312759399414
<unk> 0 1244 5 2.9075827598571777 2.6284754276275635 1.6572935581207275
<unk> 0 1245 5 3.4004905223846436 4.967282772064209 0
under 0 1246 5 9.602776527404785 4.413539409637451 0.5537433624267578
water 0 1247 5 7.907532691955566 4.49582576751709 0
. 0 1248 1 1.3339662551879883 4.484461784362793 0.011363983154296875
<eos> 0 1249 5 0.0006301787798292935 0.005556878633797169 4.478904905728996
<unk> 0 1250 5 4.11278772354126 6.628334999084473 0
person 0 1251 6 17.140090942382812 7.106217384338379 0
drowned 0 1252 7 6.79437255859375 6.956908226013184 0.1493091583251953
in 0 1253 2 2.05393385887146 5.305307865142822 1.6516003608703613
<unk> 0 1254 5 1.1928151845932007 3.745378255844116 1.559929609298706
<unk> 0 1255 5 2.404604911804199 4.8819403648376465 0
after 0 1256 5 8.454912185668945 4.352423667907715 0.5295166969299316
falling 0 1257 7 7.340436935424805 6.060958385467529 0
in 0 1258 2 4.218173027038574 5.648994445800781 0.41196393966674805
the 0 1259 3 2.419926643371582 6.499603271484375 0
swollen 0 1260 7 7.929057598114014 8.21412467956543 0
river 0 1261 5 4.98447847366333 7.694544792175293 0.5195798873901367
. 0 1262 1 2.0336191654205322 5.239312171936035 2.455232620239258
<eos> 0 1263 5 0.0012107655638828874 0.010012914426624775 5.22929925750941
<unk> 0 1264 5 4.049663066864014 6.340722560882568 0
<unk> 0 1265 5 2.653963327407837 6.994593620300293 0
seven 0 1266 5 14.757755279541016 4.936862945556641 2.0577306747436523
<unk> 0 1267 5 3.4577057361602783 6.063556671142578 0
in 0 1268 2 6.951109409332275 6.426470756530762 0
and 0 1269 3 9.809074401855469 5.391966819763184 1.0345039367675781
around 0 1270 6 1.0769580602645874 4.168105602264404 1.2238612174987793
the 0 1271 3 2.320665121078491 2.3377363681793213 1.830369234085083
city 0 1272 4 3.5778088569641113 7.18866491317749 0
lost 0 1273 4 8.707809448242188 4.9255170822143555 2.2631478309631348
power 0 1274 5 3.6252195835113525 6.554680347442627 0
after 0 1275 5 7.1352434158325195 4.16664981842041 2.388030529022217
muddy 0 1276 5 18.283897399902344 5.3536224365234375 0
<unk> 0 1277 5 6.449916362762451 3.6316134929656982 1.7220089435577393
entered 0 1278 7 10.611753463745117 5.4435272216796875 0
a 0 1279 1 4.249589443206787 4.080942153930664 1.3625850677490234
substation 0 1280 10 14.500809669494629 8.806883811950684 0
. 0 1281 1 1.1478837728500366 3.5441393852233887 5.262744426727295
<eos> 0 1282 5 0.0010071228025481105 0.008415798656642437 3.5357235865667462
<unk> 0 1283 5 3.9482622146606445 6.262104511260986 0
<unk> 0 1284 5 2.5093894004821777 6.821958541870117 0
, 0 1285 1 3.0498206615448 5.00452184677124 1.817436695098877
at 0 1286 2 8.70609188079834 5.128223419189453 0
least 0 1287 5 2.9296817779541016 3.526409387588501 1.6018140316009521
a 0 1288 1 5.295871734619141 4.367915153503418 0
dozen 0 1289 5 5.24298620223999 6.718539237976074 0
homes 0 1290 5 5.49629020690918 7.292774200439453 0
lost 0 1291 4 9.125480651855469 4.872848987579346 2.4199252128601074
their 0 1292 5 5.882776737213135 6.886549472808838 0
roofs 0 1293 5 3.127680540084839 5.632631778717041 1.2539176940917969
due 0 1294 3 7.884268283843994 3.436612129211426 2.1960196495056152
to 0 1295 2 0.009603636339306831 0.09336195141077042 3.3432501778006554
high 0 1296 4 6.821841716766357 6.279101848602295 0
winds 0 1297 5 1.4152631759643555 4.276739597320557 2.0023622512817383
. 0 1298 1 1.8371186256408691 3.7184488773345947 0.5582907199859619
<eos> 0 1299 5 0.0016236341325566173 0.012759044766426086 3.7056898325681686
<unk> 0 1300 5 3.9878153800964355 6.4371466636657715 0
of 0 1301 2 7.725470542907715 7.111221790313721 0
<unk> 0 1302 5 1.8583357334136963 3.8518052101135254 3.2594165802001953
, 0 1303 1 3.6422526836395264 6.920310974121094 0
<unk> 0 1304 5 1.0154310464859009 4.544902801513672 2.375408172607422
, 0 1305 1 1.716660737991333 5.337955474853516 0
<unk> 0 1306 5 1.968629002571106 5.534867286682129 0
and 0 1307 3 2.348867416381836 2.476205348968506 3.058661937713623
<unk> 0 1308 5 0.30238959193229675 1.980735182762146 0.49547016620635986
experienced 0 1309 11 7.494545936584473 5.6934404373168945 0
heavy 0 1310 5 4.526348114013672 6.14534330368042 0
rains 0 1311 5 3.1531906127929688 3.129322052001953 3.016021251678467
; 0 1312 1 5.896176338195801 4.1781816482543945 0
however 0 1313 7 4.335476398468018 6.405109882354736 0
, 0 1314 1 0.033169232308864594 0.3081016540527344 6.097008228302002
in 0 1315 2 5.231597900390625 5.954317092895508 0
many 0 1316 4 7.105464458465576 3.7284436225891113 2.2258734703063965
areas 0 1317 5 1.1777592897415161 3.808748483657837 0
, 0 1318 1 1.032773733139038 3.8190841674804688 0
the 0 1319 3 2.362623453140259 6.387058734893799 0
rain 0 1320 4 8.099242210388184 7.04381799697876 0
proved 0 1321 6 12.812479019165039 6.184397220611572 0.8594207763671875
beneficial 0 1322 10 2.52919602394104 4.893463134765625 1.2909340858459473
in 0 1323 2 4.340880870819092 3.0499155521392822 1.8435475826263428
mitigating 0 1324 10 16.285511016845703 5.875476360321045 0
a 0 1325 1 5.892966270446777 5.839719295501709 0.03575706481933594
severe 0 1326 6 5.439657211303711 8.483209609985352 0
drought 0 1327 7 1.4187028408050537 5.373296737670898 3.109912872314453
. 0 1328 1 0.8031782507896423 3.08886981010437 2.2844269275665283
<eos> 0 1329 5 0.0005199817824177444 0.004677902907133102 3.084191907197237
=========================================================================================
| End of testing | test loss  2.94 | test ppl    18.83
=========================================================================================
