word sentid sentpos wlen surp entropy entred
<unk> 0 0 5 2.1591567993164062 6.97152042388916 0
<unk> 0 1 5 2.3802976608276367 6.961944580078125 0.009575843811035156
who 0 2 3 8.430904388427734 6.211465835571289 0.7504787445068359
won 0 3 3 7.994521141052246 7.564387321472168 0
the 0 4 3 1.1148658990859985 4.323585510253906 3.2408018112182617
<unk> 0 5 5 1.9152483940124512 7.122817039489746 0
<unk> 0 6 5 1.949493646621704 6.137303829193115 0.9855132102966309
beauty 0 7 6 14.819095611572266 5.745818138122559 0.39148569107055664
pageant 0 8 7 4.634258270263672 5.626541614532471 0.11927652359008789
in 0 9 2 3.1185710430145264 5.254958629608154 0.3715829849243164
<unk> 0 10 5 0.352627694606781 1.6958757638931274 3.559082865715027
<unk> 0 11 5 3.722923517227173 2.9249353408813477 0
<eos> 0 12 5 8.25753402709961 3.1050431728363037 0
<unk> 0 13 5 2.830605983734131 4.753606796264648 0
<unk> 0 14 5 2.804931163787842 5.934119701385498 0
- 0 15 1 10.613317489624023 5.620604991912842 0.31351470947265625
one 0 16 3 7.741076469421387 6.458306312561035 0
of 0 17 2 0.24110029637813568 1.8418521881103516 4.616454124450684
the 0 18 3 0.390708863735199 1.7976791858673096 0.04417300224304199
victims 0 19 7 10.658211708068848 6.291725158691406 0
of 0 20 2 0.8542060852050781 3.3976869583129883 2.894038200378418
the 0 21 3 0.9307274222373962 3.542949676513672 0
<unk> 0 22 5 1.2525675296783447 6.884335517883301 0
civil 0 23 5 6.058091640472412 7.549455165863037 0
rights 0 24 6 7.364034175872803 0.50111323595047 7.048341929912567
workers 0 25 7 14.996135711669922 4.151965618133545 0
murders 0 26 7 15.085126876831055 5.685112476348877 0
in 0 27 2 3.636758804321289 4.582912445068359 1.1022000312805176
<unk> 0 28 5 0.8599462509155273 2.8912858963012695 1.6916265487670898
<unk> 0 29 5 3.6338999271392822 3.3151402473449707 0
<eos> 0 30 5 8.36026382446289 3.6144111156463623 0
<unk> 0 31 5 2.1259889602661133 5.319944858551025 0
and 0 32 3 4.8225297927856445 4.922118186950684 0.3978266716003418
<unk> 0 33 5 1.593106985092163 6.756316661834717 0
<unk> 0 34 5 1.5211150646209717 5.423797130584717 1.33251953125
, 0 35 1 2.581794023513794 4.897946357727051 0.525850772857666
known 0 36 5 8.738628387451172 6.9711785316467285 0
as 0 37 2 0.37421220541000366 1.7173534631729126 5.253825068473816
" 0 38 1 2.3981823921203613 3.1026949882507324 0
<unk> 0 39 5 1.2703436613082886 5.046705722808838 0
<unk> 0 40 5 1.6745166778564453 4.5661091804504395 0.48059654235839844
<unk> 0 41 5 1.9268027544021606 3.116001605987549 1.4501075744628906
" 0 42 1 0.7614841461181641 2.727982759475708 0.3880188465118408
- 0 43 1 10.463523864746094 2.5806422233581543 0.1473405361175537
holders 0 44 7 20.20960807800293 6.928670406341553 0
of 0 45 2 0.12336238473653793 0.8852013945579529 6.0434690117836
the 0 46 3 0.7722749710083008 4.014078617095947 0
world 0 47 5 7.201135158538818 6.935419082641602 0
flight 0 48 6 14.276018142700195 6.108116626739502 0.8273024559020996
endurance 0 49 9 14.197685241699219 8.61412525177002 0
record 0 50 6 9.998061180114746 7.546760559082031 1.0673646926879883
- 0 51 1 8.784585952758789 5.802389144897461 1.7443714141845703
are 0 52 3 9.687949180603027 7.202963829040527 0
<unk> 0 53 5 4.862911224365234 8.336409568786621 0
natives 0 54 7 13.93523120880127 6.701527118682861 1.6348824501037598
. 0 55 1 2.204878091812134 4.896856307983398 1.804670810699463
<eos> 0 56 5 0.007011350244283676 0.04482198879122734 4.852034319192171
<unk> 0 57 5 2.5917770862579346 5.416403770446777 0
<unk> 0 58 5 2.0175366401672363 6.443987846374512 0
is 0 59 2 4.2909698486328125 5.603649616241455 0.8403382301330566
also 0 60 4 3.818779945373535 5.669053077697754 0
a 0 61 1 2.5750646591186523 5.962843418121338 0
former 0 62 6 6.1185994148254395 7.685359954833984 0
mayor 0 63 5 9.19106388092041 6.825788974761963 0.8595709800720215
of 0 64 2 0.7293936014175415 2.548401355743408 4.277387619018555
the 0 65 3 1.9159141778945923 2.001410484313965 0.5469908714294434
city 0 66 4 4.095181941986084 5.030354976654053 0
. 0 67 1 2.3714728355407715 3.922851324081421 1.1075036525726318
<eos> 0 68 5 0.0006549332174472511 0.005888861604034901 3.916962462477386
<unk> 0 69 5 2.337571620941162 5.021131992340088 0
<unk> 0 70 5 1.6954091787338257 5.613713264465332 0
, 0 71 1 2.1813151836395264 4.857394218444824 0.7563190460205078
leader 0 72 6 7.622687816619873 5.441585540771484 0
of 0 73 2 0.025112181901931763 0.19949816167354584 5.2420873790979385
the 0 74 3 0.5712095499038696 2.3140149116516113 0
<unk> 0 75 5 0.9707154035568237 5.291645526885986 0
<unk> 0 76 5 2.2260513305664062 7.439452171325684 0
<unk> 0 77 5 1.8892749547958374 6.7928147315979 0.6466374397277832
, 0 78 1 3.1093127727508545 7.003979682922363 0
<eos> 0 79 5 17.782142639160156 7.396951675415039 0
= 0 80 1 9.697761535644531 6.01299524307251 1.3839564323425293
= 0 81 1 0.150222048163414 0.8915442824363708 5.121450960636139
<unk> 0 82 5 3.7845592498779297 6.055126190185547 0
popular 0 83 7 13.260743141174316 5.948733329772949 0.10639286041259766
culture 0 84 7 0.9635418057441711 5.087317943572998 0.8614153861999512
= 0 85 1 0.09499499946832657 0.6741455793380737 4.413172364234924
= 0 86 1 7.429459219565615e-05 0.0011777722975239158 0.6729678070405498
<eos> 0 87 5 22.55902862548828 4.404742240905762 0
= 0 88 1 4.545914173126221 6.521989345550537 0
= 0 89 1 0.12155453860759735 0.7578655481338501 5.764123797416687
= 0 90 1 1.0355803966522217 5.325373649597168 0
<unk> 0 91 5 2.170632839202881 8.41646671295166 0
characters 0 92 10 12.84730052947998 5.9689483642578125 2.4475183486938477
= 0 93 1 0.29584863781929016 1.684922695159912 4.2840256690979
= 0 94 1 6.053662218619138e-05 0.000944391533266753 1.6839783036266454
= 0 95 1 3.026862941624131e-05 0.0004835341824218631 0.0004608573508448899
<eos> 0 96 5 23.209482192993164 5.006043434143066 0
<unk> 0 97 5 1.321183204650879 6.314493179321289 0
<unk> 0 98 5 1.7304564714431763 5.575098514556885 0.7393946647644043
, 0 99 1 2.951961040496826 5.217710971832275 0.3573875427246094
the 0 100 3 3.0098230838775635 5.272919178009033 0
protagonist 0 101 11 6.473367691040039 7.608036518096924 0
of 0 102 2 0.4369928240776062 2.066434621810913 5.541601896286011
the 0 103 3 0.6868574023246765 2.698251724243164 0
<unk> 0 104 5 1.1975592374801636 5.6699934005737305 0
series 0 105 6 4.992857456207275 6.5715203285217285 0
<unk> 0 106 5 3.168300151824951 4.064749717712402 2.506770610809326
on 0 107 2 9.951473236083984 4.5471062660217285 0
<unk> 0 108 5 1.1689246892929077 3.5779271125793457 0.9691791534423828
, 0 109 1 1.4141693115234375 4.059523582458496 0
hails 0 110 5 15.270366668701172 6.150331974029541 0
from 0 111 4 0.6388620138168335 2.9457790851593018 3.2045528888702393
<unk> 0 112 5 1.3209890127182007 3.387164831161499 0
, 0 113 1 2.36582350730896 5.1571879386901855 0
<unk> 0 114 5 2.1019182205200195 5.6657514572143555 0
, 0 115 1 1.5001839399337769 4.098550319671631 1.5672011375427246
where 0 116 5 7.342547416687012 4.307302951812744 0
he 0 117 2 1.4661478996276855 3.83012318611145 0.47717976570129395
was 0 118 3 4.412020683288574 6.2475972175598145 0
a 0 119 1 2.748680353164673 7.640568733215332 0
tobacco 0 120 7 15.754722595214844 8.708049774169922 0
farmer 0 121 6 6.971121311187744 8.344685554504395 0.36336421966552734
and 0 122 3 2.8055970668792725 3.904184579849243 4.440500974655151
later 0 123 5 8.158548355102539 7.015183448791504 0
a 0 124 1 4.222805500030518 8.353768348693848 0
<unk> 0 125 5 2.9268171787261963 8.881200790405273 0
soldier 0 126 7 8.001078605651855 6.827227592468262 2.0539731979370117
during 0 127 6 7.931473731994629 3.4738268852233887 3.353400707244873
the 0 128 3 0.7493489980697632 2.3452038764953613 1.1286230087280273
<unk> 0 129 5 1.9115610122680664 6.0796637535095215 0
<unk> 0 130 5 3.271134614944458 5.175390720367432 0.9042730331420898
<unk> 0 131 5 1.6071420907974243 5.404975891113281 0
. 0 132 1 7.354580879211426 2.3292629718780518 3.0757129192352295
<eos> 0 133 5 0.0007924503297545016 0.006847551092505455 2.3224154207855463
<unk> 0 134 5 2.087217330932617 5.152902126312256 0
<unk> 0 135 5 2.3001372814178467 5.692023277282715 0
, 0 136 1 2.50546932220459 5.360676288604736 0.3313469886779785
one 0 137 3 5.8883256912231445 4.84664249420166 0.5140337944030762
of 0 138 2 0.011350800283253193 0.12615397572517395 4.720488518476486
the 0 139 3 0.5799117088317871 2.1832644939422607 0
characters 0 140 10 7.493588447570801 7.468783378601074 0
of 0 141 2 2.054112672805786 4.891918182373047 2.5768651962280273
the 0 142 3 1.615303635597229 4.522324562072754 0.36959362030029297
<unk> 0 143 5 1.4534776210784912 7.203110218048096 0
<unk> 0 144 5 2.23466157913208 7.209573268890381 0
<unk> 0 145 5 2.237420082092285 6.370151996612549 0.839421272277832
winning 0 146 7 15.37205982208252 6.347059726715088 0.023092269897460938
novel 0 147 5 7.017053127288818 7.78860330581665 0
<unk> 0 148 5 2.101797342300415 5.4620442390441895 2.326559066772461
<unk> 0 149 5 2.4583804607391357 5.048257350921631 0.4137868881225586
a 0 150 1 11.650023460388184 3.703752279281616 1.3445050716400146
<unk> 0 151 5 1.8623093366622925 7.861937046051025 0
( 0 152 1 5.997875690460205 5.311110973358154 2.550826072692871
<unk> 0 153 5 0.6393694877624512 4.07144021987915 1.239670753479004
) 0 154 1 0.4991871416568756 2.1714258193969727 1.9000144004821777
, 0 155 1 1.1801133155822754 4.3142619132995605 0
is 0 156 2 2.7477846145629883 5.562503814697266 0
from 0 157 4 10.857207298278809 6.32722806930542 0
<unk> 0 158 5 2.204166889190674 4.669814109802246 1.6574139595031738
, 0 159 1 3.4714574813842773 4.971296310424805 0
which 0 160 5 4.669783115386963 5.690011501312256 0
is 0 161 2 2.33870530128479 6.443669319152832 0
mentioned 0 162 9 7.854538440704346 7.1897759437561035 0
throughout 0 163 10 7.434287071228027 2.2153236865997314 4.974452257156372
when 0 164 4 13.108553886413574 2.5409512519836426 0
referencing 0 165 11 14.255234718322754 5.012402057647705 0
<unk> 0 166 5 2.1820223331451416 4.187844753265381 0.8245573043823242
's 0 167 2 1.7135415077209473 3.9226462841033936 0.2651984691619873
home 0 168 4 8.805093765258789 8.775827407836914 0
. 0 169 1 1.9815895557403564 5.974638938903809 2.8011884689331055
<eos> 0 170 5 0.005453910678625107 0.03635541349649429 5.938283525407314
=========================================================================================
| End of testing | test loss  3.21 | test ppl    24.86
=========================================================================================
