word sentid sentpos wlen surp entropy entred
= 0 0 1 6.093905448913574 6.97152042388916 0
<unk> 0 1 5 3.931290864944458 1.3487905263900757 5.6227298974990845
<unk> 0 2 5 1.2684766054153442 6.006113052368164 0
= 0 3 1 0.6731648445129395 2.820369243621826 3.185743808746338
<eos> 0 4 5 24.34454345703125 1.1822926998138428 1.6380765438079834
<unk> 0 5 5 0.10656868666410446 0.9400650262832642 0.2422276735305786
<unk> 0 6 5 0.47736597061157227 2.2969863414764404 0
( 0 7 1 0.9051212668418884 2.1560661792755127 0.14092016220092773
sometimes 0 8 9 8.194655418395996 2.0534780025482178 0.10258817672729492
referred 0 9 8 2.617687463760376 4.061251163482666 0
to 0 10 2 0.015544533729553223 0.12470538914203644 3.9365457743406296
as 0 11 2 0.09863275289535522 0.572472095489502 0
<unk> 0 12 5 1.089585781097412 2.739598274230957 0
<unk> 0 13 5 0.9363038539886475 3.036748170852661 0
<unk> 0 14 5 2.0888326168060303 2.7170825004577637 0.31966567039489746
) 0 15 1 1.4332044124603271 2.9774107933044434 0
is 0 16 2 0.7226793766021729 2.2843739986419678 0.6930367946624756
a 0 17 1 0.5578044652938843 1.3991203308105469 0.8852536678314209
ruined 0 18 6 11.595766067504883 5.606505393981934 0
chapel 0 19 6 13.582916259765625 6.134672164916992 0
near 0 20 4 7.684055328369141 5.299805164337158 0.834867000579834
<unk> 0 21 5 1.1621376276016235 2.5252466201782227 2.7745585441589355
<unk> 0 22 5 2.896253824234009 4.838677406311035 0
in 0 23 2 3.40189528465271 4.82414436340332 0.014533042907714844
<unk> 0 24 5 0.7948459386825562 2.2997875213623047 2.5243568420410156
, 0 25 1 1.124678373336792 3.2346725463867188 0
north 0 26 5 6.255673408508301 2.3747780323028564 0.8598945140838623
<unk> 0 27 5 0.10148347169160843 0.5896864533424377 1.7850915789604187
, 0 28 1 1.4620258808135986 2.5182759761810303 0
dating 0 29 6 10.156458854675293 5.672638893127441 0
back 0 30 4 2.573793411254883 2.1898674964904785 3.482771396636963
to 0 31 2 0.2243369221687317 1.0671275854110718 1.1227399110794067
the 0 32 3 1.879993200302124 2.046825647354126 0
first 0 33 5 8.041020393371582 5.403355121612549 0
half 0 34 4 5.135159492492676 4.965230464935303 0.4381246566772461
of 0 35 2 0.009694350883364677 0.08388002216815948 4.881350442767143
the 0 36 3 0.48694756627082825 1.5943375825881958 0
12th 0 37 4 3.489129066467285 4.307423114776611 0
century 0 38 7 0.020802969112992287 0.15499544143676758 4.152427673339844
. 0 39 1 0.5295910835266113 1.7733032703399658 0
<eos> 0 40 5 8.805243123788387e-05 0.000931501213926822 1.772371769126039
<unk> 0 41 5 3.6997265815734863 3.978501081466675 0
chapel 0 42 6 7.892942905426025 5.705844879150391 0
's 0 43 2 7.3794355392456055 4.002251148223877 1.7035937309265137
original 0 44 8 6.939410209655762 8.253655433654785 0
purpose 0 45 7 8.253808975219727 7.619150638580322 0.6345047950744629
is 0 46 2 1.930195689201355 3.03590989112854 4.583240747451782
unknown 0 47 7 3.546250581741333 4.952579498291016 0
, 0 48 1 1.1185945272445679 2.282010316848755 2.6705691814422607
but 0 49 3 1.1619009971618652 3.3303165435791016 0
it 0 50 2 1.361329436302185 4.352044105529785 0
might 0 51 5 12.343167304992676 3.4024174213409424 0.9496266841888428
have 0 52 4 0.5212698578834534 2.419814109802246 0.9826033115386963
been 0 53 4 0.4500332176685333 2.958829402923584 0
used 0 54 4 5.424394607543945 7.549595832824707 0
as 0 55 2 2.280057907104492 3.534510374069214 4.015085458755493
a 0 56 1 0.49710142612457275 2.199202060699463 1.335308313369751
memorial 0 57 8 7.184823036193848 8.888911247253418 0
chapel 0 58 6 5.616125106811523 3.1040749549865723 5.784836292266846
or 0 59 2 7.270544528961182 3.6575863361358643 0
in 0 60 2 5.293623447418213 8.428790092468262 0
connection 0 61 10 11.86434555053711 4.877229690551758 3.551560401916504
with 0 62 4 0.008885410614311695 0.06818898767232895 4.809040702879429
a 0 63 1 4.932033061981201 2.6900417804718018 0
local 0 64 5 6.4955644607543945 8.837252616882324 0
royal 0 65 5 7.724262237548828 8.243002891540527 0.5942497253417969
court 0 66 5 6.199408054351807 7.300321578979492 0.9426813125610352
, 0 67 1 3.6281638145446777 3.805490732192993 3.494830846786499
or 0 68 2 5.880666255950928 6.06774377822876 0
as 0 69 2 6.096937656402588 7.10479736328125 0
a 0 70 1 0.9330815076828003 3.5487234592437744 3.5560739040374756
chapel 0 71 6 5.75695276260376 8.592048645019531 0
of 0 72 2 4.370996952056885 3.8955113887786865 4.696537256240845
ease 0 73 4 11.202290534973145 7.040441989898682 0
in 0 74 2 4.415862083435059 3.214303970336914 3.8261380195617676
a 0 75 1 5.5201544761657715 5.5955657958984375 0
large 0 76 5 6.983893394470215 9.079708099365234 0
parish 0 77 6 6.603564262390137 7.893233299255371 1.1864748001098633
with 0 78 4 7.1716461181640625 4.70475435256958 3.188478946685791
a 0 79 1 2.039397954940796 5.798692226409912 0
growing 0 80 7 11.233814239501953 9.15870475769043 0
population 0 81 10 4.722222805023193 8.971837997436523 0.18686676025390625
. 0 82 1 1.887991189956665 3.1936745643615723 5.778163433074951
<eos> 0 83 5 0.001164024812169373 0.009554091840982437 3.18412047252059
<unk> 0 84 5 3.8153111934661865 4.973880767822266 0
was 0 85 3 4.290731906890869 5.9882283210754395 0
used 0 86 4 6.345479965209961 6.960966110229492 0
for 0 87 3 2.913884162902832 3.4056575298309326 3.5553085803985596
a 0 88 1 4.449086666107178 7.870954513549805 0
time 0 89 4 9.962065696716309 9.12488079071045 0
until 0 90 5 8.420065879821777 5.78252649307251 3.3423542976379395
the 0 91 3 1.5232408046722412 3.8765013217926025 1.9060251712799072
early 0 92 5 4.981887340545654 7.608180999755859 0
18th 0 93 4 3.5948569774627686 5.606164455413818 2.002016544342041
century 0 94 7 0.018312769010663033 0.13920064270496368 5.466963812708855
as 0 95 2 7.84102201461792 2.726032018661499 0
a 0 96 1 1.8451344966888428 4.800254821777344 0
private 0 97 7 7.735079288482666 8.575465202331543 0
place 0 98 5 6.028514862060547 7.862033843994141 0.7134313583374023
of 0 99 2 3.55397891998291 5.455412864685059 2.406620979309082
worship 0 100 7 1.5714728832244873 6.48491907119751 0
for 0 101 3 5.135461330413818 4.306380748748779 2.1785383224487305
a 0 102 1 4.441238880157471 5.729710578918457 0
nearby 0 103 6 9.42943000793457 8.895787239074707 0
house 0 104 5 4.654659271240234 7.3836140632629395 1.5121731758117676
, 0 105 1 2.5873234272003174 3.7765588760375977 3.607055187225342
then 0 106 4 9.197373390197754 5.9055304527282715 0
later 0 107 5 8.81536865234375 7.488636493682861 0
fell 0 108 4 11.321941375732422 7.450006484985352 0.038630008697509766
into 0 109 4 1.9795643091201782 3.9827818870544434 3.467224597930908
disrepair 0 110 9 0.7780687808990479 2.738168239593506 1.2446136474609375
. 0 111 1 0.697990894317627 2.524040699005127 0.2141275405883789
<eos> 0 112 5 0.00037968772812746465 0.003537470242008567 2.5205032287631184
<unk> 0 113 5 4.0524396896362305 5.1264872550964355 0
walls 0 114 5 10.917317390441895 6.341175079345703 0
still 0 115 5 8.090691566467285 5.024203300476074 1.316971778869629
remain 0 116 6 3.2226369380950928 6.406227111816406 0
, 0 117 1 3.9970624446868896 5.7384514808654785 0.6677756309509277
with 0 118 4 4.14892053604126 5.078492164611816 0.6599593162536621
some 0 119 4 4.3797101974487305 6.124842166900635 0
traces 0 120 6 8.572945594787598 8.59874153137207 0
of 0 121 2 0.16395303606987 1.1876457929611206 7.41109573841095
render 0 122 6 19.835975646972656 7.445301055908203 0
on 0 123 2 7.448136806488037 7.498128890991211 0
them 0 124 4 6.822861194610596 4.627052307128906 2.8710765838623047
internally 0 125 10 14.850809097290039 5.064704895019531 0
, 0 126 1 2.2335236072540283 4.160048484802246 0.9046564102172852
but 0 127 3 4.546380519866943 6.1762871742248535 0
there 0 128 5 4.894840717315674 6.8775506019592285 0
is 0 129 2 1.7200521230697632 2.3413240909576416 4.536226511001587
no 0 130 2 1.489573359489441 3.923074960708618 0
roof 0 131 4 11.408543586730957 6.909113883972168 0
. 0 132 1 3.0494091510772705 5.803990840911865 1.1051230430603027
<eos> 0 133 5 0.000566915376111865 0.005100406240671873 5.798890434671193
<unk> 0 134 5 4.024360656738281 5.226172924041748 0
contains 0 135 8 10.769402503967285 6.301573753356934 0
a 0 136 1 2.2943310737609863 5.9494404792785645 0.35213327407836914
16th 0 137 4 9.355603218078613 8.662288665771484 0
<unk> 0 138 5 0.35062724351882935 2.447580099105835 6.214708566665649
century 0 139 7 0.003912969492375851 0.04536973312497139 2.4022103659808636
side 0 140 4 14.399383544921875 7.911887168884277 0
chapel 0 141 6 6.5745720863342285 5.889474868774414 2.0224123001098633
with 0 142 4 4.590134620666504 5.300785064697266 0.5886898040771484
a 0 143 1 1.5189838409423828 5.708571434020996 0
vault 0 144 5 10.104398727416992 8.762960433959961 0
beneath 0 145 7 8.967267990112305 6.30556058883667 2.457399845123291
, 0 146 1 8.464995384216309 2.9477319717407227 3.3578286170959473
used 0 147 4 10.49153995513916 6.445574760437012 0
as 0 148 2 2.631408929824829 4.014075756072998 2.4314990043640137
a 0 149 1 0.6183546781539917 2.9900429248809814 1.0240328311920166
burial 0 150 6 8.821694374084473 9.442378997802734 0
chamber 0 151 7 7.588620185852051 5.331083297729492 4.111295700073242
. 0 152 1 1.2065889835357666 3.1919143199920654 2.1391689777374268
<eos> 0 153 5 0.000539408705662936 0.004940846469253302 3.186973473522812
<unk> 0 154 5 4.224359035491943 4.932904243469238 0
is 0 155 2 4.338347434997559 6.430132865905762 0
a 0 156 1 2.5005245208740234 6.067707538604736 0.3624253273010254
<unk> 0 157 5 3.20607590675354 8.798014640808105 0
<unk> 0 158 5 2.064431667327881 6.721596717834473 2.076417922973633
listed 0 159 6 9.166563987731934 6.20142126083374 0.5201754570007324
building 0 160 8 1.6063798666000366 6.139569282531738 0.06185197830200195
, 0 161 1 2.5011532306671143 4.8265275955200195 1.3130416870117188
a 0 162 1 3.794025421142578 6.41041374206543 0
national 0 163 8 8.289542198181152 8.59537124633789 0
designation 0 164 11 9.642727851867676 6.210383415222168 2.3849878311157227
given 0 165 5 8.106319427490234 3.989495277404785 2.220888137817383
to 0 166 2 1.39936101436615 2.788858413696289 1.200636863708496
" 0 167 1 6.478664875030518 4.0826287269592285 0
buildings 0 168 9 10.66419506072998 6.924668312072754 0
of 0 169 2 1.8267171382904053 4.745585918426514 2.1790823936462402
special 0 170 7 7.871070861816406 7.288598537445068 0
interest 0 171 8 1.0270748138427734 3.7019898891448975 3.586608648300171
, 0 172 1 4.186982154846191 2.5189452171325684 1.183044672012329
which 0 173 5 5.02329683303833 7.681546688079834 0
warrant 0 174 7 8.562088966369629 7.210669994354248 0.47087669372558594
every 0 175 5 9.03667163848877 7.0072550773620605 0.2034149169921875
effort 0 176 6 10.060604095458984 9.375482559204102 0
being 0 177 5 8.78553581237793 3.904409885406494 5.471072673797607
made 0 178 4 3.3544652462005615 7.754897117614746 0
to 0 179 2 2.0301342010498047 4.554882049560547 3.200015068054199
preserve 0 180 8 3.1346189975738525 7.900526523590088 0
them 0 181 4 7.885934352874756 3.845256805419922 4.055269718170166
" 0 182 1 2.3861093521118164 4.441806316375732 0
, 0 183 1 3.4696645736694336 1.6649744510650635 2.776831865310669
in 0 184 2 5.266152858734131 5.450211524963379 0
particular 0 185 10 5.627316474914551 5.6133246421813965 0
because 0 186 7 7.893310070037842 4.699540138244629 0.9137845039367676
it 0 187 2 2.1034963130950928 3.817002534866333 0.8825376033782959
is 0 188 2 1.4016807079315186 4.5842509269714355 0
" 0 189 1 4.609702110290527 7.236730575561523 0
a 0 190 1 3.1149802207946777 7.7122015953063965 0
substantially 0 191 13 12.634093284606934 9.457962989807129 0
12th 0 192 4 19.89089584350586 7.855947971343994 1.6020150184631348
<unk> 0 193 5 0.7246371507644653 3.768509864807129 4.087438106536865
century 0 194 7 0.01702483929693699 0.16615986824035645 3.6023499965667725
structure 0 195 9 6.819967746734619 8.643087387084961 0
" 0 196 1 2.131863832473755 4.821422576904297 3.821664810180664
with 0 197 4 6.465995788574219 2.9749886989593506 1.8464338779449463
the 0 198 3 2.4794998168945312 6.551987171173096 0
" 0 199 1 7.402965545654297 8.978334426879883 0
unusual 0 200 7 11.176864624023438 9.019815444946289 0
16th 0 201 4 13.10605525970459 9.064681053161621 0
<unk> 0 202 5 1.027962327003479 4.455929279327393 4.6087517738342285
century 0 203 7 0.008109365589916706 0.09066923707723618 4.365260042250156
vaulted 0 204 7 13.799233436584473 7.68963623046875 0
south 0 205 5 11.937853813171387 8.284383773803711 0
chapel 0 206 6 6.139634609222412 6.451350212097168 1.833033561706543
" 0 207 1 1.3722233772277832 5.3029656410217285 1.1483845710754395
. 0 208 1 0.9669579267501831 3.3626492023468018 1.9403164386749268
<eos> 0 209 5 0.002859128173440695 0.020901966840028763 3.341747235506773
= 0 210 1 3.1737940311431885 4.747365951538086 0
= 0 211 1 0.10367392003536224 0.7301363348960876 4.017229616641998
<unk> 0 212 5 5.667020797729492 5.048904895782471 0
and 0 213 3 4.153964519500732 5.971995830535889 0
location 0 214 8 10.546984672546387 5.819100379943848 0.15289545059204102
= 0 215 1 0.3001028299331665 1.9848090410232544 3.8342913389205933
= 0 216 1 2.751696047198493e-05 0.00048026759759522974 1.9843287734256592
<eos> 0 217 5 25.65928840637207 4.153986930847168 0
<unk> 0 218 5 2.2779927253723145 6.175486087799072 0
oldest 0 219 6 16.378944396972656 6.25832986831665 0
parts 0 220 5 11.232007026672363 7.398735046386719 0
of 0 221 2 1.342414140701294 3.321490526199341 4.077244520187378
<unk> 0 222 5 1.651594877243042 2.148134469985962 1.173356056213379
<unk> 0 223 5 2.927220344543457 5.229498386383057 0
date 0 224 4 8.64869499206543 5.165218353271484 0.06428003311157227
from 0 225 4 1.474097728729248 4.257331371307373 0.9078869819641113
the 0 226 3 1.7228038311004639 2.7222037315368652 1.5351276397705078
first 0 227 5 7.714798927307129 5.183956146240234 0
half 0 228 4 2.309447765350342 5.227032661437988 0
of 0 229 2 0.03344988822937012 0.2588769495487213 4.968155711889267
the 0 230 3 0.44834092259407043 1.788787603378296 0
12th 0 231 4 3.3209519386291504 4.231579780578613 0
century 0 232 7 0.030778083950281143 0.2190806120634079 4.012499168515205
. 0 233 1 0.9794397354125977 2.4343583583831787 0
<eos> 0 234 5 0.0005119015113450587 0.004667788743972778 2.429690569639206
<unk> 0 235 5 3.629359483718872 4.852888584136963 0
was 0 236 3 3.80757212638855 6.113892555236816 0
a 0 237 1 3.3324925899505615 6.869717597961426 0
time 0 238 4 11.950396537780762 8.88615608215332 0
when 0 239 4 5.134623050689697 4.733631134033203 4.152524948120117
many 0 240 4 8.225008010864258 5.261648178100586 0
churches 0 241 8 6.210102081298828 7.151494026184082 0
on 0 242 2 8.506487846374512 5.003325462341309 2.1481685638427734
<unk> 0 243 5 1.9250059127807617 3.095724105834961 1.9076013565063477
in 0 244 2 8.07806396484375 5.9502105712890625 0
north 0 245 5 8.723735809326172 2.437668561935425 3.5125420093536377
<unk> 0 246 5 0.05810818821191788 0.4720369279384613 1.9656316339969635
west 0 247 4 8.908624649047852 4.513514518737793 0
<unk> 0 248 5 1.9762855768203735 4.531200885772705 0
were 0 249 4 1.6257175207138062 5.548402309417725 0
first 0 250 5 8.363753318786621 7.699100494384766 0
built 0 251 5 1.921167254447937 5.90883207321167 1.7902684211730957
in 0 252 2 2.8911852836608887 3.7423911094665527 2.166440963745117
stone 0 253 5 7.072025775909424 3.291435718536377 0.4509553909301758
following 0 254 9 13.958879470825195 4.479794502258301 0
the 0 255 3 0.7930313348770142 3.1513776779174805 1.3284168243408203
end 0 256 3 7.4841485023498535 8.00688362121582 0
of 0 257 2 0.03674929216504097 0.2802489995956421 7.726634621620178
<unk> 0 258 5 2.8378844261169434 1.7799084186553955 0
raids 0 259 5 14.76590633392334 3.4548416137695312 0
and 0 260 3 4.589409351348877 3.6801350116729736 0
attempts 0 261 8 10.55530834197998 7.697706699371338 0
by 0 262 2 2.9331297874450684 2.0681843757629395 5.629522323608398
the 0 263 3 1.400563359260559 4.126821994781494 0
<unk> 0 264 5 1.5263530015945435 6.355320453643799 0
to 0 265 2 1.7443609237670898 5.9866437911987305 0.36867666244506836
gain 0 266 4 8.637256622314453 8.3233060836792 0
control 0 267 7 3.7359654903411865 6.758737087249756 1.5645689964294434
of 0 268 2 0.354746550321579 1.397810935974121 5.360926151275635
the 0 269 3 0.5018041133880615 2.5712742805480957 0
island 0 270 6 7.160132884979248 7.037248134613037 0
. 0 271 1 0.8435707092285156 3.334433078765869 3.702815055847168
<eos> 0 272 5 0.0011310303816571832 0.009584330953657627 3.3248487478122115
<unk> 0 273 5 3.468756675720215 5.114066123962402 0
reason 0 274 6 17.151201248168945 6.254129886627197 0
for 0 275 3 3.53997540473938 5.6724748611450195 0.5816550254821777
its 0 276 3 5.133742332458496 3.9127628803253174 1.7597119808197021
construction 0 277 12 4.975458145141602 9.260719299316406 0
, 0 278 1 3.9162886142730713 3.9623491764068604 5.298370122909546
and 0 279 3 4.131031513214111 6.499265193939209 0
the 0 280 3 1.4303866624832153 6.092458724975586 0.40680646896362305
saint 0 281 5 11.29590129852295 9.446895599365234 0
to 0 282 2 9.757339477539062 2.438805103302002 7.008090496063232
whom 0 283 4 11.431941986083984 7.606540203094482 0
it 0 284 2 3.3823814392089844 4.433111667633057 3.173428535461426
was 0 285 3 1.2389217615127563 4.259239196777344 0.1738724708557129
dedicated 0 286 9 8.826054573059082 8.315095901489258 0
, 0 287 1 1.0716638565063477 2.8585915565490723 5.4565043449401855
are 0 288 3 9.704151153564453 4.54483699798584 0
unknown 0 289 7 4.873912811279297 7.88944673538208 0
. 0 290 1 0.503961443901062 1.6815696954727173 6.207877039909363
<eos> 0 291 5 0.0007594474591314793 0.006600191816687584 1.6749695036560297
<unk> 0 292 5 3.0658273696899414 5.049472808837891 0
<unk> 0 293 5 1.9470431804656982 5.990408420562744 0
, 0 294 1 2.8475167751312256 5.481452941894531 0.5089554786682129
author 0 295 6 9.453710556030273 5.415021896362305 0.06643104553222656
of 0 296 2 0.06480573862791061 0.39575493335723877 5.019266963005066
a 0 297 1 4.211830139160156 4.508425235748291 0
<unk> 0 298 5 2.5074243545532227 8.261075973510742 0
guide 0 299 5 8.194188117980957 7.398868560791016 0.8622074127197266
to 0 300 2 2.018634557723999 4.184790134429932 3.214078426361084
the 0 301 3 0.9774764776229858 2.8804473876953125 1.3043427467346191
churches 0 302 8 10.311051368713379 7.022690773010254 0
of 0 303 2 1.82217538356781 3.694509983062744 3.3281807899475098
<unk> 0 304 5 0.5250810384750366 1.9217289686203003 1.7727810144424438
, 0 305 1 1.0466973781585693 3.691633462905884 0
suggests 0 306 8 6.435069561004639 7.363272190093994 0
that 0 307 4 0.3392047882080078 1.827820897102356 5.535451292991638
it 0 308 2 4.478803634643555 4.730216979980469 0
may 0 309 3 5.4019670486450195 3.343632698059082 1.3865842819213867
originally 0 310 10 15.49721908569336 1.8245444297790527 1.5190882682800293
have 0 311 4 0.9566830396652222 2.0305838584899902 0
been 0 312 4 0.27796244621276855 2.002079725265503 0.028504133224487305
a 0 313 1 2.610288143157959 7.088717937469482 0
memorial 0 314 8 9.928775787353516 9.23762035369873 0
chapel 0 315 6 8.279582023620605 4.11001443862915 5.12760591506958
, 0 316 1 2.228485107421875 4.706497669219971 0
or 0 317 2 5.5425496101379395 6.0127434730529785 0
connected 0 318 9 12.601120948791504 7.0646233558654785 0
to 0 319 2 1.5446724891662598 3.6518023014068604 3.412821054458618
a 0 320 1 3.6686184406280518 3.4904227256774902 0.16137957572937012
royal 0 321 5 8.020240783691406 8.42703628540039 0
court 0 322 5 5.1685285568237305 7.415787220001221 1.01124906539917
nearby 0 323 6 12.377408027648926 5.405600547790527 2.0101866722106934
. 0 324 1 1.254650592803955 3.7438747882843018 1.6617257595062256
<eos> 0 325 5 0.0011253594420850277 0.009397073648869991 3.7344777146354318
<unk> 0 326 5 2.819572925567627 5.206956386566162 0
and 0 327 3 5.274893760681152 6.0501275062561035 0
<unk> 0 328 5 0.6467070579528809 2.992141008377075 3.0579864978790283
, 0 329 1 4.06622314453125 7.14998197555542 0
authors 0 330 7 12.480362892150879 6.666650295257568 0.48333168029785156
of 0 331 2 0.6650775671005249 2.9304234981536865 3.736226797103882
a 0 332 1 6.433989524841309 3.7939605712890625 0
<unk> 0 333 5 2.9236059188842773 8.646624565124512 0
guide 0 334 5 7.489278793334961 7.680950164794922 0.9656744003295898
to 0 335 2 2.4296016693115234 5.26386833190918 2.417081832885742
ancient 0 336 7 9.022960662841797 3.0533297061920166 2.210538625717163
<unk> 0 337 5 0.5526972413063049 3.6373796463012695 0
monuments 0 338 9 10.49631404876709 6.94103479385376 0
, 0 339 1 1.174850583076477 4.773728370666504 2.167306423187256
note 0 340 4 9.461845397949219 7.858425140380859 0
that 0 341 4 0.5032734870910645 2.158940076828003 5.6994850635528564
it 0 342 2 5.110405445098877 4.735997200012207 0
was 0 343 3 1.3497583866119385 3.6924352645874023 1.0435619354248047
built 0 344 5 6.364983081817627 7.091692924499512 0
in 0 345 2 1.6871579885482788 4.574882507324219 2.516810417175293
the 0 346 3 1.8783366680145264 3.418236255645752 1.1566462516784668
large 0 347 5 11.913188934326172 7.139823913574219 0
parish 0 348 6 8.630411148071289 8.27294635772705 0
of 0 349 2 1.0704419612884521 4.353795051574707 3.9191513061523438
<unk> 0 350 5 0.234724760055542 1.3447517156600952 3.009043335914612
<unk> 0 351 5 2.479564666748047 4.851531028747559 0
and 0 352 3 4.726319789886475 4.506230354309082 0.34530067443847656
was 0 353 3 3.8038339614868164 6.601849555969238 0
perhaps 0 354 7 8.4309720993042 7.624423980712891 0
intended 0 355 8 8.51584243774414 5.803648948669434 1.820775032043457
to 0 356 2 0.4163411259651184 1.5240100622177124 4.279638886451721
serving 0 357 7 22.187692642211914 6.312849044799805 0
the 0 358 3 3.4809205532073975 3.5160555839538574 2.7967934608459473
expanding 0 359 9 15.232722282409668 8.740621566772461 0
population 0 360 10 8.591543197631836 7.992488384246826 0.7481331825256348
in 0 361 2 3.3643300533294678 4.171736717224121 3.820751667022705
medieval 0 362 8 8.277673721313477 3.3867380619049072 0.7849986553192139
times 0 363 5 2.4318952560424805 3.736220359802246 0
. 0 364 1 0.64045250415802 2.544633626937866 1.1915867328643799
<eos> 0 365 5 0.0017253297846764326 0.013548778370022774 2.5310848485678434
<unk> 0 366 5 3.1166117191314697 5.119861602783203 0
this 0 367 4 13.887669563293457 5.920257568359375 0
, 0 368 1 6.395414352416992 7.175580024719238 0
it 0 369 2 6.8119988441467285 7.10002326965332 0.07555675506591797
seems 0 370 5 6.13174295425415 3.9925317764282227 3.1074914932250977
to 0 371 2 2.001389741897583 4.60538387298584 0
have 0 372 4 0.3147392272949219 1.1772712469100952 3.4281126260757446
remained 0 373 8 8.58414363861084 2.4465155601501465 0
as 0 374 2 6.343080997467041 6.464540481567383 0
a 0 375 1 1.5352466106414795 5.424734592437744 1.0398058891296387
chapel 0 376 6 8.206095695495605 9.06360912322998 0
of 0 377 2 4.1848578453063965 4.490368843078613 4.573240280151367
ease 0 378 4 12.182282447814941 6.621625900268555 0
rather 0 379 6 9.647918701171875 4.998993396759033 1.6226325035095215
than 0 380 4 0.00026414115563966334 0.0037868989165872335 4.995206497842446
become 0 381 6 14.820196151733398 7.5456767082214355 0
a 0 382 1 1.5778803825378418 5.480535984039307 2.065140724182129
parish 0 383 6 7.257778167724609 8.94648265838623 0
church 0 384 6 1.8702192306518555 5.125587463378906 3.820895195007324
in 0 385 2 3.8142917156219482 3.3532936573028564 1.7722938060760498
its 0 386 3 6.639906406402588 3.256700038909912 0.09659361839294434
own 0 387 3 3.2729508876800537 7.885979652404785 0
right 0 388 5 1.2756545543670654 5.483943462371826 2.402036190032959
. 0 389 1 0.7330149412155151 2.3076629638671875 3.1762804985046387
<eos> 0 390 5 0.0036570436786860228 0.025820856913924217 2.2818421069532633
<unk> 0 391 5 3.283384084701538 5.224891185760498 0
chapel 0 392 6 8.159759521484375 5.904358863830566 0
is 0 393 2 2.2053184509277344 5.020863056182861 0.8834958076477051
sometimes 0 394 9 8.436761856079102 6.514680862426758 0
referred 0 395 8 3.4248926639556885 6.62309455871582 0
to 0 396 2 0.011262920685112476 0.10035274922847748 6.522741809487343
as 0 397 2 0.1315048485994339 0.6984593868255615 0
" 0 398 1 2.8936808109283447 3.1800310611724854 0
<unk> 0 399 5 1.2999948263168335 5.3547163009643555 0
<unk> 0 400 5 2.596562385559082 4.35298490524292 1.0017313957214355
<unk> 0 401 5 2.6888537406921387 2.9656388759613037 1.3873460292816162
" 0 402 1 0.5337406396865845 2.558767795562744 0.40687108039855957
( 0 403 1 3.1591341495513916 3.2143137454986572 0
" 0 404 1 2.67275071144104 5.034999370574951 0
hen 0 405 3 14.499350547790527 7.48100471496582 0
" 0 406 1 1.2626690864562988 4.916345119476318 2.564659595489502
being 0 407 5 13.147333145141602 1.2281603813171387 3.6881847381591797
the 0 408 3 2.4086830615997314 6.740258693695068 0
<unk> 0 409 5 2.953850269317627 7.770298004150391 0
word 0 410 4 7.614611625671387 7.20412540435791 0.5661725997924805
for 0 411 3 2.6746480464935303 4.667943954467773 2.5361814498901367
" 0 412 1 2.5649423599243164 4.9048967361450195 0
old 0 413 3 6.632596015930176 7.622370719909668 0
" 0 414 1 4.108090400695801 6.744199752807617 0.8781709671020508
and 0 415 3 4.88313102722168 3.564177989959717 3.1800217628479004
" 0 416 1 0.46605655550956726 2.8402280807495117 0.7239499092102051
<unk> 0 417 5 1.568352460861206 8.000968933105469 0
" 0 418 1 0.26184555888175964 1.7741003036499023 6.226868629455566
meaning 0 419 7 7.358284950256348 0.9239392280578613 0.850161075592041
" 0 420 1 0.4563799798488617 2.8286988735198975 0
chapel 0 421 6 11.289379119873047 8.010046005249023 0
" 0 422 1 0.851754367351532 3.9748079776763916 4.035238027572632
) 0 423 1 0.20030611753463745 1.097846508026123 2.8769614696502686
. 0 424 1 1.1724703311920166 3.0457632541656494 0
<eos> 0 425 5 0.0034947507083415985 0.025177927687764168 3.0205853264778852
<unk> 0 426 5 3.42014479637146 4.957034111022949 0
walls 0 427 5 11.628457069396973 6.225862503051758 0
were 0 428 4 2.6126530170440674 5.296318531036377 0.9295439720153809
partially 0 429 9 10.580025672912598 6.873461723327637 0
rebuilt 0 430 7 3.4977073669433594 7.192142009735107 0
in 0 431 2 2.1645543575286865 4.296349048614502 2.8957929611206055
the 0 432 3 1.8049372434616089 2.7372779846191406 1.5590710639953613
14th 0 433 4 4.869200229644775 5.5354437828063965 0
century 0 434 7 0.16164705157279968 0.6238681077957153 4.911575675010681
, 0 435 1 1.3763729333877563 3.0442802906036377 0
and 0 436 3 1.7621508836746216 5.041799068450928 0
the 0 437 3 2.1166868209838867 6.665409088134766 0
upper 0 438 5 8.502995491027832 8.32421588897705 0
parts 0 439 5 4.481799125671387 6.672370910644531 1.6518449783325195
of 0 440 2 0.6644061803817749 2.3984711170196533 4.273899793624878
the 0 441 3 0.171966090798378 1.0150949954986572 1.383376121520996
walls 0 442 5 5.023340702056885 6.378819465637207 0
date 0 443 4 7.883025646209717 4.097851753234863 2.2809677124023438
from 0 444 4 1.577435851097107 3.429347515106201 0.6685042381286621
this 0 445 4 6.759032249450684 3.7821342945098877 0
time 0 446 4 2.550809621810913 2.9290385246276855 0.8530957698822021
. 0 447 1 0.4822062849998474 2.179694652557373 0.7493438720703125
<eos> 0 448 5 0.0006109249661676586 0.0054770405404269695 2.174217612016946
<unk> 0 449 5 3.9637351036071777 5.095296859741211 0
chapel 0 450 6 6.916279315948486 6.390280723571777 0
was 0 451 3 2.5586795806884766 4.930455207824707 1.4598255157470703
added 0 452 5 5.842132568359375 6.277705192565918 0
to 0 453 2 1.171614646911621 3.172149658203125 3.105555534362793
the 0 454 3 0.2003776580095291 1.3341981172561646 1.8379515409469604
south 0 455 5 4.336028099060059 6.9161529541015625 0
side 0 456 4 5.95366907119751 4.803691387176514 2.112461566925049
of 0 457 2 0.5295331478118896 2.269507884979248 2.5341835021972656
the 0 458 3 0.4791078567504883 1.5854661464691162 0.6840417385101318
building 0 459 8 5.874980926513672 5.959390163421631 0
in 0 460 2 1.731188416481018 4.003037929534912 1.9563522338867188
the 0 461 3 3.1060616970062256 1.2231706380844116 2.7798672914505005
16th 0 462 4 3.98793363571167 5.1858015060424805 0
century 0 463 7 0.03822961822152138 0.22694072127342224 4.958860784769058
. 0 464 1 1.4083149433135986 2.8374602794647217 0
<eos> 0 465 5 0.0003851897199638188 0.003649495542049408 2.8338107839226723
<unk> 0 466 5 4.050876617431641 4.650649547576904 0
vault 0 467 5 16.67690086364746 6.129450798034668 0
under 0 468 5 11.887663841247559 4.7353515625 1.394099235534668
the 0 469 3 0.6357744932174683 2.5092008113861084 2.2261507511138916
south 0 470 5 6.073666572570801 7.891390323638916 0
chapel 0 471 6 6.165555953979492 5.210110664367676 2.6812796592712402
was 0 472 3 2.0465054512023926 5.534554958343506 0
used 0 473 4 6.237666130065918 6.9542036056518555 0
to 0 474 2 2.6368601322174072 3.4955224990844727 3.458681106567383
bury 0 475 4 12.59516429901123 7.938547134399414 0
members 0 476 7 11.672897338867188 4.661907196044922 3.276639938354492
of 0 477 2 0.18809951841831207 1.1555143594741821 3.5063928365707397
a 0 478 1 6.559556007385254 1.4358198642730713 0
local 0 479 5 5.176663875579834 8.073654174804688 0
family 0 480 6 3.9188668727874756 6.93404483795166 1.1396093368530273
, 0 481 1 2.066608190536499 4.892492771148682 2.0415520668029785
the 0 482 3 4.446915626525879 5.801852703094482 0
<unk> 0 483 5 1.8891923427581787 7.590319633483887 0
<unk> 0 484 5 2.729959011077881 6.111319541931152 1.4790000915527344
. 0 485 1 3.5012969970703125 4.41873025894165 1.692589282989502
<eos> 0 486 5 0.000828374526463449 0.007247858215123415 4.411482400726527
<unk> 0 487 5 3.793795585632324 4.837101459503174 0
<unk> 0 488 5 2.2260801792144775 6.255078315734863 0
, 0 489 1 3.2512714862823486 5.273121356964111 0.981956958770752
the 0 490 3 2.3585095405578613 5.277963638305664 0
vault 0 491 5 14.922574043273926 7.446950435638428 0
was 0 492 3 5.662827491760254 5.6003737449646 1.8465766906738281
used 0 493 4 6.553210258483887 7.970503807067871 0
to 0 494 2 2.3455984592437744 3.4049007892608643 4.565603017807007
record 0 495 6 11.768797874450684 8.3714017868042 0
some 0 496 4 7.948009014129639 5.698218822479248 2.673182964324951
" 0 497 1 8.830524444580078 6.308657169342041 0
atmospheres 0 498 11 22.20865249633789 10.200743675231934 0
" 0 499 1 0.5202682018280029 1.9601441621780396 8.240599513053894
for 0 500 3 4.0638427734375 4.725082874298096 0
the 0 501 3 1.7208983898162842 7.107938289642334 0
album 0 502 5 16.37099838256836 8.704558372497559 0
" 0 503 1 8.389739036560059 3.892888307571411 4.8116700649261475
<unk> 0 504 5 2.433941125869751 8.519182205200195 0
<unk> 0 505 5 2.3930835723876953 4.404094696044922 4.115087509155273
<unk> 0 506 5 1.9464844465255737 3.4033918380737305 1.0007028579711914
<unk> 0 507 5 2.0197532176971436 3.390317678451538 0.013074159622192383
<unk> 0 508 5 1.7229689359664917 3.0586557388305664 0.3316619396209717
<unk> 0 509 5 1.4008426666259766 3.089796781539917 0
<unk> 0 510 5 1.1774481534957886 2.92573618888855 0.1640605926513672
<unk> 0 511 5 1.0600569248199463 2.9618349075317383 0
" 0 512 1 1.7533990144729614 2.8505117893218994 0.11132311820983887
by 0 513 2 6.64064884185791 1.7799592018127441 1.0705525875091553
<unk> 0 514 5 0.9596507549285889 3.765777826309204 0
<unk> 0 515 5 1.031389594078064 3.6687467098236084 0.0970311164855957
, 0 516 1 1.936955213546753 3.566869020462036 0.10187768936157227
a 0 517 1 3.8889694213867188 5.750229835510254 0
collective 0 518 10 14.264079093933105 9.164336204528809 0
of 0 519 2 4.360649108886719 9.279131889343262 0
<unk> 0 520 5 1.6212157011032104 6.947691917419434 2.331439971923828
musicians 0 521 9 8.820136070251465 6.718868255615234 0.22882366180419922
including 0 522 9 7.596837043762207 4.40703010559082 2.311838150024414
members 0 523 7 10.135193824768066 3.353193998336792 1.0538361072540283
of 0 524 2 0.058237526565790176 0.4226957857608795 2.9304982125759125
<unk> 0 525 5 3.0446267127990723 2.2043581008911133 0
and 0 526 3 3.3602163791656494 4.441178321838379 0
the 0 527 3 3.168213367462158 3.930356740951538 0.5108215808868408
<unk> 0 528 5 1.3388409614562988 6.804837703704834 0
, 0 529 1 3.5115320682525635 6.203874588012695 0.6009631156921387
<unk> 0 530 5 2.3904240131378174 5.7709431648254395 0.43293142318725586
<unk> 0 531 5 1.9906055927276611 3.400904655456543 2.3700385093688965
<unk> 0 532 5 2.646865129470825 2.8192946910858154 0.5816099643707275
and 0 533 3 2.4445531368255615 2.935704231262207 0
<unk> 0 534 5 0.43985864520072937 2.583820104598999 0.351884126663208
that 0 535 4 12.223006248474121 2.341883659362793 0.24193644523620605
was 0 536 3 5.231727600097656 7.458564758300781 0
described 0 537 9 6.764535903930664 8.286173820495605 0
by 0 538 2 1.7764405012130737 2.0146543979644775 6.271519422531128
one 0 539 3 8.58824634552002 3.897913932800293 0
journalist 0 540 10 7.9096360206604 4.928906440734863 0
as 0 541 2 0.9828354716300964 3.255655288696289 1.6732511520385742
" 0 542 1 0.8319517374038696 2.8769028186798096 0.3787524700164795
possibly 0 543 8 9.637595176696777 5.446397304534912 0
the 0 544 3 1.6974014043807983 5.378117561340332 0.06827974319458008
<unk> 0 545 5 3.906782627105713 6.696596622467041 0
pop 0 546 3 12.14282512664795 6.34172248840332 0.3548741340637207
group 0 547 5 6.956618309020996 7.279486179351807 0
of 0 548 2 2.074918270111084 3.7991585731506348 3.480327606201172
all 0 549 3 6.668485641479492 5.300108909606934 0
time 0 550 4 8.150744438171387 6.606653213500977 0
" 0 551 1 0.9925546050071716 4.338284492492676 2.268368721008301
. 0 552 1 0.2711877226829529 1.449560284614563 2.888724207878113
<eos> 0 553 5 0.002688505919650197 0.019896429032087326 1.4296638555824757
<unk> 0 554 5 2.678142786026001 4.972839832305908 0
a 0 555 1 11.724808692932129 5.750916004180908 0
time 0 556 4 11.123709678649902 8.974700927734375 0
, 0 557 1 6.743703842163086 6.634068965911865 2.3406319618225098
<unk> 0 558 5 3.7565042972564697 6.718063831329346 0
<unk> 0 559 5 1.8765164613723755 6.178316593170166 0.5397472381591797
was 0 560 3 3.5756032466888428 5.367926120758057 0.8103904724121094
used 0 561 4 7.581770896911621 7.254871368408203 0
as 0 562 2 1.8940269947052002 3.416632890701294 3.838238477706909
a 0 563 1 0.6872508525848389 2.6582698822021484 0.7583630084991455
private 0 564 7 8.430368423461914 9.604588508605957 0
place 0 565 5 7.346401214599609 8.95450496673584 0.6500835418701172
of 0 566 2 3.8739712238311768 4.252818584442139 4.701686382293701
worship 0 567 7 4.058255195617676 8.25020980834961 0
for 0 568 3 3.8772263526916504 4.338839530944824 3.911370277404785
<unk> 0 569 5 2.929926633834839 5.788482189178467 0
<unk> 0 570 5 2.698978900909424 5.447263717651367 0.3412184715270996
, 0 571 1 1.9526084661483765 4.288791179656982 1.1584725379943848
a 0 572 1 3.8151557445526123 5.784152030944824 0
" 0 573 1 6.613658905029297 8.879596710205078 0
venerable 0 574 9 13.353011131286621 8.907221794128418 0
mansion 0 575 7 13.246875762939453 8.00918960571289 0.8980321884155273
" 0 576 1 0.556138277053833 3.1147148609161377 4.894474744796753
once 0 577 4 12.99190616607666 4.383373260498047 0
owned 0 578 5 7.472090244293213 6.957690238952637 0
by 0 579 2 0.299357146024704 1.4650014638900757 5.492688775062561
the 0 580 3 1.266557216644287 3.276942014694214 0
<unk> 0 581 5 1.402367115020752 6.105684757232666 0
family 0 582 6 4.011826992034912 6.937675476074219 0
which 0 583 5 9.3313627243042 3.156388998031616 3.7812864780426025
came 0 584 4 7.842607021331787 6.808436870574951 0
into 0 585 4 4.470580101013184 3.6793582439422607 3.1290786266326904
the 0 586 3 2.5867772102355957 6.027559757232666 0
possession 0 587 10 5.280834674835205 6.152600288391113 0
of 0 588 2 0.006981056183576584 0.07460061460733414 6.077999673783779
<unk> 0 589 5 1.8232789039611816 3.8030595779418945 0
<unk> 0 590 5 1.696973443031311 4.987115383148193 0
, 0 591 1 3.058176279067993 3.965813398361206 1.0213019847869873
1st 0 592 3 7.593789577484131 5.449819087982178 0
<unk> 0 593 5 4.436134338378906 2.4150147438049316 3.034804344177246
<unk> 0 594 5 1.9928702116012573 4.5014119148254395 0
, 0 595 1 2.0387372970581055 4.1087541580200195 0.3926577568054199
in 0 596 2 3.690842628479004 5.689724922180176 0
the 0 597 3 2.8176233768463135 1.9705665111541748 3.719158411026001
18th 0 598 4 5.80519437789917 6.91208028793335 0
century 0 599 7 0.07368003576993942 0.4705331325531006 6.441547155380249
. 0 600 1 0.43836304545402527 1.8404507637023926 0
<eos> 0 601 5 0.0016978451749309897 0.013487612828612328 1.8269631508737803
<unk> 0 602 5 2.7083373069763184 5.024587631225586 0
the 0 603 3 9.204235076904297 5.905871391296387 0
early 0 604 5 9.233689308166504 7.121771335601807 0
part 0 605 4 6.210761547088623 7.215817451477051 0
of 0 606 2 0.029748914763331413 0.26602599024772644 6.949791461229324
the 0 607 3 0.6046056747436523 1.939516305923462 0
18th 0 608 4 7.013998508453369 7.348590850830078 0
century 0 609 7 0.30815985798835754 1.4604742527008057 5.8881165981292725
, 0 610 1 1.8785995244979858 5.4377570152282715 0
however 0 611 7 5.284129619598389 7.056384086608887 0
, 0 612 1 0.19494572281837463 1.3710603713989258 5.685323715209961
the 0 613 3 7.287492275238037 4.928150653839111 0
chapel 0 614 6 9.42636489868164 8.625810623168945 0
became 0 615 6 5.44390869140625 5.099575996398926 3.5262346267700195
unused 0 616 6 16.682279586791992 5.782290458679199 0
and 0 617 3 2.6366591453552246 4.305647850036621 1.4766426086425781
began 0 618 5 8.745636940002441 8.694623947143555 0
to 0 619 2 0.9562056064605713 4.386997222900391 4.307626724243164
fall 0 620 4 5.970153331756592 6.782705307006836 0
into 0 621 4 2.6624484062194824 5.497049331665039 1.2856559753417969
disrepair 0 622 9 0.6844221353530884 2.039854049682617 3.457195281982422
. 0 623 1 0.9185276031494141 2.876251697540283 0
<eos> 0 624 5 0.0005064000142738223 0.004568357951939106 2.871683339588344
<unk> 0 625 5 3.421325206756592 5.411365985870361 0
walls 0 626 5 12.381365776062012 6.318912506103516 0
remain 0 627 6 8.703742027282715 5.368607044219971 0.9503054618835449
to 0 628 2 6.168231010437012 5.984190464019775 0
gable 0 629 5 17.921598434448242 4.739078044891357 1.245112419128418
level 0 630 5 12.343924522399902 6.791364669799805 0
, 0 631 1 1.6741299629211426 4.234714031219482 2.5566506385803223
with 0 632 4 3.3909707069396973 5.4897613525390625 0
some 0 633 4 4.430985927581787 6.048603534698486 0
traces 0 634 6 8.793976783752441 8.492968559265137 0
of 0 635 2 0.13143059611320496 0.9734126329421997 7.519555926322937
render 0 636 6 19.624826431274414 7.7288055419921875 0
on 0 637 2 7.35261344909668 7.44469690322876 0.28410863876342773
the 0 638 3 0.921418309211731 4.655799388885498 2.7888975143432617
inside 0 639 6 9.068379402160645 8.039706230163574 0
, 0 640 1 3.718329668045044 3.537630081176758 4.502076148986816
but 0 641 3 4.348720073699951 6.5239691734313965 0
the 0 642 3 2.282921075820923 6.75370979309082 0
roof 0 643 4 6.386775016784668 9.227988243103027 0
has 0 644 3 3.529785633087158 5.099159240722656 4.128829002380371
gone 0 645 4 10.992938041687012 6.146141052246094 0
. 0 646 1 6.3884992599487305 6.384059429168701 0
<eos> 0 647 5 0.01660105399787426 0.09124118089675903 6.292818248271942
<unk> 0 648 5 3.9771013259887695 5.106722354888916 0
<unk> 0 649 5 1.8499526977539062 6.361101150512695 0
is 0 650 2 4.037717819213867 5.302055358886719 1.0590457916259766
in 0 651 2 6.400289058685303 6.28582763671875 0
the 0 652 3 0.9519376754760742 4.3785481452941895 1.9072794914245605
<unk> 0 653 5 3.4037086963653564 7.94141149520874 0
countryside 0 654 11 11.307645797729492 7.478667736053467 0.46274375915527344
near 0 655 4 7.726379871368408 4.366702079772949 3.1119656562805176
<unk> 0 656 5 1.7164666652679443 2.6834282875061035 1.6832737922668457
; 0 657 1 6.229702949523926 4.196166038513184 0
the 0 658 3 2.115849018096924 4.964560031890869 0
parish 0 659 6 7.200844764709473 8.339909553527832 0
church 0 660 6 4.093851566314697 5.95552396774292 2.384385585784912
of 0 661 2 4.0927934646606445 5.209988594055176 0.7455353736877441
<unk> 0 662 5 0.5260330438613892 2.123467445373535 3.0865211486816406
<unk> 0 663 5 1.6124804019927979 5.0810980796813965 0
, 0 664 1 2.6520659923553467 5.40255069732666 0
<unk> 0 665 5 2.9700729846954346 6.207308769226074 0
is 0 666 2 5.288608074188232 4.604390621185303 1.6029181480407715
about 0 667 5 7.74514102935791 6.409712314605713 0
<unk> 0 668 5 0.2068331241607666 1.2887905836105347 5.120921730995178
<unk> 0 669 5 1.9309028387069702 4.241272926330566 0
<eos> 0 670 5 0.7717205882072449 1.4598784446716309 2.7813944816589355
@ 0 671 1 3.302028926555067e-05 0.000442959280917421 1.4594354853907134
<unk> 0 672 5 0.00017059670062735677 0.002715799957513809 0
miles 0 673 5 1.7146533727645874 3.2619454860687256 0
( 0 674 1 0.02464444190263748 0.20621444284915924 3.0557310432195663
<unk> 0 675 5 0.0003576795570552349 0.004898682702332735 0.2013157601468265
<unk> 0 676 5 0.08599688112735748 0.4310000538825989 0
<eos> 0 677 5 0.0013648964231833816 0.011430654674768448 0.41956939920783043
@ 0 678 1 0.0 5.503434294951148e-06 0.011425151240473497
<unk> 0 679 5 1.926192817336414e-05 0.0002964676241390407 0
km 0 680 2 0.009831862524151802 0.07843897491693497 0
) 0 681 1 0.00039911651401780546 0.004391936119645834 0.07404703879728913
away 0 682 4 3.4845969676971436 4.066896915435791 0
. 0 683 1 1.6224403381347656 2.920339822769165 1.146557092666626
<eos> 0 684 5 0.0015657399781048298 0.012591805309057236 2.907748017460108
<unk> 0 685 5 3.0789296627044678 4.464180946350098 0
of 0 686 2 8.212273597717285 5.558681964874268 0
the 0 687 3 2.00480055809021 2.679539680480957 2.8791422843933105
churchyard 0 688 10 8.378528594970703 7.160289764404297 0
wall 0 689 4 11.929620742797852 5.310673236846924 1.849616527557373
remains 0 690 7 7.962471961975098 5.523715019226074 0
, 0 691 1 5.597176551818848 6.045202732086182 0
showing 0 692 7 11.597757339477539 5.78217887878418 0.26302385330200195
that 0 693 4 2.7905383110046387 5.136159420013428 0.646019458770752
it 0 694 2 3.1427712440490723 4.4424943923950195 0.6936650276184082
was 0 695 3 1.2654345035552979 3.501497268676758 0.9409971237182617
originally 0 696 10 5.4191813468933105 7.454836845397949 0
within 0 697 6 11.259413719177246 7.456847667694092 0
a 0 698 1 2.851198673248291 3.0405304431915283 4.4163172245025635
mainly 0 699 6 17.300090789794922 8.445426940917969 0
circular 0 700 8 7.356694221496582 7.531599998474121 0.9138269424438477
enclosure 0 701 9 4.218921661376953 7.7517170906066895 0
, 0 702 1 1.976922631263733 4.199151992797852 3.552565097808838
as 0 703 2 5.620381832122803 5.529810428619385 0
often 0 704 5 12.560050964355469 5.121811866760254 0.40799856185913086
found 0 705 5 8.432933807373047 4.298449993133545 0.823361873626709
with 0 706 4 6.611819267272949 4.91689920425415 0
early 0 707 5 12.431425094604492 6.376479625701904 0
churches 0 708 8 8.424161911010742 8.131759643554688 0
. 0 709 1 1.8555773496627808 4.529188632965088 3.6025710105895996
<eos> 0 710 5 0.002330716932192445 0.01754670776426792 4.51164192520082
<unk> 0 711 5 4.075677871704102 5.088558197021484 0
is 0 712 2 5.226851463317871 6.0627875328063965 0
cared 0 713 5 16.093624114990234 6.619662284851074 0
for 0 714 3 0.0904574915766716 0.5904604196548462 6.029201865196228
by 0 715 2 0.5236859321594238 2.551903009414673 0
<unk> 0 716 5 2.14921498298645 6.411311149597168 0
, 0 717 1 2.945436716079712 4.743429660797119 1.6678814888000488
the 0 718 3 4.599507808685303 5.045053482055664 0
<unk> 0 719 5 3.039189338684082 8.192544937133789 0
<unk> 0 720 5 2.799149751663208 6.737983703613281 1.4545612335205078
<unk> 0 721 5 2.4509756565093994 5.292612075805664 1.4453716278076172
body 0 722 4 13.468607902526855 5.330893039703369 0
responsible 0 723 11 10.858335494995117 4.229881763458252 1.1010112762451172
for 0 724 3 0.04308370500802994 0.34876489639282227 3.8811168670654297
the 0 725 3 1.1512340307235718 5.375765800476074 0
built 0 726 5 13.928077697753906 9.464378356933594 0
heritage 0 727 8 8.443827629089355 8.220681190490723 1.243697166442871
of 0 728 2 1.9124279022216797 4.968440532684326 3.2522406578063965
<unk> 0 729 5 1.149303674697876 2.6735212802886963 2.29491925239563
, 0 730 1 2.1717309951782227 4.105671405792236 0
and 0 731 3 1.9603627920150757 5.050102710723877 0
is 0 732 2 4.37900447845459 5.425963878631592 0
open 0 733 4 8.46319580078125 7.154197692871094 0
to 0 734 2 0.7739852070808411 3.1292724609375 4.024925231933594
the 0 735 3 0.5816893577575684 3.4642438888549805 0
public 0 736 6 0.44666787981987 2.904616355895996 0.5596275329589844
. 0 737 1 0.9990981221199036 3.5006399154663086 0
<eos> 0 738 5 0.002971892710775137 0.021657777950167656 3.478982137516141
= 0 739 1 2.84171199798584 4.636752128601074 0
= 0 740 1 0.1022539883852005 0.693578839302063 3.9431732892990112
<unk> 0 741 5 6.17138671875 4.915695667266846 0
and 0 742 3 4.244678974151611 5.563345909118652 0
fittings 0 743 8 10.120345115661621 6.516048431396484 0
= 0 744 1 0.040417324751615524 0.2899639904499054 6.226084440946579
= 0 745 1 1.1006847671524156e-05 0.00018538539006840438 0.289778605059837
<eos> 0 746 5 25.42193031311035 4.2766618728637695 0
<unk> 0 747 5 2.3113560676574707 6.660555839538574 0
<unk> 0 748 5 2.189350128173828 6.363679885864258 0.2968759536743164
is 0 749 2 2.9693024158477783 5.219836711883545 1.143843173980713
built 0 750 5 6.6530537605285645 5.432395935058594 0
from 0 751 4 3.9563286304473877 3.985325336456299 1.447070598602295
rubble 0 752 6 5.562474727630615 5.319853782653809 0
masonry 0 753 7 0.5011711120605469 2.744619846343994 2.5752339363098145
; 0 754 1 6.738829135894775 5.002806663513184 0
at 0 755 2 6.497231960296631 5.502343654632568 0
about 0 756 5 7.440395832061768 3.4572150707244873 2.045128583908081
<unk> 0 757 5 0.4643586575984955 1.8692950010299683 1.587920069694519
feet 0 758 4 3.438872814178467 3.657853841781616 0
( 0 759 1 0.32126355171203613 1.4011270999908447 2.2567267417907715
<unk> 0 760 5 0.0012961666798219085 0.017290299758315086 1.3838368002325296
<unk> 0 761 5 1.8264061212539673 1.0891830921173096 0
<eos> 0 762 5 0.01490058284252882 0.09415727853775024 0.9950258135795593
@ 0 763 1 0.0 1.2038780141665484e-06 0.09415607465973608
<unk> 0 764 5 4.9530153773957863e-05 0.0007168175652623177 0
m 0 765 1 0.014504436403512955 0.10358860343694687 0
) 0 766 1 0.0033791102468967438 0.028298143297433853 0.07529046013951302
up 0 767 2 10.898722648620605 4.07042932510376 0
the 0 768 3 4.80879020690918 3.8274459838867188 0.24298334121704102
walls 0 769 5 5.354719638824463 8.233957290649414 0
, 0 770 1 1.3871018886566162 3.3564512729644775 4.8775060176849365
the 0 771 3 1.5294389724731445 4.727911949157715 0
style 0 772 5 10.768150329589844 8.705641746520996 0
changes 0 773 7 10.402782440185547 4.704612731933594 4.001029014587402
and 0 774 3 5.644097805023193 5.871277332305908 0
smaller 0 775 7 11.694403648376465 6.551733493804932 0
stones 0 776 6 6.804443836212158 8.719011306762695 0
are 0 777 3 4.652265548706055 5.235055446624756 3.4839558601379395
inserted 0 778 8 9.337251663208008 8.047639846801758 0
into 0 779 4 1.9016685485839844 4.268905162811279 3.7787346839904785
spaces 0 780 6 14.70338249206543 2.740997314453125 1.5279078483581543
between 0 781 7 8.239556312561035 4.5393476486206055 0
the 0 782 3 0.9362143874168396 4.2295637130737305 0.309783935546875
larger 0 783 6 11.23154067993164 8.185561180114746 0
blocks 0 784 6 8.555997848510742 7.521361827850342 0.6641993522644043
, 0 785 1 3.5840606689453125 2.959533214569092 4.56182861328125
showing 0 786 7 11.100621223449707 6.4744768142700195 0
where 0 787 5 11.242219924926758 6.233750343322754 0.24072647094726562
the 0 788 3 1.114945650100708 4.697724342346191 1.5360260009765625
14th 0 789 4 12.635724067687988 9.330836296081543 0
<unk> 0 790 5 1.7874804735183716 5.528595924377441 3.8022403717041016
century 0 791 7 0.051440637558698654 0.49021631479263306 5.038379609584808
rebuilding 0 792 10 14.399089813232422 8.480413436889648 0
started 0 793 7 10.14477252960205 5.071370601654053 3.4090428352355957
. 0 794 1 2.4735453128814697 4.221843719482422 0.8495268821716309
<eos> 0 795 5 0.004573500715196133 0.03131822496652603 4.190525494515896
<unk> 0 796 5 4.12191104888916 5.172233581542969 0
doorway 0 797 7 13.098857879638672 6.765687465667725 0
is 0 798 2 2.0485005378723145 5.589658260345459 1.1760292053222656
on 0 799 2 6.716309070587158 7.104373455047607 0
the 0 800 3 0.4784226715564728 2.454580068588257 4.649793386459351
south 0 801 5 3.6490302085876465 6.193629264831543 0
side 0 802 4 0.662705659866333 2.8694474697113037 3.3241817951202393
, 0 803 1 3.377596139907837 1.6206687688827515 1.2487787008285522
headed 0 804 6 13.907166481018066 5.705224514007568 0
by 0 805 2 0.5365060567855835 2.4610819816589355 3.244142532348633
a 0 806 1 2.4354629516601562 4.135146617889404 0
plain 0 807 5 9.191889762878418 8.073479652404785 0
arch 0 808 4 6.216469764709473 7.229977130889893 0.8435025215148926
, 0 809 1 2.272339344024658 5.894577980041504 1.3353991508483887
and 0 810 3 1.9732944965362549 5.910294055938721 0
dates 0 811 5 9.859786033630371 6.800839424133301 0
from 0 812 4 1.247784972190857 3.4719181060791016 3.328921318054199
the 0 813 3 1.1643129587173462 3.440458297729492 0.031459808349609375
12th 0 814 4 3.5240304470062256 5.800500869750977 0
century 0 815 7 0.2045741230249405 0.9884065389633179 4.812094330787659
. 0 816 1 0.9531031250953674 3.1662755012512207 0
<eos> 0 817 5 0.0022453770507127047 0.017060700803995132 3.1492148004472256
<unk> 0 818 5 4.021305084228516 4.573686122894287 0
is 0 819 2 3.6708431243896484 6.071568965911865 0
a 0 820 1 2.3758673667907715 6.252784252166748 0
stone 0 821 5 7.735315799713135 8.57365608215332 0
<unk> 0 822 5 2.9942688941955566 7.521627426147461 1.0520286560058594
at 0 823 2 8.48627758026123 6.812668800354004 0.708958625793457
the 0 824 3 1.0807445049285889 3.741469144821167 3.071199655532837
west 0 825 4 4.292673110961914 6.644795894622803 0
end 0 826 3 0.9482353329658508 3.016655445098877 3.628140449523926
. 0 827 1 4.079824924468994 1.463808536529541 1.552846908569336
<eos> 0 828 5 0.00031916447915136814 0.003109704004600644 1.4606988325249404
<unk> 0 829 5 3.783451795578003 4.37690544128418 0
is 0 830 2 3.399773597717285 5.750028610229492 0
no 0 831 2 10.562336921691895 6.182584285736084 0
structural 0 832 10 14.497583389282227 1.9252538681030273 4.257330417633057
division 0 833 8 11.868668556213379 8.012014389038086 0
between 0 834 7 8.225983619689941 5.005629539489746 3.00638484954834
the 0 835 3 0.8163768649101257 3.0769855976104736 1.9286439418792725
nave 0 836 4 4.203848838806152 7.406344890594482 0
( 0 837 1 6.860912322998047 2.7003495693206787 4.705995321273804
where 0 838 5 8.314972877502441 5.806515216827393 0
the 0 839 3 1.374793529510498 3.5761797428131104 2.2303354740142822
congregation 0 840 12 12.600786209106445 7.362447738647461 0
would 0 841 5 7.7015700340271 5.506731033325195 1.8557167053222656
have 0 842 4 2.21518611907959 6.104335784912109 0
sat 0 843 3 8.92236328125 6.31736421585083 0
) 0 844 1 3.352821111679077 4.991119384765625 1.326244831085205
and 0 845 3 2.6587390899658203 3.4187393188476562 1.5723800659179688
the 0 846 3 2.864880084991455 6.7165141105651855 0
chancel 0 847 7 2.606381893157959 7.519951343536377 0
( 0 848 1 5.576871871948242 6.708635330200195 0.8113160133361816
where 0 849 5 9.492849349975586 6.672962665557861 0.035672664642333984
the 0 850 3 1.307051658630371 3.8869097232818604 2.786052942276001
altar 0 851 5 6.6502814292907715 7.139934539794922 0
would 0 852 5 6.967495918273926 5.733415603637695 1.4065189361572266
have 0 853 4 2.279958963394165 4.837149620056152 0.896265983581543
been 0 854 4 1.3067655563354492 5.564471244812012 0
located 0 855 7 7.250959396362305 7.88906717300415 0
) 0 856 1 1.7220911979675293 4.346401214599609 3.542665958404541
. 0 857 1 1.5274866819381714 3.8894808292388916 0.4569203853607178
<eos> 0 858 5 0.0015245083486661315 0.012157848104834557 3.877322981134057
<unk> 0 859 5 4.41911506652832 4.381144046783447 0
are 0 860 3 8.63895034790039 5.527082443237305 0
no 0 861 2 9.47176456451416 7.456212997436523 0
window 0 862 6 12.424281120300293 2.1167049407958984 5.339508056640625
openings 0 863 8 11.040130615234375 6.2685089111328125 0
on 0 864 2 4.729349613189697 4.651712417602539 1.6167964935302734
the 0 865 3 0.6107393503189087 2.9303576946258545 1.7213547229766846
north 0 866 5 5.3298773765563965 7.338620662689209 0
side 0 867 4 0.8680886030197144 3.256690263748169 4.08193039894104
, 0 868 1 2.149827003479004 2.644906759262085 0.611783504486084
but 0 869 3 3.008524179458618 5.2762837409973145 0
there 0 870 5 4.57206916809082 6.0321431159973145 0
is 0 871 2 1.5550670623779297 1.7383556365966797 4.293787479400635
a 0 872 1 1.7125455141067505 3.684924364089966 0
blocked 0 873 7 13.548724174499512 8.624876022338867 0
opening 0 874 7 12.301467895507812 7.2824249267578125 1.3424510955810547
to 0 875 2 5.70573091506958 5.669967174530029 1.6124577522277832
the 0 876 3 0.7264491319656372 3.926097869873047 1.7438693046569824
east 0 877 4 2.6707763671875 5.700689792633057 0
( 0 878 1 6.87895393371582 3.8545191287994385 1.8461706638336182
about 0 879 5 8.938580513000488 7.126010894775391 0
<unk> 0 880 5 0.321956992149353 1.7991943359375 5.326816558837891
feet 0 881 4 3.160356044769287 3.9803390502929688 0
( 0 882 1 1.338916540145874 2.796337604522705 1.1840014457702637
<unk> 0 883 5 0.003896503709256649 0.043430693447589874 2.752906911075115
<unk> 0 884 5 1.6158196926116943 1.0699418783187866 0
<eos> 0 885 5 0.005151303950697184 0.03826211020350456 1.031679768115282
@ 0 886 1 0.0 8.599129728281696e-07 0.038261250290531734
<unk> 0 887 5 0.00015408822218887508 0.0019785070326179266 0
m 0 888 1 0.007715968880802393 0.05974399670958519 0
) 0 889 1 0.0008806263213045895 0.008423663675785065 0.051320333033800125
wide 0 890 4 3.6776440143585205 4.598889350891113 0
) 0 891 1 0.37680158019065857 1.7686752080917358 2.8302141427993774
and 0 892 3 2.9953818321228027 3.685302734375 0
there 0 893 5 7.907334327697754 6.210086345672607 0
are 0 894 3 1.0672361850738525 1.8195034265518188 4.390582919120789
the 0 895 3 5.532899379730225 5.7496538162231445 0
remains 0 896 7 6.8804521560668945 8.180549621582031 0
of 0 897 2 0.10219631344079971 0.8006413578987122 7.379908263683319
a 0 898 1 2.8170549869537354 4.354621410369873 0
window 0 899 6 7.575036525726318 8.500104904174805 0
on 0 900 2 4.621859073638916 6.082266807556152 2.4178380966186523
the 0 901 3 0.48532411456108093 2.2311270236968994 3.851139783859253
south 0 902 5 3.9509313106536865 6.663210868835449 0
wall 0 903 4 2.6086575984954834 3.388429641723633 3.2747812271118164
. 0 904 1 0.7996395230293274 2.6194188594818115 0.7690107822418213
<eos> 0 905 5 0.00022287230240181088 0.002256538486108184 2.6171623209957033
<unk> 0 906 5 4.39502477645874 4.415622234344482 0
is 0 907 2 3.575835704803467 5.501517295837402 0
a 0 908 1 2.616929292678833 6.609167098999023 0
blocked 0 909 7 12.781744956970215 8.64188289642334 0
window 0 910 6 5.246913909912109 7.689052581787109 0.9528303146362305
in 0 911 2 4.757260322570801 5.108191013336182 2.5808615684509277
the 0 912 3 0.8565754294395447 3.418219566345215 1.6899714469909668
south 0 913 5 4.879024028778076 7.243191242218018 0
wall 0 914 4 3.5852437019348145 5.132565975189209 2.1106252670288086
of 0 915 2 2.2950356006622314 3.5569825172424316 1.5755834579467773
the 0 916 3 0.16644339263439178 1.0304780006408691 2.5265045166015625
south 0 917 5 7.176717758178711 6.271549701690674 0
chapel 0 918 6 8.077625274658203 5.14035701751709 1.131192684173584
. 0 919 1 1.355526089668274 3.1100399494171143 2.0303170680999756
<eos> 0 920 5 0.00044846103992313147 0.004232469946146011 3.1058074794709682
<unk> 0 921 5 4.605893611907959 3.9485902786254883 0
vault 0 922 5 14.455163955688477 5.367076396942139 0
, 0 923 1 3.319201946258545 4.7700514793396 0.5970249176025391
which 0 924 5 2.928431272506714 6.566895961761475 0
is 0 925 2 1.9008595943450928 5.26573371887207 1.3011622428894043
about 0 926 5 5.680661201477051 6.659125804901123 0
<unk> 0 927 5 0.20176184177398682 1.1582975387573242 5.500828266143799
square 0 928 6 5.0145134925842285 2.6733014583587646 0
feet 0 929 4 1.0558440685272217 1.4597647190093994 1.2135367393493652
( 0 930 1 0.08257365971803665 0.5503454208374023 0.9094192981719971
<unk> 0 931 5 0.0015382523415610194 0.019160058349370956 0.5311853624880314
<unk> 0 932 5 0.06736214458942413 0.37284234166145325 0
<eos> 0 933 5 1.352980613708496 1.650287389755249 0
@ 0 934 1 0.0 2.235772626590915e-06 1.6502851539826224
<unk> 0 935 5 6.603982910746709e-05 0.0009093295666389167 0
<unk> 0 936 5 0.19129420816898346 0.9057456851005554 0
) 0 937 1 0.0515204593539238 0.30175837874412537 0.60398730635643
, 0 938 1 1.1048412322998047 4.089144229888916 0
is 0 939 2 1.4412310123443604 4.627139091491699 0
reached 0 940 7 12.314350128173828 6.491570949554443 0
by 0 941 2 1.3704569339752197 3.965899705886841 2.5256712436676025
stone 0 942 5 9.901961326599121 4.22028923034668 0
steps 0 943 5 6.805582046508789 6.274920463562012 0
from 0 944 4 5.195595741271973 4.335108757019043 1.9398117065429688
inside 0 945 6 10.288288116455078 2.9875497817993164 1.3475589752197266
the 0 946 3 0.45755359530448914 2.398529052734375 0.5890207290649414
south 0 947 5 6.795199871063232 7.350121021270752 0
chapel 0 948 6 7.838052749633789 5.338136672973633 2.011984348297119
. 0 949 1 0.8949013948440552 2.789705753326416 2.548430919647217
<eos> 0 950 5 0.0005146522889845073 0.004738586489111185 2.784967166837305
<unk> 0 951 5 4.733998775482178 3.927907943725586 0
slabs 0 952 5 16.085283279418945 5.580427169799805 0
form 0 953 4 9.31006908416748 4.16342306137085 1.417004108428955
the 0 954 3 2.449294328689575 4.059295177459717 0.10412788391113281
roof 0 955 4 6.618640899658203 7.872704029083252 0
of 0 956 2 0.3705909550189972 2.052847146987915 5.819856882095337
the 0 957 3 0.3849908113479614 1.8577203750610352 0.19512677192687988
vault 0 958 5 9.240616798400879 7.654307842254639 0
and 0 959 3 3.1807284355163574 4.4907145500183105 3.163593292236328
the 0 960 3 1.7489521503448486 6.3972883224487305 0
floor 0 961 5 7.639700412750244 8.316917419433594 0
of 0 962 2 2.982038736343384 6.356925964355469 1.959991455078125
the 0 963 3 0.19332772493362427 1.180517554283142 5.176408410072327
chapel 0 964 6 5.262612819671631 7.269397258758545 0
above 0 965 5 9.05213737487793 4.710071563720703 2.559325695037842
. 0 966 1 3.411057233810425 3.097994327545166 1.612077236175537
<eos> 0 967 5 0.00028615075279958546 0.0029186869505792856 3.0950756405945867
<unk> 0 968 5 5.1595964431762695 3.6897406578063965 0
stone 0 969 5 8.895318031311035 5.704740524291992 0
in 0 970 2 7.130728244781494 5.264491558074951 0.440248966217041
the 0 971 3 0.6137248277664185 2.639932870864868 2.624558687210083
nave 0 972 4 5.031548023223877 6.873613357543945 0
, 0 973 1 3.3306491374969482 5.25654935836792 1.6170639991760254
about 0 974 5 9.01685905456543 7.286205768585205 0
<unk> 0 975 5 0.3246070146560669 1.6764448881149292 5.609760880470276
square 0 976 6 5.540485858917236 3.034120798110962 0
feet 0 977 4 0.9213040471076965 1.5571236610412598 1.4769971370697021
( 0 978 1 0.08079053461551666 0.5480713844299316 1.0090522766113281
<unk> 0 979 5 0.0013978854985907674 0.017880870029330254 0.5301905144006014
<unk> 0 980 5 0.0665174126625061 0.35673806071281433 0
<eos> 0 981 5 1.0188003778457642 1.5778658390045166 0
@ 0 982 1 0.0 1.3758605064140284e-06 1.5778644631440102
<unk> 0 983 5 9.905860497383401e-05 0.0013191915350034833 0
<unk> 0 984 5 0.23462843894958496 1.0434941053390503 0
) 0 985 1 0.0548391118645668 0.32679757475852966 0.7166965305805206
with 0 986 4 6.504549026489258 4.443325996398926 0
a 0 987 1 1.7975586652755737 5.665920734405518 0
hole 0 988 4 13.233838081359863 8.322905540466309 0
in 0 989 2 3.125675916671753 4.825627326965332 3.4972782135009766
the 0 990 3 0.6008303165435791 3.2710213661193848 1.5546059608459473
top 0 991 3 7.076384544372559 5.644430637359619 0
, 0 992 1 3.643401622772217 3.842052936553955 1.802377700805664
might 0 993 5 14.046072006225586 3.88136625289917 0
once 0 994 4 11.616308212280273 3.6126458644866943 0.2687203884124756
have 0 995 4 2.5462374687194824 3.2368812561035156 0.3757646083831787
been 0 996 4 0.903475821018219 4.668842792510986 0
used 0 997 4 5.389355659484863 8.061981201171875 0
as 0 998 2 2.8828089237213135 3.942143678665161 4.119837522506714
a 0 999 1 0.6004162430763245 2.6245033740997314 1.3176403045654297
churchyard 0 1000 10 13.687821388244629 9.222302436828613 0
cross 0 1001 5 15.016626358032227 4.416175842285156 4.806126594543457
. 0 1002 1 1.6072782278060913 4.841987133026123 0
<eos> 0 1003 5 0.0026691078674048185 0.019778702408075333 4.822208430618048
= 0 1004 1 3.5881221294403076 4.450870037078857 0
= 0 1005 1 0.040045853704214096 0.33848094940185547 4.112389087677002
<unk> 0 1006 5 7.128899574279785 4.297793388366699 0
= 0 1007 1 1.5234498977661133 5.732741832733154 0
= 0 1008 1 0.00026414115563966334 0.003904222045093775 5.7288376106880605
<eos> 0 1009 5 23.41860008239746 4.150060653686523 0
<unk> 0 1010 5 2.378737449645996 5.821810245513916 0
<unk> 0 1011 5 2.2372398376464844 5.700626850128174 0.12118339538574219
has 0 1012 3 6.079041957855225 5.164403438568115 0.5362234115600586
national 0 1013 8 15.551933288574219 5.297224044799805 0
recognition 0 1014 11 6.780885219573975 9.218100547790527 0
and 0 1015 3 3.183598279953003 4.096410751342773 5.121689796447754
statutory 0 1016 9 2.7436063289642334 7.558475971221924 0
protection 0 1017 10 4.661855220794678 8.67076587677002 0
from 0 1018 4 5.140829563140869 3.6157193183898926 5.055046558380127
alteration 0 1019 10 8.433890342712402 5.313535213470459 0
as 0 1020 2 6.128446102142334 3.6935393810272217 1.6199958324432373
it 0 1021 2 3.8522160053253174 4.91853141784668 0
has 0 1022 3 2.9524357318878174 4.846277236938477 0.07225418090820312
been 0 1023 4 0.9331599473953247 4.674026966094971 0.17225027084350586
designated 0 1024 10 5.020155429840088 8.2247953414917 0
as 0 1025 2 1.1138588190078735 3.9117910861968994 4.3130042552948
a 0 1026 1 1.3678715229034424 4.257779121398926 0
<unk> 0 1027 5 3.6880922317504883 7.7443528175354 0
<unk> 0 1028 5 2.847529172897339 6.8285417556762695 0.9158110618591309
listed 0 1029 6 8.661194801330566 6.532995700836182 0.2955460548400879
building 0 1030 8 0.9427593350410461 4.309421539306641 2.223574161529541
 0 1031 1 10.451278686523438 3.005563497543335 1.3038580417633057
the 0 1032 3 2.664188861846924 6.198617935180664 0
lowest 0 1033 6 8.233174324035645 7.458268642425537 0
of 0 1034 2 3.489577293395996 7.4373979568481445 0.020870685577392578
the 0 1035 3 0.882210373878479 3.199409008026123 4.2379889488220215
three 0 1036 5 4.895473957061768 7.869961738586426 0
grades 0 1037 6 5.825927257537842 7.979452133178711 0
of 0 1038 2 1.562111496925354 4.03577995300293 3.9436721801757812
listing 0 1039 7 3.1861560344696045 6.660805702209473 0
, 0 1040 1 3.924652338027954 4.098697185516357 2.5621085166931152
designating 0 1041 11 3.565131664276123 6.406712055206299 0
" 0 1042 1 4.793848514556885 3.9765079021453857 2.430204153060913
buildings 0 1043 9 8.783958435058594 6.868697643280029 0
of 0 1044 2 2.198751449584961 4.535514831542969 2.3331828117370605
special 0 1045 7 6.3508806228637695 7.534111976623535 0
interest 0 1046 8 0.9224461317062378 3.053687572479248 4.480424404144287
, 0 1047 1 4.399961471557617 2.377206563949585 0.6764810085296631
which 0 1048 5 5.097661972045898 8.037028312683105 0
warrant 0 1049 7 7.028132915496826 7.491609573364258 0.5454187393188477
every 0 1050 5 8.919898986816406 6.9581685066223145 0.5334410667419434
effort 0 1051 6 10.140402793884277 9.231635093688965 0
being 0 1052 5 8.656023979187012 4.191001892089844 5.040633201599121
made 0 1053 4 3.857837677001953 8.000235557556152 0
to 0 1054 2 2.1005053520202637 4.723649501800537 3.2765860557556152
preserve 0 1055 8 3.6644067764282227 8.14321517944336 0
them 0 1056 4 8.344953536987305 3.992387056350708 4.150828123092651
" 0 1057 1 2.499894380569458 4.562044143676758 0
. 0 1058 1 0.3331235349178314 1.6024909019470215 2.9595532417297363
<eos> 0 1059 5 0.0024627521634101868 0.01830342970788479 1.5841874722391367
<unk> 0 1060 5 3.50474214553833 4.955955505371094 0
was 0 1061 3 4.700588703155518 6.413790225982666 0
given 0 1062 5 6.159865379333496 7.18587064743042 0
this 0 1063 4 6.959200859069824 4.685525417327881 2.500345230102539
status 0 1064 6 1.3106260299682617 5.561293125152588 0
on 0 1065 2 3.9060356616973877 3.7560465335845947 1.8052465915679932
<unk> 0 1066 5 0.2529961168766022 1.1701631546020508 2.585883378982544
<unk> 0 1067 5 0.18842419981956482 0.7555209398269653 0.41464221477508545
<unk> 0 1068 5 0.22581185400485992 0.821373462677002 0
and 0 1069 3 4.056718349456787 3.251527786254883 0
has 0 1070 3 4.557303428649902 6.234790802001953 0
been 0 1071 4 1.4518914222717285 5.032928466796875 1.2018623352050781
listed 0 1072 6 3.5718815326690674 7.500690937042236 0
because 0 1073 7 13.41236400604248 2.505972385406494 4.994718551635742
it 0 1074 2 2.0849127769470215 3.343459129333496 0
is 0 1075 2 2.057633399963379 4.722975254058838 0
" 0 1076 1 4.2999348640441895 6.843793869018555 0
important 0 1077 9 10.201699256896973 7.1626296043396 0
as 0 1078 2 6.793881416320801 5.322003364562988 1.8406262397766113
a 0 1079 1 1.9688078165054321 5.375184059143066 0
substantially 0 1080 13 15.126537322998047 9.409168243408203 0
12th 0 1081 4 19.109643936157227 8.520050048828125 0.8891181945800781
<unk> 0 1082 5 0.49084389209747314 2.948866128921509 5.571183919906616
century 0 1083 7 0.031130235642194748 0.2648109495639801 2.6840551793575287
structure 0 1084 9 6.138554573059082 8.461099624633789 0
, 0 1085 1 3.94301176071167 3.9929215908050537 4.468178033828735
with 0 1086 4 4.531492233276367 6.7194318771362305 0
some 0 1087 4 6.171334743499756 6.081850051879883 0.6375818252563477
architectural 0 1088 13 6.348574638366699 9.054194450378418 0
details 0 1089 7 7.094542980194092 8.178400039672852 0.8757944107055664
surviving 0 1090 9 15.994436264038086 4.663054466247559 3.515345573425293
from 0 1091 4 4.0700297355651855 4.814686298370361 0
this 0 1092 4 6.875218391418457 4.338426113128662 0.4762601852416992
early 0 1093 5 7.234594821929932 7.891107559204102 0
period 0 1094 6 2.919050455093384 7.650756359100342 0.24035120010375977
" 0 1095 1 1.9617578983306885 3.653454065322876 3.997302293777466
, 0 1096 1 4.4494099617004395 1.2121800184249878 2.441274046897888
even 0 1097 4 9.425830841064453 5.842288494110107 0
though 0 1098 6 1.1310817003250122 4.398929595947266 1.4433588981628418
it 0 1099 2 1.5479401350021362 4.1526007652282715 0.24632883071899414
is 0 1100 2 1.858210563659668 4.297569751739502 0
now 0 1101 3 3.0226941108703613 6.56362247467041 0
in 0 1102 2 5.854353904724121 7.424027442932129 0
a 0 1103 1 3.908996343612671 5.106711387634277 2.3173160552978516
" 0 1104 1 5.763892650604248 8.616328239440918 0
ruinous 0 1105 7 4.487982273101807 8.716326713562012 0
condition 0 1106 9 3.206284999847412 6.133792877197266 2.582533836364746
" 0 1107 1 0.09847855567932129 0.6342098712921143 5.499583005905151
. 0 1108 1 0.6397645473480225 2.6792399883270264 0
<eos> 0 1109 5 0.009807265363633633 0.05881867557764053 2.620421312749386
<unk> 0 1110 5 3.6578729152679443 4.909809112548828 0
( 0 1111 1 8.374150276184082 6.286194324493408 0
which 0 1112 5 7.375853061676025 5.4362406730651855 0.8499536514282227
is 0 1113 2 2.6929428577423096 6.576708793640137 0
responsible 0 1114 11 10.711216926574707 5.828588485717773 0.7481203079223633
for 0 1115 3 0.013599038124084473 0.12590639293193817 5.702682092785835
the 0 1116 3 1.01369047164917 5.389041900634766 0
inclusion 0 1117 9 8.614130973815918 9.441351890563965 0
of 0 1118 2 0.01394859328866005 0.13313671946525574 9.308215171098709
<unk> 0 1119 5 2.4032938480377197 6.437718391418457 0
buildings 0 1120 9 5.271397590637207 6.696231365203857 0
on 0 1121 2 6.011329174041748 3.5175955295562744 3.178635835647583
the 0 1122 3 0.5490896701812744 2.9302680492401123 0.5873274803161621
statutory 0 1123 9 6.453608989715576 6.546176910400391 0
lists 0 1124 5 8.13163948059082 7.638011455535889 0
) 0 1125 1 1.1216294765472412 2.2623167037963867 5.375694751739502
also 0 1126 4 5.594944953918457 6.453740119934082 0
notes 0 1127 5 8.864480018615723 9.12650203704834 0
the 0 1128 3 3.2352633476257324 2.7440402507781982 6.382461786270142
" 0 1129 1 6.49790096282959 9.558300018310547 0
unusual 0 1130 7 9.778756141662598 9.732250213623047 0
16th 0 1131 4 14.969331741333008 8.636897087097168 1.095353126525879
<unk> 0 1132 5 1.1721237897872925 4.608719825744629 4.028177261352539
century 0 1133 7 0.006328989285975695 0.07137691974639893 4.53734290599823
vaulted 0 1134 7 14.980974197387695 7.522702693939209 0
south 0 1135 5 10.97815227508545 8.58336353302002 0
chapel 0 1136 6 6.969752311706543 6.709916114807129 1.8734474182128906
" 0 1137 1 1.0878369808197021 4.812480449676514 1.8974356651306152
. 0 1138 1 2.4490137100219727 4.7822794914245605 0.030200958251953125
<eos> 0 1139 5 0.004383534658700228 0.030311841517686844 4.751967649906874
<unk> 0 1140 5 3.575897693634033 4.932148456573486 0
19th 0 1141 4 14.652933120727539 6.370716094970703 0
<unk> 0 1142 5 1.615368366241455 4.321753978729248 2.048962116241455
century 0 1143 7 0.008720286190509796 0.09423702955245972 4.227516949176788
antiquarian 0 1144 11 4.5524373054504395 7.121500492095947 0
<unk> 0 1145 5 0.4197560250759125 2.744584798812866 4.376915693283081
<unk> 0 1146 5 0.17614863812923431 1.4528343677520752 1.291750431060791
mentioned 0 1147 9 8.989506721496582 5.8632097244262695 0
the 0 1148 3 1.6008310317993164 3.6459944248199463 2.2172152996063232
church 0 1149 6 4.887032985687256 9.08449935913086 0
in 0 1150 2 2.895674467086792 5.063822269439697 4.020677089691162
her 0 1151 3 10.428783416748047 3.014902353286743 2.048919916152954
history 0 1152 7 6.9622883796691895 8.404006004333496 0
of 0 1153 2 1.7704843282699585 3.7590644359588623 4.644941568374634
<unk> 0 1154 5 1.8633275032043457 3.408740282058716 0.3503241539001465
. 0 1155 1 4.433897018432617 5.774061679840088 0
<eos> 0 1156 5 0.00768004497513175 0.048582158982753754 5.725479520857334
<unk> 0 1157 5 2.6557066440582275 4.9538726806640625 0
said 0 1158 4 8.423872947692871 5.581947326660156 0
that 0 1159 4 1.4313386678695679 3.5049405097961426 2.0770068168640137
the 0 1160 3 1.5188586711883545 4.57023811340332 0
architecture 0 1161 12 7.561068534851074 8.731717109680176 0
was 0 1162 3 3.619370698928833 4.332665920257568 4.399051189422607
of 0 1163 2 8.057312965393066 7.687892913818359 0
" 0 1164 1 3.3430991172790527 7.460056781768799 0.22783613204956055
the 0 1165 3 4.576189994812012 8.487150192260742 0
<unk> 0 1166 5 5.1320929527282715 6.347757339477539 2.139392852783203
kind 0 1167 4 8.39966869354248 7.820777416229248 0
, 0 1168 1 6.038144588470459 0.8875184059143066 6.933259010314941
[ 0 1169 1 6.72396993637085 6.283749580383301 0
which 0 1170 5 5.103259086608887 5.929720878601074 0.35402870178222656
] 0 1171 1 0.06165514886379242 0.49469900131225586 5.435021877288818
bears 0 1172 5 10.45262336730957 7.687961578369141 0
testimony 0 1173 9 19.8104248046875 6.374205589294434 1.313755989074707
to 0 1174 2 4.460107326507568 4.825026988983154 1.5491786003112793
its 0 1175 3 4.933585166931152 5.651015758514404 0
great 0 1176 5 8.876412391662598 10.068714141845703 0
antiquity 0 1177 9 7.548125743865967 8.39577865600586 1.6729354858398438
. 0 1178 1 2.0337841510772705 3.4313559532165527 4.964422702789307
" 0 1179 1 0.13099294900894165 0.4318564236164093 2.9994995296001434
<eos> 0 1180 5 0.0 5.331452030077344e-06 0.4318510921643792
<unk> 0 1181 5 2.6943271160125732 5.072094440460205 0
recounted 0 1182 9 16.769392013549805 5.532385349273682 0
that 0 1183 4 1.9524625539779663 3.8300797939300537 1.702305555343628
a 0 1184 1 5.71058464050293 4.476013660430908 0
fox 0 1185 3 15.923612594604492 8.761396408081055 0
had 0 1186 3 5.50586462020874 8.007319450378418 0.7540769577026367
once 0 1187 4 8.88442325592041 6.843066692352295 1.164252758026123
taken 0 1188 5 7.005544185638428 6.858084678649902 0
shelter 0 1189 7 10.783434867858887 6.05166482925415 0.806419849395752
in 0 1190 2 1.8889225721359253 4.554027080535889 1.4976377487182617
the 0 1191 3 1.297404170036316 3.9933924674987793 0.5606346130371094
ruins 0 1192 5 8.074783325195312 8.229829788208008 0
, 0 1193 1 3.002819776535034 3.1686220169067383 5.0612077713012695
and 0 1194 3 1.9904226064682007 5.86556339263916 0
when 0 1195 4 8.951781272888184 6.047915458679199 0
it 0 1196 2 3.1174166202545166 4.710084915161133 1.3378305435180664
was 0 1197 3 1.0238499641418457 4.751418590545654 0
dug 0 1198 3 12.13498592376709 8.798848152160645 0
out 0 1199 3 5.031813621520996 5.116795539855957 3.6820526123046875
, 0 1200 1 2.5623764991760254 4.445248126983643 0.6715474128723145
the 0 1201 3 2.040254831314087 4.689767360687256 0
vault 0 1202 5 11.660630226135254 9.16945743560791 0
was 0 1203 3 1.3044471740722656 5.026608943939209 4.142848491668701
discovered 0 1204 10 8.256587028503418 8.73465347290039 0
, 0 1205 1 3.804471015930176 4.431995391845703 4.3026580810546875
" 0 1206 1 9.95896053314209 5.843649387359619 0
containing 0 1207 10 13.059046745300293 8.186201095581055 0
several 0 1208 7 7.78463077545166 6.663582801818848 1.522618293762207
human 0 1209 5 11.417251586914062 9.440582275390625 0
skeletons 0 1210 9 7.61964750289917 8.848043441772461 0.5925388336181641
, 0 1211 1 2.3230507373809814 4.995127201080322 3.8529162406921387
which 0 1212 5 4.463672161102295 7.428722381591797 0
crumbled 0 1213 8 15.237981796264648 7.509536266326904 0
into 0 1214 4 3.610870599746704 5.751483917236328 1.7580523490905762
dust 0 1215 4 11.929352760314941 5.361124515533447 0.39035940170288086
, 0 1216 1 2.3621649742126465 4.460769176483154 0.900355339050293
when 0 1217 4 9.441665649414062 7.161675453186035 0
exposed 0 1218 7 8.905567169189453 6.487072944641113 0.6746025085449219
to 0 1219 2 1.5399986505508423 4.653334617614746 1.8337383270263672
the 0 1220 3 1.56154203414917 6.74859619140625 0
air 0 1221 3 10.902709007263184 10.258780479431152 0
" 0 1222 1 4.030059814453125 6.173022747039795 4.085757732391357
. 0 1223 1 0.5333389043807983 2.2654550075531006 3.9075677394866943
<eos> 0 1224 5 0.001541001140139997 0.012228449806571007 2.2532265577465296
<unk> 0 1225 5 2.9031991958618164 5.433436393737793 0
added 0 1226 5 8.804426193237305 6.616751670837402 0
that 0 1227 4 1.0686795711517334 3.7601020336151123 2.85664963722229
further 0 1228 7 11.278629302978516 4.409233093261719 0
exploration 0 1229 11 10.907469749450684 9.420835494995117 0
of 0 1230 2 1.3901673555374146 4.468480587005615 4.952354907989502
the 0 1231 3 0.5004020929336548 2.8163745403289795 1.6521060466766357
vault 0 1232 5 12.413548469543457 8.318537712097168 0
then 0 1233 4 12.781511306762695 5.3728203773498535 2.9457173347473145
revealed 0 1234 8 7.26575231552124 8.214088439941406 0
" 0 1235 1 6.2093400955200195 4.311387062072754 3.9027013778686523
a 0 1236 1 3.58262300491333 8.144693374633789 0
large 0 1237 5 5.655511856079102 9.787433624267578 0
mass 0 1238 4 8.931771278381348 9.037775039672852 0.7496585845947266
of 0 1239 2 1.1800018548965454 5.399433612823486 3.6383414268493652
human 0 1240 5 8.31159782409668 9.71462345123291 0
bones 0 1241 5 6.704282760620117 8.6998872756958 1.0147361755371094
, 0 1242 1 2.7340798377990723 5.1067376136779785 3.5931496620178223
several 0 1243 7 11.741165161132812 8.752691268920898 0
feet 0 1244 4 5.8337202072143555 9.565664291381836 0
in 0 1245 2 6.898616313934326 4.05822229385376 5.507441997528076
depth 0 1246 5 9.004373550415039 7.254642486572266 0
" 0 1247 1 3.5273685455322266 3.535384178161621 3.7192583084106445
. 0 1248 1 2.231593132019043 2.5852651596069336 0.9501190185546875
<eos> 0 1249 5 0.0017584823071956635 0.01367025077342987 2.5715949088335037
<unk> 0 1250 5 3.0431809425354004 5.535356044769287 0
<unk> 0 1251 5 1.7146092653274536 6.570846080780029 0
book 0 1252 4 17.240028381347656 6.0554118156433105 0.5154342651367188
about 0 1253 5 8.33065414428711 8.342816352844238 0
abandoned 0 1254 9 16.441787719726562 5.175485610961914 3.167330741882324
churches 0 1255 8 8.601180076599121 9.172124862670898 0
in 0 1256 2 2.55560040473938 6.034532070159912 3.1375927925109863
<unk> 0 1257 5 1.0435783863067627 2.7997374534606934 3.2347946166992188
refers 0 1258 6 12.89210033416748 6.439574718475342 0
to 0 1259 2 0.013780640438199043 0.1409066617488861 6.298668056726456
the 0 1260 3 1.0358761548995972 4.322404384613037 0
ancient 0 1261 7 7.690168380737305 9.580571174621582 0
monuments 0 1262 9 7.719687461853027 7.49869966506958 2.081871509552002
in 0 1263 2 3.2194342613220215 4.827527046203613 2.671172618865967
this 0 1264 4 7.9078216552734375 3.2382848262786865 1.5892422199249268
part 0 1265 4 6.995541572570801 6.808704376220703 0
of 0 1266 2 0.5497665405273438 2.115330219268799 4.693374156951904
<unk> 0 1267 5 2.5859737396240234 2.7654242515563965 0
, 0 1268 1 2.4283552169799805 4.806917190551758 0
and 0 1269 3 2.2269248962402344 5.715692520141602 0
calls 0 1270 5 13.39001178741455 6.840606689453125 0
<unk> 0 1271 5 3.75974702835083 4.477844715118408 2.362761974334717
<unk> 0 1272 5 2.1252927780151367 5.471523284912109 0
a 0 1273 1 6.07400369644165 4.70277738571167 0.7687458992004395
" 0 1274 1 1.7513970136642456 7.451416015625 0
medieval 0 1275 8 8.65937614440918 9.18142318725586 0
gesture 0 1276 7 14.277135848999023 8.13524341583252 1.0461797714233398
of 0 1277 2 2.8169326782226562 3.680934429168701 4.454308986663818
<unk> 0 1278 5 4.257235050201416 9.364707946777344 0
power 0 1279 5 9.921279907226562 6.241763114929199 3.1229448318481445
in 0 1280 2 6.121927261352539 2.5075831413269043 3.734179973602295
a 0 1281 1 4.344264030456543 5.347702980041504 0
land 0 1282 4 10.29708194732666 9.740152359008789 0
so 0 1283 2 10.971724510192871 6.700716972351074 3.039435386657715
obviously 0 1284 9 10.09658432006836 7.4546003341674805 0
imbued 0 1285 6 14.761741638183594 5.832953929901123 1.6216464042663574
with 0 1286 4 0.33384445309638977 1.4107372760772705 4.4222166538238525
the 0 1287 3 2.068549633026123 7.483944892883301 0
spirit 0 1288 6 6.970407485961914 10.367131233215332 0
of 0 1289 2 0.1685100793838501 1.040403962135315 9.326727271080017
a 0 1290 1 4.293302059173584 6.35128927230835 0
pagan 0 1291 5 8.740316390991211 9.638670921325684 0
past 0 1292 4 11.037087440490723 8.203879356384277 1.4347915649414062
" 0 1293 1 2.3273863792419434 6.038731098175049 2.1651482582092285
. 0 1294 1 0.245811328291893 1.215263843536377 4.823467254638672
<eos> 0 1295 5 0.0032801050692796707 0.023471465334296227 1.1917923782020807
<unk> 0 1296 5 2.6133933067321777 5.242231369018555 0
notes 0 1297 5 7.7695183753967285 6.233932018280029 0
that 0 1298 4 0.2790136933326721 1.5905125141143799 4.643419504165649
" 0 1299 1 3.2886605262756348 4.769165992736816 0
the 0 1300 3 1.7270677089691162 5.764780521392822 0
wheel 0 1301 5 16.086896896362305 9.385224342346191 0
has 0 1302 3 4.425577163696289 5.987520217895508 3.3977041244506836
turned 0 1303 6 9.594456672668457 6.115231037139893 0
full 0 1304 4 13.01142692565918 5.929136276245117 0.1860947608947754
circle 0 1305 6 12.188637733459473 7.2267560958862305 0
and 0 1306 3 2.822861433029175 5.3237223625183105 1.90303373336792
<unk> 0 1307 5 3.641187906265259 9.643226623535156 0
<unk> 0 1308 5 3.198227882385254 8.021785736083984 1.6214408874511719
today 0 1309 5 12.53773307800293 8.236251831054688 0
is 0 1310 2 5.712167263031006 6.828175067901611 1.4080767631530762
just 0 1311 4 7.775705814361572 8.122106552124023 0
another 0 1312 7 7.092557430267334 6.774966239929199 1.3471403121948242
ruined 0 1313 6 12.181060791015625 9.517610549926758 0
relic 0 1314 5 9.03670597076416 8.298500061035156 1.2191104888916016
of 0 1315 2 2.2890779972076416 4.512145519256592 3.7863545417785645
a 0 1316 1 4.0675506591796875 4.634441375732422 0
former 0 1317 6 9.7971830368042 9.553926467895508 0
age 0 1318 3 7.284837245941162 8.89270305633545 0.6612234115600586
. 0 1319 1 1.7230679988861084 5.031831741333008 3.8608713150024414
" 0 1320 1 0.36152952909469604 0.7748759984970093 4.2569557428359985
<eos> 0 1321 5 0.0 6.535326065204572e-06 0.7748694631709441
<unk> 0 1322 5 2.943229913711548 5.1754021644592285 0
authors 0 1323 7 14.763279914855957 6.10694694519043 0
describe 0 1324 8 7.937782287597656 7.041477203369141 0
the 0 1325 3 0.9542257785797119 3.7136378288269043 3.3278393745422363
chapel 0 1326 6 10.482261657714844 9.687417030334473 0
as 0 1327 2 0.6600528955459595 3.2422890663146973 6.445127964019775
a 0 1328 1 2.1709771156311035 3.4455747604370117 0
" 0 1329 1 1.1676838397979736 6.213642597198486 0
simple 0 1330 6 8.466948509216309 9.201764106750488 0
, 0 1331 1 2.556098461151123 7.021542549133301 2.1802215576171875
square 0 1332 6 9.189950942993164 9.260943412780762 0
building 0 1333 8 8.617976188659668 5.404631614685059 3.856311798095703
" 0 1334 1 1.3176016807556152 4.469137668609619 0.9354939460754395
with 0 1335 4 4.681904315948486 3.9804489612579346 0.48868870735168457
a 0 1336 1 1.8057340383529663 6.356356143951416 0
" 0 1337 1 4.307419776916504 9.122507095336914 0
small 0 1338 5 6.9949469566345215 9.249327659606934 0
and 0 1339 3 5.080294609069824 8.861037254333496 0.3882904052734375
<unk> 0 1340 5 4.809958457946777 8.822891235351562 0.038146018981933594
austere 0 1341 7 11.950645446777344 7.961606025695801 0.8612852096557617
south 0 1342 5 12.311305046081543 7.162079811096191 0.7995262145996094
chapel 0 1343 6 8.811866760253906 6.215756416320801 0.9463233947753906
" 0 1344 1 0.8034617900848389 3.6627283096313477 2.553028106689453
, 0 1345 1 1.9565956592559814 3.3453474044799805 0.3173809051513672
adding 0 1346 6 7.904667854309082 5.878786563873291 0
that 0 1347 4 1.7618094682693481 4.473278522491455 1.405508041381836
the 0 1348 3 1.7991943359375 4.058826923370361 0.41445159912109375
stone 0 1349 5 7.859203815460205 9.0881986618042 0
slabs 0 1350 5 10.160713195800781 7.68878698348999 1.399411678314209
over 0 1351 4 11.472497940063477 4.907134056091309 2.7816529273986816
the 0 1352 3 0.9314305186271667 3.6421005725860596 1.265033483505249
vault 0 1353 5 11.791009902954102 8.665185928344727 0
are 0 1354 3 2.578030824661255 5.837464809417725 2.827721118927002
" 0 1355 1 4.03691291809082 8.334506034851074 0
almost 0 1356 6 6.907142639160156 9.152908325195312 0
in 0 1357 2 8.648853302001953 7.207829475402832 1.9450788497924805
imitation 0 1358 9 10.189045906066895 7.338564395904541 0
of 0 1359 2 1.299770474433899 4.243995189666748 3.094569206237793
the 0 1360 3 1.5408434867858887 5.362323760986328 0
ancient 0 1361 7 8.326175689697266 9.007277488708496 0
burial 0 1362 6 12.081645011901855 7.176989555358887 1.8302879333496094
chambers 0 1363 8 12.480175018310547 5.850928783416748 1.3260607719421387
which 0 1364 5 8.010247230529785 3.5640149116516113 2.2869138717651367
dot 0 1365 3 17.914169311523438 6.832054615020752 0
the 0 1366 3 3.179598808288574 7.482839584350586 0
surrounding 0 1367 11 11.09573745727539 10.054348945617676 0
landscape 0 1368 9 4.219422340393066 8.861300468444824 1.1930484771728516
. 0 1369 1 2.141623020172119 4.696136474609375 4.165163993835449
" 0 1370 1 0.1969655603170395 0.5605330467224121 4.135603427886963
<eos> 0 1371 5 0.0 6.01938018007786e-06 0.560527027342232
=========================================================================================
| End of testing | test loss  3.37 | test ppl    29.19
=========================================================================================
