word sentid sentpos wlen surp entropy entred
= 0 0 1 6.093905448913574 6.97152042388916 0
<unk> 0 1 5 3.931290864944458 1.3487905263900757 5.6227298974990845
<unk> 0 2 5 1.2684766054153442 6.006113052368164 0
<unk> 0 3 5 2.8045005798339844 2.820369243621826 3.185743808746338
<unk> 0 4 5 2.422489881515503 3.2459664344787598 0
= 0 5 1 0.6593512892723083 2.306847095489502 0.9391193389892578
<eos> 0 6 5 22.974863052368164 1.691849708557129 0.614997386932373
= 0 7 1 14.034223556518555 0.6792205572128296 1.0126291513442993
<unk> 0 8 5 0.5459444522857666 1.8732703924179077 0
<unk> 0 9 5 0.4562176465988159 2.9376840591430664 0
<unk> 0 10 5 1.8650541305541992 3.4461464881896973 0
<unk> 0 11 5 1.9895282983779907 3.376708984375 0.06943750381469727
= 0 12 1 1.1620908975601196 2.702169179916382 0.6745398044586182
<eos> 0 13 5 21.12425422668457 0.9476045966148376 1.7545645833015442
<unk> 0 14 5 0.06475640833377838 0.6176263093948364 0.3299782872200012
<unk> 0 15 5 0.17978914082050323 1.2707842588424683 0
<unk> 0 16 5 1.092021107673645 2.3098928928375244 0
<unk> 0 17 5 2.2502787113189697 2.122910499572754 0.1869823932647705
took 0 18 4 14.448488235473633 2.2049341201782227 0
place 0 19 5 2.69986629486084 4.24984073638916 0
on 0 20 2 1.3883484601974487 2.2831196784973145 1.9667210578918457
<unk> 0 21 5 0.08189671486616135 0.49791979789733887 1.7851998805999756
<unk> 0 22 5 0.16105559468269348 0.6247159242630005 0
<unk> 0 23 5 0.22100454568862915 0.6854302883148193 0
. 0 24 1 3.7387404441833496 2.7802939414978027 0
<eos> 0 25 5 0.0006576837040483952 0.005818291567265987 2.7744756499305367
<unk> 0 26 5 3.4815850257873535 4.837770938873291 0
annually 0 27 8 18.80702018737793 4.98832368850708 0
, 0 28 1 3.7071452140808105 6.470093727111816 0
the 0 29 3 2.9755516052246094 5.784756183624268 0.6853375434875488
event 0 30 5 10.973512649536133 7.503570079803467 0
is 0 31 2 4.214433670043945 4.886775016784668 2.616795063018799
a 0 32 1 2.9342386722564697 7.184445381164551 0
side 0 33 4 10.209105491638184 8.965286254882812 0
<unk> 0 34 5 0.5080835819244385 3.0951931476593018 5.870093107223511
by 0 35 2 5.483121871948242 7.231136322021484 0
<unk> 0 36 5 0.043246109038591385 0.43667837977409363 6.794457942247391
side 0 37 4 1.2727527618408203 5.7637457847595215 0
rowing 0 38 6 8.352795600891113 8.205676078796387 0
race 0 39 4 4.155348300933838 7.131153106689453 1.0745229721069336
between 0 40 7 4.169651985168457 4.447408199310303 2.6837449073791504
crews 0 41 5 7.239836692810059 2.5548415184020996 1.8925666809082031
from 0 42 4 4.020742416381836 4.682366847991943 0
the 0 43 3 1.6242729425430298 2.5002288818359375 2.182137966156006
<unk> 0 44 5 0.913192093372345 4.710835933685303 0
of 0 45 2 7.934136390686035 6.14109468460083 0
<unk> 0 46 5 0.6431050300598145 1.919756293296814 4.221338391304016
and 0 47 3 2.5340006351470947 4.036529064178467 0
<unk> 0 48 5 0.8587409257888794 2.7680041790008545 1.2685248851776123
along 0 49 5 9.896320343017578 3.8688745498657227 0
the 0 50 3 1.118974208831787 2.147355794906616 1.7215187549591064
<unk> 0 51 5 0.8394872546195984 4.103931427001953 0
<unk> 0 52 5 2.242263078689575 4.526620864868164 0
. 0 53 1 4.290593147277832 4.4132914543151855 0.11332941055297852
<eos> 0 54 5 4.402688500704244e-05 0.0005005546263419092 4.412790899688844
<unk> 0 55 5 2.457718849182129 4.422072887420654 0
won 0 56 3 6.674463748931885 5.6316704750061035 0
the 0 57 3 0.5403116941452026 2.4314160346984863 3.200254440307617
race 0 58 4 3.655421018600464 4.6429762840271 0
. 0 59 1 6.654888153076172 4.840636730194092 0
<eos> 0 60 5 0.00042095209937542677 0.003915884997695684 4.836720845196396
<unk> 0 61 5 1.8992704153060913 4.633216857910156 0
's 0 62 2 3.4851059913635254 5.625571250915527 0
crew 0 63 4 4.207649230957031 7.522377014160156 0
featured 0 64 8 8.039936065673828 6.04648494720459 1.4758920669555664
the 0 65 3 3.061915874481201 4.826405048370361 1.2200798988342285
oldest 0 66 6 9.909764289855957 7.428099155426025 0
competitor 0 67 10 13.014758110046387 7.049662113189697 0.3784370422363281
in 0 68 2 2.7489006519317627 4.59425163269043 2.4554104804992676
<unk> 0 69 5 2.1821541786193848 2.575657367706299 2.018594264984131
<unk> 0 70 5 4.377313613891602 3.4211769104003906 0
history 0 71 7 5.288455486297607 4.091891765594482 0
. 0 72 1 1.8573272228240967 3.339116334915161 0.7527754306793213
<eos> 0 73 5 0.0007539468933828175 0.00661423010751605 3.332502104807645
<unk> 0 74 5 2.3498482704162598 4.874438285827637 0
race 0 75 4 10.120756149291992 5.522315979003906 0
took 0 76 4 4.224839210510254 6.4221577644348145 0
place 0 77 5 0.8367382287979126 2.9963016510009766 3.425856113433838
in 0 78 2 1.2676552534103394 2.546229600906372 0.4500720500946045
very 0 79 4 14.462263107299805 2.1095283031463623 0.43670129776000977
difficult 0 80 9 8.17797565460205 6.112402439117432 0
weather 0 81 7 5.377338886260986 5.87782621383667 0.23457622528076172
conditions 0 82 10 1.2845232486724854 3.458784341812134 2.419041872024536
– 0 83 1 9.602105140686035 4.050582408905029 0
strong 0 84 6 11.96296501159668 6.936336994171143 0
winds 0 85 5 5.0712151527404785 7.46907901763916 0
and 0 86 3 2.5666332244873047 5.7159104347229 1.7531685829162598
heavy 0 87 5 5.285114765167236 9.059612274169922 0
rain 0 88 4 0.5028139352798462 2.3157544136047363 6.7438578605651855
– 0 89 1 6.094385623931885 5.86609411239624 0
resulting 0 90 9 8.013689994812012 7.395063877105713 0
in 0 91 2 0.2314831167459488 0.8434213995933533 6.55164247751236
the 0 92 3 2.6490554809570312 5.895819664001465 0
slowest 0 93 7 12.1051664352417 8.3106050491333 0
winning 0 94 7 8.256860733032227 8.041837692260742 0.2687673568725586
time 0 95 4 2.637376070022583 6.905454635620117 1.136383056640625
in 0 96 2 1.8524924516677856 4.8522186279296875 2.0532360076904297
over 0 97 4 11.249459266662598 2.784823417663574 2.0673952102661133
sixty 0 98 5 9.24046802520752 2.9416050910949707 0
years 0 99 5 1.266122579574585 4.289078235626221 0
. 0 100 1 0.5899224281311035 2.520087718963623 1.7689905166625977
<eos> 0 101 5 0.004350442439317703 0.02986212447285652 2.4902255944907665
<unk> 0 102 5 2.6344289779663086 5.416286468505859 0
won 0 103 3 4.976117134094238 6.0493083000183105 0
by 0 104 2 5.850131511688232 3.38476300239563 2.6645452976226807
six 0 105 3 5.466848373413086 4.896482944488525 0
lengths 0 106 7 3.1420817375183105 5.888354301452637 0
, 0 107 1 1.909067988395691 3.6602487564086914 2.2281055450439453
the 0 108 3 5.057873725891113 6.185138702392578 0
largest 0 109 7 6.243973255157471 5.804051399230957 0.3810873031616211
margin 0 110 6 3.004023790359497 5.924781799316406 0
of 0 111 2 1.063422441482544 3.6644060611724854 2.260375738143921
victory 0 112 7 1.0009170770645142 3.3092427253723145 0.3551633358001709
since 0 113 5 3.761568784713745 3.8697385787963867 0
the 0 114 3 1.4635035991668701 2.3846518993377686 1.4850866794586182
<unk> 0 115 5 1.6156628131866455 5.664912700653076 0
race 0 116 4 3.115497350692749 5.583526611328125 0.08138608932495117
. 0 117 1 1.0401180982589722 2.8128597736358643 2.7706668376922607
<eos> 0 118 5 0.0015492475358769298 0.01226460188627243 2.800595171749592
<unk> 0 119 5 2.014782190322876 4.944705486297607 0
's 0 120 2 3.747302532196045 5.408560752868652 0
<unk> 0 121 5 2.3889846801757812 7.231942176818848 0
beat 0 122 4 10.196614265441895 4.880093097686768 2.35184907913208
<unk> 0 123 5 0.7920888662338257 3.533050298690796 1.3470427989959717
's 0 124 2 4.481465816497803 4.1727213859558105 0
<unk> 0 125 5 0.8472223281860352 4.829204559326172 0
in 0 126 2 4.387247085571289 4.652549743652344 0.17665481567382812
the 0 127 3 1.1332142353057861 3.660501480102539 0.9920482635498047
reserve 0 128 7 10.320687294006348 5.4225544929504395 0
race 0 129 4 1.2993192672729492 5.309896945953369 0.11265754699707031
, 0 130 1 2.728605270385742 5.615329742431641 0
while 0 131 5 5.262404918670654 5.9890055656433105 0
<unk> 0 132 5 0.8081011176109314 3.380826950073242 2.6081786155700684
won 0 133 3 4.400513172149658 4.67246675491333 0
the 0 134 3 0.7856002449989319 3.23028302192688 1.4421837329864502
<unk> 0 135 5 2.636674404144287 5.292853355407715 0
's 0 136 2 7.283720970153809 4.2944183349609375 0.9984350204467773
<unk> 0 137 5 1.8037527799606323 6.080014228820801 0
<unk> 0 138 5 1.2185094356536865 4.998080253601074 1.0819339752197266
. 0 139 1 2.6938109397888184 5.424077033996582 0
<eos> 0 140 5 0.00036885563167743385 0.0036570436786860228 5.420419990317896
= 0 141 1 3.135986566543579 4.377833366394043 0
= 0 142 1 0.06160834804177284 0.3748849332332611 4.002948433160782
<unk> 0 143 5 5.8985137939453125 3.818589210510254 0
= 0 144 1 1.8928313255310059 5.739756107330322 0
= 0 145 1 0.0015135130379348993 0.018449462950229645 5.721306644380093
<eos> 0 146 5 20.746580123901367 3.9880948066711426 0
<unk> 0 147 5 2.1387763023376465 5.7589569091796875 0
<unk> 0 148 5 1.1413648128509521 4.506745338439941 1.252211570739746
<unk> 0 149 5 2.722822427749634 5.009400367736816 0
is 0 150 2 6.984794616699219 5.016402721405029 0
a 0 151 1 1.85305655002594 4.280758380889893 0.7356443405151367
side 0 152 4 10.456757545471191 7.853341579437256 0
<unk> 0 153 5 0.23478250205516815 1.8403809070587158 6.01296067237854
by 0 154 2 4.904953479766846 7.702286243438721 0
<unk> 0 155 5 0.055557332932949066 0.537986159324646 7.164300084114075
side 0 156 4 2.806485891342163 6.410747051239014 0
rowing 0 157 6 3.1557247638702393 6.5101776123046875 0
competition 0 158 11 6.298316955566406 5.283059597015381 1.2271180152893066
between 0 159 7 3.319488048553467 4.933349132537842 0.34971046447753906
the 0 160 3 1.270772933959961 2.0939080715179443 2.8394410610198975
<unk> 0 161 5 1.044245719909668 3.3463094234466553 0
of 0 162 2 9.860984802246094 4.128929138183594 0
<unk> 0 163 5 0.42259031534194946 1.5412254333496094 2.5877037048339844
( 0 164 1 5.593320369720459 1.4465092420578003 0.09471619129180908
sometimes 0 165 9 8.655784606933594 3.247711658477783 0
referred 0 166 8 1.5805232524871826 4.875491619110107 0
to 0 167 2 0.008013078942894936 0.0671750158071518 4.808316603302956
as 0 168 2 0.06327871233224869 0.36772987246513367 0
the 0 169 3 0.6619598865509033 1.8678456544876099 0
" 0 170 1 0.6694362163543701 2.847663402557373 0
<unk> 0 171 5 1.8621083498001099 6.536958694458008 0
<unk> 0 172 5 3.802851438522339 5.618200778961182 0.9187579154968262
" 0 173 1 0.28905189037323 1.838212251663208 3.7799885272979736
) 0 174 1 0.23908059298992157 1.0153032541275024 0.8229089975357056
and 0 175 3 0.2950093746185303 1.0197093486785889 0
the 0 176 3 1.6449823379516602 2.8908371925354004 0
<unk> 0 177 5 0.4100698232650757 2.398343086242676 0.4924941062927246
of 0 178 2 9.821938514709473 3.980666160583496 0
<unk> 0 179 5 1.221010684967041 1.7726482152938843 2.208017945289612
( 0 180 1 1.6195785999298096 3.8867909908294678 0
sometimes 0 181 9 5.321575164794922 3.6203978061676025 0.26639318466186523
referred 0 182 8 0.2336844652891159 1.20048189163208 2.4199159145355225
to 0 183 2 0.0030983774922788143 0.02894103154540062 1.1715408600866795
as 0 184 2 0.046039044857025146 0.27753615379333496 0
the 0 185 3 0.18567246198654175 0.890027642250061 0
" 0 186 1 0.1450570821762085 0.8774975538253784 0.012530088424682617
<unk> 0 187 5 3.5490684509277344 3.971473455429077 0
<unk> 0 188 5 4.862354278564453 4.942058563232422 0
" 0 189 1 0.04781387373805046 0.4124014973640442 4.529657065868378
) 0 190 1 0.01057488564401865 0.09250537306070328 0.3198961243033409
. 0 191 1 0.086932472884655 0.49114519357681274 0
<eos> 0 192 5 0.00010456165909999982 0.0010897862957790494 0.4900554072810337
<unk> 0 193 5 2.4272942543029785 3.225802183151245 0
held 0 194 4 7.053088188171387 5.389626979827881 0
in 0 195 2 7.784065246582031 2.660499334335327 2.7291276454925537
<unk> 0 196 5 2.1532888412475586 2.968716859817505 0
, 0 197 1 1.3750219345092773 3.761019706726074 0
the 0 198 3 4.389537811279297 3.705965280532837 0.055054426193237305
race 0 199 4 5.489518165588379 5.25827169418335 0
takes 0 200 5 7.57159948348999 5.586910247802734 0
place 0 201 5 0.41615116596221924 2.050764560699463 3.5361456871032715
on 0 202 2 0.6680053472518921 1.8028457164764404 0.24791884422302246
the 0 203 3 0.8408411145210266 1.7722423076629639 0.030603408813476562
<unk> 0 204 5 0.42538878321647644 2.2769734859466553 0
<unk> 0 205 5 1.4272689819335938 2.997087240219116 0
<eos> 0 206 5 0.8684573769569397 1.957938551902771 1.0391486883163452
@ 0 207 1 0.0016124678077176213 0.017146529629826546 1.9407920222729445
<unk> 0 208 5 0.0014501166297122836 0.018599554896354675 0
<unk> 0 209 5 0.533613920211792 2.4725747108459473 0
mile 0 210 4 0.15974293649196625 0.9236453175544739 1.5489293932914734
( 0 211 1 0.02402246929705143 0.17403647303581238 0.7496088445186615
<unk> 0 212 5 3.577194729587063e-05 0.0005375175969675183 0.17349895543884486
<unk> 0 213 5 0.1015743613243103 0.3857831656932831 0
<eos> 0 214 5 0.0007869499386288226 0.007265312597155571 0.3785178530961275
@ 0 215 1 0.0 0.0 0.007265312597155571
<unk> 0 216 5 2.201361166953575e-05 0.00032793363789096475 0
km 0 217 2 0.004870573058724403 0.03826914355158806 0
) 0 218 1 0.028824210166931152 0.16183353960514069 0
<unk> 0 219 5 7.884828090667725 2.613323211669922 0
<unk> 0 220 5 1.1711137294769287 4.363382339477539 0
on 0 221 2 11.136334419250488 1.9601364135742188 2.4032459259033203
the 0 222 3 1.7925132513046265 1.797361135482788 0.16277527809143066
<unk> 0 223 5 1.4132709503173828 4.984127044677734 0
<unk> 0 224 5 1.5246249437332153 4.769771575927734 0.21435546875
in 0 225 2 9.409299850463867 2.2241084575653076 2.5456631183624268
southwest 0 226 9 8.48154067993164 3.5418319702148438 0
<unk> 0 227 5 0.20632416009902954 1.1285722255706787 2.413259744644165
. 0 228 1 1.3070460557937622 3.1264402866363525 0
<eos> 0 229 5 0.0 2.889279494411312e-05 3.1264113938414084
<unk> 0 230 5 2.5585968494415283 3.085347890853882 0
rivalry 0 231 7 19.66191291809082 4.9384613037109375 0
is 0 232 2 4.593236923217773 5.740874290466309 0
a 0 233 1 1.8544461727142334 4.970762252807617 0.7701120376586914
major 0 234 5 2.8292922973632812 7.910721778869629 0
point 0 235 5 3.702031135559082 6.8253397941589355 1.0853819847106934
of 0 236 2 0.24181866645812988 1.4554297924041748 5.369910001754761
honour 0 237 6 0.8571258187294006 3.511277198791504 0
between 0 238 7 1.8729184865951538 3.6404941082000732 0
the 0 239 3 0.34115853905677795 1.443953275680542 2.1965408325195312
two 0 240 3 0.7798353433609009 3.014190673828125 0
universities 0 241 12 0.5209560990333557 2.671292781829834 0.342897891998291
and 0 242 3 2.559399127960205 2.3158209323883057 0.3554718494415283
followed 0 243 8 4.317496299743652 4.600271224975586 0
throughout 0 244 10 3.0764918327331543 1.6905832290649414 2.9096879959106445
the 0 245 3 0.4408974051475525 1.172416090965271 0.5181671380996704
<unk> 0 246 5 2.7432663440704346 2.5297837257385254 0
<unk> 0 247 5 6.156747817993164 2.2290825843811035 0.3007011413574219
and 0 248 3 2.602755069732666 3.7337515354156494 0
broadcast 0 249 9 7.771744728088379 2.1365811824798584 1.597170352935791
worldwide 0 250 9 2.4159433841705322 4.030701637268066 0
. 0 251 1 0.3345957398414612 1.4452192783355713 2.585482358932495
<eos> 0 252 5 0.0 0.0 1.4452192783355713
<unk> 0 253 5 1.3192939758300781 2.586508274078369 0
went 0 254 4 3.1592206954956055 4.1351165771484375 0
into 0 255 4 0.7608786821365356 1.8988662958145142 2.2362502813339233
the 0 256 3 0.05572512373328209 0.38943755626678467 1.5094287395477295
race 0 257 4 0.09642578661441803 0.6672235727310181 0
as 0 258 2 0.5058352947235107 2.10447359085083 0
reigning 0 259 8 0.03493863344192505 0.22902706265449524 1.8754465281963348
champions 0 260 9 0.008835840970277786 0.07526841759681702 0.15375864505767822
, 0 261 1 0.3293590843677521 1.436816692352295 0
having 0 262 6 0.24033264815807343 1.5131268501281738 0
beaten 0 263 6 4.557267665863037 2.3785769939422607 0
<unk> 0 264 5 0.5191317200660706 2.326425552368164 0.05215144157409668
by 0 265 2 1.129265546798706 3.238769769668579 0
over 0 266 4 11.322709083557129 4.045765399932861 0
a 0 267 1 6.39211893081665 1.70601224899292 2.3397531509399414
length 0 268 6 5.284090995788574 4.01660680770874 0
in 0 269 2 2.8246376514434814 4.604984283447266 0
the 0 270 3 0.8327536582946777 3.10491943359375 1.5000648498535156
previous 0 271 8 2.5696051120758057 4.587778091430664 0
year 0 272 4 0.2240121215581894 1.0640088319778442 3.52376925945282
's 0 273 2 0.18568062782287598 0.8196551203727722 0.24435371160507202
race 0 274 4 0.6977487802505493 3.1722705364227295 0
and 0 275 3 3.8255598545074463 2.094285726547241 1.0779848098754883
the 0 276 3 5.679999351501465 6.104947090148926 0
overall 0 277 7 2.8476035594940186 6.013093948364258 0.09185314178466797
lead 0 278 4 3.521216869354248 5.743924617767334 0.26916933059692383
, 0 279 1 3.7669360637664795 5.243893146514893 0.5000314712524414
with 0 280 4 4.949261665344238 3.4619178771972656 1.781975269317627
<unk> 0 281 5 0.4437207281589508 2.198362112045288 1.2635557651519775
victories 0 282 9 0.7175418138504028 2.931008815765381 0
to 0 283 2 0.8657028675079346 2.824174642562866 0.10683417320251465
<unk> 0 284 5 0.12276528775691986 0.86176598072052 1.9624086618423462
's 0 285 2 0.038078371435403824 0.2968071401119232 0.5649588406085968
<unk> 0 286 5 0.307628870010376 2.1080691814422607 0
. 0 287 1 2.901960849761963 1.9182672500610352 0.18980193138122559
<eos> 0 288 5 0.0 4.9874884098244365e-06 1.9182622625726253
<unk> 0 289 5 2.3342998027801514 4.185287952423096 0
race 0 290 4 11.656692504882812 5.320829391479492 0
was 0 291 3 2.9091787338256836 6.545406341552734 0
sponsored 0 292 9 5.385148048400879 4.958003997802734 1.58740234375
by 0 293 2 0.01638920046389103 0.12829378247261047 4.829710215330124
<unk> 0 294 5 1.2968014478683472 2.393702983856201 0
for 0 295 3 6.015774250030518 4.800474166870117 0
the 0 296 3 0.48903343081474304 2.384187936782837 2.4162862300872803
fourth 0 297 6 6.874057292938232 4.604856491088867 0
time 0 298 4 3.423506021499634 1.4738337993621826 3.1310226917266846
. 0 299 1 3.2228751182556152 3.458103656768799 0
<eos> 0 300 5 0.0 3.95559527532896e-06 3.4580997011735235
<unk> 0 301 5 1.7755873203277588 4.425564765930176 0
first 0 302 5 8.96850872039795 5.738423824310303 0
<unk> 0 303 5 7.951357841491699 5.53826904296875 0.20015478134155273
's 0 304 2 8.49581527709961 5.121914386749268 0.4163546562194824
<unk> 0 305 5 1.9529730081558228 6.3829755783081055 0
<unk> 0 306 5 3.3143231868743896 5.802157878875732 0.580817699432373
took 0 307 4 5.760438919067383 5.739841938018799 0.062315940856933594
place 0 308 5 4.211816787719727 4.217820644378662 1.5220212936401367
in 0 309 2 1.472402572631836 1.7354780435562134 2.4823426008224487
<unk> 0 310 5 0.9558741450309753 2.3304688930511475 0
, 0 311 1 0.7530061602592468 2.5641956329345703 0
but 0 312 3 2.222491979598999 4.414086818695068 0
did 0 313 3 5.183664321899414 5.564341068267822 0
not 0 314 3 0.045587871223688126 0.39286765456199646 5.171473413705826
become 0 315 6 2.8671820163726807 5.260374069213867 0
an 0 316 2 2.4906444549560547 3.46516489982605 1.7952091693878174
annual 0 317 6 1.0783780813217163 3.6927738189697266 0
fixture 0 318 7 0.03394518792629242 0.3214721977710724 3.371301621198654
until 0 319 5 0.2207157462835312 1.0091025829315186 0
the 0 320 3 0.9044250249862671 2.152773857116699 0
1960s 0 321 5 0.7171264886856079 2.5011484622955322 0
. 0 322 1 0.8139154314994812 2.011837959289551 0.48931050300598145
<eos> 0 323 5 0.0 3.026862941624131e-05 2.0118076906601345
<unk> 0 324 5 2.2470993995666504 4.780090808868408 0
<unk> 0 325 5 3.3576931953430176 5.8411030769348145 0
, 0 326 1 3.5511252880096436 5.655920505523682 0.1851825714111328
the 0 327 3 3.616426467895508 3.679623603820801 1.9762969017028809
contest 0 328 7 11.678260803222656 5.673012733459473 0
was 0 329 3 1.8157459497451782 5.118607044219971 0.554405689239502
conducted 0 330 9 5.574387073516846 5.778476715087891 0
as 0 331 2 5.428089141845703 2.5223371982574463 3.2561395168304443
part 0 332 4 3.0851433277130127 2.6357152462005615 0
of 0 333 2 0.001810700399801135 0.01773715764284134 2.61797808855772
the 0 334 3 0.22375619411468506 0.9991607666015625 0
<unk> 0 335 5 0.3088836371898651 1.7785643339157104 0
<unk> 0 336 5 5.40118408203125 2.4297826290130615 0
<unk> 0 337 5 3.5443038940429688 4.402243614196777 0
, 0 338 1 4.353797435760498 5.008983612060547 0
but 0 339 3 5.116306304931641 5.5261688232421875 0
as 0 340 2 6.730117321014404 5.765650749206543 0
of 0 341 2 1.6686582565307617 3.344121217727661 2.421529531478882
the 0 342 3 1.8061754703521729 1.4308276176452637 1.9132936000823975
<unk> 0 343 5 0.3966113030910492 2.3901848793029785 0
race 0 344 4 0.2359464317560196 1.3930283784866333 0.9971565008163452
, 0 345 1 0.29529839754104614 1.3403315544128418 0.052696824073791504
it 0 346 2 3.4667162895202637 3.8346149921417236 0
is 0 347 2 1.1565132141113281 2.4545328617095947 1.380082130432129
held 0 348 4 2.5433483123779297 5.002369403839111 0
on 0 349 2 1.0608028173446655 2.8058621883392334 2.196507215499878
the 0 350 3 0.36881881952285767 1.644484519958496 1.1613776683807373
<unk> 0 351 5 1.9187127351760864 2.668877124786377 0
<unk> 0 352 5 2.1035845279693604 3.3088297843933105 0
, 0 353 1 1.70204758644104 3.240218162536621 0.06861162185668945
on 0 354 2 9.761762619018555 0.6932511329650879 2.546967029571533
the 0 355 3 1.6756365299224854 1.936360478401184 0
same 0 356 4 4.241122245788574 5.238222122192383 0
day 0 357 3 0.029649849981069565 0.22762270271778107 5.010599419474602
as 0 358 2 2.2164602279663086 1.6780836582183838 0
the 0 359 3 0.777075469493866 3.1077895164489746 0
men 0 360 3 5.1629767417907715 5.452935218811035 0
's 0 361 2 0.0016536968760192394 0.017001213505864143 5.435934005305171
main 0 362 4 1.429541826248169 4.937024116516113 0
and 0 363 3 0.6662828922271729 2.9346868991851807 2.0023372173309326
reserve 0 364 7 0.1988697350025177 1.3361587524414062 1.5985281467437744
races 0 365 5 0.02539576031267643 0.1645861119031906 1.1715726405382156
. 0 366 1 0.07035060226917267 0.38714054226875305 0
<eos> 0 367 5 0.0 1.2038780141665484e-06 0.3871393383907389
<unk> 0 368 5 2.5411386489868164 2.572904348373413 0
reserve 0 369 7 12.348288536071777 4.405797004699707 0
race 0 370 4 7.9409356117248535 5.9658331871032715 0
, 0 371 1 3.4334726333618164 5.444706439971924 0.5211267471313477
contested 0 372 9 1.6475801467895508 4.212314605712891 1.2323918342590332
between 0 373 7 1.9394001960754395 3.282927989959717 0.9293866157531738
<unk> 0 374 5 0.21467840671539307 1.0587223768234253 2.2242056131362915
's 0 375 2 2.711217164993286 2.235762357711792 0
<unk> 0 376 5 0.2461250275373459 1.765648365020752 0.47011399269104004
boat 0 377 4 0.5824598073959351 1.9742345809936523 0
and 0 378 3 0.6537458896636963 1.8826725482940674 0.09156203269958496
<unk> 0 379 5 0.4972967207431793 1.6186167001724243 0.26405584812164307
's 0 380 2 0.04085490107536316 0.29509207606315613 1.3235246241092682
<unk> 0 381 5 0.27518048882484436 1.8964563608169556 0
boat 0 382 4 0.08502551168203354 0.5211865901947021 1.3752697706222534
has 0 383 3 2.19402813911438 3.7862889766693115 0
been 0 384 4 0.18594491481781006 1.0565388202667236 2.729750156402588
held 0 385 4 0.17430779337882996 1.1325691938400269 0
since 0 386 5 0.9595503807067871 2.0303468704223633 0
<unk> 0 387 5 0.6268946528434753 1.6811461448669434 0.3492007255554199
. 0 388 1 0.2980417311191559 1.3698891401290894 0.311257004737854
<eos> 0 389 5 0.0 0.0 1.3698891401290894
<unk> 0 390 5 4.638054370880127 3.363109588623047 0
usually 0 391 7 9.873452186584473 4.234269142150879 0
takes 0 392 5 4.959070205688477 5.8817267417907715 0
place 0 393 5 0.20259003341197968 0.9558228254318237 4.925903916358948
on 0 394 2 0.4181736707687378 1.3967572450637817 0
the 0 395 3 0.288526326417923 0.9746795892715454 0.42207765579223633
<unk> 0 396 5 0.5620502233505249 1.6515545845031738 0
, 0 397 1 0.6536468863487244 1.9223027229309082 0
prior 0 398 5 2.015218496322632 4.073903560638428 0
to 0 399 2 0.010231001302599907 0.08486141264438629 3.9890421479940414
the 0 400 3 0.16512811183929443 0.9574195146560669 0
main 0 401 4 1.2706352472305298 3.0555014610290527 0
<unk> 0 402 5 8.911152839660645 0.7728609442710876 2.282640516757965
<unk> 0 403 5 10.754096984863281 0.7711261510848999 0.0017347931861877441
. 0 404 1 3.70863938331604 2.6224234104156494 0
<eos> 0 405 5 5.503434294951148e-06 5.1593873649835587e-05 2.6223718165419996
= 0 406 1 4.821774482727051 3.452606678009033 0
= 0 407 1 0.641176164150238 2.229809045791626 1.2227976322174072
<unk> 0 408 5 10.871861457824707 1.6885257959365845 0.5412832498550415
= 0 409 1 1.4696123600006104 4.731583118438721 0
= 0 410 1 0.00023662872263230383 0.003412396414205432 4.728170722024515
<eos> 0 411 5 21.753664016723633 3.431008815765381 0
<unk> 0 412 5 1.353536605834961 3.4831411838531494 0
's 0 413 2 1.6634328365325928 5.059864044189453 0
crew 0 414 4 3.226961374282837 6.419544219970703 0
weighed 0 415 7 7.554383277893066 4.013561248779297 2.4059829711914062
an 0 416 2 4.892221450805664 3.5233426094055176 0.4902186393737793
average 0 417 7 0.0647754892706871 0.398624449968338 3.1247181594371796
of 0 418 2 0.046476587653160095 0.3331294059753418 0.06549504399299622
<unk> 0 419 5 0.0063675157725811005 0.0629827231168747 0.2701466828584671
pounds 0 420 6 9.676186561584473 0.15679536759853363 0
( 0 421 1 0.05437677353620529 0.33436086773872375 0
<unk> 0 422 5 0.0003000785072799772 0.004163190722465515 0.33019767701625824
<unk> 0 423 5 0.3896438181400299 1.0178930759429932 0
<eos> 0 424 5 0.0039707692340016365 0.031090175732970238 0.9868029002100229
@ 0 425 1 0.0 0.0 0.031090175732970238
<unk> 0 426 5 1.926192817336414e-05 0.0003330919425934553 0
kg 0 427 2 0.0140751414000988 0.09743806719779968 0
) 0 428 1 0.005074185319244862 0.036546748131513596 0.06089131906628609
more 0 429 4 10.679786682128906 2.9876515865325928 0
per 0 430 3 8.69098949432373 0.6394392251968384 2.3482123613357544
<unk> 0 431 5 0.15752781927585602 1.2208404541015625 0
than 0 432 4 0.20326703786849976 1.123594045639038 0.09724640846252441
their 0 433 5 2.3609282970428467 4.488101482391357 0
opponents 0 434 9 1.6067129373550415 5.060277938842773 0
, 0 435 1 1.9465162754058838 1.3824604749679565 3.677817463874817
and 0 436 3 1.667153000831604 4.487218379974365 0
featured 0 437 8 12.775242805480957 4.600869655609131 0
the 0 438 3 3.597125768661499 4.441108703613281 0.1597609519958496
oldest 0 439 6 9.948559761047363 7.432869911193848 0
competitor 0 440 10 10.956993103027344 6.983181476593018 0.4496884346008301
in 0 441 2 1.6708486080169678 3.9630656242370605 3.020115852355957
<unk> 0 442 5 2.843179941177368 2.479379177093506 1.4836864471435547
<unk> 0 443 5 6.8434247970581055 2.0584399700164795 0.42093920707702637
history 0 444 7 4.287874221801758 3.144599676132202 0
in 0 445 2 6.001847743988037 1.9800504446029663 1.1645492315292358
<unk> 0 446 5 2.000515937805176 2.591487169265747 0
<unk> 0 447 5 5.145745754241943 3.0424411296844482 0
year 0 448 4 9.090509414672852 3.13299560546875 0
<unk> 0 449 5 1.6601885557174683 3.0334651470184326 0.09953045845031738
old 0 450 3 1.1622422933578491 3.1432852745056152 0
<unk> 0 451 5 0.8592128753662109 4.056546211242676 0
<unk> 0 452 5 2.0282561779022217 4.98122501373291 0
<unk> 0 453 5 1.808583378791809 4.292647361755371 0.6885776519775391
. 0 454 1 1.8618566989898682 5.239513397216797 0
<eos> 0 455 5 0.0003274178015999496 0.0031713114585727453 5.236342085758224
<unk> 0 456 5 2.318708658218384 4.884209156036377 0
crew 0 457 4 10.542577743530273 5.476917743682861 0
consisted 0 458 9 6.678064346313477 5.98180627822876 0
of 0 459 2 0.013100963085889816 0.10835567116737366 5.873450607061386
six 0 460 3 5.256062030792236 3.7445147037506104 0
<unk> 0 461 5 2.5431199073791504 5.646109104156494 0
, 0 462 1 1.7318886518478394 3.9135849475860596 1.7325241565704346
two 0 463 3 3.507558584213257 4.397634506225586 0
<unk> 0 464 5 0.9184424877166748 4.270829200744629 0.12680530548095703
and 0 465 3 2.023305654525757 3.5030369758605957 0.7677922248840332
an 0 466 2 7.234565734863281 3.8803207874298096 0
<unk> 0 467 5 0.6036123037338257 2.466480016708374 1.4138407707214355
, 0 468 1 2.4171102046966553 3.776423692703247 0
while 0 469 5 4.768355369567871 5.2626800537109375 0
<unk> 0 470 5 1.0416536331176758 3.929539442062378 1.3331406116485596
's 0 471 2 2.9881601333618164 4.600299835205078 0
comprised 0 472 9 17.503190994262695 5.3838911056518555 0
four 0 473 4 4.439220428466797 4.26065731048584 1.1232337951660156
<unk> 0 474 5 2.1130669116973877 6.010214328765869 0
, 0 475 1 3.564868688583374 4.930933952331543 1.0792803764343262
three 0 476 5 5.891707420349121 3.374504566192627 1.556429386138916
<unk> 0 477 5 1.1010468006134033 3.623790740966797 0
, 0 478 1 2.0831475257873535 3.79231858253479 0
an 0 479 2 8.650779724121094 3.7642619609832764 0.028056621551513672
<unk> 0 480 5 0.4557705521583557 2.776531934738159 0.9877300262451172
and 0 481 3 2.4545886516571045 3.462932586669922 0
a 0 482 1 2.404566526412964 4.039285659790039 0
<unk> 0 483 5 0.9340336322784424 4.492881774902344 0
. 0 484 1 2.0755019187927246 3.5279650688171387 0.9649167060852051
<eos> 0 485 5 0.0006494322442449629 0.005911641754209995 3.5220534270629287
<unk> 0 486 5 1.448289394378662 4.2967424392700195 0
<unk> 0 487 5 2.0219461917877197 5.16817569732666 0
, 0 488 1 2.522477865219116 4.799086570739746 0.36908912658691406
<unk> 0 489 5 2.4161484241485596 3.5942156314849854 1.2048709392547607
<unk> 0 490 5 0.8712172508239746 3.5001795291900635 0.09403610229492188
and 0 491 3 1.7385849952697754 1.623578667640686 1.8766008615493774
<unk> 0 492 5 0.11056964844465256 0.9019534587860107 0.7216252088546753
<unk> 0 493 5 0.28300905227661133 2.076831340789795 0
, 0 494 1 3.4102590084075928 5.17329216003418 0
were 0 495 4 1.0402940511703491 4.420562744140625 0.7527294158935547
former 0 496 6 8.503687858581543 7.217980861663818 0
<unk> 0 497 5 1.0007423162460327 5.317633628845215 1.9003472328186035
, 0 498 1 3.302276134490967 5.918506622314453 0
while 0 499 5 5.237611770629883 4.256989479064941 1.6615171432495117
<unk> 0 500 5 0.9633972644805908 3.671144485473633 0.5858449935913086
also 0 501 4 7.579099178314209 4.294025897979736 0
saw 0 502 3 7.637598037719727 6.18439245223999 0
<unk> 0 503 5 1.8753883838653564 4.523647785186768 1.6607446670532227
<unk> 0 504 5 2.161797285079956 5.521853446960449 0
year 0 505 4 10.03671932220459 5.904075622558594 0
<unk> 0 506 5 0.32623594999313354 2.3918445110321045 3.5122311115264893
old 0 507 3 0.02234952338039875 0.19879211485385895 2.1930523961782455
<unk> 0 508 5 0.517073392868042 3.0317046642303467 0
<unk> 0 509 5 1.106395959854126 4.610725402832031 0
return 0 510 6 11.805607795715332 5.373521327972412 0
, 0 511 1 6.00011682510376 2.859560489654541 2.513960838317871
having 0 512 6 5.158620834350586 5.7548394203186035 0
rowed 0 513 5 4.118827819824219 6.816470623016357 0
in 0 514 2 3.0530192852020264 3.679225444793701 3.1372451782226562
<unk> 0 515 5 2.545673370361328 3.338474988937378 0.34075045585632324
. 0 516 1 3.777165651321411 4.321315765380859 0
<eos> 0 517 5 2.201361166953575e-05 0.00025760699645616114 4.321058158384403
<unk> 0 518 5 1.6316419839859009 4.703053951263428 0
's 0 519 2 2.9639532566070557 5.571008682250977 0
boat 0 520 4 5.089511394500732 7.933150291442871 0
club 0 521 4 3.0556116104125977 4.7758989334106445 3.1572513580322266
president 0 522 9 4.465394496917725 6.755431652069092 0
<unk> 0 523 5 0.7684239149093628 2.936680793762207 3.8187508583068848
<unk> 0 524 5 0.23373126983642578 1.6866960525512695 1.2499847412109375
<unk> 0 525 5 3.2662861347198486 6.487458229064941 0
was 0 526 3 3.1823861598968506 6.656605243682861 0
the 0 527 3 2.7080979347229004 7.16961145401001 0
seventh 0 528 7 8.64400863647461 5.906455039978027 1.2631564140319824
<unk> 0 529 5 2.3222694396972656 5.781599044799805 0.12485599517822266
<unk> 0 530 5 7.178379535675049 2.515928030014038 3.2656710147857666
president 0 531 9 8.138516426086426 5.345672130584717 0
not 0 532 3 13.419883728027344 3.500117301940918 1.8455548286437988
to 0 533 2 2.012511968612671 6.04504919052124 0
row 0 534 3 8.869379043579102 7.0564961433410645 0
in 0 535 2 2.955594778060913 5.285398483276367 1.7710976600646973
his 0 536 3 5.852476119995117 2.7855634689331055 2.4998350143432617
own 0 537 3 4.390895843505859 5.831798076629639 0
<unk> 0 538 5 4.540112018585205 5.75144624710083 0.0803518295288086
<unk> 0 539 5 2.8641302585601807 5.618030071258545 0.13341617584228516
. 0 540 1 4.422635555267334 5.004519462585449 0.6135106086730957
<eos> 0 541 5 0.0002751460124272853 0.002717516617849469 5.0018019459676
= 0 542 1 3.6284706592559814 4.666851043701172 0
= 0 543 1 0.09158017486333847 0.5353143215179443 4.1315367221832275
<unk> 0 544 5 6.114026069641113 4.908575534820557 0
= 0 545 1 1.0461251735687256 4.564107894897461 0.3444676399230957
= 0 546 1 0.00047889217967167497 0.006729953922331333 4.55737794097513
<eos> 0 547 5 20.027076721191406 4.101473331451416 0
<unk> 0 548 5 1.1400634050369263 3.611851692199707 0.489621639251709
were 0 549 4 8.338162422180176 4.843570232391357 0
pre 0 550 3 13.945039749145508 6.226194381713867 0
<unk> 0 551 5 0.002047204179689288 0.02579568512737751 6.20039869658649
race 0 552 4 1.687760591506958 3.274467706680298 0
favourites 0 553 10 0.045067716389894485 0.3752093017101288 2.899258404970169
, 0 554 1 2.7600107192993164 4.118835926055908 0
but 0 555 3 4.009207248687744 5.838343143463135 0
<unk> 0 556 5 3.201589345932007 6.314263343811035 0
won 0 557 3 3.4882895946502686 5.798738956451416 0.5155243873596191
the 0 558 3 0.8720511794090271 3.3466861248016357 2.4520528316497803
toss 0 559 4 1.2905687093734741 3.632904529571533 0
and 0 560 3 0.18261803686618805 0.8093780875205994 2.823526442050934
elected 0 561 7 0.008015815168619156 0.08150635659694672 0.7278717309236526
to 0 562 2 0.04854856804013252 0.39181286096572876 0
start 0 563 5 0.1677393913269043 1.2322314977645874 0
from 0 564 4 0.26922842860221863 1.3849434852600098 0
the 0 565 3 0.1392178237438202 0.7632550001144409 0.6216884851455688
<unk> 0 566 5 0.1696326732635498 1.1977235078811646 0
station 0 567 7 0.04882924258708954 0.3908071219921112 0.8069163858890533
. 0 568 1 0.3323200047016144 1.4744999408721924 0
<eos> 0 569 5 0.0 1.5478429986615083e-06 1.4744983930291937
<unk> 0 570 5 1.8767544031143188 4.614631652832031 0
took 0 571 4 4.729118347167969 5.870815753936768 0
an 0 572 2 4.8349714279174805 4.242831230163574 1.6279845237731934
early 0 573 5 1.991083025932312 4.344738483428955 0
lead 0 574 4 0.20143431425094604 1.4676852226257324 2.8770532608032227
, 0 575 1 2.8502919673919678 3.7338733673095703 0
but 0 576 3 2.09844970703125 5.177911758422852 0
the 0 577 3 2.789414167404175 5.363742828369141 0
boats 0 578 5 10.376873016357422 6.708189487457275 0
closed 0 579 6 7.880220413208008 5.923778533935547 0.7844109535217285
on 0 580 2 4.250739574432373 4.356696128845215 1.567082405090332
each 0 581 4 9.067131996154785 3.1464285850524902 1.2102675437927246
other 0 582 5 1.5380120277404785 4.278018474578857 0
, 0 583 1 2.3389034271240234 3.6461281776428223 0.6318902969360352
and 0 584 3 2.494114398956299 5.39503288269043 0
<unk> 0 585 5 1.5804572105407715 5.492473602294922 0
<unk> 0 586 5 3.1681928634643555 6.601816654205322 0
<unk> 0 587 5 2.4455959796905518 6.366784572601318 0.2350320816040039
was 0 588 3 3.317479372024536 6.5926384925842285 0
forced 0 589 6 4.496977806091309 7.723236083984375 0
to 0 590 2 0.20746897161006927 1.0919506549835205 6.6312854290008545
issue 0 591 5 12.765402793884277 6.717909336090088 0
a 0 592 1 1.8689725399017334 4.606911659240723 2.1109976768493652
number 0 593 6 8.825149536132812 8.036603927612305 0
of 0 594 2 0.023161105811595917 0.2011786699295044 7.8354252576828
warnings 0 595 8 6.5115509033203125 7.635846138000488 0
to 0 596 2 3.8609554767608643 3.9135921001434326 3.7222540378570557
both 0 597 4 10.202640533447266 7.056753635406494 0
<unk> 0 598 5 1.713379144668579 5.030078411102295 2.026675224304199
in 0 599 2 10.176803588867188 0.9925797581672668 4.037498652935028
an 0 600 2 6.540772438049316 2.6775949001312256 0
attempt 0 601 7 0.4114348292350769 2.0348033905029297 0.6427915096282959
to 0 602 2 0.09456291049718857 0.5519342422485352 1.4828691482543945
prevent 0 603 7 5.316215991973877 7.373926639556885 0
a 0 604 1 4.1948442459106445 3.8913073539733887 3.482619285583496
collision 0 605 9 4.096129894256592 8.204168319702148 0
. 0 606 1 2.234288454055786 3.9048192501068115 4.299349069595337
<eos> 0 607 5 6.053662218619138e-05 0.0006697169737890363 3.9041495331330225
<unk> 0 608 5 1.8347164392471313 4.8221025466918945 0
<unk> 0 609 5 3.5498030185699463 6.725957870483398 0
<unk> 0 610 5 3.1217756271362305 6.666321277618408 0.059636592864990234
, 0 611 1 3.2578177452087402 6.904708385467529 0
<unk> 0 612 5 2.7733469009399414 4.267001628875732 2.637706756591797
were 0 613 4 9.552008628845215 4.761729717254639 0
nearly 0 614 6 10.883111953735352 8.052212715148926 0
a 0 615 1 7.182734489440918 6.747077465057373 1.3051352500915527
length 0 616 6 6.175530910491943 7.1550750732421875 0
ahead 0 617 5 3.979205369949341 4.88646125793457 2.268613815307617
and 0 618 3 3.842444658279419 2.6692609786987305 2.21720027923584
<unk> 0 619 5 1.9910926818847656 6.344534397125244 0
responded 0 620 9 6.562591075897217 6.601071357727051 0
; 0 621 1 9.49270248413086 3.393406629562378 3.207664728164673
by 0 622 2 7.769419193267822 4.659235000610352 0
the 0 623 3 1.7180159091949463 4.324621200561523 0.3346138000488281
time 0 624 4 1.35906183719635 4.716115951538086 0
the 0 625 3 0.8664568662643433 2.5992162227630615 2.1168997287750244
crews 0 626 5 3.1341910362243652 5.746466159820557 0
passed 0 627 6 3.633877754211426 4.539973258972168 1.2064929008483887
under 0 628 5 6.93754768371582 5.249110221862793 0
<unk> 0 629 5 1.7529736757278442 4.018321514129639 1.2307887077331543
<unk> 0 630 5 1.277806282043457 3.3711671829223633 0.6471543312072754
they 0 631 4 13.030169486999512 2.852692127227783 0.5184750556945801
were 0 632 4 2.591360330581665 5.785688877105713 0
level 0 633 5 12.063697814941406 7.74700403213501 0
. 0 634 1 8.699285507202148 4.674886226654053 3.072117805480957
<eos> 0 635 5 6.603982910746709e-05 0.0007113168248906732 4.674174909829162
<unk> 0 636 5 1.873146891593933 4.885618686676025 0
<unk> 0 637 5 3.0294482707977295 6.308676719665527 0
<unk> 0 638 5 3.631770133972168 6.358516216278076 0
<unk> 0 639 5 3.415553331375122 6.626819133758545 0
moved 0 640 5 7.560451030731201 6.651872158050537 0
ahead 0 641 5 5.151184558868408 4.695913791656494 1.955958366394043
once 0 642 4 11.732441902160645 3.9396073818206787 0.7563064098358154
again 0 643 5 1.6753365993499756 4.374274730682373 0
, 0 644 1 1.2735027074813843 3.608064651489258 0.7662100791931152
and 0 645 3 2.4100356101989746 4.9253249168396 0
were 0 646 4 7.570296287536621 5.037600994110107 0
clear 0 647 5 10.091782569885254 7.286317348480225 0
of 0 648 2 2.5744895935058594 4.895707130432129 2.3906102180480957
<unk> 0 649 5 1.4841152429580688 3.148334264755249 1.7473728656768799
after 0 650 5 7.31353759765625 4.566980838775635 0
<unk> 0 651 5 1.8972176313400269 4.8056769371032715 0
strokes 0 652 7 8.543938636779785 6.290210247039795 0
. 0 653 1 2.6242268085479736 5.349641799926758 0.9405684471130371
<eos> 0 654 5 8.254931162809953e-05 0.0009192982688546181 5.348722501657903
<unk> 0 655 5 1.4132239818572998 4.536441326141357 0
extended 0 656 8 11.46906852722168 6.145641803741455 0
their 0 657 5 2.288670778274536 4.215503692626953 1.930138111114502
lead 0 658 4 0.11370115727186203 0.8109059929847717 3.4045976996421814
to 0 659 2 1.2189167737960815 3.8469347953796387 0
pass 0 660 4 13.407262802124023 3.758744239807129 0.08819055557250977
the 0 661 3 3.8663322925567627 4.365705490112305 0
finishing 0 662 9 2.8308207988739014 5.5882568359375 0
post 0 663 4 0.37004613876342773 1.7568905353546143 3.8313663005828857
in 0 664 2 5.141692161560059 5.225790023803711 0
<unk> 0 665 5 3.3097305297851562 3.9076731204986572 1.3181169033050537
minutes 0 666 7 3.2025399208068848 4.283667087554932 0
<unk> 0 667 5 5.463503360748291 3.5407960414886475 0.7428710460662842
seconds 0 668 7 0.11756463348865509 0.576363205909729 2.9644328355789185
, 0 669 1 1.8532328605651855 3.061786413192749 0
six 0 670 3 10.139223098754883 5.39815092086792 0
lengths 0 671 7 1.771740436553955 3.44964861869812 1.9485023021697998
and 0 672 3 6.821684837341309 2.5669331550598145 0.8827154636383057
<unk> 0 673 5 2.1502370834350586 4.29815673828125 0
seconds 0 674 7 0.26736563444137573 1.7158167362213135 2.5823400020599365
ahead 0 675 5 2.5781161785125732 5.157527923583984 0
of 0 676 2 0.36537089943885803 1.542201042175293 3.6153268814086914
their 0 677 5 4.961244106292725 2.1091251373291016 0
opponents 0 678 9 3.068690538406372 6.0966997146606445 0
. 0 679 1 0.4636046886444092 2.045677661895752 4.051022052764893
<eos> 0 680 5 5.503434294951148e-06 4.643456850317307e-05 2.045631227327249
<unk> 0 681 5 1.5624582767486572 4.451206207275391 0
rain 0 682 4 18.456602096557617 5.830291748046875 0
, 0 683 1 3.8698959350585938 6.543613910675049 0
strong 0 684 6 15.931622505187988 5.703674793243408 0.8399391174316406
winds 0 685 5 10.52287769317627 6.169134616851807 0
and 0 686 3 2.5991063117980957 3.3964309692382812 2.7727036476135254
<unk> 0 687 5 1.7990912199020386 7.24354887008667 0
water 0 688 5 12.73140811920166 7.125852584838867 0.11769628524780273
resulted 0 689 8 8.195624351501465 7.435861110687256 0
in 0 690 2 0.11886616051197052 0.5384935140609741 6.897367596626282
the 0 691 3 1.5083813667297363 4.02026891708374 0
slowest 0 692 7 10.006903648376465 7.984714984893799 0
winning 0 693 7 4.601853847503662 6.7955451011657715 1.1891698837280273
time 0 694 4 1.6176331043243408 4.833587646484375 1.9619574546813965
for 0 695 3 4.084188938140869 4.891488075256348 0
over 0 696 4 9.859192848205566 2.764387369155884 2.127100706100464
sixty 0 697 5 9.641633987426758 3.2903261184692383 0
years 0 698 5 4.989689826965332 4.603699684143066 0
, 0 699 1 2.6548259258270264 3.680412769317627 0.9232869148254395
but 0 700 3 3.59521484375 5.8703837394714355 0
the 0 701 3 2.1740479469299316 5.610848426818848 0.2595353126525879
largest 0 702 7 10.276834487915039 7.055849075317383 0
margin 0 703 6 2.5746517181396484 6.847357273101807 0.20849180221557617
of 0 704 2 0.9155117869377136 3.098958730697632 3.748398542404175
victory 0 705 7 0.8151096105575562 2.994382381439209 0.10457634925842285
since 0 706 5 7.055526256561279 3.733680009841919 0
the 0 707 3 1.07119882106781 2.052361488342285 1.6813185214996338
<unk> 0 708 5 2.264956474304199 5.498765468597412 0
race 0 709 4 0.25112220644950867 1.633104681968689 3.865660786628723
. 0 710 1 2.7748560905456543 4.3466291427612305 0
<eos> 0 711 5 0.0002558874839451164 0.002584131434559822 4.344045011326671
<unk> 0 712 5 2.185511589050293 4.645894527435303 0
's 0 713 2 3.0075571537017822 5.592457294464111 0
<unk> 0 714 5 2.4633736610412598 7.312726974487305 0
beat 0 715 4 6.288244247436523 6.149520397186279 1.1632065773010254
<unk> 0 716 5 0.6936789155006409 2.9351401329040527 3.2143802642822266
's 0 717 2 2.558774471282959 4.806105613708496 0
<unk> 0 718 5 1.0497545003890991 4.849165916442871 0
by 0 719 2 3.7095446586608887 5.590655326843262 0
three 0 720 5 4.73827600479126 3.7638354301452637 1.826819896697998
<unk> 0 721 5 4.222680568695068 2.536376953125 1.2274584770202637
and 0 722 3 0.7818166017532349 2.8685028553009033 0
<unk> 0 723 5 0.04813028499484062 0.4112231135368347 2.4572797417640686
a 0 724 1 0.39754408597946167 2.0812735557556152 0
<unk> 0 725 5 0.012627777643501759 0.12378846108913422 1.957485094666481
quarter 0 726 7 2.1919615268707275 0.8322275280952454 0
lengths 0 727 7 0.004449545871466398 0.04155304655432701 0.7906744815409184
in 0 728 2 1.6683088541030884 3.4497504234313965 0
the 0 729 3 1.8180822134017944 3.1130056381225586 0.3367447853088379
reserve 0 730 7 7.773906230926514 4.149042129516602 0
race 0 731 4 0.07191075384616852 0.5801645517349243 3.5688775777816772
. 0 732 1 1.9441304206848145 4.132851600646973 0
<eos> 0 733 5 0.0 1.737014281388838e-05 4.132834230504159
<unk> 0 734 5 1.6273219585418701 4.513991355895996 0
won 0 735 3 3.7539079189300537 5.856886386871338 0
the 0 736 3 0.6689932346343994 2.7716286182403564 3.0852577686309814
44th 0 737 4 13.850756645202637 3.970689296722412 0
running 0 738 7 12.619943618774414 3.454259157180786 0.516430139541626
of 0 739 2 2.277353048324585 4.782630920410156 0
the 0 740 3 0.14559076726436615 0.811267077922821 3.971363842487335
<unk> 0 741 5 0.29051852226257324 1.8465150594711304 0
's 0 742 2 6.910282135009766 4.168079376220703 0
<unk> 0 743 5 1.1583210229873657 4.407162666320801 0
<unk> 0 744 5 2.8789703845977783 4.685273170471191 0
by 0 745 2 5.824697494506836 4.896263122558594 0
half 0 746 4 9.867828369140625 4.586324214935303 0.309938907623291
a 0 747 1 1.7855788469314575 2.965728282928467 1.620595932006836
length 0 748 6 0.43351465463638306 1.955850601196289 1.0098776817321777
. 0 749 1 3.7416903972625732 4.92460823059082 0
<eos> 0 750 5 0.00020911575120408088 0.0020789755508303642 4.92252925503999
= 0 751 1 3.8279595375061035 4.586704254150391 0
= 0 752 1 0.05737354978919029 0.364581823348999 4.222122430801392
<unk> 0 753 5 9.366002082824707 2.759390354156494 0
= 0 754 1 0.9860000014305115 4.107185363769531 0
= 0 755 1 0.002432534471154213 0.029491465538740158 4.077693898230791
<eos> 0 756 5 18.879959106445312 3.4470951557159424 0
<unk> 0 757 5 1.002576231956482 3.414895534515381 0.03219962120056152
's 0 758 2 2.1701226234436035 5.016360282897949 0
<unk> 0 759 5 2.8280909061431885 6.631655693054199 0
<unk> 0 760 5 2.461315155029297 6.0672101974487305 0.5644454956054688
said 0 761 4 8.75199031829834 5.329095840454102 0.7381143569946289
" 0 762 1 3.1833574771881104 4.188961505889893 1.140134334564209
we 0 763 2 2.417217493057251 5.398751735687256 0
got 0 764 3 6.39055061340332 6.235171794891357 0
the 0 765 3 3.3323593139648438 6.5290608406066895 0
rage 0 766 4 15.965779304504395 8.748785972595215 0
going 0 767 5 10.031983375549316 6.069480895996094 2.679305076599121
in 0 768 2 4.391554832458496 5.445394515991211 0.6240863800048828
the 0 769 3 2.2610833644866943 6.069515228271484 0
crew 0 770 4 12.91821575164795 8.62667179107666 0
, 0 771 1 2.394162178039551 4.757769584655762 3.8689022064208984
and 0 772 3 2.0419747829437256 6.080486297607422 0
we 0 773 2 2.7307446002960205 6.443575382232666 0
started 0 774 7 6.448081016540527 6.441395282745361 0.0021800994873046875
to 0 775 2 2.1772093772888184 6.420904636383057 0.020490646362304688
kill 0 776 4 9.601187705993652 7.907315254211426 0
it 0 777 2 4.485682964324951 6.014566421508789 1.8927488327026367
, 0 778 1 3.1491317749023438 4.382798194885254 1.6317682266235352
we 0 779 2 4.121818542480469 6.157574653625488 0
hit 0 780 3 11.174144744873047 6.185722827911377 0
an 0 781 2 7.248633861541748 5.367702007293701 0.8180208206176758
awesome 0 782 7 7.385676383972168 7.4388017654418945 0
rhythm 0 783 6 12.262580871582031 8.711010932922363 0
" 0 784 1 4.992725372314453 5.43770170211792 3.2733092308044434
. 0 785 1 0.448261022567749 1.8231182098388672 3.6145834922790527
<eos> 0 786 5 0.0021792652551084757 0.016395321115851402 1.8067228887230158
<unk> 0 787 5 1.8517991304397583 4.837082386016846 0
coach 0 788 5 11.390705108642578 6.277745246887207 0
<unk> 0 789 5 0.25569552183151245 1.7402125597000122 4.537532687187195
<unk> 0 790 5 0.2613585293292999 1.9829254150390625 0
congratulated 0 791 13 9.438271522521973 6.320192337036133 0
his 0 792 3 4.590265274047852 3.1886656284332275 3.1315267086029053
opponents 0 793 9 6.918449401855469 7.5996575355529785 0
: 0 794 1 5.6104536056518555 4.79783296585083 2.8018245697021484
" 0 795 1 0.5676350593566895 2.7530899047851562 2.044743061065674
<unk> 0 796 5 3.86370587348938 5.8183064460754395 0
done 0 797 4 14.80439281463623 6.059687614440918 0
to 0 798 2 5.962697505950928 6.444096565246582 0
<unk> 0 799 5 4.499386787414551 7.418460845947266 0
, 0 800 1 3.15519642829895 6.608913421630859 0.8095474243164062
they 0 801 4 8.389616012573242 6.339098930358887 0.26981449127197266
were 0 802 4 3.207066535949707 6.8543500900268555 0
much 0 803 4 9.114025115966797 8.484668731689453 0
faster 0 804 6 6.0135674476623535 5.535996913909912 2.948671817779541
on 0 805 2 6.640458106994629 3.456023693084717 2.0799732208251953
the 0 806 3 1.2931513786315918 5.449026107788086 0
day 0 807 3 7.658306121826172 8.195944786071777 0
" 0 808 1 4.856992244720459 4.212738513946533 3.983206272125244
. 0 809 1 0.5279427766799927 2.0092012882232666 2.2035372257232666
<eos> 0 810 5 0.001970263198018074 0.015038791112601757 1.9941624971106648
<unk> 0 811 5 1.6758182048797607 4.801718711853027 0
tradition 0 812 9 18.704408645629883 6.491938591003418 0
, 0 813 1 3.6677777767181396 7.026622295379639 0
the 0 814 3 4.056419849395752 6.376846790313721 0.649775505065918
victorious 0 815 10 14.602961540222168 8.36600399017334 0
<unk> 0 816 5 2.0681684017181396 7.595371723175049 0.770632266998291
crew 0 817 4 7.602434158325195 7.258668899536133 0.336702823638916
tossed 0 818 6 16.911516189575195 5.086956024169922 2.171712875366211
their 0 819 5 5.80853796005249 5.778017044067383 0
<unk> 0 820 5 4.120571136474609 9.069541931152344 0
<unk> 0 821 5 2.427356243133545 6.655331611633301 2.414210319519043
into 0 822 4 6.426453590393066 6.3344526290893555 0.3208789825439453
the 0 823 3 0.879048764705658 3.446460723876953 2.8879919052124023
<unk> 0 824 5 2.788884401321411 7.753316402435303 0
. 0 825 1 5.599785327911377 7.117395401000977 0.6359210014343262
<eos> 0 826 5 0.0028893370181322098 0.021946949884295464 7.095448451116681
=========================================================================================
| End of testing | test loss  2.50 | test ppl    12.16
=========================================================================================
