word sentid sentpos wlen surp entropy entred
= 0 0 1 6.093905448913574 6.97152042388916 0
<unk> 0 1 5 3.931290864944458 1.3487905263900757 5.6227298974990845
<unk> 0 2 5 1.2684766054153442 6.006113052368164 0
( 0 3 1 3.9354968070983887 2.820369243621826 3.185743808746338
<unk> 0 4 5 0.5820732712745667 3.92273211479187 0
) 0 5 1 0.7721304893493652 2.65651535987854 1.26621675491333
= 0 6 1 0.005404394585639238 0.0624699592590332 2.594045400619507
<eos> 0 7 5 23.252012252807617 1.0404036045074463 0
<unk> 0 8 5 0.09520126134157181 0.8810210227966309 0.15938258171081543
<unk> 0 9 5 1.1272292137145996 3.4387996196746826 0
was 0 10 3 2.909698724746704 2.4710536003112793 0.9677460193634033
a 0 11 1 0.8961175680160522 2.015850782394409 0.4552028179168701
<unk> 0 12 5 1.1613190174102783 5.4890828132629395 0
<unk> 0 13 5 0.3921479880809784 2.4901983737945557 2.998884439468384
hurricane 0 14 9 11.323016166687012 2.112739086151123 0.3774592876434326
that 0 15 4 4.42042350769043 6.206445217132568 0
killed 0 16 6 7.026666164398193 6.0138750076293945 0.19257020950317383
four 0 17 4 6.008574485778809 3.2506613731384277 2.763213634490967
people 0 18 6 0.6514456272125244 2.7970941066741943 0.4535672664642334
after 0 19 5 7.623944282531738 3.8980796337127686 0
brushing 0 20 8 12.819809913635254 5.063448429107666 0
the 0 21 3 1.097001552581787 3.5363340377807617 1.5271143913269043
western 0 22 7 8.157632827758789 6.025693416595459 0
coast 0 23 5 4.678853988647461 4.826271057128906 1.1994223594665527
of 0 24 2 0.0924605280160904 0.6173813343048096 4.208889722824097
<unk> 0 25 5 0.5739845633506775 1.8600292205810547 0
in 0 26 2 3.0737180709838867 3.558131217956543 0
<unk> 0 27 5 1.01651930809021 2.659600019454956 0.8985311985015869
<unk> 0 28 5 2.2845375537872314 2.9271962642669678 0
. 0 29 1 0.5676059722900391 2.0220723152160645 0.9051239490509033
<eos> 0 30 5 0.00036885563167743385 0.0034259508829563856 2.018646364333108
<unk> 0 31 5 2.672577381134033 5.082515716552734 0
from 0 32 4 11.384096145629883 5.003817558288574 0.07869815826416016
an 0 33 2 7.287684917449951 3.4066123962402344 1.5972051620483398
area 0 34 4 5.028675079345703 7.202185153961182 0
of 0 35 2 0.23851655423641205 1.6599326133728027 5.542252540588379
disturbed 0 36 9 7.886364936828613 3.613668918609619 0
weather 0 37 7 0.4814688563346863 2.9685444831848145 0.6451244354248047
on 0 38 2 6.350837707519531 4.828766345977783 0
<unk> 0 39 5 1.4278165102005005 2.901679039001465 1.9270873069763184
<unk> 0 40 5 0.9187368750572205 3.240166187286377 0
, 0 41 1 0.8074571490287781 2.3086066246032715 0.9315595626831055
several 0 42 7 11.4259672164917 2.1339454650878906 0.17466115951538086
hundred 0 43 7 6.372422218322754 6.927464008331299 0
miles 0 44 5 3.204177141189575 5.192374229431152 1.7350897789001465
south 0 45 5 6.851521968841553 3.71970534324646 1.4726688861846924
of 0 46 2 0.11746840924024582 0.6966310739517212 3.0230742692947388
<unk> 0 47 5 0.634858250617981 2.079011917114258 0
, 0 48 1 1.2235450744628906 3.8138790130615234 0
<unk> 0 49 5 0.9360231161117554 4.194494724273682 0
gradually 0 50 9 11.102090835571289 3.8523759841918945 0.3421187400817871
intensified 0 51 11 4.538718223571777 6.887035846710205 0
. 0 52 1 2.2137551307678223 3.5688071250915527 3.3182287216186523
<eos> 0 53 5 0.0004539627698250115 0.004126491956412792 3.56468063313514
<unk> 0 54 5 2.3929829597473145 5.265350818634033 0
latitude 0 55 8 19.768577575683594 5.693615913391113 0
, 0 56 1 3.4890904426574707 5.592795372009277 0.10082054138183594
the 0 57 3 3.233725070953369 6.296597003936768 0
system 0 58 6 8.049314498901367 7.5421462059021 0
became 0 59 6 7.555796146392822 5.4542717933654785 2.087874412536621
increasingly 0 60 12 6.251537799835205 6.490375995635986 0
organized 0 61 9 7.85793399810791 8.31991958618164 0
and 0 62 3 2.6124274730682373 3.9765126705169678 4.343406915664673
reached 0 63 7 8.464118957519531 8.833918571472168 0
hurricane 0 64 9 5.655236721038818 4.0153656005859375 4.8185529708862305
status 0 65 6 1.4678540229797363 2.50648832321167 1.5088772773742676
on 0 66 2 3.138852596282959 4.638183116912842 0
the 0 67 3 5.516680717468262 0.6469346284866333 3.9912484884262085
evening 0 68 7 4.664993762969971 5.417274475097656 0
of 0 69 2 0.014198954217135906 0.12666666507720947 5.290607810020447
<unk> 0 70 5 0.09434819221496582 0.4961194097995758 0
<unk> 0 71 5 0.031102798879146576 0.19876934587955475 0.29735006392002106
. 0 72 1 1.435518503189087 2.103177309036255 0
<eos> 0 73 5 0.00044571017497219145 0.004079331178218126 2.0990979778580368
<unk> 0 74 5 2.932478904724121 5.2849440574646 0
following 0 75 9 12.675278663635254 6.276611328125 0
morning 0 76 7 13.682646751403809 3.667590618133545 2.609020709991455
, 0 77 1 4.380586624145508 7.016316890716553 0
<unk> 0 78 5 2.236180305480957 6.324382781982422 0.6919341087341309
attained 0 79 8 9.524996757507324 6.3664469718933105 0
winds 0 80 5 4.706559658050537 4.787503719329834 1.5789432525634766
of 0 81 2 0.547301173210144 2.645426034927368 2.142077684402466
<unk> 0 82 5 0.21239440143108368 1.2113838195800781 1.43404221534729
mph 0 83 3 0.552251398563385 1.4950083494186401 0
( 0 84 1 0.0034369316417723894 0.03233921527862549 1.4626691341400146
<unk> 0 85 5 0.00017059670062735677 0.002451077103614807 0.02988813817501068
km 0 86 2 0.004873315338045359 0.03910680487751961 0
/ 0 87 1 0.00021736968483310193 0.002475113607943058 0.03663169126957655
h 0 88 1 4.9530153773957863e-05 0.0005923585849814117 0.0018827550229616463
) 0 89 1 0.010076790116727352 0.06565394252538681 0
as 0 90 2 6.183120250701904 3.6483335494995117 0
it 0 91 2 3.7451987266540527 4.007796764373779 0
passed 0 92 6 3.8161685466766357 5.8408522605896 0
roughly 0 93 7 9.961441040039062 5.167454242706299 0.6733980178833008
<unk> 0 94 5 0.9370989799499512 3.908473253250122 1.2589809894561768
mi 0 95 2 3.019712448120117 3.910738229751587 0
( 0 96 1 0.007776353508234024 0.07418148964643478 3.836556740105152
<unk> 0 97 5 0.00027789719752036035 0.004023936577141285 0.0701575530692935
km 0 98 2 0.1405249387025833 0.5127993822097778 0
) 0 99 1 0.009454996325075626 0.05797933042049408 0.45482005178928375
of 0 100 2 8.06737995147705 4.903446674346924 0
<unk> 0 101 5 2.523621082305908 4.664308547973633 0.23913812637329102
. 0 102 1 2.040008783340454 4.088964939117432 0.5753436088562012
<eos> 0 103 5 0.00031366225448437035 0.0029748105444014072 4.08599012857303
<unk> 0 104 5 2.7127304077148438 5.374430179595947 0
to 0 105 2 9.793817520141602 6.4236249923706055 0
its 0 106 3 7.387206554412842 5.274543285369873 1.1490817070007324
interaction 0 107 11 13.728839874267578 7.9619221687316895 0
with 0 108 4 0.19776907563209534 1.2900115251541138 6.671910643577576
land 0 109 4 9.884264945983887 3.8641223907470703 0
, 0 110 1 2.3257365226745605 6.167591094970703 0
the 0 111 3 3.097809314727783 7.381265640258789 0
hurricane 0 112 9 6.260713577270508 8.205293655395508 0
abruptly 0 113 8 12.325294494628906 6.98179817199707 1.2234954833984375
weakened 0 114 8 2.080040693283081 6.281438827514648 0.7003593444824219
hours 0 115 5 12.968902587890625 5.137781620025635 1.1436572074890137
later 0 116 5 2.0106780529022217 3.949437141418457 1.1883444786071777
. 0 117 1 1.663501501083374 3.152966260910034 0.7964708805084229
<eos> 0 118 5 0.0004512119048740715 0.004082932602614164 3.14888332830742
<unk> 0 119 5 2.710824728012085 5.594695091247559 0
on 0 120 2 9.496759414672852 6.619174480438232 0
<unk> 0 121 5 0.9023200869560242 2.6501235961914062 3.969050884246826
<unk> 0 122 5 0.1982836127281189 1.2398104667663574 1.4103131294250488
, 0 123 1 1.4320926666259766 4.7870097160339355 0
<unk> 0 124 5 1.1489348411560059 4.2143144607543945 0.572695255279541
dissipated 0 125 10 7.4594902992248535 4.797520160675049 0
over 0 126 4 4.667006492614746 5.287720680236816 0
open 0 127 4 8.906269073486328 2.8276491165161133 2.460071563720703
waters 0 128 6 0.3918204605579376 2.0603110790252686 0.7673380374908447
. 0 129 1 2.5795857906341553 4.371891021728516 0
<eos> 0 130 5 0.0009053764515556395 0.007629065308719873 4.364261956419796
<unk> 0 131 5 2.253099203109741 4.054259777069092 0
to 0 132 2 9.960479736328125 5.947078227996826 0
<unk> 0 133 5 1.7777378559112549 5.968358039855957 0
's 0 134 2 5.108214855194092 6.1954498291015625 0
arrival 0 135 7 10.98086929321289 8.42672061920166 0
in 0 136 2 2.6799988746643066 5.08060884475708 3.34611177444458
<unk> 0 137 5 0.7258244752883911 2.710444927215576 2.370163917541504
, 0 138 1 2.045922040939331 5.285097599029541 0
hurricane 0 139 9 8.30208683013916 4.283505916595459 1.001591682434082
watches 0 140 7 11.061871528625488 1.567427158355713 2.716078758239746
and 0 141 3 3.103673219680786 4.700253486633301 0
warnings 0 142 8 3.48403263092041 8.077216148376465 0
were 0 143 4 2.1175577640533447 5.225625991821289 2.851590156555176
issued 0 144 6 1.357804298400879 5.6713714599609375 0
for 0 145 3 1.6195785999298096 4.029428482055664 1.6419429779052734
coastal 0 146 7 6.691835403442383 4.315685749053955 0
areas 0 147 5 2.110771894454956 5.081900119781494 0
. 0 148 1 2.2541613578796387 4.295474529266357 0.7864255905151367
<eos> 0 149 5 0.0007456960156559944 0.00643566157668829 4.289038867689669
<unk> 0 150 5 2.7522659301757812 5.226125717163086 0
of 0 151 2 9.007181167602539 5.908047676086426 0
shelters 0 152 8 16.72545623779297 3.0577666759490967 2.850281000137329
opened 0 153 6 8.959577560424805 4.648144245147705 0
across 0 154 6 8.222804069519043 3.894085645675659 0.7540585994720459
the 0 155 3 1.5862690210342407 2.754192590713501 1.1398930549621582
states 0 156 6 10.525304794311523 4.741529941558838 0
of 0 157 2 1.731221318244934 3.7186357975006104 1.0228941440582275
<unk> 0 158 5 0.1161089688539505 0.8055223822593689 2.9131134152412415
and 0 159 3 0.9972022175788879 2.0705809593200684 0
<unk> 0 160 5 0.1445479393005371 1.0705409049987793 1.000040054321289
. 0 161 1 2.0672948360443115 3.471000909805298 0
<eos> 0 162 5 0.0002806483826134354 0.0027121950406581163 3.4682887147646397
<unk> 0 163 5 2.7837717533111572 5.385056972503662 0
rains 0 164 5 12.914449691772461 5.947126388549805 0
from 0 165 4 6.857028007507324 5.868892192840576 0.07823419570922852
the 0 166 3 1.5061098337173462 3.8445167541503906 2.0243754386901855
storm 0 167 5 1.2443426847457886 4.764428615570068 0
triggered 0 168 9 7.662037372589111 6.2589850425720215 0
significant 0 169 11 5.404195785522461 5.335460186004639 0.9235248565673828
flooding 0 170 8 1.5619244575500488 3.0006299018859863 2.3348302841186523
along 0 171 5 4.747323989868164 4.013629913330078 0
the 0 172 3 0.4538140594959259 2.3104031085968018 1.7032268047332764
<unk> 0 173 5 1.782623529434204 4.440722465515137 0
<unk> 0 174 5 4.862951278686523 3.8336617946624756 0.6070606708526611
in 0 175 2 6.640655994415283 4.8275041580200195 0
<unk> 0 176 5 0.9398040175437927 3.0646679401397705 1.762836217880249
, 0 177 1 1.984457015991211 3.3722164630889893 0
killing 0 178 7 6.168631076812744 5.4406657218933105 0
four 0 179 4 4.98736047744751 4.972838878631592 0.46782684326171875
people 0 180 6 0.40575525164604187 2.16397762298584 2.808861255645752
. 0 181 1 1.0926235914230347 2.8897621631622314 0
<eos> 0 182 5 0.00028615075279958546 0.002737600589171052 2.8870245625730604
<unk> 0 183 5 3.703287363052368 5.957281112670898 0
, 0 184 1 4.307138919830322 6.224910736083984 0
the 0 185 3 3.5940370559692383 5.059482097625732 1.165428638458252
overall 0 186 7 9.43675708770752 6.998388290405273 0
effects 0 187 7 6.229126453399658 7.924934387207031 0
of 0 188 2 0.3970927894115448 2.2078309059143066 5.717103481292725
<unk> 0 189 5 2.6726737022399902 4.7276225090026855 0
were 0 190 4 5.185490131378174 3.902360200881958 0.8252623081207275
limited 0 191 7 8.460419654846191 8.100851058959961 0
and 0 192 3 4.830751895904541 2.4389493465423584 5.6619017124176025
the 0 193 3 3.046189785003662 8.142324447631836 0
rains 0 194 5 8.329059600830078 7.279224872589111 0.8630995750427246
were 0 195 4 2.5736446380615234 6.284655570983887 0.9945693016052246
largely 0 196 7 8.581528663635254 8.183631896972656 0
beneficial 0 197 10 5.407691955566406 7.196539878845215 0.9870920181274414
in 0 198 2 3.584258794784546 3.024618625640869 4.171921253204346
mitigating 0 199 10 14.05733585357666 5.782248020172119 0
a 0 200 1 5.855175495147705 5.249331474304199 0.5329165458679199
severe 0 201 6 5.5155439376831055 8.51598834991455 0
drought 0 202 7 2.7299137115478516 6.341390609741211 2.17459774017334
. 0 203 1 1.0912836790084839 3.627086877822876 2.714303731918335
<eos> 0 204 5 0.00033016889938153327 0.003125492250546813 3.623961385572329
= 0 205 1 3.0339927673339844 6.244734287261963 0
= 0 206 1 0.14268234372138977 0.8200013041496277 5.424732983112335
<unk> 0 207 5 8.236931800842285 2.3395941257476807 0
history 0 208 7 6.693724155426025 5.477842330932617 0
= 0 209 1 0.0283372662961483 0.18164819478988647 5.296194136142731
= 0 210 1 0.0 1.977786814677529e-05 0.1816284169217397
<eos> 0 211 5 22.200824737548828 4.374331951141357 0
<unk> 0 212 5 3.5349810123443604 5.560169219970703 0
<unk> 0 213 5 1.4215728044509888 4.73500919342041 0.825160026550293
<unk> 0 214 5 2.3042235374450684 4.681636333465576 0.053372859954833984
, 0 215 1 1.7258446216583252 4.890491008758545 0
<unk> 0 216 5 2.947138786315918 4.3777289390563965 0.5127620697021484
, 0 217 1 1.6010196208953857 3.866375684738159 0.5113532543182373
a 0 218 1 6.91739559173584 5.931556224822998 0
trough 0 219 6 11.645301818847656 7.187586307525635 0
situated 0 220 8 8.70226001739502 6.1997971534729 0.9877891540527344
off 0 221 3 8.580220222473145 3.7759947776794434 2.423802375793457
the 0 222 3 1.0471651554107666 2.5429129600524902 1.2330818176269531
southern 0 223 8 4.8909196853637695 4.8375020027160645 0
coast 0 224 5 1.6675465106964111 3.520481824874878 1.3170201778411865
of 0 225 2 0.010569422505795956 0.09181096404790878 3.428670860826969
<unk> 0 226 5 0.6784647703170776 2.4062857627868652 0
showed 0 227 6 13.689777374267578 3.4674150943756104 0
signs 0 228 5 6.175436019897461 5.350132942199707 0
of 0 229 2 0.12866775691509247 0.763984203338623 4.586148738861084
possible 0 230 8 12.266271591186523 8.032986640930176 0
tropical 0 231 8 6.011785507202148 8.276060104370117 0
<unk> 0 232 5 7.04638671875 3.477630138397217 4.7984299659729
. 0 233 1 3.308899402618408 6.716892719268799 0
<eos> 0 234 5 0.0006466817576438189 0.005698040593415499 6.711194678675383
<unk> 0 235 5 3.7745842933654785 5.538454532623291 0
located 0 236 7 11.81632137298584 6.445044994354248 0
within 0 237 6 6.085921287536621 5.8312835693359375 0.6137614250183105
an 0 238 2 6.089170932769775 2.7618491649627686 3.069434404373169
area 0 239 4 1.1269872188568115 3.9191691875457764 0
favoring 0 240 8 15.614147186279297 0.5748670101165771 3.344302177429199
development 0 241 11 8.53384017944336 5.39697265625 0
, 0 242 1 3.062166213989258 4.5689239501953125 0.8280487060546875
the 0 243 3 6.03288459777832 6.935665607452393 0
system 0 244 6 5.515008926391602 8.151019096374512 0
remained 0 245 8 8.832828521728516 6.975639820098877 1.1753792762756348
broad 0 246 5 9.68376350402832 7.333096504211426 0
and 0 247 3 2.281480550765991 4.227438926696777 3.1056575775146484
disorganized 0 248 12 6.891460418701172 9.01225757598877 0
as 0 249 2 6.1895341873168945 3.8650617599487305 5.147195816040039
it 0 250 2 1.5744929313659668 4.030184268951416 0
moved 0 251 5 3.331526756286621 6.02412748336792 0
slowly 0 252 6 5.657224655151367 5.759407043457031 0.26472043991088867
west 0 253 4 6.321961402893066 5.156184196472168 0.6032228469848633
<unk> 0 254 5 2.2452707290649414 4.170334339141846 0.9858498573303223
northwestward 0 255 13 2.401697874069214 3.658431053161621 0.5119032859802246
. 0 256 1 0.8218404054641724 2.907407283782959 0.7510237693786621
<eos> 0 257 5 0.00037418570718728006 0.0034736478701233864 2.9039336359128356
<unk> 0 258 5 3.656195640563965 5.669075012207031 0
, 0 259 1 4.7308878898620605 7.1723480224609375 0
convection 0 260 10 13.335476875305176 6.831921577453613 0.3404264450073242
consolidated 0 261 12 12.644563674926758 4.889248847961426 1.9426727294921875
around 0 262 6 5.949244499206543 5.7577595710754395 0
an 0 263 2 7.749213695526123 3.023862838745117 2.7338967323303223
area 0 264 4 1.1515049934387207 4.998260498046875 0
of 0 265 2 0.37761884927749634 2.2676825523376465 2.7305779457092285
low 0 266 3 3.5859992504119873 5.951202869415283 0
pressure 0 267 8 0.7370432615280151 3.3718457221984863 2.579357147216797
. 0 268 1 4.460814476013184 4.393795490264893 0
<eos> 0 269 5 0.0003000785072799772 0.002883672947064042 4.3909118173178285
<unk> 0 270 5 3.7326977252960205 5.688061714172363 0
<unk> 0 271 5 3.6119987964630127 7.184366226196289 0
<unk> 0 272 5 2.4724555015563965 7.247548580169678 0
, 0 273 1 2.8475277423858643 7.369197845458984 0
a 0 274 1 2.3899424076080322 5.606820106506348 1.7623777389526367
<unk> 0 275 5 2.5887091159820557 8.14238452911377 0
<unk> 0 276 5 1.6692209243774414 6.846550941467285 1.2958335876464844
<unk> 0 277 5 2.9884145259857178 5.922918796539307 0.9236321449279785
<unk> 0 278 5 1.6565974950790405 6.6454997062683105 0
was 0 279 3 9.739043235778809 6.128486156463623 0.5170135498046875
issued 0 280 6 8.110565185546875 8.44937801361084 0
for 0 281 3 3.1173672676086426 5.670159816741943 2.7792181968688965
the 0 282 3 0.8973683714866638 4.418471813201904 1.251688003540039
system 0 283 6 6.489109039306641 6.73382043838501 0
as 0 284 2 6.005160808563232 4.32138204574585 2.41243839263916
it 0 285 2 5.001434326171875 3.943772077560425 0.3776099681854248
was 0 286 3 1.6160563230514526 5.774473667144775 0
expected 0 287 8 6.685495376586914 8.64351749420166 0
to 0 288 2 0.678770124912262 2.215628147125244 6.427889347076416
develop 0 289 7 7.356926441192627 7.375797748565674 0
into 0 290 4 5.119462490081787 5.535303115844727 1.8404946327209473
a 0 291 1 0.848317563533783 3.4463162422180176 2.088986873626709
tropical 0 292 8 2.975841999053955 8.084293365478516 0
depression 0 293 10 2.3141543865203857 2.8199918270111084 5.264301538467407
within 0 294 6 8.158171653747559 3.7843644618988037 0
<unk> 0 295 5 2.429633378982544 3.3001856803894043 0.4841787815093994
hours 0 296 5 0.71912682056427 2.6390013694763184 0.6611843109130859
. 0 297 1 1.1569396257400513 2.8398163318634033 0
<eos> 0 298 5 0.00037968772812746465 0.003559773089364171 2.836256558774039
<unk> 0 299 5 3.545851707458496 5.505472660064697 0
the 0 300 3 8.82706069946289 7.289732456207275 0
following 0 301 9 5.376771926879883 8.224821090698242 0
day 0 302 3 0.6568444967269897 2.0797019004821777 6.1451191902160645
, 0 303 1 0.5418114066123962 2.7593865394592285 0
the 0 304 3 1.2648236751556396 4.421850204467773 0
low 0 305 3 9.068134307861328 6.752649307250977 0
further 0 306 7 12.339045524597168 6.531786918640137 0.22086238861083984
developed 0 307 9 3.452239513397217 8.477364540100098 0
and 0 308 3 4.5601019859313965 5.642072677612305 2.835291862487793
was 0 309 3 5.155401229858398 9.011009216308594 0
declared 0 310 8 7.18247127532959 8.523807525634766 0.4872016906738281
<unk> 0 311 5 5.69687032699585 5.65434455871582 2.8694629669189453
<unk> 0 312 5 3.307028293609619 5.115412712097168 0.5389318466186523
<unk> 0 313 5 2.800485610961914 5.015658855438232 0.09975385665893555
<unk> 0 314 5 3.25028920173645 5.005570888519287 0.010087966918945312
<unk> 0 315 5 1.8417209386825562 4.679502010345459 0.3260688781738281
by 0 316 2 4.277292251586914 5.125949859619141 0
the 0 317 3 1.695286750793457 3.4655797481536865 1.660370111465454
<unk> 0 318 5 0.917070746421814 5.0175065994262695 0
<unk> 0 319 5 3.5203967094421387 6.449714183807373 0
<unk> 0 320 5 2.1527867317199707 6.374945640563965 0.0747685432434082
at 0 321 2 8.365633010864258 6.616048812866211 0
<unk> 0 322 5 1.0599167346954346 2.6370785236358643 3.9789702892303467
<unk> 0 323 5 2.0789387226104736 4.535862922668457 0
. 0 324 1 2.373891592025757 3.9035112857818604 0.6323516368865967
<eos> 0 325 5 0.0016152163734659553 0.012680626474320889 3.8908306593075395
<unk> 0 326 5 3.463979721069336 5.150219440460205 0
being 0 327 5 15.285955429077148 7.1602983474731445 0
declared 0 328 8 7.334822177886963 8.34560775756836 0
, 0 329 1 7.438787460327148 5.363672733306885 2.9819350242614746
the 0 330 3 2.6117794513702393 6.518479347229004 0
depression 0 331 10 11.783714294433594 7.405328750610352 0
was 0 332 3 1.0633357763290405 4.816959381103516 2.588369369506836
located 0 333 7 7.517749786376953 8.467120170593262 0
about 0 334 5 5.096869468688965 5.311306953430176 3.155813217163086
<unk> 0 335 5 0.3193318545818329 1.7384113073349 3.572895646095276
mi 0 336 2 2.9360218048095703 2.833897352218628 0
( 0 337 1 0.03169430419802666 0.26207175850868225 2.5718255937099457
<unk> 0 338 5 0.00048422187683172524 0.006685788277536631 0.2553859702311456
km 0 339 2 0.16071699559688568 0.5516024231910706 0
) 0 340 1 0.006031875032931566 0.04151444509625435 0.5100879780948162
south 0 341 5 2.381579875946045 3.901811361312866 0
<unk> 0 342 5 2.964576482772827 0.9756995439529419 2.9261118173599243
southeast 0 343 9 2.1734423637390137 2.7878525257110596 0
of 0 344 2 0.042222458869218826 0.3308352530002594 2.4570172727108
<unk> 0 345 5 0.49937158823013306 1.8174257278442383 0
<unk> 0 346 5 3.4124605655670166 3.1423349380493164 0
, 0 347 1 1.699295997619629 3.4415152072906494 0
<unk> 0 348 5 1.5472975969314575 4.781412601470947 0
. 0 349 1 1.3138675689697266 3.152186393737793 1.6292262077331543
<eos> 0 350 5 0.0011090337065979838 0.00919919740408659 3.1429871963337064
<unk> 0 351 5 3.273744583129883 5.155070781707764 0
, 0 352 1 4.300229549407959 6.852091312408447 0
after 0 353 5 7.43951416015625 6.0672383308410645 0.7848529815673828
post 0 354 4 14.256698608398438 6.613836288452148 0
<unk> 0 355 5 0.18229052424430847 1.4120968580245972 5.201739430427551
analysis 0 356 8 8.52143669128418 6.1763916015625 0
, 0 357 1 0.9173073172569275 3.674171209335327 2.502220392227173
the 0 358 3 6.111257553100586 7.736335277557373 0
depression 0 359 10 12.70661735534668 8.233680725097656 0
had 0 360 3 4.664349555969238 6.958918571472168 1.2747621536254883
actually 0 361 8 9.850702285766602 7.449032306671143 0
developed 0 362 9 6.941227912902832 7.300288677215576 0.1487436294555664
nine 0 363 4 11.758333206176758 5.566763877868652 1.7335247993469238
hours 0 364 5 3.7730929851531982 7.840267181396484 0
earlier 0 365 7 5.982518196105957 4.300881385803223 3.5393857955932617
. 0 366 1 1.8983501195907593 3.9299545288085938 0.3709268569946289
<eos> 0 367 5 0.00197575893253088 0.015163200907409191 3.9147913279011846
<unk> 0 368 5 3.0479025840759277 5.660678386688232 0
a 0 369 1 11.116189956665039 7.543079376220703 0
west 0 370 4 13.226258277893066 8.932252883911133 0
<unk> 0 371 5 0.3384866714477539 2.1074087619781494 6.824844121932983
northwesterly 0 372 13 9.870649337768555 8.68166732788086 0
track 0 373 5 3.9671003818511963 7.729387283325195 0.9522800445556641
in 0 374 2 5.708159446716309 6.164318561553955 1.5650687217712402
response 0 375 8 6.522223472595215 3.8569021224975586 2.3074164390563965
to 0 376 2 0.11829112470149994 0.8072328567504883 3.0496692657470703
a 0 377 1 3.007833480834961 4.768338680267334 0
subtropical 0 378 11 10.795945167541504 8.945796966552734 0
ridge 0 379 5 3.1905064582824707 2.8368382453918457 6.108958721160889
to 0 380 2 3.907961845397949 6.274378299713135 0
the 0 381 3 0.5187218189239502 2.969330072402954 3.3050482273101807
north 0 382 5 2.066331624984741 3.1578381061553955 0
, 0 383 1 2.144742012023926 3.265042543411255 0
the 0 384 3 4.697725296020508 6.161973476409912 0
depression 0 385 10 11.154151916503906 7.062345027923584 0
was 0 386 3 3.01391339302063 7.640832901000977 0
forecast 0 387 8 6.15224027633667 9.14633560180664 0
to 0 388 2 0.35166192054748535 1.847221851348877 7.299113750457764
move 0 389 4 5.221126556396484 7.503540992736816 0
into 0 390 4 4.6303510665893555 6.469945907592773 1.033595085144043
a 0 391 1 2.982680082321167 3.936511516571045 2.5334343910217285
favorable 0 392 9 7.556455612182617 7.728801250457764 0
environment 0 393 11 2.591552972793579 5.868690490722656 1.8601107597351074
, 0 394 1 2.696655035018921 3.62274432182312 2.245946168899536
characterized 0 395 13 14.011683464050293 5.895415782928467 0
by 0 396 2 0.1421787440776825 0.7822849154472351 5.113130867481232
low 0 397 3 8.30822467803955 5.3422088623046875 0
wind 0 398 4 3.051245927810669 5.00575590133667 0.3364529609680176
shear 0 399 5 0.15683162212371826 1.10465407371521 3.90110182762146
and 0 400 3 2.146167278289795 3.5519509315490723 0
sea 0 401 3 9.383180618286133 8.30274772644043 0
surface 0 402 7 1.73762047290802 5.72153377532959 2.58121395111084
temperatures 0 403 12 0.38510629534721375 2.285398006439209 3.436135768890381
up 0 404 2 11.383853912353516 3.0427515506744385 0
to 0 405 2 0.05701568350195885 0.4530082046985626 2.589743345975876
<unk> 0 406 5 0.32466208934783936 1.8154467344284058 0
<unk> 0 407 5 0.5683793425559998 2.6077659130096436 0
<unk> 0 408 5 2.9387459754943848 2.0252609252929688 0.5825049877166748
( 0 409 1 8.8494234085083 3.8279500007629395 0
<unk> 0 410 5 0.03322973847389221 0.33450761437416077 3.4934423863887787
<unk> 0 411 5 0.08363043516874313 0.4977223575115204 0
<unk> 0 412 5 0.7955201864242554 1.838820219039917 0
) 0 413 1 4.98121452331543 2.3252344131469727 0
. 0 414 1 0.6332621574401855 2.392594814300537 0
<eos> 0 415 5 0.00034667536965571344 0.003278045915067196 2.38931676838547
<unk> 0 416 5 3.3346140384674072 5.6577372550964355 0
hours 0 417 5 10.67247200012207 7.29903507232666 0
after 0 418 5 3.756659746170044 4.313506603240967 2.9855284690856934
classification 0 419 14 15.1578369140625 4.601255893707275 0
, 0 420 1 1.5947277545928955 5.620944976806641 0
the 0 421 3 1.3336745500564575 4.683714866638184 0.937230110168457
depression 0 422 10 9.834578514099121 7.387340068817139 0
strengthened 0 423 12 8.403281211853027 6.516861438751221 0.870478630065918
<unk> 0 424 5 5.809739112854004 5.168900966644287 1.3479604721069336
<unk> 0 425 5 3.9486143589019775 5.384866714477539 0
<unk> 0 426 5 1.5576703548431396 4.668802261352539 0.716064453125
, 0 427 1 4.823963165283203 6.194216728210449 0
the 0 428 3 4.347011566162109 5.820396423339844 0.37382030487060547
second 0 429 6 4.549646854400635 6.963794708251953 0
named 0 430 5 6.2641448974609375 6.956312656402588 0.007482051849365234
storm 0 431 5 2.0758635997772217 5.7319464683532715 1.2243661880493164
of 0 432 2 2.1254758834838867 4.863852500915527 0.8680939674377441
the 0 433 3 0.45345351099967957 1.7805569171905518 3.0832955837249756
season 0 434 6 1.5176575183868408 3.842134475708008 0
. 0 435 1 1.42841637134552 3.223592758178711 0.6185417175292969
<eos> 0 436 5 0.0002696435840334743 0.0026296244468539953 3.220963133731857
<unk> 0 437 5 3.773709297180176 5.2543110847473145 0
on 0 438 2 8.97598934173584 6.827319145202637 0
<unk> 0 439 5 0.9874913692474365 2.761859178543091 4.065459966659546
<unk> 0 440 5 0.217732772231102 1.497645378112793 1.2642138004302979
, 0 441 1 1.302039384841919 4.321485996246338 0
convection 0 442 10 13.5968656539917 3.247884750366211 1.073601245880127
increased 0 443 9 4.909704208374023 6.8948822021484375 0
markedly 0 444 8 7.666169166564941 5.515431880950928 1.3794503211975098
with 0 445 4 6.311979293823242 4.5878520011901855 0.9275798797607422
several 0 446 7 8.391100883483887 3.985215663909912 0.6026363372802734
<unk> 0 447 5 2.390897274017334 7.3541178703308105 0
tops 0 448 4 13.39571762084961 6.412034511566162 0.9420833587646484
( 0 449 1 6.697568416595459 4.765918731689453 1.646115779876709
denoted 0 450 7 14.433333396911621 4.476010322570801 0.28990840911865234
by 0 451 2 1.270230770111084 4.092312335968018 0.3836979866027832
cloud 0 452 5 9.379528045654297 5.60026741027832 0
<unk> 0 453 5 2.653082847595215 5.295840263366699 0.3044271469116211
top 0 454 3 14.850702285766602 5.100057601928711 0.19578266143798828
temperatures 0 455 12 7.589310646057129 5.430220127105713 0
below 0 456 5 7.649019241333008 2.5966732501983643 2.8335468769073486
<unk> 0 457 5 2.387922763824463 2.3499791622161865 0.24669408798217773
<unk> 0 458 5 0.39285796880722046 1.8592197895050049 0.49075937271118164
<unk> 0 459 5 2.7232449054718018 1.8252125978469849 0.03400719165802002
<unk> 0 460 5 2.624408483505249 3.3233211040496826 0
( 0 461 1 8.931758880615234 2.806687116622925 0.5166339874267578
<unk> 0 462 5 0.012845128774642944 0.12359414249658585 2.683092974126339
<unk> 0 463 5 0.09043535590171814 0.5094019174575806 0
<unk> 0 464 5 1.9920709133148193 1.7302560806274414 0
<unk> 0 465 5 1.4842708110809326 3.0939695835113525 0
) 0 466 1 1.2744519710540771 2.4268720149993896 0.6670975685119629
) 0 467 1 1.3103455305099487 3.414264678955078 0
appearing 0 468 9 16.986183166503906 2.534984588623047 0.8792800903320312
on 0 469 2 2.7231898307800293 4.472117900848389 0
satellite 0 470 9 7.362673759460449 3.3918540477752686 1.0802638530731201
imagery 0 471 7 0.3855988681316376 2.485830307006836 0.9060237407684326
. 0 472 1 1.0695888996124268 3.450404167175293 0
<eos> 0 473 5 0.00037968772812746465 0.0035390141420066357 3.4468651530332863
<unk> 0 474 5 3.5582165718078613 5.5644145011901855 0
notable 0 475 7 19.992116928100586 7.077789306640625 0
increase 0 476 8 15.031721115112305 8.751808166503906 0
in 0 477 2 0.6862410306930542 3.263138771057129 5.488669395446777
southerly 0 478 9 14.784971237182617 6.676187038421631 0
outflow 0 479 7 7.5688066482543945 6.157148361206055 0.5190386772155762
also 0 480 4 7.134467601776123 6.315193176269531 0
took 0 481 4 6.691412925720215 6.8240790367126465 0
place 0 482 5 0.2973098158836365 1.7618505954742432 5.062228441238403
. 0 483 1 6.180610656738281 4.677478790283203 0
<eos> 0 484 5 0.0006576837040483952 0.005805273540318012 4.671673516742885
<unk> 0 485 5 3.629027843475342 5.690776824951172 0
the 0 486 3 8.542144775390625 6.781062602996826 0
subtropical 0 487 11 10.416839599609375 8.034420013427734 0
ridge 0 488 5 2.976839303970337 4.779268741607666 3.2551512718200684
north 0 489 5 8.824471473693848 7.09674072265625 0
of 0 490 2 0.711870551109314 3.2361788749694824 3.8605618476867676
the 0 491 3 1.1982431411743164 2.332918405532837 0.9032604694366455
storm 0 492 5 5.217793941497803 5.919170379638672 0
weakened 0 493 8 9.315756797790527 6.629325866699219 0
, 0 494 1 3.6298561096191406 5.564526557922363 1.0647993087768555
<unk> 0 495 5 7.69907283782959 5.41355037689209 0.15097618103027344
acquired 0 496 8 16.26864242553711 6.744554042816162 0
a 0 497 1 3.1499571800231934 5.431793212890625 1.312760829925537
more 0 498 4 5.964226245880127 8.079671859741211 0
northerly 0 499 9 3.4404191970825195 7.0660481452941895 1.0136237144470215
component 0 500 9 10.261083602905273 7.577079772949219 0
to 0 501 2 5.290841102600098 4.355991363525391 3.221088409423828
its 0 502 3 4.466246128082275 3.612224578857422 0.7437667846679688
track 0 503 5 10.52587890625 7.809497356414795 0
, 0 504 1 2.3137168884277344 5.002908706665039 2.806588649749756
bringing 0 505 8 8.051517486572266 5.509799957275391 0
the 0 506 3 1.9066574573516846 5.760223388671875 0
center 0 507 6 8.109123229980469 8.423456192016602 0
of 0 508 2 2.3218812942504883 4.802545547485352 3.62091064453125
the 0 509 3 1.0745956897735596 4.323881149291992 0.4786643981933594
storm 0 510 5 4.85590934753418 7.734223365783691 0
closer 0 511 6 9.444602966308594 3.793182373046875 3.9410409927368164
to 0 512 2 0.1542368233203888 0.9990151524543762 2.794167220592499
<unk> 0 513 5 2.343160629272461 3.427811622619629 0
. 0 514 1 1.7047250270843506 4.413931846618652 0
<eos> 0 515 5 0.0005641647730953991 0.005048821214586496 4.408883025404066
<unk> 0 516 5 3.481872797012329 5.6681318283081055 0
bands 0 517 5 14.047895431518555 7.059057712554932 0
gradually 0 518 9 8.748915672302246 7.613941669464111 0
wrapped 0 519 7 14.771584510803223 7.145890235900879 0.4680514335632324
around 0 520 6 4.82037353515625 6.369693756103516 0.7761964797973633
the 0 521 3 1.0386817455291748 4.131855010986328 2.2378387451171875
system 0 522 6 5.971859455108643 7.608382225036621 0
throughout 0 523 10 8.90536117553711 4.241397857666016 3.3669843673706055
the 0 524 3 0.34992557764053345 1.7540314197540283 2.4873664379119873
day 0 525 3 2.2260499000549316 6.078166961669922 0
. 0 526 1 1.9721951484680176 3.0391080379486084 3.0390589237213135
<eos> 0 527 5 0.0005254832794889808 0.0047533283941447735 3.0343547095544636
<unk> 0 528 5 3.7611753940582275 5.828678607940674 0
the 0 529 3 7.769104480743408 7.181593418121338 0
afternoon 0 530 9 10.844687461853027 7.970523357391357 0
hours 0 531 5 11.845085144042969 5.168396949768066 2.802126407623291
of 0 532 2 1.4673242568969727 4.97040319442749 0.19799375534057617
<unk> 0 533 5 0.9429945945739746 4.25187349319458 0.7185297012329102
<unk> 0 534 5 0.26523587107658386 1.5585365295410156 2.6933369636535645
, 0 535 1 0.8180512189865112 3.1613101959228516 0
a 0 536 1 5.272531509399414 4.166122913360596 0
hurricane 0 537 9 6.097940444946289 8.103364944458008 0
hunter 0 538 6 8.563117980957031 7.622254371643066 0.4811105728149414
aircraft 0 539 8 9.712556838989258 7.5004191398620605 0.12183523178100586
found 0 540 5 7.245441913604736 7.66080904006958 0
<unk> 0 541 5 4.718928813934326 6.423563003540039 1.237246036529541
just 0 542 4 10.519498825073242 6.477049827575684 0
below 0 543 5 4.807967662811279 5.382537364959717 1.0945124626159668
hurricane 0 544 9 7.631496429443359 3.1028521060943604 2.2796852588653564
strength 0 545 8 4.726680278778076 2.676865577697754 0.42598652839660645
, 0 546 1 2.062662363052368 4.354672431945801 0
and 0 547 3 2.234252691268921 6.618225574493408 0
subsequently 0 548 12 9.33881664276123 7.213940143585205 0
, 0 549 1 5.069498062133789 8.232255935668945 0
the 0 550 3 2.708411693572998 6.940587043762207 1.2916688919067383
system 0 551 6 6.525827884674072 7.299209117889404 0
was 0 552 3 2.433657646179199 6.787800312042236 0.511408805847168
upgraded 0 553 8 5.426969051361084 8.694750785827637 0
just 0 554 4 12.747359275817871 2.4854772090911865 6.20927357673645
a 0 555 1 6.475208759307861 5.2318196296691895 0
few 0 556 3 1.0810664892196655 3.450594663619995 1.7812249660491943
hours 0 557 5 2.268773078918457 2.325653553009033 1.124941110610962
later 0 558 5 0.7297430038452148 1.8830324411392212 0.442621111869812
, 0 559 1 3.233705759048462 2.3649535179138184 0
while 0 560 5 5.0344743728637695 6.2118000984191895 0
situated 0 561 8 9.177093505859375 5.73085355758667 0.48094654083251953
roughly 0 562 7 6.812231540679932 5.501261234283447 0.22959232330322266
<unk> 0 563 5 0.38681793212890625 2.295978307723999 3.2052829265594482
mi 0 564 2 1.7956116199493408 2.9808173179626465 0
( 0 565 1 0.008786269463598728 0.08520012348890305 2.8956171944737434
<unk> 0 566 5 0.00028615075279958546 0.004108828492462635 0.08109129499644041
km 0 567 2 0.15037886798381805 0.5397634506225586 0
) 0 568 1 0.00467516016215086 0.032981984317302704 0.5067814663052559
southeast 0 569 9 3.636915683746338 4.070226669311523 0
of 0 570 2 0.03034333325922489 0.23402874171733856 3.836197927594185
<unk> 0 571 5 0.5674574375152588 1.9153341054916382 0
, 0 572 1 2.0853378772735596 3.3942947387695312 0
<unk> 0 573 5 0.7635039687156677 3.5705971717834473 0
. 0 574 1 0.9430318474769592 2.9733726978302 0.5972244739532471
<eos> 0 575 5 0.001051118946634233 0.008731226436793804 2.9646414713934064
<unk> 0 576 5 4.184759140014648 5.508025646209717 0
on 0 577 2 8.566781044006348 6.892602443695068 0
<unk> 0 578 5 1.203352928161621 3.085076332092285 3.807526111602783
<unk> 0 579 5 0.2775992751121521 1.741794466972351 1.343281865119934
, 0 580 1 1.4932029247283936 4.888852119445801 0
a 0 581 1 4.199377536773682 4.0713629722595215 0.8174891471862793
<unk> 0 582 5 3.340442419052124 7.632734298706055 0
to 0 583 2 7.801995754241943 5.563413619995117 2.0693206787109375
<unk> 0 584 5 0.537665843963623 3.3433289527893066 2.2200846672058105
mi 0 585 2 5.009422779083252 4.49047327041626 0
( 0 586 1 0.008739431388676167 0.0857359915971756 4.404737278819084
<unk> 0 587 5 0.00039344263495877385 0.005270743276923895 0.0804652483202517
to 0 588 2 2.3163585662841797 1.974901795387268 0
<unk> 0 589 5 0.0016758571146056056 0.018639283254742622 1.9562625121325254
km 0 590 2 0.05607454851269722 0.35258957743644714 0
) 0 591 1 0.010109921917319298 0.0756402313709259 0.27694934606552124
wide 0 592 4 5.289690971374512 7.521241188049316 0
eye 0 593 3 4.711657524108887 8.046122550964355 0
developed 0 594 9 8.150749206542969 5.89950704574585 2.146615505218506
within 0 595 6 5.359719753265381 5.236699104309082 0.6628079414367676
the 0 596 3 0.9493305087089539 2.8491125106811523 2.3875865936279297
central 0 597 7 5.960968017578125 6.823441982269287 0
dense 0 598 5 2.068746328353882 5.026909828186035 1.796532154083252
overcast 0 599 8 0.013219405896961689 0.1335625797510147 4.8933472484350204
. 0 600 1 1.7521029710769653 4.339710712432861 0
<eos> 0 601 5 0.0005612421664409339 0.005033396650105715 4.334677315782756
<unk> 0 602 5 4.231667518615723 5.377570152282715 0
light 0 603 5 12.577073097229004 7.012878894805908 0
of 0 604 2 7.476481914520264 7.389519214630127 0
this 0 605 4 5.779545783996582 4.819020748138428 2.570498466491699
, 0 606 1 6.743760108947754 7.519118785858154 0
the 0 607 3 4.187386989593506 7.146342754364014 0.3727760314941406
<unk> 0 608 5 1.7783502340316772 7.392393112182617 0
<unk> 0 609 5 2.02681827545166 7.3326263427734375 0.05976676940917969
<unk> 0 610 5 1.8816442489624023 6.517586708068848 0.8150396347045898
estimated 0 611 9 10.02302360534668 6.989831924438477 0
<unk> 0 612 5 2.7716972827911377 5.3375725746154785 1.652259349822998
to 0 613 2 3.9635026454925537 5.1631269454956055 0.17444562911987305
have 0 614 4 4.201684951782227 3.4271554946899414 1.735971450805664
attained 0 615 8 5.544032573699951 5.489040374755859 0
winds 0 616 5 4.814306259155273 4.832078456878662 0.6569619178771973
of 0 617 2 0.5022691488265991 2.541944980621338 2.290133476257324
<unk> 0 618 5 0.126458078622818 0.8154878616333008 1.726457118988037
mph 0 619 3 0.8326849341392517 1.6667248010635376 0
( 0 620 1 0.010792374610900879 0.08895479887723923 1.5777700021862984
<unk> 0 621 5 0.00032466670381836593 0.004447145387530327 0.0845076534897089
km 0 622 2 0.002608680631965399 0.02285812795162201 0
/ 0 623 1 0.000239379980484955 0.0026802660431712866 0.020177861908450723
h 0 624 1 0.00010456165909999982 0.0011363576631993055 0.001543908379971981
) 0 625 1 0.0016097191255539656 0.014646768569946289 0
along 0 626 5 10.1181001663208 3.4140548706054688 0
with 0 627 4 2.6379964351654053 2.0531980991363525 1.3608567714691162
a 0 628 1 2.5508837699890137 4.013983726501465 0
barometric 0 629 10 6.7791571617126465 7.668232440948486 0
pressure 0 630 8 0.016017785295844078 0.15986302495002747 7.508369415998459
of 0 631 2 0.08555106818675995 0.6795163154602051 0
<unk> 0 632 5 0.10593855381011963 0.6505122184753418 0.02900409698486328
<unk> 0 633 5 0.03485872596502304 0.3041439354419708 0.34636828303337097
( 0 634 1 2.0485994815826416 2.485806941986084 0
<unk> 0 635 5 0.00772965420037508 0.07749883830547333 2.4083081036806107
; 0 636 1 3.150493860244751 1.0330369472503662 0
<unk> 0 637 5 0.018975907936692238 0.17382517457008362 0.8592117726802826
<unk> 0 638 5 0.019028015434741974 0.16025476157665253 0.013570412993431091
<eos> 0 639 5 0.2914128303527832 0.9085375666618347 0
@ 0 640 1 0.0 3.7147772673051804e-05 0.9085004188891617
<unk> 0 641 5 0.0001458339102100581 0.0018648060504347086 0
<unk> 0 642 5 0.0154398949816823 0.14377741515636444 0
) 0 643 1 0.023975783959031105 0.16481180489063263 0
; 0 644 1 5.603475570678711 2.0238685607910156 0
however 0 645 7 4.517821788787842 5.107169151306152 0
, 0 646 1 0.03740418329834938 0.31618207693099976 4.790987074375153
it 0 647 2 3.894573211669922 4.540582656860352 0
was 0 648 3 1.045965552330017 4.4741692543029785 0.06641340255737305
noted 0 649 5 6.798939228057861 7.121317386627197 0
that 0 650 4 0.2516697645187378 1.4027700424194336 5.718547344207764
this 0 651 4 5.582818031311035 4.513277053833008 0
could 0 652 5 6.60257625579834 7.350066661834717 0
be 0 653 2 1.7614985704421997 5.119292259216309 2.230774402618408
conservative 0 654 12 18.485559463500977 8.448027610778809 0
based 0 655 5 9.24373722076416 5.609480381011963 2.8385472297668457
on 0 656 2 0.18599162995815277 1.0455752611160278 4.563905119895935
estimates 0 657 9 9.25255012512207 5.279869556427002 0
of 0 658 2 1.1315633058547974 3.8043735027313232 1.4754960536956787
<unk> 0 659 5 2.381692886352539 5.4081010818481445 0
mph 0 660 3 6.189267635345459 5.3771467208862305 0.030954360961914062
( 0 661 1 0.06626413762569427 0.44513535499572754 4.932011365890503
<unk> 0 662 5 0.0008474535425193608 0.011892464011907578 0.43324289098381996
km 0 663 2 0.020662600174546242 0.12884235382080078 0
/ 0 664 1 0.000588920374866575 0.0061990199610590935 0.12264333385974169
h 0 665 1 0.00022012100089341402 0.002256538486108184 0.00394248147495091
) 0 666 1 0.0074821035377681255 0.054710958153009415 0
from 0 667 4 8.052741050720215 4.694942474365234 0
the 0 668 3 1.4537899494171143 4.225890636444092 0.4690518379211426
<unk> 0 669 5 2.1930992603302 7.100741386413574 0
of 0 670 2 7.551551818847656 6.589343070983887 0.5113983154296875
<unk> 0 671 5 0.893093466758728 2.9421443939208984 3.6471986770629883
and 0 672 3 4.404343605041504 3.9491357803344727 0
the 0 673 3 2.7568984031677246 3.1700682640075684 0.7790675163269043
<unk> 0 674 5 1.2529610395431519 6.279035568237305 0
<unk> 0 675 5 1.8766059875488281 6.290968418121338 0
<unk> 0 676 5 1.6964588165283203 5.4280829429626465 0.8628854751586914
. 0 677 1 2.436614513397217 6.3717122077941895 0
<eos> 0 678 5 0.0003961936163250357 0.003719485364854336 6.367992722429335
<unk> 0 679 5 3.749183177947998 5.487460613250732 0
the 0 680 3 8.163537979125977 6.909090518951416 0
morning 0 681 7 10.033291816711426 7.855884075164795 0
of 0 682 2 1.00690758228302 4.723001003265381 3.132883071899414
<unk> 0 683 5 0.32366859912872314 1.3244459629058838 3.398555040359497
<unk> 0 684 5 0.09752937406301498 0.6001229882240295 0.7243229746818542
, 0 685 1 0.6094871759414673 2.7541394233703613 0
<unk> 0 686 5 1.625897765159607 4.843141555786133 0
brushed 0 687 7 12.661704063415527 5.6802077293396 0
the 0 688 3 1.0159193277359009 4.001254081726074 1.6789536476135254
coast 0 689 5 2.9479711055755615 6.012660503387451 0
of 0 690 2 1.2105157375335693 3.9608967304229736 2.0517637729644775
<unk> 0 691 5 0.4394087493419647 2.054516077041626 1.9063806533813477
, 0 692 1 1.949212908744812 4.452110767364502 0
with 0 693 4 4.567520618438721 6.275394439697266 0
the 0 694 3 2.2294042110443115 5.394159317016602 0.8812351226806641
center 0 695 6 8.531271934509277 8.281905174255371 0
passing 0 696 7 8.371280670166016 5.646245002746582 2.635660171508789
roughly 0 697 7 8.13283634185791 6.532228469848633 0
<unk> 0 698 5 1.2249181270599365 4.602365970611572 1.9298624992370605
mi 0 699 2 3.3072428703308105 3.886523485183716 0.7158424854278564
( 0 700 1 0.012674489989876747 0.11997012794017792 3.766553357243538
<unk> 0 701 5 0.00039344263495877385 0.005555336829274893 0.11441479111090302
km 0 702 2 0.16410177946090698 0.57261061668396 0
) 0 703 1 0.011824234388768673 0.0701650083065033 0.5024456083774567
south 0 704 5 3.550283193588257 5.000702857971191 0
<unk> 0 705 5 3.1003739833831787 1.2609984874725342 3.7397043704986572
southeast 0 706 9 1.953879714012146 2.747231960296631 0
of 0 707 2 0.12311479449272156 0.763739824295044 1.983492136001587
<unk> 0 708 5 0.6045644283294678 2.05668044090271 0
<unk> 0 709 5 2.826376438140869 3.2809948921203613 0
, 0 710 1 2.602212905883789 3.3908162117004395 0
<unk> 0 711 5 1.6488333940505981 5.028575897216797 0
. 0 712 1 0.9285769462585449 2.9736666679382324 2.0549092292785645
<eos> 0 713 5 0.0007319444557651877 0.006383096799254417 2.967283571138978
<unk> 0 714 5 3.956918954849243 5.363075256347656 0
just 0 715 4 11.680988311767578 6.965113162994385 0
off 0 716 3 11.47636604309082 7.613222122192383 0
the 0 717 3 0.9191219806671143 2.3491156101226807 5.264106512069702
coast 0 718 5 0.9916079044342041 3.7288646697998047 0
of 0 719 2 0.529797375202179 2.7872750759124756 0.9415895938873291
<unk> 0 720 5 0.498188316822052 2.2176666259765625 0.5696084499359131
, 0 721 1 1.8240960836410522 5.389107704162598 0
the 0 722 3 3.0890424251556396 5.700309753417969 0
system 0 723 6 6.932136535644531 6.87352180480957 0
interacted 0 724 10 12.112347602844238 6.873741149902344 0
with 0 725 4 0.06115163490176201 0.5002872943878174 6.373453855514526
land 0 726 4 10.2006196975708 4.237332820892334 0
and 0 727 3 2.9295058250427246 6.559548377990723 0
began 0 728 5 6.945047378540039 9.498111724853516 0
weakening 0 729 9 6.453032493591309 5.897780418395996 3.6003313064575195
. 0 730 1 2.094374418258667 5.460419178009033 0.4373612403869629
<eos> 0 731 5 0.001337404944933951 0.010805177502334118 5.449614000506699
<unk> 0 732 5 3.544130325317383 5.581716060638428 0
later 0 733 5 7.292742729187012 7.263517379760742 0
, 0 734 1 8.239651679992676 8.08112907409668 0
convection 0 735 10 14.211856842041016 6.920817852020264 1.160311222076416
rapidly 0 736 7 9.819247245788574 7.2848052978515625 0
diminished 0 737 10 5.890758037567139 6.430455684661865 0.8543496131896973
as 0 738 2 5.2645955085754395 4.723425388336182 1.7070302963256836
dry 0 739 3 9.352320671081543 3.776719093322754 0.9467062950134277
air 0 740 3 2.380173921585083 4.918000221252441 0
became 0 741 6 6.1986236572265625 7.738201141357422 0
<unk> 0 742 5 5.592585563659668 6.919778347015381 0.818422794342041
in 0 743 2 5.496199607849121 4.9524617195129395 1.9673166275024414
the 0 744 3 1.0575419664382935 4.103270530700684 0.8491911888122559
circulation 0 745 11 9.904644966125488 7.340783596038818 0
. 0 746 1 1.3228933811187744 3.9051082134246826 3.4356753826141357
<eos> 0 747 5 0.0003851897199638188 0.0035935696214437485 3.901514643803239
<unk> 0 748 5 3.458181858062744 5.86646032333374 0
response 0 749 8 15.374853134155273 7.445748805999756 0
to 0 750 2 2.153048038482666 6.789050102233887 0.6566987037658691
quick 0 751 5 14.547778129577637 4.982467174530029 1.8065829277038574
degradation 0 752 11 13.967062950134277 7.724510192871094 0
of 0 753 2 2.351630210876465 5.074688911437988 2.6498212814331055
the 0 754 3 0.6228744983673096 3.3453824520111084 1.7293064594268799
system 0 755 6 5.194555759429932 7.58420467376709 0
's 0 756 2 5.139130592346191 6.006191253662109 1.5780134201049805
structure 0 757 9 6.896241664886475 9.681954383850098 0
, 0 758 1 3.5871012210845947 5.651891231536865 4.030063152313232
the 0 759 3 4.941999912261963 7.175742149353027 0
<unk> 0 760 5 2.5419669151306152 9.033614158630371 0
downgraded 0 761 10 13.967354774475098 8.025836944580078 1.007777214050293
<unk> 0 762 5 3.1367790699005127 5.016233921051025 3.0096030235290527
to 0 763 2 2.027446985244751 5.464789867401123 0
a 0 764 1 1.8898732662200928 5.286719799041748 0.178070068359375
tropical 0 765 8 4.1389594078063965 8.869878768920898 0
storm 0 766 5 0.7238598465919495 2.434966564178467 6.434912204742432
. 0 767 1 2.3068323135375977 4.427703380584717 0
<eos> 0 768 5 0.0018794055795297027 0.014434627257287502 4.413268753327429
<unk> 0 769 5 3.48339581489563 5.764993190765381 0
weakening 0 770 9 14.582131385803223 7.16071081161499 0
continued 0 771 9 8.292243003845215 6.474200248718262 0.6865105628967285
throughout 0 772 10 6.534997940063477 4.992832183837891 1.481368064880371
the 0 773 3 0.47845563292503357 1.9299225807189941 3.0629096031188965
day 0 774 3 3.257290840148926 6.107288360595703 0
and 0 775 3 2.799715280532837 3.026202917098999 3.081085443496704
by 0 776 2 8.034082412719727 7.8882222175598145 0
the 0 777 3 2.377415180206299 4.623113632202148 3.265108585357666
evening 0 778 7 6.122060775756836 5.3129472732543945 0
hours 0 779 5 8.74289321899414 1.2599960565567017 4.052951216697693
, 0 780 1 2.6737372875213623 5.218566417694092 0
the 0 781 3 1.510619878768921 4.592944622039795 0.6256217956542969
storm 0 782 5 3.385636806488037 7.404140472412109 0
no 0 783 2 11.267712593078613 6.387666702270508 1.0164737701416016
longer 0 784 6 0.12185171246528625 0.9612615704536438 5.426405131816864
had 0 785 3 4.183841228485107 8.31490421295166 0
a 0 786 1 1.8958280086517334 6.033482551574707 2.281421661376953
defined 0 787 7 13.284729957580566 8.378293991088867 0
circulation 0 788 11 5.1285319328308105 8.677332878112793 0
. 0 789 1 1.2010496854782104 3.9842607975006104 4.693072080612183
<eos> 0 790 5 0.0010126223787665367 0.008404513821005821 3.9758562836796045
<unk> 0 791 5 3.602374792098999 5.7961883544921875 0
an 0 792 2 13.031557083129883 6.980682373046875 0
organized 0 793 9 10.935322761535645 6.9547858238220215 0.025896549224853516
center 0 794 6 8.673569679260254 7.804065704345703 0
and 0 795 3 5.261605739593506 6.070964336395264 1.7331013679504395
deep 0 796 4 8.593852043151855 8.08340072631836 0
convection 0 797 10 0.7629204988479614 3.8693771362304688 4.214023590087891
, 0 798 1 3.0463671684265137 7.126410007476807 0
the 0 799 3 3.2723867893218994 6.830657005310059 0.29575300216674805
final 0 800 5 9.061422348022461 7.812701225280762 0
advisory 0 801 8 6.374725341796875 8.200286865234375 0
was 0 802 3 1.5584710836410522 4.790937423706055 3.4093494415283203
issued 0 803 6 3.306619644165039 7.7291412353515625 0
on 0 804 2 2.892789363861084 4.3685150146484375 3.360626220703125
<unk> 0 805 5 0.337523490190506 1.6024200916290283 2.766094923019409
. 0 806 1 8.351261138916016 0.5332523584365845 1.0691677331924438
<eos> 0 807 5 0.0009383760625496507 0.007890615612268448 0.525361742824316
<unk> 0 808 5 3.8777174949645996 5.560046672821045 0
storm 0 809 5 10.64755630493164 7.026458740234375 0
's 0 810 2 3.9555184841156006 6.363917827606201 0.6625409126281738
remnants 0 811 8 7.820268630981445 9.024001121520996 0
persisted 0 812 9 8.03366470336914 6.388166427612305 2.6358346939086914
for 0 813 3 3.3273003101348877 5.505983829498291 0.8821825981140137
several 0 814 7 3.546071767807007 5.3655805587768555 0.14040327072143555
more 0 815 4 8.470175743103027 2.8169636726379395 2.548616886138916
hours 0 816 5 4.091654300689697 3.238772392272949 0
before 0 817 6 3.7003841400146484 3.54665470123291 0
dissipating 0 818 11 2.304723024368286 5.450984001159668 0
roughly 0 819 7 11.765690803527832 4.605344772338867 0.8456392288208008
<unk> 0 820 5 0.8457831740379333 3.6151936054229736 0.9901511669158936
mi 0 821 2 2.8831722736358643 3.1597354412078857 0.4554581642150879
( 0 822 1 0.007757195271551609 0.07664469629526138 3.0830907449126244
<unk> 0 823 5 0.00032466670381836593 0.004579329863190651 0.07206536643207073
km 0 824 2 0.14444898068904877 0.5124844312667847 0
) 0 825 1 0.005429067183285952 0.03717441111803055 0.4753100201487541
southwest 0 826 9 3.6792593002319336 4.518656253814697 0
of 0 827 2 0.03939651697874069 0.2824937403202057 4.236162513494492
<unk> 0 828 5 0.36810076236724854 1.4608522653579712 0
<unk> 0 829 5 2.5202338695526123 3.2540102005004883 0
, 0 830 1 2.573476791381836 3.446308135986328 0
<unk> 0 831 5 1.3183817863464355 4.496275424957275 0
. 0 832 1 0.9971086382865906 2.878927230834961 1.6173481941223145
<eos> 0 833 5 0.001994994468986988 0.0158002320677042 2.8631269987672567
= 0 834 1 1.7097716331481934 4.739147663116455 0
= 0 835 1 0.23906689882278442 1.1691919565200806 3.5699557065963745
<unk> 0 836 5 5.674504280090332 3.542534112930298 0
and 0 837 3 3.194986343383789 4.884764671325684 0
impact 0 838 6 9.261033058166504 3.443358898162842 1.4414057731628418
= 0 839 1 0.24622957408428192 1.6288225650787354 1.8145363330841064
= 0 840 1 3.026862941624131e-05 0.0005168872303329408 1.6283056778484024
<eos> 0 841 5 22.948368072509766 4.848991870880127 0
<unk> 0 842 5 3.1478164196014404 6.058333873748779 0
the 0 843 3 10.150615692138672 5.479213714599609 0.5791201591491699
classification 0 844 14 15.467693328857422 6.558123588562012 0
of 0 845 2 1.3303147554397583 4.055634498596191 2.5024890899658203
<unk> 0 846 5 2.3517239093780518 4.11771821975708 0
<unk> 0 847 5 2.2795956134796143 6.031548500061035 0
<unk> 0 848 5 1.4073628187179565 4.939574241638184 1.0919742584228516
<unk> 0 849 5 2.2742998600006104 6.438443183898926 0
<unk> 0 850 5 1.6155692338943481 5.043912410736084 1.3945307731628418
on 0 851 2 6.7267231941223145 5.570729732513428 0
<unk> 0 852 5 0.3688161373138428 1.5846607685089111 3.9860689640045166
<unk> 0 853 5 0.10702546685934067 0.6823227405548096 0.9023380279541016
, 0 854 1 1.5478026866912842 3.1974117755889893 0
the 0 855 3 5.267814636230469 1.3025522232055664 1.8948595523834229
<unk> 0 856 5 1.7884600162506104 6.201139450073242 0
of 0 857 2 5.001796245574951 6.9828104972839355 0
<unk> 0 858 5 1.0092878341674805 2.9088082313537598 4.074002265930176
issued 0 859 6 10.24343490600586 5.24649715423584 0
a 0 860 1 1.8150402307510376 4.893548488616943 0.3529486656188965
tropical 0 861 8 3.0509226322174072 7.131861686706543 0
storm 0 862 5 1.1007908582687378 1.5088942050933838 5.622967481613159
warning 0 863 7 1.2894874811172485 3.678616762161255 0
for 0 864 3 2.460988998413086 4.8309526443481445 0
coastal 0 865 7 8.99073314666748 3.1632895469665527 1.6676630973815918
areas 0 866 5 3.4094419479370117 5.215386390686035 0
between 0 867 7 7.172540664672852 4.550551414489746 0.6648349761962891
<unk> 0 868 5 0.4645320475101471 1.9719499349594116 2.5786014795303345
and 0 869 3 0.7342339158058167 1.9735920429229736 0
<unk> 0 870 5 0.17063705623149872 1.0624406337738037 0.9111514091491699
. 0 871 1 1.332507848739624 3.2710819244384766 0
<eos> 0 872 5 0.0011475277133286 0.00946969073265791 3.2616122337058187
<unk> 0 873 5 3.7187464237213135 5.2397637367248535 0
hurricane 0 874 9 9.24005126953125 6.257906436920166 0
watch 0 875 5 5.868488311767578 3.9726293087005615 2.2852771282196045
was 0 876 3 1.2948780059814453 5.031782627105713 0
also 0 877 4 4.527002811431885 6.449656009674072 0
put 0 878 3 9.94825553894043 5.826249599456787 0.6234064102172852
in 0 879 2 4.167054176330566 3.5660295486450195 2.2602200508117676
place 0 880 5 1.0882952213287354 3.721262216567993 0
from 0 881 4 6.797915458679199 4.7591633796691895 0
<unk> 0 882 5 0.9936441779136658 3.53200626373291 1.2271571159362793
de 0 883 2 11.544133186340332 2.737759590148926 0.7942466735839844
<unk> 0 884 5 0.3761301636695862 1.2576417922973633 1.4801177978515625
to 0 885 2 1.2578012943267822 3.3146567344665527 0
<unk> 0 886 5 0.2755299210548401 1.7824039459228516 1.5322527885437012
<unk> 0 887 5 0.5492960810661316 2.2086689472198486 0
<unk> 0 888 5 3.360031843185425 3.156972646713257 0
. 0 889 1 1.2976270914077759 3.0475656986236572 0.10940694808959961
<eos> 0 890 5 0.00036043059662915766 0.003440534695982933 3.0441251639276743
<unk> 0 891 5 3.988013505935669 5.298578262329102 0
that 0 892 4 10.058809280395508 6.215893268585205 0
day 0 893 3 4.882863998413086 6.939234256744385 0
, 0 894 1 1.239611029624939 4.0709991455078125 2.8682351112365723
the 0 895 3 2.0279505252838135 5.500641345977783 0
tropical 0 896 8 5.612493991851807 6.242199897766113 0
storm 0 897 5 0.9637851715087891 2.089719295501709 4.152480602264404
warning 0 898 7 2.2519519329071045 5.285773277282715 0
was 0 899 3 0.7664923071861267 3.7402079105377197 1.5455653667449951
upgraded 0 900 8 5.919102191925049 7.058629035949707 0
to 0 901 2 0.6804156303405762 2.8809807300567627 4.177648305892944
a 0 902 1 1.5796456336975098 3.9261205196380615 0
hurricane 0 903 9 1.6067967414855957 3.000439167022705 0.9256813526153564
warning 0 904 7 0.27587398886680603 1.4156662225723267 1.5847729444503784
and 0 905 3 4.762537956237793 5.118319988250732 0
the 0 906 3 3.560940742492676 7.606350421905518 0
watch 0 907 5 8.198176383972168 6.631478309631348 0.9748721122741699
was 0 908 3 2.429014205932617 6.537081241607666 0.09439706802368164
extended 0 909 8 4.773800849914551 6.629742622375488 0
westward 0 910 8 6.678779602050781 4.142395973205566 2.487346649169922
to 0 911 2 2.084322452545166 3.7699050903320312 0.37249088287353516
<unk> 0 912 5 1.2502161264419556 4.746221542358398 0
<unk> 0 913 5 2.805026054382324 4.006662368774414 0.7395591735839844
. 0 914 1 1.3089970350265503 3.6320128440856934 0.3746495246887207
<eos> 0 915 5 0.0007511965814046562 0.006558932829648256 3.625453911256045
<unk> 0 916 5 4.401315212249756 5.348682403564453 0
<unk> 0 917 5 3.16133975982666 6.454921722412109 0
continued 0 918 9 8.851470947265625 5.253780841827393 1.2011408805847168
to 0 919 2 0.760405421257019 3.4515817165374756 1.802199125289917
strengthen 0 920 10 5.8159565925598145 7.96438455581665 0
, 0 921 1 2.989872932434082 5.258516311645508 2.7058682441711426
the 0 922 3 6.972319602966309 4.821130275726318 0.43738603591918945
watches 0 923 7 9.864212036132812 6.745128154754639 0
and 0 924 3 2.0302209854125977 5.291078090667725 1.454050064086914
warnings 0 925 8 0.4977701008319855 3.221298933029175 2.06977915763855
were 0 926 4 3.1429567337036133 5.141153812408447 0
extended 0 927 8 6.04972505569458 6.282511234283447 0
westward 0 928 8 7.358273506164551 4.516725540161133 1.7657856941223145
to 0 929 2 2.236572504043579 3.8959908485412598 0.620734691619873
<unk> 0 930 5 1.4389692544937134 4.770388126373291 0
<unk> 0 931 5 3.312556505203247 3.993349075317383 0.7770390510559082
on 0 932 2 4.12217378616333 3.9357810020446777 0.05756807327270508
<unk> 0 933 5 0.3752412497997284 1.5697367191314697 2.366044282913208
<unk> 0 934 5 0.11134297400712967 0.6909692287445068 0.8787674903869629
. 0 935 1 0.7429567575454712 2.0184743404388428 0
<eos> 0 936 5 0.0004348785732872784 0.004003527574241161 2.0144708128646016
<unk> 0 937 5 4.083082675933838 5.544031620025635 0
on 0 938 2 7.918469429016113 6.5660786628723145 0
<unk> 0 939 5 0.5635389089584351 2.07841420173645 4.487664461135864
<unk> 0 940 5 0.17678171396255493 1.1741067171096802 0.90430748462677
, 0 941 1 0.9997612833976746 4.153336524963379 0
the 0 942 3 2.0847089290618896 4.733150482177734 0
easternmost 0 943 11 10.928128242492676 5.887885093688965 0
advisories 0 944 10 13.742159843444824 6.566140651702881 0
were 0 945 4 1.133772850036621 3.8865537643432617 2.679586887359619
discontinued 0 946 12 2.4631245136260986 4.052006244659424 0
as 0 947 2 5.310955047607422 4.507260799407959 0
<unk> 0 948 5 3.190624713897705 4.867100238800049 0
moved 0 949 5 4.1711931228637695 6.408951282501221 0
away 0 950 4 4.9273881912231445 5.242891788482666 1.1660594940185547
. 0 951 1 3.485353469848633 3.8143866062164307 1.4285051822662354
<eos> 0 952 5 0.00048422187683172524 0.004400166217237711 3.809986439999193
<unk> 0 953 5 4.0501708984375 5.484264373779297 0
that 0 954 4 11.202618598937988 6.562424659729004 0
morning 0 955 7 7.280828952789307 7.0551438331604 0
, 0 956 1 1.359539270401001 4.817206859588623 2.2379369735717773
all 0 957 3 8.533713340759277 5.67521333694458 0
watches 0 958 7 5.470008850097656 5.4158501625061035 0.25936317443847656
and 0 959 3 2.73923921585083 3.910327911376953 1.5055222511291504
warnings 0 960 8 0.05972617492079735 0.4409056603908539 3.4694222509860992
were 0 961 4 0.5996195077896118 3.091315984725952 0
discontinued 0 962 12 2.1981117725372314 4.936418056488037 0
in 0 963 2 3.952155828475952 4.129968166351318 0.8064498901367188
light 0 964 5 12.830769538879395 3.4003567695617676 0.7296113967895508
of 0 965 2 0.04231598973274231 0.3382365107536316 3.062120258808136
<unk> 0 966 5 2.859921455383301 3.8848230838775635 0
's 0 967 2 1.5887013673782349 4.0535712242126465 0
rapid 0 968 5 9.441847801208496 8.115954399108887 0
weakening 0 969 9 3.3510901927948 6.51609468460083 1.5998597145080566
. 0 970 1 1.0837244987487793 3.503275156021118 3.012819528579712
<eos> 0 971 5 0.0008943764260038733 0.007565765641629696 3.4957093903794885
<unk> 0 972 5 3.986966371536255 5.58319091796875 0
<unk> 0 973 5 4.4148030281066895 6.609546661376953 0
and 0 974 3 5.548440933227539 5.935409069061279 0.6741375923156738
<unk> 0 975 5 0.43538451194763184 2.468215227127075 3.467193841934204
, 0 976 1 4.7771992683410645 4.771111965179443 0
residents 0 977 9 13.133844375610352 6.308292388916016 0
were 0 978 4 4.4382147789001465 4.507504463195801 1.8007879257202148
warned 0 979 6 4.934262275695801 7.341460704803467 0
of 0 980 2 1.8734991550445557 3.450249195098877 3.89121150970459
heavy 0 981 5 9.009160995483398 5.079500198364258 0
rains 0 982 5 1.84053635597229 2.660923957824707 2.418576240539551
that 0 983 4 3.3638980388641357 4.610162258148193 0
could 0 984 5 5.170816421508789 6.7078986167907715 0
trigger 0 985 7 12.036943435668945 6.452388763427734 0.2555098533630371
flooding 0 986 8 4.971623420715332 6.417147159576416 0.03524160385131836
and 0 987 3 3.176445245742798 4.618210792541504 1.798936367034912
mudslides 0 988 9 4.904074192047119 8.387020111083984 0
. 0 989 1 1.4139091968536377 3.9668989181518555 4.420121192932129
<eos> 0 990 5 0.000828374526463449 0.007075358182191849 3.9598235599696636
<unk> 0 991 5 4.038971424102783 6.268898963928223 0
across 0 992 6 11.22228717803955 6.90408182144165 0
both 0 993 4 8.997776985168457 2.6697256565093994 4.234356164932251
states 0 994 6 4.787236213684082 5.267755508422852 0
canceled 0 995 8 8.199246406555176 6.214782238006592 0
classes 0 996 7 13.191462516784668 5.05338716506958 1.1613950729370117
for 0 997 3 5.511630058288574 4.834428310394287 0.21895885467529297
<unk> 0 998 5 2.6295831203460693 6.087526798248291 0
<unk> 0 999 5 2.7782227993011475 4.773327350616455 1.314199447631836
. 0 1000 1 4.167632102966309 3.2774200439453125 1.4959073066711426
<eos> 0 1001 5 0.000539408705662936 0.004859603010118008 3.2725604409351945
<unk> 0 1002 5 4.246547698974609 6.053688049316406 0
<unk> 0 1003 5 3.400482177734375 6.7730631828308105 0
, 0 1004 1 4.627799987792969 4.117289066314697 2.6557741165161133
<unk> 0 1005 5 1.8687360286712646 5.568815231323242 0
shelters 0 1006 8 13.721506118774414 3.860755681991577 1.708059549331665
were 0 1007 4 2.685196876525879 3.669861078262329 0.19089460372924805
opened 0 1008 6 4.8749871253967285 7.47617244720459 0
to 0 1009 2 2.692819118499756 4.185577869415283 3.2905945777893066
the 0 1010 3 1.1413993835449219 5.2400946617126465 0
public 0 1011 6 0.45179152488708496 2.176393985748291 3.0637006759643555
. 0 1012 1 4.017535209655762 3.909947395324707 0
<eos> 0 1013 5 0.0007623696001246572 0.006572800222784281 3.9033745951019228
<unk> 0 1014 5 4.081148624420166 6.159571170806885 0
, 0 1015 1 4.233921051025391 6.726672172546387 0
the 0 1016 3 3.6358633041381836 5.083456993103027 1.6432151794433594
<unk> 0 1017 5 1.8632737398147583 6.937939643859863 0
<unk> 0 1018 5 2.517033576965332 6.786448955535889 0.1514906883239746
was 0 1019 3 7.968901634216309 5.508040904998779 1.2784080505371094
placed 0 1020 6 8.203300476074219 8.1297025680542 0
on 0 1021 2 1.965626835823059 3.876711845397949 4.25299072265625
standby 0 1022 7 0.9037096500396729 2.7019832134246826 1.1747286319732666
for 0 1023 3 1.9114235639572144 4.175288200378418 0
hurricane 0 1024 9 7.138643264770508 6.261074066162109 0
relief 0 1025 6 12.093156814575195 1.258335828781128 5.0027382373809814
. 0 1026 1 2.4899675846099854 4.354442119598389 0
<eos> 0 1027 5 0.0009493757388554513 0.008007092401385307 4.346435027197003
<unk> 0 1028 5 4.120187282562256 6.173007011413574 0
total 0 1029 5 11.901970863342285 6.8960041999816895 0
of 0 1030 2 4.9497389793396 5.943831920623779 0.9521722793579102
<unk> 0 1031 5 0.21753738820552826 1.5540474653244019 4.389784455299377
temporary 0 1032 9 15.254181861877441 4.491555213928223 0
shelters 0 1033 8 4.121459484100342 6.982299327850342 0
were 0 1034 4 0.2950975298881531 1.7641077041625977 5.218191623687744
opened 0 1035 6 5.982491970062256 6.713286399841309 0
in 0 1036 2 2.1246461868286133 3.9987916946411133 2.7144947052001953
<unk> 0 1037 5 0.6396488547325134 2.8019211292266846 1.1968705654144287
, 0 1038 1 2.5477097034454346 3.427300453186035 0
many 0 1039 4 9.27061653137207 4.942174434661865 0
of 0 1040 2 0.6608495712280273 3.8648836612701416 1.0772907733917236
which 0 1041 5 0.3043048083782196 0.844167947769165 3.0207157135009766
were 0 1042 4 0.626704752445221 3.5096445083618164 0
in 0 1043 2 5.413694858551025 7.766104221343994 0
<unk> 0 1044 5 2.671388626098633 6.464523792266846 1.3015804290771484
, 0 1045 1 3.152355432510376 4.245509624481201 2.2190141677856445
as 0 1046 2 5.875835418701172 4.597700119018555 0
many 0 1047 4 6.019923686981201 3.408003330230713 1.1896967887878418
residents 0 1048 9 3.2258427143096924 6.998437881469727 0
were 0 1049 4 2.2367100715637207 6.345709800720215 0.6527280807495117
expected 0 1050 8 7.632979393005371 6.810006618499756 0
to 0 1051 2 0.029275598004460335 0.2299632430076599 6.580043375492096
evacuate 0 1052 8 3.001204490661621 6.77551794052124 0
flood 0 1053 5 14.385429382324219 4.328656196594238 2.446861743927002
<unk> 0 1054 5 4.354290008544922 5.339301109313965 0
prone 0 1055 5 3.550302505493164 6.472472190856934 0
area 0 1056 4 11.128122329711914 7.261113166809082 0
. 0 1057 1 1.054176688194275 4.21049165725708 3.050621509552002
<eos> 0 1058 5 0.00034667536965571344 0.0032495614141225815 4.2072420958429575
<unk> 0 1059 5 4.21834659576416 6.556002140045166 0
orange 0 1060 6 17.81121063232422 7.032402038574219 0
<unk> 0 1061 5 4.197579383850098 6.9755048751831055 0.05689716339111328
level 0 1062 5 12.910066604614258 7.5632219314575195 0
alert 0 1063 5 12.946763038635254 7.742484092712402 0
was 0 1064 3 3.618936061859131 7.735366344451904 0.007117748260498047
issued 0 1065 6 3.277888774871826 7.42673921585083 0.3086271286010742
for 0 1066 3 2.209368944168091 4.183744430541992 3.242994785308838
portions 0 1067 8 8.53646183013916 5.321702480316162 0
of 0 1068 2 0.03169161081314087 0.2621876299381256 5.0595148503780365
<unk> 0 1069 5 1.3934913873672485 3.348421096801758 0
in 0 1070 2 4.255007743835449 5.002334117889404 0
light 0 1071 5 12.057491302490234 3.083031177520752 1.9193029403686523
of 0 1072 2 0.03395073115825653 0.2797284424304962 2.8033027350902557
potentially 0 1073 11 15.253443717956543 4.838809490203857 0
heavy 0 1074 5 4.645027160644531 6.878403663635254 0
rains 0 1075 5 2.6695945262908936 3.5608530044555664 3.3175506591796875
. 0 1076 1 1.1884827613830566 3.424508571624756 0.13634443283081055
<eos> 0 1077 5 0.00018435361562296748 0.0018617142923176289 3.4226468573324382
<unk> 0 1078 5 4.450061798095703 6.5181450843811035 0
<unk> 0 1079 5 2.8414463996887207 7.085809230804443 0
and 0 1080 3 5.72111177444458 4.243636131286621 2.8421730995178223
<unk> 0 1081 5 0.8167675733566284 4.120955944061279 0.1226801872253418
<unk> 0 1082 5 1.0081127882003784 4.865943908691406 0
, 0 1083 1 3.455845594406128 5.582581043243408 0
the 0 1084 3 3.8011770248413086 6.248189449310303 0
<unk> 0 1085 5 2.0112698078155518 7.082211494445801 0
<unk> 0 1086 5 2.715707778930664 7.2035651206970215 0
<unk> 0 1087 5 2.0918428897857666 6.195780277252197 1.0077848434448242
( 0 1088 1 6.402856349945068 6.878200054168701 0
<unk> 0 1089 5 0.5667256116867065 4.154129981994629 2.7240700721740723
<unk> 0 1090 5 2.4284253120422363 2.8135123252868652 1.3406176567077637
<unk> 0 1091 5 0.8809226155281067 2.269030809402466 0.5444815158843994
) 0 1092 1 0.6506832838058472 3.065079927444458 0
advised 0 1093 7 11.181926727294922 3.8725483417510986 0
that 0 1094 4 5.777587890625 4.771850109100342 0
all 0 1095 3 6.207406997680664 5.4247870445251465 0
air 0 1096 3 10.273904800415039 6.754074573516846 0
and 0 1097 3 6.949294567108154 4.587068557739258 2.167006015777588
sea 0 1098 3 7.2652997970581055 8.27698040008545 0
traffic 0 1099 7 7.284020900726318 7.98939323425293 0.28758716583251953
be 0 1100 2 4.408489227294922 6.537732124328613 1.4516611099243164
suspended 0 1101 9 8.584300994873047 8.438051223754883 0
until 0 1102 5 8.860810279846191 4.161038398742676 4.277012825012207
the 0 1103 3 1.8663777112960815 3.911130428314209 0.2499079704284668
passage 0 1104 7 5.930141925811768 6.8023762702941895 0
of 0 1105 2 0.052079103887081146 0.43076032400131226 6.371615946292877
<unk> 0 1106 5 3.119316816329956 3.4038891792297363 0
. 0 1107 1 2.6920430660247803 5.233195781707764 0
<eos> 0 1108 5 0.0003824387094937265 0.0035674930550158024 5.229628288652748
<unk> 0 1109 5 3.8129544258117676 6.12884521484375 0
<unk> 0 1110 5 2.623680591583252 6.8845720291137695 0
, 0 1111 1 3.870455741882324 4.5511980056762695 2.3333740234375
<unk> 0 1112 5 1.5169379711151123 5.263389587402344 0
produced 0 1113 8 11.640857696533203 4.832624435424805 0.43076515197753906
heavy 0 1114 5 6.114343643188477 5.797389984130859 0
rain 0 1115 4 4.764255046844482 2.036058187484741 3.761331796646118
, 0 1116 1 2.2975094318389893 4.652160167694092 0
peaking 0 1117 7 6.410558223724365 6.406404495239258 0
at 0 1118 2 0.18509183824062347 1.0816445350646973 5.3247599601745605
<unk> 0 1119 5 0.2072651982307434 1.2761807441711426 0
<unk> 0 1120 5 0.5466901063919067 2.1018714904785156 0
<eos> 0 1121 5 0.06061776727437973 0.32460975646972656 1.777261734008789
@ 0 1122 1 0.0 1.203873489430407e-05 0.32459771773483226
<unk> 0 1123 5 0.00037160664214752614 0.004915994126349688 0
mm 0 1124 2 2.83113431930542 2.8822433948516846 0
( 0 1125 1 0.016579121351242065 0.13310331106185913 2.7491400837898254
<unk> 0 1126 5 0.00011281620390946046 0.0017084955470636487 0.13139481551479548
<unk> 0 1127 5 0.23008523881435394 0.6939769983291626 0
<eos> 0 1128 5 0.00037418570718728006 0.0038095409981906414 0.690167457330972
@ 0 1129 1 0.0 0.0 0.0038095409981906414
<unk> 0 1130 5 1.1006847671524156e-05 0.00016732941730879247 0
in 0 1131 2 0.019440907984972 0.126639261841774 0
) 0 1132 1 0.0015052665257826447 0.014781597070395947 0.11185766477137804
in 0 1133 2 1.2186415195465088 2.9716060161590576 0
<unk> 0 1134 5 0.47927021980285645 2.143155336380005 0.8284506797790527
, 0 1135 1 1.7176223993301392 3.356382131576538 0
<unk> 0 1136 5 0.7628381252288818 3.254957675933838 0.1014244556427002
. 0 1137 1 0.9991917014122009 2.7062840461730957 0.5486736297607422
<eos> 0 1138 5 0.00027789719752036035 0.0027180316392332315 2.7035660145338625
<unk> 0 1139 5 3.95139217376709 5.955214500427246 0
homes 0 1140 5 8.101927757263184 6.090222358703613 0
across 0 1141 6 8.488895416259766 3.3617331981658936 2.7284891605377197
the 0 1142 3 1.0012224912643433 2.729135513305664 0.6325976848602295
state 0 1143 5 4.161464214324951 4.758527755737305 0
were 0 1144 4 0.712071418762207 3.528338670730591 1.2301890850067139
damaged 0 1145 7 4.16500997543335 7.690732479095459 0
, 0 1146 1 1.92263662815094 3.829235076904297 3.861497402191162
though 0 1147 6 5.252921104431152 5.096314907073975 0
none 0 1148 4 6.215791702270508 6.1519012451171875 0
were 0 1149 4 2.716860771179199 1.7393739223480225 4.412527322769165
destroyed 0 1150 9 3.2718775272369385 6.158127784729004 0
. 0 1151 1 0.7335513830184937 2.5817654132843018 3.576362371444702
<eos> 0 1152 5 0.0003000785072799772 0.0028620462398976088 2.578903367044404
<unk> 0 1153 5 4.3227219581604 6.158451557159424 0
<unk> 0 1154 5 2.6587321758270264 6.510059356689453 0
, 0 1155 1 4.0032758712768555 4.515315055847168 1.9947443008422852
<unk> 0 1156 5 1.2582017183303833 4.765101432800293 0
homes 0 1157 5 10.767660140991211 4.570107460021973 0.1949939727783203
were 0 1158 4 2.7413456439971924 3.6804800033569336 0.8896274566650391
inundated 0 1159 9 5.062288761138916 5.796559810638428 0
by 0 1160 2 1.5446078777313232 3.4515163898468018 2.345043420791626
flood 0 1161 5 7.053393840789795 6.172590732574463 0
waters 0 1162 6 0.9163290858268738 4.293692588806152 1.8788981437683105
, 0 1163 1 1.6203187704086304 4.110959053039551 0.18273353576660156
prompting 0 1164 9 7.360637187957764 6.169274806976318 0
evacuations 0 1165 11 2.8606576919555664 6.158449172973633 0.010825634002685547
in 0 1166 2 3.3895936012268066 4.70930814743042 1.449141025543213
areas 0 1167 5 6.966535568237305 4.011608123779297 0.697700023651123
built 0 1168 5 11.462682723999023 4.9381279945373535 0
in 0 1169 2 2.2607574462890625 4.304054260253906 0.6340737342834473
<unk> 0 1170 5 1.217708706855774 4.0106730461120605 0.2933812141418457
to 0 1171 2 5.978957653045654 4.147670745849609 0
relocate 0 1172 8 13.738428115844727 7.119642734527588 0
residents 0 1173 9 6.62358283996582 6.4748921394348145 0.6447505950927734
after 0 1174 5 9.950379371643066 4.019934177398682 2.454957962036133
<unk> 0 1175 5 3.0195364952087402 6.681251525878906 0
<unk> 0 1176 5 2.8340375423431396 6.613259315490723 0.0679922103881836
. 0 1177 1 2.482304096221924 5.472554683685303 1.14070463180542
<eos> 0 1178 5 0.0015712374588474631 0.012450464069843292 5.460104219615459
<unk> 0 1179 5 3.954732894897461 6.437087535858154 0
landslides 0 1180 10 11.15097427368164 6.98396635055542 0
blocked 0 1181 7 9.746460914611816 5.5875043869018555 1.3964619636535645
off 0 1182 3 8.738590240478516 5.5276055335998535 0.05989885330200195
roads 0 1183 5 5.704514503479004 5.975835800170898 0
and 0 1184 3 1.6908397674560547 3.885280132293701 2.0905556678771973
a 0 1185 1 7.450362682342529 8.077383041381836 0
<unk> 0 1186 5 4.099573612213135 8.63607406616211 0
m 0 1187 1 8.001677513122559 6.946204662322998 1.6898694038391113
( 0 1188 1 0.266369491815567 1.7092913389205933 5.236913323402405
<unk> 0 1189 5 0.0009383760625496507 0.013032960705459118 1.6962583782151341
ft 0 1190 2 0.08125830441713333 0.3497653901576996 0
) 0 1191 1 0.016328664496541023 0.09608230739831924 0.25368308275938034
section 0 1192 7 8.622698783874512 7.384740829467773 0
of 0 1193 2 0.7171484231948853 3.2532100677490234 4.13153076171875
a 0 1194 1 6.229764461517334 5.443106651306152 0
roundabout 0 1195 10 11.202127456665039 8.210647583007812 0
was 0 1196 3 4.92563533782959 5.614970684051514 2.595676898956299
destroyed 0 1197 9 4.358878135681152 6.947091102600098 0
. 0 1198 1 1.2180993556976318 3.350029468536377 3.5970616340637207
<eos> 0 1199 5 0.00033016889938153327 0.0031218884978443384 3.3469075800385326
<unk> 0 1200 5 4.476726055145264 6.538030624389648 0
the 0 1201 3 9.623246192932129 7.108059406280518 0
community 0 1202 9 11.65701961517334 8.192046165466309 0
of 0 1203 2 1.9609984159469604 6.37379789352417 1.8182482719421387
<unk> 0 1204 5 0.3936532139778137 2.3967912197113037 3.977006673812866
, 0 1205 1 2.4957737922668457 6.355073928833008 0
three 0 1206 5 11.338492393493652 5.606594085693359 0.7484798431396484
people 0 1207 6 3.7491586208343506 7.066504955291748 0
were 0 1208 4 3.0641751289367676 6.133084297180176 0.9334206581115723
killed 0 1209 6 1.3625702857971191 5.142740249633789 0.9903440475463867
after 0 1210 5 6.9882659912109375 3.7400660514831543 1.4026741981506348
being 0 1211 5 5.274050235748291 4.558862209320068 0
washed 0 1212 6 4.9995245933532715 6.399653434753418 0
away 0 1213 4 1.3717060089111328 2.593975782394409 3.805677652359009
by 0 1214 2 2.781116247177124 3.657238006591797 0
flood 0 1215 5 8.278099060058594 5.478914260864258 0
waters 0 1216 6 1.4313222169876099 5.587706565856934 0
. 0 1217 1 0.9615838527679443 3.1066155433654785 2.481091022491455
<eos> 0 1218 5 0.001406132592819631 0.011245173402130604 3.095370369963348
<unk> 0 1219 5 4.423995018005371 6.415737152099609 0
rains 0 1220 5 10.347963333129883 7.0752272605896 0
from 0 1221 4 7.211958885192871 5.799935817718506 1.2752914428710938
<unk> 0 1222 5 1.6497044563293457 3.8315839767456055 1.9683518409729004
caused 0 1223 6 4.022745609283447 6.448189735412598 0
the 0 1224 3 3.5042195320129395 6.031912326812744 0.4162774085998535
<unk> 0 1225 5 3.3394076824188232 7.081233024597168 0
<unk> 0 1226 5 2.494097948074341 6.383218765258789 0.6980142593383789
to 0 1227 2 3.3635802268981934 5.836694717407227 0.5465240478515625
overflow 0 1228 8 3.8958966732025146 7.33082914352417 0
its 0 1229 3 4.387214183807373 5.769311904907227 1.5615172386169434
banks 0 1230 5 1.121018648147583 5.004481792449951 0.7648301124572754
, 0 1231 1 2.248060941696167 3.8737363815307617 1.1307454109191895
placing 0 1232 7 11.855981826782227 6.23449182510376 0
<unk> 0 1233 5 3.599698781967163 6.245968341827393 0
homes 0 1234 5 9.41549015045166 6.268221378326416 0
across 0 1235 6 6.818974494934082 4.285579204559326 1.9826421737670898
<unk> 0 1236 5 2.907351493835449 2.6287167072296143 1.656862497329712
<unk> 0 1237 5 3.4004464149475098 4.967016696929932 0
under 0 1238 5 9.603056907653809 4.413536548614502 0.5534801483154297
water 0 1239 5 7.907682418823242 4.495932102203369 0
. 0 1240 1 1.3338836431503296 4.484165668487549 0.011766433715820312
<eos> 0 1241 5 0.0006301787798292935 0.005553280934691429 4.478612387552857
<unk> 0 1242 5 4.113249778747559 6.628553867340088 0
person 0 1243 6 17.139972686767578 7.106054306030273 0
drowned 0 1244 7 6.792235851287842 6.956874847412109 0.14917945861816406
in 0 1245 2 2.053823709487915 5.3053202629089355 1.6515545845031738
<unk> 0 1246 5 1.1927491426467896 3.745643138885498 1.5596771240234375
<unk> 0 1247 5 2.4050190448760986 4.881969928741455 0
after 0 1248 5 8.455376625061035 4.352430820465088 0.5295391082763672
falling 0 1249 7 7.340266227722168 6.061253547668457 0
in 0 1250 2 4.218708038330078 5.6492509841918945 0.4120025634765625
the 0 1251 3 2.420304775238037 6.499833106994629 0
swollen 0 1252 7 7.928424835205078 8.213641166687012 0
river 0 1253 5 4.984670639038086 7.694085597991943 0.5195555686950684
. 0 1254 1 2.0332093238830566 5.238877296447754 2.4552083015441895
<eos> 0 1255 5 0.0012080161832273006 0.010002154856920242 5.228875141590834
<unk> 0 1256 5 4.050534248352051 6.340954780578613 0
<unk> 0 1257 5 2.65557599067688 6.9946746826171875 0
seven 0 1258 5 14.757513046264648 4.9365949630737305 2.058079719543457
<unk> 0 1259 5 3.457913398742676 6.0629730224609375 0
in 0 1260 2 6.950044631958008 6.426220417022705 0
and 0 1261 3 9.809751510620117 5.392040252685547 1.0341801643371582
around 0 1262 6 1.0774259567260742 4.168833255767822 1.2232069969177246
the 0 1263 3 2.3203539848327637 2.3381338119506836 1.8306994438171387
city 0 1264 4 3.5779285430908203 7.1885294914245605 0
lost 0 1265 4 8.708067893981934 4.925134658813477 2.263394832611084
power 0 1266 5 3.625148057937622 6.554784297943115 0
after 0 1267 5 7.135818958282471 4.166913986206055 2.3878703117370605
muddy 0 1268 5 18.28474235534668 5.35383415222168 0
<unk> 0 1269 5 6.449800491333008 3.6315219402313232 1.7223122119903564
entered 0 1270 7 10.612046241760254 5.4427170753479 0
a 0 1271 1 4.2493791580200195 4.0811052322387695 1.3616118431091309
substation 0 1272 10 14.50240707397461 8.806138038635254 0
. 0 1273 1 1.1476415395736694 3.54374098777771 5.262397050857544
<eos> 0 1274 5 0.0010071228025481105 0.008410668931901455 3.5353303188458085
<unk> 0 1275 5 3.9490890502929688 6.262472152709961 0
<unk> 0 1276 5 2.5108642578125 6.822202205657959 0
, 0 1277 1 3.0501961708068848 5.003808975219727 1.8183932304382324
at 0 1278 2 8.705794334411621 5.127488136291504 0
least 0 1279 5 2.9296557903289795 3.5264079570770264 1.6010801792144775
a 0 1280 1 5.2963762283325195 4.365680694580078 0
dozen 0 1281 5 5.242230415344238 6.71792459487915 0
homes 0 1282 5 5.4933695793151855 7.292727470397949 0
lost 0 1283 4 9.124856948852539 4.872616767883301 2.4201107025146484
their 0 1284 5 5.883560657501221 6.886806011199951 0
roofs 0 1285 5 3.1244375705718994 5.631311893463135 1.2554941177368164
due 0 1286 3 7.883101463317871 3.436354398727417 2.1949574947357178
to 0 1287 2 0.009595264680683613 0.09330084919929504 3.343053549528122
high 0 1288 4 6.820578575134277 6.279166221618652 0
winds 0 1289 5 1.4152575731277466 4.275338172912598 2.0038280487060547
. 0 1290 1 1.8364170789718628 3.7180635929107666 0.557274580001831
<eos> 0 1291 5 0.0016207137377932668 0.012743872590363026 3.7053197203204036
<unk> 0 1292 5 3.988953113555908 6.4375901222229 0
of 0 1293 2 7.724565029144287 7.111529350280762 0
<unk> 0 1294 5 1.8586246967315674 3.8516952991485596 3.259834051132202
, 0 1295 1 3.642479658126831 6.919877529144287 0
<unk> 0 1296 5 1.015232801437378 4.544382095336914 2.375495433807373
, 0 1297 1 1.716326355934143 5.33756160736084 0
<unk> 0 1298 5 1.9688063859939575 5.534765720367432 0
and 0 1299 3 2.3493902683258057 2.4760687351226807 3.058696985244751
<unk> 0 1300 5 0.3024473190307617 1.9809870719909668 0.49508166313171387
experienced 0 1301 11 7.493388652801514 5.693121910095215 0
heavy 0 1302 5 4.524307727813721 6.144813537597656 0
rains 0 1303 5 3.1528382301330566 3.128786087036133 3.0160274505615234
; 0 1304 1 5.896583557128906 4.177914142608643 0
however 0 1305 7 4.335049629211426 6.405402660369873 0
, 0 1306 1 0.033136121928691864 0.30784282088279724 6.097559839487076
in 0 1307 2 5.232292652130127 5.954590320587158 0
many 0 1308 4 7.105160713195801 3.7293553352355957 2.2252349853515625
areas 0 1309 5 1.1772915124893188 3.808121681213379 0
, 0 1310 1 1.032341718673706 3.8181650638580322 0
the 0 1311 3 2.3630292415618896 6.387131690979004 0
rain 0 1312 4 8.099323272705078 7.041526794433594 0
proved 0 1313 6 12.814369201660156 6.1836628913879395 0.8578639030456543
beneficial 0 1314 10 2.5281035900115967 4.892384052276611 1.2912788391113281
in 0 1315 2 4.340732097625732 3.0499041080474854 1.842479944229126
mitigating 0 1316 10 16.285736083984375 5.875916004180908 0
a 0 1317 1 5.893020153045654 5.8398332595825195 0.03608274459838867
severe 0 1318 6 5.43943977355957 8.482443809509277 0
drought 0 1319 7 1.4192888736724854 5.3735270500183105 3.108916759490967
. 0 1320 1 0.8029939532279968 3.0884029865264893 2.2851240634918213
<eos> 0 1321 5 0.0005199817824177444 0.00467516016215086 3.0837278263643384
=========================================================================================
| End of testing | test loss  2.93 | test ppl    18.70
=========================================================================================
