word sentid sentpos wlen surp entropy entred
= 0 0 1 6.295143127441406 7.258259296417236 0
<unk> 0 1 5 4.633908748626709 0.6031642556190491 6.655095040798187
<unk> 0 2 5 0.9858512878417969 4.921291828155518 0
<unk> 0 3 5 2.6327476501464844 3.0569536685943604 1.8643381595611572
( 0 4 1 4.2432427406311035 2.9713242053985596 0.08562946319580078
<unk> 0 5 5 0.4417862892150879 3.2019295692443848 0
highway 0 6 7 7.278355121612549 2.4358084201812744 0.7661211490631104
) 0 7 1 0.07347656786441803 0.5778794288635254 1.857928991317749
= 0 8 1 0.004298144951462746 0.044265031814575195 0.5336143970489502
<eos> 0 9 5 23.302488327026367 1.0406461954116821 0
= 0 10 1 15.951484680175781 2.0724270343780518 0
<unk> 0 11 5 0.33278778195381165 2.1752243041992188 0
<unk> 0 12 5 0.5138126611709595 3.0334017276763916 0
<unk> 0 13 5 0.9633849263191223 3.8070766925811768 0
( 0 14 1 2.015444040298462 4.226833343505859 0
<unk> 0 15 5 0.38316914439201355 2.7346339225769043 1.492199420928955
highway 0 16 7 7.409480571746826 2.322770595550537 0.4118633270263672
) 0 17 1 1.0314942598342896 1.8153982162475586 0.5073723793029785
= 0 18 1 3.596041679382324 3.4258861541748047 0
<eos> 0 19 5 14.89292049407959 2.751495361328125 0.6743907928466797
<unk> 0 20 5 0.8390703201293945 3.5359888076782227 0
<unk> 0 21 5 2.622653007507324 3.4870686531066895 0.0489201545715332
<unk> 0 22 5 2.534738063812256 3.352297782897949 0.13477087020874023
is 0 23 2 2.4877524375915527 3.317464590072632 0.03483319282531738
a 0 24 1 0.6431517601013184 1.4539624452590942 1.8635021448135376
state 0 25 5 6.931420803070068 5.379730224609375 0
<unk> 0 26 5 4.2762274742126465 2.212770462036133 3.166959762573242
in 0 27 2 6.911971569061279 2.6270084381103516 0
the 0 28 3 3.454435348510742 1.2276121377944946 1.399396300315857
<unk> 0 29 5 1.6192703247070312 4.398282051086426 0
<unk> 0 30 5 4.2546772956848145 4.581549644470215 0
in 0 31 2 7.939635276794434 5.373744964599609 0
the 0 32 3 1.1108484268188477 2.2110044956207275 3.162740468978882
<unk> 0 33 5 1.5227453708648682 3.780209541320801 0
state 0 34 5 1.9557206630706787 5.293565273284912 0
of 0 35 2 0.03842773661017418 0.30976858735084534 4.983796685934067
<unk> 0 36 5 0.07707305252552032 0.5464268922805786 0
that 0 37 4 6.598607063293457 2.1518633365631104 0
travels 0 38 7 8.786332130432129 5.572857856750488 0
between 0 39 7 5.41129207611084 4.853474140167236 0.719383716583252
<unk> 0 40 5 0.6608261466026306 2.3070578575134277 2.5464162826538086
and 0 41 3 0.7503699660301208 2.874995231628418 0
<unk> 0 42 5 0.3907169997692108 2.108107566833496 0.7668876647949219
<unk> 0 43 5 4.327061653137207 4.367103099822998 0
. 0 44 1 2.0107812881469727 4.50359582901001 0
<eos> 0 45 5 0.0002448825107421726 0.00246258033439517 4.501133248675615
<unk> 0 46 5 4.515976905822754 3.6164753437042236 0
section 0 47 7 17.035533905029297 4.457725524902344 0
between 0 48 7 9.164897918701172 4.716217041015625 0
<unk> 0 49 5 0.8090834617614746 2.112961530685425 2.6032555103302
and 0 50 3 0.4051196575164795 1.8257044553756714 0.2872570753097534
<unk> 0 51 5 0.23551176488399506 1.4487279653549194 0.37697649002075195
<unk> 0 52 5 3.5129590034484863 5.384557723999023 0
travels 0 53 7 11.039087295532227 5.0660505294799805 0.31850719451904297
through 0 54 7 3.212960720062256 5.072769641876221 0
<unk> 0 55 5 1.7194193601608276 3.6318347454071045 1.4409348964691162
and 0 56 3 2.308073043823242 4.4049601554870605 0
along 0 57 5 10.019039154052734 3.6957526206970215 0.7092075347900391
the 0 58 3 1.0990846157073975 3.190575122833252 0.5051774978637695
southern 0 59 8 4.364908695220947 4.261565685272217 0
edge 0 60 4 2.2352049350738525 4.860340595245361 0
of 0 61 2 0.007440698798745871 0.07344632595777512 4.786894269287586
<unk> 0 62 5 1.4383941888809204 2.2291226387023926 0
<unk> 0 63 5 3.485752582550049 4.3227009773254395 0
<unk> 0 64 5 2.665268898010254 4.350110054016113 0
. 0 65 1 2.077239513397217 4.992233753204346 0
<eos> 0 66 5 0.00031366225448437035 0.0031467718072235584 4.989086981397122
<unk> 0 67 5 3.4830806255340576 3.801618814468384 0
current 0 68 7 15.62397289276123 4.24458646774292 0
version 0 69 7 15.804784774780273 5.727660179138184 0
of 0 70 2 0.862729549407959 3.97320818901062 1.7544519901275635
<unk> 0 71 5 1.5372482538223267 2.9288082122802734 1.0443999767303467
<unk> 0 72 5 0.9175660014152527 4.310462951660156 0
<unk> 0 73 5 2.744671106338501 5.26415491104126 0
is 0 74 2 2.0901176929473877 5.86851167678833 0
actually 0 75 8 12.122344017028809 5.9786481857299805 0
the 0 76 3 2.1385560035705566 5.628430366516113 0.3502178192138672
second 0 77 6 6.021214485168457 6.768077373504639 0
in 0 78 2 8.297611236572266 5.339879035949707 1.4281983375549316
the 0 79 3 1.0016765594482422 3.0181214809417725 2.3217575550079346
state 0 80 5 4.385850429534912 4.837787628173828 0
; 0 81 1 7.489278793334961 3.8949289321899414 0.9428586959838867
the 0 82 3 1.9232406616210938 4.978754043579102 0
first 0 83 5 5.334932327270508 6.563226699829102 0
usage 0 84 5 11.634757995605469 7.396896839141846 0
appeared 0 85 8 13.249666213989258 3.1838653087615967 4.213031530380249
in 0 86 2 0.6182845830917358 2.2898244857788086 0.8940408229827881
the 0 87 3 1.618754506111145 2.642021656036377 0
<unk> 0 88 5 1.6048182249069214 5.788003921508789 0
<unk> 0 89 5 1.7805776596069336 6.482616424560547 0
by 0 90 2 8.810303688049316 5.682860374450684 0.7997560501098633
<unk> 0 91 5 0.4663839638233185 2.2838220596313477 3.399038314819336
. 0 92 1 2.126655101776123 3.947885036468506 0
<eos> 0 93 5 0.0007291940855793655 0.006375563330948353 3.9415094731375575
<unk> 0 94 5 3.04721736907959 4.8994059562683105 0
<unk> 0 95 5 1.1922869682312012 5.276158809661865 0
<unk> 0 96 5 2.25187349319458 5.227360248565674 0.048798561096191406
routing 0 97 7 15.848222732543945 5.8350372314453125 0
has 0 98 3 6.071054935455322 6.155982971191406 0
been 0 99 4 1.3192527294158936 4.826033592224121 1.3299493789672852
in 0 100 2 6.095546722412109 7.701987266540527 0
use 0 101 3 2.7470459938049316 4.624053955078125 3.0779333114624023
since 0 102 5 0.33556970953941345 1.5684404373168945 3.0556135177612305
the 0 103 3 2.081634044647217 2.6426103115081787 0
1920s 0 104 5 5.947089672088623 5.934782981872559 0
. 0 105 1 1.660664439201355 3.331462860107422 2.6033201217651367
<eos> 0 106 5 0.0009906238410621881 0.00842776708304882 3.323035093024373
<unk> 0 107 5 3.280047655105591 5.177366733551025 0
extensions 0 108 10 14.296039581298828 5.224125862121582 0
and 0 109 3 5.019819736480713 5.603051662445068 0
<unk> 0 110 5 1.9791460037231445 7.754611968994141 0
have 0 111 4 4.975762367248535 6.735397815704346 1.019214153289795
shifted 0 112 7 10.71043586730957 5.641002178192139 1.094395637512207
the 0 113 3 3.2937002182006836 5.860064506530762 0
terminus 0 114 8 12.53645133972168 8.436053276062012 0
as 0 115 2 8.667214393615723 4.369928359985352 4.06612491607666
far 0 116 3 3.004399299621582 4.508715629577637 0
west 0 117 4 5.239978313446045 2.1984145641326904 2.3103010654449463
as 0 118 2 0.020516790449619293 0.17557863891124725 2.022835925221443
<unk> 0 119 5 0.6476068496704102 2.2952306270599365 0
<unk> 0 120 5 3.360044240951538 4.332858562469482 0
or 0 121 2 8.914076805114746 4.352332592010498 0
<unk> 0 122 5 0.6779584288597107 4.004143714904785 0.3481888771057129
in 0 123 2 5.717828750610352 3.248570203781128 0.7555735111236572
the 0 124 3 1.7105752229690552 3.605138063430786 0
past 0 125 4 8.00070571899414 6.004857540130615 0
. 0 126 1 1.478756308555603 4.495871067047119 1.508986473083496
<eos> 0 127 5 0.00170883908867836 0.013507206924259663 4.4823638601228595
<unk> 0 128 5 3.016892194747925 5.131928443908691 0
current 0 129 7 12.311745643615723 5.347056865692139 0
route 0 130 5 7.503403663635254 6.617986679077148 0
was 0 131 3 6.665048599243164 3.220378875732422 3.3976078033447266
finalized 0 132 9 14.161208152770996 7.2425312995910645 0
in 0 133 2 1.0821064710617065 3.595771312713623 3.6467599868774414
the 0 134 3 4.249619960784912 1.0151528120040894 2.5806185007095337
late 0 135 4 2.5383400917053223 4.8112874031066895 0
1970s 0 136 5 2.978348731994629 3.91137433052063 0.8999130725860596
<eos> 0 137 5 17.387226104736328 3.118426561355591 0.7929477691650391
= 0 138 1 9.527729988098145 6.241922378540039 0
= 0 139 1 0.06598913669586182 0.40743815898895264 5.834484219551086
<unk> 0 140 5 5.23182487487793 3.8071627616882324 0
description 0 141 11 10.505717277526855 5.843062400817871 0
= 0 142 1 0.04932460933923721 0.33695173263549805 5.506110668182373
= 0 143 1 3.577194729587063e-05 0.0005536778480745852 0.33639805478742346
<eos> 0 144 5 20.08025360107422 4.182701110839844 0
<unk> 0 145 5 1.0690853595733643 5.198422908782959 0
<unk> 0 146 5 1.4412131309509277 5.01680850982666 0.18161439895629883
<unk> 0 147 5 2.8531811237335205 5.249868392944336 0
begins 0 148 6 6.947391986846924 5.407440662384033 0
at 0 149 2 2.0568273067474365 4.541433334350586 0.8660073280334473
a 0 150 1 2.7734017372131348 3.27435564994812 1.2670776844024658
junction 0 151 8 3.6952261924743652 7.735409736633301 0
with 0 152 4 0.14437739551067352 0.8624758720397949 6.872933864593506
<unk> 0 153 5 0.7535371780395508 2.778789520263672 0
<unk> 0 154 5 0.24609747529029846 1.350215196609497 1.4285743236541748
<unk> 0 155 5 4.317947864532471 4.398022651672363 0
and 0 156 3 4.289376735687256 5.385748863220215 0
<unk> 0 157 5 1.2054897546768188 4.8486647605896 0.5370841026306152
<unk> 0 158 5 0.1282193511724472 1.0244828462600708 3.824181914329529
<unk> 0 159 5 3.521070957183838 4.780261039733887 0
west 0 160 4 7.7823967933654785 5.678617477416992 0
of 0 161 2 1.0320857763290405 3.3930230140686035 2.2855944633483887
<unk> 0 162 5 0.695574939250946 2.1763970851898193 1.2166259288787842
. 0 163 1 1.4266936779022217 3.996173143386841 0
<eos> 0 164 5 0.00031366225448437035 0.003032304812222719 3.993140838574618
<unk> 0 165 5 2.6827971935272217 4.120770454406738 0
junction 0 166 8 14.084680557250977 0.9768366813659668 3.1439337730407715
is 0 167 2 1.9446229934692383 5.148288249969482 0
at 0 168 2 5.73464298248291 5.143515586853027 0.004772663116455078
a 0 169 1 3.7230334281921387 3.008026361465454 2.1354892253875732
<unk> 0 170 5 4.680192947387695 5.315733432769775 0
of 0 171 2 9.15024471282959 3.527125358581543 1.7886080741882324
county 0 172 6 14.127281188964844 1.9807788133621216 1.5463465452194214
lines 0 173 5 8.233742713928223 4.729706764221191 0
. 0 174 1 3.4397425651550293 4.408851623535156 0.32085514068603516
<eos> 0 175 5 0.0003824387094937265 0.0036481230054050684 4.405203500529751
<unk> 0 176 5 2.81124210357666 4.364802837371826 0
<unk> 0 177 5 0.2009693682193756 1.3766659498214722 2.988136887550354
<unk> 0 178 5 4.2062554359436035 5.410107612609863 0
forms 0 179 5 9.777456283569336 6.233850955963135 0
the 0 180 3 2.0723001956939697 3.7353591918945312 2.4984917640686035
north 0 181 5 6.473736763000488 6.028167247772217 0
– 0 182 1 6.118515491485596 4.003747940063477 2.0244193077087402
south 0 183 5 0.6027344465255737 1.5481936931610107 2.455554246902466
<unk> 0 184 5 5.694755554199219 5.062478065490723 0
– 0 185 1 5.739041805267334 6.380765438079834 0
<unk> 0 186 5 0.29385918378829956 1.9444156885147095 4.4363497495651245
and 0 187 3 7.6468424797058105 5.702939033508301 0
<unk> 0 188 5 0.7352464199066162 3.759937286376953 1.9430017471313477
– 0 189 1 4.94343376159668 5.361423015594482 0
<unk> 0 190 5 0.08800838887691498 0.75555020570755 4.605872809886932
county 0 191 6 5.247961044311523 5.871769905090332 0
lines 0 192 5 9.690279006958008 2.5302772521972656 3.3414926528930664
. 0 193 1 2.0138564109802246 4.759469985961914 0
<eos> 0 194 5 0.00031091112759895623 0.003039856208488345 4.756430129753426
<unk> 0 195 5 2.6099233627319336 4.030467510223389 0
<unk> 0 196 5 0.5108518004417419 2.7305080890655518 1.299959421157837
<unk> 0 197 5 3.9974987506866455 5.193328380584717 0
, 0 198 1 3.644122362136841 5.71122932434082 0
which 0 199 5 2.9277994632720947 5.336794376373291 0.3744349479675293
forms 0 200 5 7.235874176025391 5.3446125984191895 0
the 0 201 3 1.7261416912078857 4.252387523651123 1.0922250747680664
east 0 202 4 6.545871734619141 5.684478759765625 0
– 0 203 1 4.892520904541016 4.165139198303223 1.5193395614624023
west 0 204 4 0.3315577208995819 1.1373835802078247 3.027755618095398
<unk> 0 205 5 5.971485137939453 6.060749053955078 0
– 0 206 1 7.208948612213135 6.476683616638184 0
<unk> 0 207 5 1.1463372707366943 4.93477725982666 1.5419063568115234
county 0 208 6 5.270384788513184 5.7950615882873535 0
line 0 209 4 1.2406857013702393 3.8963088989257812 1.8987526893615723
runs 0 210 4 5.476711750030518 3.5813791751861572 0.314929723739624
due 0 211 3 11.880825996398926 4.7871413230896 0
west 0 212 4 3.6433849334716797 2.278994083404541 2.5081472396850586
of 0 213 2 6.497056007385254 4.097838878631592 0
the 0 214 3 1.8090429306030273 3.037599563598633 1.060239315032959
intersection 0 215 12 6.347487449645996 5.314611911773682 0
. 0 216 1 4.965926170349121 2.472700595855713 2.8419113159179688
<eos> 0 217 5 0.0005834191688336432 0.005336885340511799 2.467363710515201
<unk> 0 218 5 2.7300238609313965 4.335265636444092 0
<unk> 0 219 5 0.5148060321807861 2.7243435382843018 1.61092209815979
<unk> 0 220 5 4.105854511260986 5.505597114562988 0
exits 0 221 5 10.97716236114502 6.048189640045166 0
the 0 222 3 1.2430026531219482 4.140676498413086 1.90751314163208
intersection 0 223 12 8.332653999328613 5.582167625427246 0
to 0 224 2 5.26009464263916 2.710123062133789 2.872044563293457
the 0 225 3 1.3837530612945557 3.817781448364258 0
east 0 226 4 3.677990674972534 5.19258975982666 0
. 0 227 1 4.43394660949707 4.209754467010498 0.9828352928161621
<eos> 0 228 5 0.0003631816362030804 0.0035275195259600878 4.206226947484538
<unk> 0 229 5 2.774395227432251 4.484933853149414 0
highway 0 230 7 6.555703639984131 2.340876579284668 2.144057273864746
runs 0 231 4 6.261722087860107 3.5882034301757812 0
along 0 232 5 3.268594980239868 4.822211265563965 0
48th 0 233 4 19.544601440429688 2.7833893299102783 2.0388219356536865
<unk> 0 234 5 4.862216472625732 1.3965404033660889 1.3868489265441895
through 0 235 7 8.595613479614258 5.436004161834717 0
rural 0 236 5 7.941737651824951 3.280630588531494 2.1553735733032227
farms 0 237 5 9.875626564025879 5.20428991317749 0
into 0 238 4 9.961017608642578 3.4931135177612305 1.7111763954162598
the 0 239 3 1.6326243877410889 4.011270523071289 0
community 0 240 9 4.608090877532959 5.748098373413086 0
of 0 241 2 0.3224083185195923 1.616210699081421 4.131887674331665
<unk> 0 242 5 0.2692064642906189 1.9013081789016724 0
. 0 243 1 1.262168288230896 3.3590400218963623 0
<eos> 0 244 5 0.00021186706726439297 0.00216295151039958 3.3568770703859627
<unk> 0 245 5 2.8257534503936768 4.69740629196167 0
road 0 246 4 5.539041042327881 1.6767940521240234 3.0206122398376465
, 0 247 1 4.541120529174805 5.444587230682373 0
now 0 248 3 4.598089694976807 5.286371231079102 0.15821599960327148
called 0 249 6 4.565465450286865 4.861909866333008 0.42446136474609375
<unk> 0 250 5 1.1177880764007568 3.0267140865325928 1.835195779800415
<unk> 0 251 5 1.4877681732177734 3.689419984817505 0
, 0 252 1 0.5699945092201233 2.6710658073425293 1.0183541774749756
passes 0 253 6 5.213399410247803 4.421113967895508 0
through 0 254 7 1.440322995185852 4.578741073608398 0
the 0 255 3 1.6194216012954712 4.783210754394531 0
downtown 0 256 8 6.55497407913208 6.253382682800293 0
area 0 257 4 0.949264407157898 4.209799289703369 2.043583393096924
and 0 258 3 3.106273651123047 3.9703662395477295 0.23943305015563965
<unk> 0 259 5 4.266507148742676 6.809364318847656 0
<unk> 0 260 5 2.585573434829712 6.43973970413208 0.36962461471557617
<unk> 0 261 5 4.494107246398926 6.567348480224609 0
turns 0 262 5 10.118910789489746 6.938119411468506 0
south 0 263 5 3.8361101150512695 4.758892059326172 2.179227352142334
along 0 264 5 4.126664638519287 4.14907693862915 0.6098151206970215
<unk> 0 265 5 2.383723497390747 4.09133243560791 0.057744503021240234
<unk> 0 266 5 2.889724016189575 3.236210584640503 0.8551218509674072
out 0 267 3 13.314096450805664 4.637507438659668 0
of 0 268 2 0.30044683814048767 1.7361457347869873 2.9013617038726807
town 0 269 4 4.558002471923828 3.7913894653320312 0
. 0 270 1 0.6921710968017578 2.735895872116089 1.0554935932159424
<eos> 0 271 5 0.0002008617448154837 0.0020592256914824247 2.7338366464246064
<unk> 0 272 5 3.0075430870056152 4.771151542663574 0
highway 0 273 7 7.834698677062988 0.8934285640716553 3.877722978591919
rounds 0 274 6 19.211259841918945 3.133049249649048 0
a 0 275 1 8.931693077087402 6.625871181488037 0
curve 0 276 5 9.506601333618164 5.023390293121338 1.6024808883666992
and 0 277 3 4.542261123657227 5.5248236656188965 0
transitions 0 278 11 13.904723167419434 7.470200061798096 0
to 0 279 2 1.2110220193862915 3.9993529319763184 3.4708471298217773
<unk> 0 280 5 3.196664810180664 4.413947582244873 0
<unk> 0 281 5 0.8408356308937073 3.3585755825042725 1.0553719997406006
running 0 282 7 11.460411071777344 5.236103057861328 0
eastward 0 283 8 6.757034778594971 5.1606669425964355 0.07543611526489258
through 0 284 7 3.1492223739624023 4.651181221008301 0.5094857215881348
more 0 285 4 9.114964485168457 3.8986387252807617 0.7525424957275391
farm 0 286 4 10.845013618469238 4.999880790710449 0
land 0 287 4 8.148307800292969 3.373107671737671 1.6267731189727783
. 0 288 1 1.3318281173706055 3.558950185775757 0
<eos> 0 289 5 0.000891454576049 0.007884115912020206 3.5510660698637366
<unk> 0 290 5 3.3248114585876465 4.96783447265625 0
the 0 291 3 11.2196044921875 1.8940627574920654 3.0737717151641846
<unk> 0 292 5 1.5847361087799072 6.075233459472656 0
approaches 0 293 10 10.897651672363281 7.136462688446045 0
<unk> 0 294 5 2.125570774078369 4.958602428436279 2.1778602600097656
, 0 295 1 3.3642709255218506 5.5654754638671875 0
the 0 296 3 4.456168174743652 5.558421611785889 0.007053852081298828
terrain 0 297 7 12.833308219909668 7.152237415313721 0
becomes 0 298 7 9.260738372802734 6.259973049163818 0.8922643661499023
more 0 299 4 3.8881494998931885 7.120213031768799 0
wooded 0 300 6 3.989473342895508 7.430398941040039 0
near 0 301 4 7.662770748138428 3.673841714859009 3.7565572261810303
the 0 302 3 1.1581159830093384 3.653425693511963 0.0204160213470459
<unk> 0 303 5 2.4363033771514893 7.04173469543457 0
<unk> 0 304 5 3.0756497383117676 5.857715129852295 1.1840195655822754
. 0 305 1 4.370545387268066 6.175748348236084 0
<eos> 0 306 5 0.00017885086708702147 0.0018644625088199973 6.173883885727264
<unk> 0 307 5 2.893204927444458 5.260625839233398 0
<unk> 0 308 5 0.1555163562297821 1.1807788610458374 4.079846978187561
<unk> 0 309 5 5.202775001525879 5.531611919403076 0
follows 0 310 7 5.9178338050842285 6.74766731262207 0
<unk> 0 311 5 2.186222791671753 3.9404079914093018 2.8072593212127686
<unk> 0 312 5 1.222086787223816 4.033171653747559 0
east 0 313 4 6.570967197418213 5.401270389556885 0
to 0 314 2 1.920974612236023 3.363407611846924 2.037862777709961
a 0 315 1 4.674784183502197 4.189892768859863 0
junction 0 316 8 1.777395248413086 6.5168609619140625 0
with 0 317 4 0.23424850404262543 1.3732320070266724 5.14362895488739
<unk> 0 318 5 1.2457075119018555 3.3365697860717773 0
<unk> 0 319 5 0.26163384318351746 1.4049701690673828 1.9315996170043945
<unk> 0 320 5 4.847665309906006 4.302201271057129 0
. 0 321 1 3.502810478210449 5.449304580688477 0
<eos> 0 322 5 0.0007016905001364648 0.006609778851270676 5.442694801837206
<unk> 0 323 5 2.6583454608917236 4.858544826507568 0
two 0 324 3 12.288172721862793 1.0279656648635864 3.830579161643982
highways 0 325 8 10.501419067382812 5.527527332305908 0
merge 0 326 5 6.8980631828308105 6.912567615509033 0
and 0 327 3 4.671164512634277 4.057977676391602 2.8545899391174316
run 0 328 3 4.111221790313721 7.208070278167725 0
concurrently 0 329 12 3.149935245513916 4.939273834228516 2.268796443939209
over 0 330 4 7.4442853927612305 3.975567102432251 0.9637067317962646
the 0 331 3 1.0365601778030396 3.4667327404022217 0.5088343620300293
river 0 332 5 5.301275730133057 4.811946868896484 0
and 0 333 3 3.8597915172576904 4.7443976402282715 0.06754922866821289
into 0 334 4 5.112203598022461 7.152495861053467 0
downtown 0 335 8 5.7854509353637695 3.791210412979126 3.361285448074341
on 0 336 2 7.194042682647705 3.802381753921509 0
<unk> 0 337 5 3.390575885772705 3.424518585205078 0.37786316871643066
<unk> 0 338 5 4.027499198913574 4.58652400970459 0
. 0 339 1 1.9050586223602295 4.376357078552246 0.21016693115234375
<eos> 0 340 5 0.00015133678971324116 0.0016428744420409203 4.374714204110205
<unk> 0 341 5 2.795100688934326 4.934314250946045 0
of 0 342 2 11.137238502502441 1.2212196588516235 3.7130945920944214
downtown 0 343 8 9.494522094726562 2.6930081844329834 0
, 0 344 1 4.942720890045166 3.3350369930267334 0
<unk> 0 345 5 2.6012320518493652 6.255955696105957 0
<unk> 0 346 5 0.9732773303985596 4.382877349853516 1.8730783462524414
<unk> 0 347 5 4.340946674346924 6.1779937744140625 0
turns 0 348 5 5.968439102172852 6.672065734863281 0
east 0 349 4 2.7486073970794678 4.608901023864746 2.063164710998535
again 0 350 5 8.012214660644531 4.270594596862793 0.3383064270019531
, 0 351 1 1.601983904838562 3.7469470500946045 0.5236475467681885
independent 0 352 11 19.165145874023438 5.62551736831665 0
of 0 353 2 2.1907052993774414 5.161891460418701 0.4636259078979492
<unk> 0 354 5 1.6328719854354858 4.027850151062012 1.1340413093566895
<unk> 0 355 5 1.1110904216766357 4.263667106628418 0
<unk> 0 356 5 3.4568114280700684 4.662772178649902 0
, 0 357 1 2.8446452617645264 5.625734806060791 0
and 0 358 3 2.1084728240966797 5.249764442443848 0.37597036361694336
runs 0 359 4 6.402370452880859 6.106001853942871 0
along 0 360 5 3.2102530002593994 5.133484840393066 0.9725170135498047
<unk> 0 361 5 3.4959256649017334 2.597545862197876 2.5359389781951904
<unk> 0 362 5 2.099682569503784 4.091179847717285 0
on 0 363 2 6.991306304931641 4.97592830657959 0
the 0 364 3 1.1317943334579468 3.7479991912841797 1.2279291152954102
southern 0 365 8 5.313752174377441 5.823543071746826 0
edge 0 366 4 1.4443542957305908 4.210278511047363 1.613264560699463
of 0 367 2 0.010605274699628353 0.09115642309188843 4.119122087955475
the 0 368 3 1.1828609704971313 2.7600929737091064 0
<unk> 0 369 5 2.8149735927581787 5.391642093658447 0
<unk> 0 370 5 3.257732629776001 6.169719219207764 0
<unk> 0 371 5 2.581925868988037 6.392233371734619 0
. 0 372 1 4.428044319152832 6.945253849029541 0
<eos> 0 373 5 0.0003961936163250357 0.003858597483485937 6.941395251546055
<unk> 0 374 5 2.389843463897705 4.940616607666016 0
east 0 375 4 11.784160614013672 1.054542064666748 3.8860745429992676
end 0 376 3 6.141690254211426 5.303004264831543 0
of 0 377 2 2.998624801635742 6.8628010749816895 0
<unk> 0 378 5 1.0778193473815918 3.0085954666137695 3.85420560836792
<unk> 0 379 5 0.7322993278503418 3.6150293350219727 0
<unk> 0 380 5 4.685657501220703 5.742969989776611 0
is 0 381 2 4.363430976867676 6.978579998016357 0
at 0 382 2 5.833552360534668 6.412354469299316 0.566225528717041
exit 0 383 4 5.327178001403809 3.7824771404266357 2.6298773288726807
<unk> 0 384 5 0.07025691121816635 0.6078786253929138 3.174598515033722
on 0 385 2 3.9679672718048096 4.1203107833862305 0
<unk> 0 386 5 3.2057125568389893 3.076479911804199 1.0438308715820312
<unk> 0 387 5 2.209132432937622 3.561645746231079 0
/ 0 388 1 8.186211585998535 3.6875224113464355 0
<unk> 0 389 5 0.3496200442314148 1.9678065776824951 1.7197158336639404
<unk> 0 390 5 1.0809067487716675 3.588393211364746 0
<unk> 0 391 5 3.3535256385803223 4.380880355834961 0
west 0 392 4 8.928271293640137 5.060166835784912 0
of 0 393 2 1.3519212007522583 3.721395254135132 1.3387715816497803
<unk> 0 394 5 0.7457360625267029 2.58535099029541 1.1360442638397217
<unk> 0 395 5 3.272787094116211 3.739248752593994 0
. 0 396 1 1.2502561807632446 3.5976202487945557 0.14162850379943848
<eos> 0 397 5 0.0003576795570552349 0.0034849713556468487 3.594135277438909
<unk> 0 398 5 2.411386489868164 4.5879926681518555 0
<unk> 0 399 5 0.11084774881601334 0.9179052114486694 3.670087456703186
<unk> 0 400 5 4.197876453399658 5.875852108001709 0
of 0 401 2 8.432171821594238 6.71181058883667 0
<unk> 0 402 5 0.9300189018249512 3.0916523933410645 3.6201581954956055
( 0 403 1 9.031070709228516 3.6447086334228516 0
<unk> 0 404 5 0.8833248615264893 4.441823959350586 0
) 0 405 1 2.8504295349121094 3.9241364002227783 0.5176875591278076
, 0 406 1 2.9374582767486572 6.245884418487549 0
as 0 407 2 7.802151203155518 5.582027912139893 0.6638565063476562
a 0 408 1 4.806257247924805 2.984062671661377 2.5979652404785156
part 0 409 4 2.9846420288085938 6.759866237640381 0
of 0 410 2 0.012118623591959476 0.11195659637451172 6.647909641265869
its 0 411 3 6.288285732269287 3.9356467723846436 0
maintenance 0 412 11 8.905135154724121 7.106741428375244 0
responsibilities 0 413 16 5.2105021476745605 6.717810153961182 0.3889312744140625
, 0 414 1 1.3332810401916504 2.887173652648926 3.830636501312256
tracks 0 415 6 13.365192413330078 6.471384048461914 0
the 0 416 3 2.8237693309783936 6.746458530426025 0
volume 0 417 6 10.175683975219727 7.301285266876221 0
of 0 418 2 0.32793647050857544 2.1525752544403076 5.148710012435913
traffic 0 419 7 2.32641339302063 5.68752384185791 0
using 0 420 5 8.349214553833008 5.335526466369629 0.35199737548828125
its 0 421 3 5.9572906494140625 4.884232997894287 0.4512934684753418
roadways 0 422 8 5.967592716217041 7.438965320587158 0
. 0 423 1 1.6837210655212402 4.167958736419678 3.2710065841674805
<eos> 0 424 5 0.0012767500011250377 0.010508300736546516 4.157450435683131
<unk> 0 425 5 2.9929189682006836 4.889899253845215 0
levels 0 426 6 16.22347640991211 2.564074993133545 2.32582426071167
are 0 427 3 2.2433183193206787 6.095995903015137 0
expressed 0 428 9 7.753737449645996 8.151626586914062 0
in 0 429 2 1.6770923137664795 4.446960926055908 3.7046656608581543
terms 0 430 5 6.790191650390625 5.929136753082275 0
of 0 431 2 0.008125954307615757 0.07963549345731735 5.849501259624958
a 0 432 1 5.703785419464111 6.852498531341553 0
metric 0 433 6 7.141988277435303 7.742334365844727 0
called 0 434 6 4.166199684143066 6.363860130310059 1.378474235534668
average 0 435 7 1.1062172651290894 4.177907943725586 2.1859521865844727
annual 0 436 6 0.8060867786407471 2.574274778366089 1.603633165359497
daily 0 437 5 0.4426531195640564 1.731581449508667 0.8426933288574219
traffic 0 438 7 0.15374977886676788 0.9522359371185303 0.7793455123901367
( 0 439 1 0.14630639553070068 0.9398595690727234 0.012376368045806885
<unk> 0 440 5 0.08814316242933273 0.7047532796859741 0.23510628938674927
) 0 441 1 0.30965954065322876 1.019909143447876 0
, 0 442 1 2.2799477577209473 2.8933446407318115 0
which 0 443 5 2.4636433124542236 5.682662010192871 0
is 0 444 2 1.0752356052398682 4.728523254394531 0.9541387557983398
a 0 445 1 3.209306240081787 6.642486572265625 0
calculation 0 446 11 3.063811779022217 5.607905864715576 1.0345807075500488
of 0 447 2 0.20775507390499115 1.4286525249481201 4.179253339767456
the 0 448 3 1.4965243339538574 4.453190803527832 0
traffic 0 449 7 6.598546504974365 4.223747253417969 0.22944355010986328
along 0 450 5 8.308026313781738 4.223179817199707 0.0005674362182617188
a 0 451 1 5.840574741363525 3.070276975631714 1.1529028415679932
segment 0 452 7 2.6289241313934326 6.058354377746582 0
of 0 453 2 0.35689008235931396 1.943121314048767 4.115233063697815
road 0 454 4 5.270013332366943 4.518720626831055 0
for 0 455 3 6.723469257354736 5.234549045562744 0
any 0 456 3 6.214433670043945 5.517654895782471 0
average 0 457 7 2.880880117416382 6.715824127197266 0
day 0 458 3 1.9281015396118164 5.188353061676025 1.5274710655212402
of 0 459 2 1.7124518156051636 3.9496517181396484 1.238701343536377
the 0 460 3 0.9494847059249878 3.168802261352539 0.7808494567871094
year 0 461 4 0.43197089433670044 2.2742574214935303 0.8945448398590088
. 0 462 1 0.26451218128204346 1.4499866962432861 0.8242707252502441
<eos> 0 463 5 0.000770448474213481 0.006626898422837257 1.4433597978204489
<unk> 0 464 5 3.5485730171203613 4.902831077575684 0
<unk> 0 465 5 1.0479727983474731 4.456851482391357 0.44597959518432617
, 0 466 1 4.25844144821167 4.980052947998047 0
the 0 467 3 2.507573127746582 5.241591453552246 0
department 0 468 10 9.972208023071289 6.001917839050293 0
's 0 469 2 2.8756160736083984 1.4155417680740356 4.586376070976257
measurements 0 470 12 15.539226531982422 7.229740619659424 0
indicated 0 471 9 11.592954635620117 6.240152359008789 0.9895882606506348
that 0 472 4 0.7357375621795654 3.5173652172088623 2.7227871417999268
a 0 473 1 4.22744607925415 5.09679651260376 0
segment 0 474 7 5.72681188583374 7.512232780456543 0
of 0 475 2 0.3053833842277527 1.9131027460098267 5.599130034446716
<unk> 0 476 5 2.9679388999938965 4.2938947677612305 0
<unk> 0 477 5 0.4599669873714447 2.3655364513397217 1.9283583164215088
<unk> 0 478 5 3.4019627571105957 5.987196445465088 0
west 0 479 4 9.084332466125488 6.683903694152832 0
of 0 480 2 0.8061116933822632 3.7209274768829346 2.9629762172698975
<unk> 0 481 5 1.2397375106811523 3.4709248542785645 0.2500026226043701
had 0 482 3 6.358748912811279 6.22930908203125 0
the 0 483 3 6.333101749420166 5.583920001983643 0.6453890800476074
peak 0 484 4 8.599825859069824 6.983989715576172 0
volume 0 485 6 8.240080833435059 5.306972026824951 1.6770176887512207
for 0 486 3 8.294099807739258 1.3025130033493042 4.004459023475647
the 0 487 3 2.012592077255249 4.11911678314209 0
highway 0 488 7 4.00640344619751 6.681889533996582 0
at 0 489 2 4.704394340515137 4.65803861618042 2.023850917816162
<unk> 0 490 5 0.9411550760269165 3.520446300506592 1.1375923156738281
<unk> 0 491 5 0.5220402479171753 2.66972017288208 0.8507261276245117
<unk> 0 492 5 1.2457102537155151 1.9824192523956299 0.6873009204864502
vehicles 0 493 8 1.0171740055084229 3.2685089111328125 0
daily 0 494 5 5.1525068283081055 3.6215579509735107 0
. 0 495 1 1.59909188747406 4.548691749572754 0
<eos> 0 496 5 0.0007869499386288226 0.006806641351431608 4.541885108221322
<unk> 0 497 5 3.2657015323638916 5.407626152038574 0
traffic 0 498 7 11.834266662597656 2.8947339057922363 2.512892246246338
nadir 0 499 5 27.95270347595215 6.416601181030273 0
was 0 500 3 2.2045974731445312 6.4924774169921875 0
<unk> 0 501 5 4.185632705688477 7.576503753662109 0
<unk> 0 502 5 0.5933622121810913 2.9514143466949463 4.625089406967163
<unk> 0 503 5 1.7625579833984375 1.294356346130371 1.6570580005645752
vehicles 0 504 8 1.804386854171753 4.682349681854248 0
east 0 505 4 11.388897895812988 4.8218512535095215 0
of 0 506 2 0.24728621542453766 1.4248040914535522 3.3970471620559692
<unk> 0 507 5 0.9004433155059814 2.5412163734436035 0
. 0 508 1 2.1910617351531982 4.497992038726807 0
<eos> 0 509 5 0.0010758661665022373 0.00895907822996378 4.489032960496843
<unk> 0 510 5 3.427267551422119 5.270678520202637 0
addition 0 511 8 18.47601890563965 2.9272689819335938 2.343409538269043
, 0 512 1 4.78758430480957 5.726052761077881 0
<unk> 0 513 5 3.4120078086853027 6.771569728851318 0
has 0 514 3 10.031060218811035 3.2928335666656494 3.478736162185669
not 0 515 3 6.357579708099365 5.863487720489502 0
had 0 516 3 7.00112771987915 4.5283989906311035 1.3350887298583984
any 0 517 3 4.5064473152160645 5.939604759216309 0
section 0 518 7 9.006497383117676 8.635976791381836 0
of 0 519 2 0.3695839047431946 2.1743695735931396 6.461607217788696
the 0 520 3 1.3543827533721924 4.9681315422058105 0
highway 0 521 7 1.2320891618728638 4.04185676574707 0.9262747764587402
listed 0 522 6 11.803133964538574 5.027737140655518 0
on 0 523 2 2.9339303970336914 3.8845300674438477 1.14320707321167
the 0 524 3 0.6688390970230103 3.0849812030792236 0.799548864364624
<unk> 0 525 5 2.3384413719177246 4.6036376953125 0
<unk> 0 526 5 1.7012441158294678 3.647010326385498 0.956627368927002
<unk> 0 527 5 1.3304990530014038 4.57292366027832 0
, 0 528 1 4.4177680015563965 6.00176477432251 0
a 0 529 1 4.403819561004639 6.280587673187256 0
network 0 530 7 5.028310298919678 7.679084300994873 0
of 0 531 2 0.3695068359375 2.166809558868408 5.512274742126465
roads 0 532 5 0.44421884417533875 2.4754788875579834 0
important 0 533 9 2.1043851375579834 5.619632720947266 0
to 0 534 2 0.11348941922187805 0.5743139982223511 5.0453187227249146
the 0 535 3 0.37206318974494934 2.4156782627105713 0
country 0 536 7 3.1396079063415527 6.568282127380371 0
's 0 537 2 0.4894542992115021 1.8639849424362183 4.704297184944153
economy 0 538 7 0.5528457760810852 3.4414050579071045 0
, 0 539 1 2.790400743484497 2.284574270248413 1.1568307876586914
defense 0 540 7 2.130192279815674 5.888020038604736 0
, 0 541 1 0.45906421542167664 1.583518385887146 4.30450165271759
and 0 542 3 0.38306179642677307 2.2580456733703613 0
mobility 0 543 8 0.12355515360832214 1.1131020784378052 1.1449435949325562
. 0 544 1 0.336879700422287 1.7840420007705688 0
<eos> 0 545 5 0.0010923640802502632 0.009103154763579369 1.7749388460069895
= 0 546 1 1.677229881286621 4.678529739379883 0
= 0 547 1 0.12662318348884583 0.7493026256561279 3.929227113723755
<unk> 0 548 5 6.3215742111206055 4.234282493591309 0
= 0 549 1 1.1083979606628418 5.147531509399414 0
= 0 550 1 0.011595810763537884 0.11401425302028656 5.0335172563791275
<eos> 0 551 5 19.174522399902344 4.878802299499512 0
= 0 552 1 7.528334140777588 5.216662883758545 0
= 0 553 1 0.8324029445648193 2.291224956512451 2.9254379272460938
= 0 554 1 0.8995711207389832 3.559535264968872 0
<unk> 0 555 5 1.3393774032592773 5.78222131729126 0
designation 0 556 11 8.453843116760254 5.395251274108887 0.38697004318237305
= 0 557 1 0.1375861018896103 0.9141483306884766 4.48110294342041
= 0 558 1 5.503339707502164e-05 0.0008142800070345402 0.913334050681442
= 0 559 1 0.0002916530938819051 0.0036642486229538918 0
<eos> 0 560 5 20.968183517456055 4.889235496520996 0
<unk> 0 561 5 1.1125613451004028 4.814637184143066 0.07459831237792969
first 0 562 5 9.384594917297363 4.10615873336792 0.7084784507751465
usage 0 563 5 16.860408782958984 7.121391773223877 0
of 0 564 2 2.5623433589935303 5.736965656280518 1.3844261169433594
<unk> 0 565 5 2.0144660472869873 3.8153676986694336 1.921597957611084
<unk> 0 566 5 0.4675782024860382 2.746706485748291 1.0686612129211426
<unk> 0 567 5 2.7396836280822754 4.893436908721924 0
was 0 568 3 2.2432358264923096 5.722836017608643 0
in 0 569 2 5.6384596824646 7.378073692321777 0
the 0 570 3 1.8246753215789795 4.097197532653809 3.2808761596679688
<unk> 0 571 5 2.3858726024627686 6.837887763977051 0
<unk> 0 572 5 3.3190090656280518 6.296366214752197 0.5415215492248535
by 0 573 2 8.089345932006836 5.948762893676758 0.34760332107543945
<unk> 0 574 5 0.4147863984107971 2.1781342029571533 3.7706286907196045
<unk> 0 575 5 1.2876079082489014 4.5546722412109375 0
, 0 576 1 2.568969488143921 4.577589988708496 0
<unk> 0 577 5 2.4648029804229736 5.62480354309082 0
. 0 578 1 1.7664639949798584 4.263036251068115 1.361767292022705
<eos> 0 579 5 0.0007209430914372206 0.006279674358665943 4.256756576709449
<unk> 0 580 5 2.782538890838623 5.209985256195068 0
<unk> 0 581 5 0.7848448753356934 4.074703216552734 1.135282039642334
started 0 582 7 9.07008171081543 4.825829029083252 0
at 0 583 2 2.6524720191955566 4.9427337646484375 0
<unk> 0 584 5 1.3972558975219727 3.1998064517974854 1.7429273128509521
<unk> 0 585 5 1.0339514017105103 4.274890422821045 0
<unk> 0 586 5 3.1098508834838867 4.549113750457764 0
and 0 587 3 4.755372524261475 5.468203544616699 0
ran 0 588 3 6.436578750610352 6.3289361000061035 0
north 0 589 5 4.206156253814697 5.371761322021484 0.9571747779846191
of 0 590 2 2.7762293815612793 3.998335838317871 1.3734254837036133
<unk> 0 591 5 0.6951456665992737 2.364170551300049 1.6341652870178223
to 0 592 2 3.9647159576416016 4.833654403686523 0
the 0 593 3 2.0440895557403564 3.7197771072387695 1.113877296447754
vicinity 0 594 8 8.730403900146484 5.257902145385742 0
of 0 595 2 0.0775161162018776 0.5575374364852905 4.700364708900452
<unk> 0 596 5 0.5251140594482422 2.1309642791748047 0
<unk> 0 597 5 2.8791325092315674 4.295945644378662 0
<unk> 0 598 5 3.3524081707000732 3.890333652496338 0.4056119918823242
. 0 599 1 1.9297966957092285 5.007778644561768 0
<eos> 0 600 5 0.0015327547444030643 0.012365208938717842 4.99541343562305
<unk> 0 601 5 2.9729197025299072 4.943853855133057 0
was 0 602 3 4.852420330047607 2.5726428031921387 2.371211051940918
later 0 603 5 7.1938252449035645 7.149956703186035 0
replaced 0 604 8 6.418381690979004 5.857317924499512 1.2926387786865234
by 0 605 2 0.5627464056015015 2.0940439701080322 3.7632739543914795
<unk> 0 606 5 1.1002047061920166 3.3794217109680176 0
<unk> 0 607 5 0.3068445026874542 1.9001197814941406 1.479301929473877
<unk> 0 608 5 3.656182050704956 3.9608516693115234 0
in 0 609 2 3.558493137359619 4.2680535316467285 0
<unk> 0 610 5 0.43541058897972107 1.6214687824249268 2.6465847492218018
. 0 611 1 0.8677474856376648 2.500877857208252 0
<eos> 0 612 5 0.0002696435840334743 0.002642156323418021 2.498235700884834
= 0 613 1 3.3676929473876953 4.8616108894348145 0
= 0 614 1 0.04709012061357498 0.2701418697834015 4.591469019651413
= 0 615 1 1.7732648849487305 3.2189443111419678 0
<unk> 0 616 5 0.9422021508216858 4.539432048797607 0
designation 0 617 11 7.456107139587402 4.570034503936768 0
= 0 618 1 0.14208804070949554 0.8736622333526611 3.6963722705841064
= 0 619 1 3.026862941624131e-05 0.000449320679763332 0.8732129126728978
= 0 620 1 0.00016509389388374984 0.002099068369716406 0
<eos> 0 621 5 23.309072494506836 4.701684951782227 0
<unk> 0 622 5 0.7209608554840088 3.6128952503204346 1.088789701461792
current 0 623 7 12.625609397888184 2.23568058013916 1.3772146701812744
<unk> 0 624 5 5.531311511993408 4.333738327026367 0
<unk> 0 625 5 1.879687786102295 4.297121524810791 0.03661680221557617
<unk> 0 626 5 4.730382919311523 2.924442768096924 1.3726787567138672
dates 0 627 5 14.19135856628418 3.097831964492798 0
back 0 628 4 1.9011321067810059 2.9907782077789307 0.10705375671386719
to 0 629 2 0.257475882768631 1.3979068994522095 1.5928713083267212
<unk> 0 630 5 1.2170180082321167 2.77964186668396 0
. 0 631 1 2.264780282974243 3.440643310546875 0
<eos> 0 632 5 0.000341173232300207 0.0032574546057730913 3.437385855941102
<unk> 0 633 5 3.1767189502716064 4.807568550109863 0
ran 0 634 3 11.774493217468262 2.0364906787872314 2.771077871322632
from 0 635 4 1.9171828031539917 4.9448394775390625 0
<unk> 0 636 5 0.6099137663841248 2.3991119861602783 2.545727491378784
<unk> 0 637 5 1.4024263620376587 3.071044683456421 0
in 0 638 2 3.0891828536987305 3.446495294570923 0
<unk> 0 639 5 0.5942619442939758 2.1251914501190186 1.3213038444519043
to 0 640 2 0.48981207609176636 2.2647359371185303 0
the 0 641 3 2.9022552967071533 2.8300633430480957 0
northern 0 642 8 4.738256931304932 4.398149490356445 0
junction 0 643 8 9.494775772094727 2.3619444370269775 2.0362050533294678
of 0 644 2 0.3163406550884247 1.6564431190490723 0.7055013179779053
<unk> 0 645 5 0.4507927894592285 2.0921411514282227 0
<unk> 0 646 5 0.17114335298538208 1.0441501140594482 1.0479910373687744
and 0 647 3 1.5537490844726562 3.474395275115967 0
<unk> 0 648 5 0.6139863729476929 3.059366464614868 0.41502881050109863
<unk> 0 649 5 0.11457066237926483 0.8752646446228027 2.1841018199920654
<unk> 0 650 5 6.028364658355713 3.8779776096343994 0
in 0 651 2 2.662057638168335 4.473422050476074 0
<unk> 0 652 5 0.7228114008903503 2.309236764907837 2.1641852855682373
<unk> 0 653 5 4.194802761077881 3.115108013153076 0
. 0 654 1 0.800277829170227 2.700068950653076 0.4150390625
<eos> 0 655 5 0.00031366225448437035 0.003038997994735837 2.6970299526583403
<unk> 0 656 5 2.6933858394622803 4.517810344696045 0
highway 0 657 7 7.773007869720459 1.273179292678833 3.244631052017212
was 0 658 3 3.5378262996673584 2.350069999694824 0
routed 0 659 6 6.812857627868652 6.367251873016357 0
through 0 660 7 4.687636375427246 5.055471420288086 1.3117804527282715
<unk> 0 661 5 1.0319757461547852 2.8787741661071777 2.176697254180908
, 0 662 1 2.2764077186584473 4.5813798904418945 0
<unk> 0 663 5 1.4150071144104004 4.822237968444824 0
and 0 664 3 2.2301995754241943 2.835573196411133 1.9866647720336914
<unk> 0 665 5 0.40616530179977417 2.4867501258850098 0.34882307052612305
, 0 666 1 2.1831119060516357 3.9378299713134766 0
replacing 0 667 9 7.105472564697266 5.298251152038574 0
<unk> 0 668 5 1.8995730876922607 3.764815092086792 1.5334360599517822
<unk> 0 669 5 0.3579413592815399 1.9443546533584595 1.8204604387283325
<unk> 0 670 5 4.451265811920166 4.505932807922363 0
. 0 671 1 2.3506863117218018 4.928771018981934 0
<eos> 0 672 5 0.0007841996848583221 0.0068081822246313095 4.921962836757302
<unk> 0 673 5 3.027465581893921 4.846366882324219 0
late 0 674 4 20.3617000579834 1.6427011489868164 3.2036657333374023
<unk> 0 675 5 1.5042126178741455 2.8682165145874023 0
, 0 676 1 4.383855819702148 4.598414421081543 0
<unk> 0 677 5 1.9977134466171265 6.154083728790283 0
<unk> 0 678 5 1.0894124507904053 3.474848985671997 2.679234743118286
<unk> 0 679 5 3.141305685043335 4.475429534912109 0
was 0 680 3 2.5262022018432617 5.3747334480285645 0
extended 0 681 8 3.1859827041625977 6.34232234954834 0
along 0 682 5 6.308159828186035 4.3931193351745605 1.9492030143737793
the 0 683 3 1.730797529220581 3.4284019470214844 0.9647173881530762
section 0 684 7 8.474427223205566 5.062861919403076 0
between 0 685 7 2.824965000152588 2.8797080516815186 2.1831538677215576
<unk> 0 686 5 0.40230727195739746 1.8686200380325317 1.0110880136489868
and 0 687 3 0.38330668210983276 1.6558605432510376 0.21275949478149414
<unk> 0 688 5 0.2353878915309906 1.4589247703552246 0.196935772895813
<unk> 0 689 5 4.58916711807251 4.211578369140625 0
, 0 690 1 2.918458938598633 4.666801452636719 0
forming 0 691 7 11.751270294189453 5.683673858642578 0
a 0 692 1 2.0641138553619385 4.469698905944824 1.213974952697754
<unk> 0 693 5 3.785310745239258 5.481791019439697 0
<unk> 0 694 5 0.8439836502075195 3.949850559234619 1.5319404602050781
<unk> 0 695 5 2.935926914215088 4.022683143615723 0
/ 0 696 1 5.743297576904297 5.5309953689575195 0
<unk> 0 697 5 0.4983479380607605 2.084803342819214 3.4461920261383057
<unk> 0 698 5 0.5510543584823608 3.189065933227539 0
<unk> 0 699 5 2.3443119525909424 6.007959842681885 0
concurrency 0 700 11 5.820178985595703 6.1974897384643555 0
to 0 701 2 5.689944267272949 4.533586502075195 1.6639032363891602
fill 0 702 4 14.806021690368652 4.540615558624268 0
a 0 703 1 3.5140347480773926 4.530117034912109 0.010498523712158203
gap 0 704 3 4.181527137756348 7.040602207183838 0
in 0 705 2 3.5882654190063477 1.9466248750686646 5.093977332115173
the 0 706 3 1.136918067932129 3.6402571201324463 0
<unk> 0 707 5 2.0358643531799316 6.895897388458252 0
<unk> 0 708 5 2.28413462638855 6.36142635345459 0.5344710350036621
<unk> 0 709 5 2.571275472640991 6.122973918914795 0.23845243453979492
routing 0 710 7 6.90283727645874 6.637969493865967 0
. 0 711 1 1.531883955001831 3.8726086616516113 2.7653608322143555
<eos> 0 712 5 0.00037968772812746465 0.0035963146947324276 3.869012346956879
<unk> 0 713 5 3.433414936065674 4.8469672203063965 0
concurrent 0 714 10 13.834163665771484 2.187534809112549 2.6594324111938477
section 0 715 7 12.124319076538086 3.5380191802978516 0
became 0 716 6 6.801458358764648 5.377875328063965 0
just 0 717 4 11.049241065979004 4.911887168884277 0.4659881591796875
<unk> 0 718 5 3.126685857772827 5.132185935974121 0
<unk> 0 719 5 0.16562330722808838 1.1391563415527344 3.9930295944213867
<unk> 0 720 5 1.9298186302185059 4.049878120422363 0
in 0 721 2 3.1401472091674805 4.965469837188721 0
<unk> 0 722 5 0.397662490606308 1.5125259160995483 3.4529439210891724
, 0 723 1 2.027482748031616 3.386371374130249 0
shortening 0 724 10 11.416515350341797 5.5870361328125 0
<unk> 0 725 5 3.603776693344116 4.338171482086182 1.2488646507263184
<unk> 0 726 5 0.5623034238815308 2.9788763523101807 1.359295129776001
<unk> 0 727 5 1.379972219467163 3.929800033569336 0
back 0 728 4 10.785866737365723 5.03812313079834 0
to 0 729 2 0.7416689991950989 3.060753345489502 1.977369785308838
the 0 730 3 2.1397061347961426 3.794764280319214 0
northern 0 731 8 5.237135887145996 5.848964691162109 0
<unk> 0 732 5 7.615785121917725 1.7314567565917969 4.1175079345703125
<unk> 0 733 5 4.154134750366211 6.499613285064697 0
<unk> 0 734 5 2.870474338531494 6.302049160003662 0.19756412506103516
junction 0 735 8 5.359776020050049 6.166413307189941 0.1356358528137207
in 0 736 2 3.5124471187591553 3.953793525695801 2.2126197814941406
<unk> 0 737 5 0.35433655977249146 1.507119059562683 2.4466744661331177
. 0 738 1 0.8897860050201416 2.704516887664795 0
<eos> 0 739 5 0.0002696435840334743 0.00263752113096416 2.7018793665338308
<unk> 0 740 5 3.4584362506866455 4.859385013580322 0
highway 0 741 7 7.068968296051025 1.9298901557922363 2.929494857788086
was 0 742 3 3.259350538253784 2.9092464447021484 0
moved 0 743 5 5.972196578979492 6.489965438842773 0
to 0 744 2 1.0516999959945679 3.7802698612213135 2.70969557762146
a 0 745 1 4.0456647872924805 3.9671998023986816 0
new 0 746 3 2.040531635284424 6.35243034362793 0
alignment 0 747 9 2.2077510356903076 5.129085063934326 1.2233452796936035
west 0 748 4 7.934621810913086 4.676820278167725 0.45226478576660156
of 0 749 2 0.030387286096811295 0.23013833165168762 4.446681946516037
<unk> 0 750 5 0.527260422706604 2.123682975769043 0
in 0 751 2 2.5857796669006348 4.781063079833984 0
late 0 752 4 7.012508869171143 1.415256142616272 3.3658069372177124
<unk> 0 753 5 0.04526590183377266 0.35920438170433044 1.0560517609119415
or 0 754 2 9.184996604919434 2.6322669982910156 0
early 0 755 5 0.8601830005645752 3.7692811489105225 0
<unk> 0 756 5 0.10205034166574478 0.7897766828536987 2.9795044660568237
. 0 757 1 0.9833307862281799 3.207820415496826 0
<eos> 0 758 5 0.00020911575120408088 0.0020683277398347855 3.2057520877569914
<unk> 0 759 5 3.6667003631591797 4.923798084259033 0
of 0 760 2 9.637231826782227 1.9925295114517212 2.931268572807312
heading 0 761 7 19.09870147705078 2.381136417388916 0
northwesterly 0 762 13 12.180586814880371 5.153199195861816 0
to 0 763 2 3.6599173545837402 5.130173206329346 0.023025989532470703
<unk> 0 764 5 1.3124258518218994 4.028927803039551 1.101245403289795
, 0 765 1 2.4703023433685303 5.537720680236816 0
it 0 766 2 5.721649646759033 5.888419151306152 0
was 0 767 3 1.1391772031784058 4.625131607055664 1.2632875442504883
continued 0 768 9 10.766097068786621 6.84752082824707 0
west 0 769 4 5.757508754730225 4.790022373199463 2.0574984550476074
to 0 770 2 2.1115479469299316 4.212090969085693 0.5779314041137695
end 0 771 3 6.638200283050537 5.001570701599121 0
in 0 772 2 3.035435914993286 3.836259365081787 1.165311336517334
<unk> 0 773 5 0.5211349725723267 1.9116963148117065 1.9245630502700806
. 0 774 1 1.3450748920440674 3.3793115615844727 0
<eos> 0 775 5 0.00010456165909999982 0.0011291400296613574 3.3781824215548113
<unk> 0 776 5 3.482713222503662 4.980712890625 0
<unk> 0 777 5 0.277544230222702 1.8693218231201172 3.111391067504883
in 0 778 2 7.171726226806641 3.958850145339966 0
<unk> 0 779 5 0.5460408329963684 2.176267147064209 1.7825829982757568
and 0 780 3 4.789837837219238 4.515042781829834 0
<unk> 0 781 5 0.7905890941619873 3.7039198875427246 0.8111228942871094
rerouted 0 782 8 11.532215118408203 4.087337493896484 0
the 0 783 3 3.203294038772583 5.339396953582764 0
western 0 784 7 6.134593486785889 5.829016208648682 0
end 0 785 3 2.702763557434082 3.0903375148773193 2.7386786937713623
of 0 786 2 0.2026396542787552 1.1555814743041992 1.9347560405731201
the 0 787 3 1.6937650442123413 2.8315060138702393 0
highway 0 788 7 3.2746760845184326 4.869050979614258 0
again 0 789 5 9.835786819458008 5.085391521453857 0
. 0 790 1 3.6087987422943115 4.445033073425293 0.6403584480285645
<eos> 0 791 5 0.0009988732635974884 0.008327397517859936 4.436705675907433
<unk> 0 792 5 3.285651445388794 5.016530513763428 0
time 0 793 4 16.629436492919922 1.8229995965957642 3.1935309171676636
it 0 794 2 14.741216659545898 6.183692455291748 0
was 0 795 3 1.2008075714111328 4.701584815979004 1.4821076393127441
realigned 0 796 9 5.107388019561768 6.573263645172119 0
to 0 797 2 1.4632642269134521 4.518404483795166 2.054859161376953
run 0 798 3 5.314166069030762 5.505185127258301 0
from 0 799 4 2.237692356109619 4.8526787757873535 0.6525063514709473
<unk> 0 800 5 0.6756194233894348 2.6355092525482178 2.2171695232391357
to 0 801 2 1.488670825958252 3.1839141845703125 0
<unk> 0 802 5 0.3990686237812042 1.9614653587341309 1.2224488258361816
<unk> 0 803 5 4.033631801605225 4.121861934661865 0
, 0 804 1 2.8939342498779297 4.338151454925537 0
bypassing 0 805 9 6.746275424957275 5.839072227478027 0
<unk> 0 806 5 0.8193775415420532 2.3550801277160645 3.483992099761963
. 0 807 1 2.447000741958618 4.561425685882568 0
<eos> 0 808 5 0.0004237030225340277 0.003944871015846729 4.557480814866722
<unk> 0 809 5 3.272252082824707 4.9534430503845215 0
larger 0 810 6 21.570470809936523 1.9260108470916748 3.0274322032928467
change 0 811 6 13.096397399902344 4.882486343383789 0
around 0 812 6 9.255754470825195 5.42217493057251 0
<unk> 0 813 5 1.689040184020996 2.6726572513580322 2.7495176792144775
reconfigured 0 814 12 18.39002799987793 4.726655006408691 0
the 0 815 3 2.718998908996582 5.6983819007873535 0
highway 0 816 7 3.945204973220825 6.438141345977783 0
designations 0 817 12 12.382407188415527 5.589460372924805 0.8486809730529785
in 0 818 2 3.176109552383423 5.410556793212891 0.17890357971191406
<unk> 0 819 5 0.5885961651802063 2.285388708114624 3.1251680850982666
<unk> 0 820 5 4.159902572631836 3.459481954574585 0
. 0 821 1 1.198548436164856 3.1791625022888184 0.2803194522857666
<eos> 0 822 5 0.001263175392523408 0.01028223056346178 3.1688802717253566
<unk> 0 823 5 3.415254831314087 4.944014072418213 0
<unk> 0 824 5 0.3765430152416229 2.4047813415527344 2.5392327308654785
<unk> 0 825 5 4.235639572143555 4.257857799530029 0
replaced 0 826 8 7.267411708831787 5.013587474822998 0
<unk> 0 827 5 1.3110415935516357 3.137967109680176 1.8756203651428223
<unk> 0 828 5 0.5760537385940552 2.6985843181610107 0.43938279151916504
<unk> 0 829 5 5.035338401794434 4.446493148803711 0
west 0 830 4 9.188485145568848 5.000695705413818 0
of 0 831 2 1.037085771560669 3.348712682723999 1.6519830226898193
<unk> 0 832 5 0.6142476797103882 2.184936046600342 1.1637766361236572
, 0 833 1 2.911404848098755 4.644531726837158 0
to 0 834 2 8.106101989746094 6.227723598480225 0
end 0 835 3 8.064651489257812 5.409078121185303 0.8186454772949219
at 0 836 2 1.787488579750061 3.542912006378174 1.866166114807129
<unk> 0 837 5 1.6512424945831299 3.415372133255005 0.12753987312316895
<unk> 0 838 5 0.650185227394104 2.9225504398345947 0.49282169342041016
instead 0 839 7 11.080745697021484 3.9593865871429443 0
of 0 840 2 1.6792854070663452 1.7604879140853882 2.198898673057556
<unk> 0 841 5 1.804011344909668 6.080206871032715 0
. 0 842 1 3.0656237602233887 2.193042516708374 3.887164354324341
<eos> 0 843 5 0.000517403008416295 0.00470430264249444 2.1883382140658796
<unk> 0 844 5 2.822557210922241 4.820720672607422 0
new 0 845 3 12.098243713378906 1.579361081123352 3.24135959148407
<unk> 0 846 5 0.624783992767334 3.0186753273010254 0
<unk> 0 847 5 2.8533613681793213 5.502520561218262 0
<unk> 0 848 5 4.1830034255981445 4.161169528961182 1.34135103225708
designation 0 849 11 7.934848785400391 4.588562965393066 0
replaced 0 850 8 7.528880596160889 2.848403215408325 1.7401597499847412
<unk> 0 851 5 1.5776230096817017 3.608579158782959 0
<unk> 0 852 5 0.2875494956970215 1.6560660600662231 1.9525130987167358
<unk> 0 853 5 4.4097394943237305 4.977840423583984 0
south 0 854 5 8.840744972229004 5.263978958129883 0
of 0 855 2 0.6186038255691528 2.7059760093688965 2.5580029487609863
<unk> 0 856 5 0.627596378326416 2.225968599319458 0.4800074100494385
. 0 857 1 1.6630611419677734 4.238790988922119 0
<eos> 0 858 5 0.0005612421664409339 0.005016943905502558 4.233774045016617
<unk> 0 859 5 2.9602739810943604 4.818806171417236 0
<unk> 0 860 5 0.14105047285556793 1.0928242206573486 3.7259819507598877
<unk> 0 861 5 4.741837024688721 3.269213914871216 0
now 0 862 3 9.867049217224121 4.472508430480957 0
ran 0 863 3 5.026117324829102 7.07983922958374 0
from 0 864 4 2.902508497238159 5.014112949371338 2.0657262802124023
<unk> 0 865 5 0.7214877605438232 2.878170967102051 2.135941982269287
to 0 866 2 1.8993407487869263 3.440016031265259 0
<unk> 0 867 5 0.3931303918361664 1.9479154348373413 1.4921005964279175
only 0 868 4 15.558347702026367 4.107193470001221 0
. 0 869 1 4.704680442810059 5.536697864532471 0
<eos> 0 870 5 0.0011447780998423696 0.009474474005401134 5.52722339052707
<unk> 0 871 5 2.983936071395874 4.802114009857178 0
length 0 872 6 16.651395797729492 1.3322558403015137 3.469858169555664
of 0 873 2 5.085815906524658 4.1210103034973145 0
the 0 874 3 2.576467752456665 2.2027664184570312 1.9182438850402832
highway 0 875 7 3.0604381561279297 5.319823741912842 0
was 0 876 3 1.1287978887557983 4.263864517211914 1.0559592247009277
increased 0 877 9 9.100784301757812 7.34781551361084 0
in 0 878 2 3.4536097049713135 4.063455581665039 3.284359931945801
<unk> 0 879 5 0.4558750092983246 2.2611849308013916 1.8022706508636475
when 0 880 4 5.024698734283447 3.9673566818237305 0
the 0 881 3 1.7159355878829956 4.593694686889648 0
eastern 0 882 7 7.112489700317383 5.798853874206543 0
end 0 883 3 4.502480983734131 2.0906758308410645 3.7081780433654785
was 0 884 3 2.920037031173706 1.6204187870025635 0.470257043838501
moved 0 885 5 6.192436218261719 6.0517706871032715 0
back 0 886 4 5.397120952606201 2.9013280868530273 3.150442600250244
to 0 887 2 0.3620084226131439 1.8739122152328491 1.0274158716201782
<unk> 0 888 5 1.1500300168991089 3.1185462474823 0
<unk> 0 889 5 3.1464033126831055 4.170329570770264 0
. 0 890 1 1.382638692855835 3.930081605911255 0.2402479648590088
<eos> 0 891 5 0.00014308246318250895 0.001488773268647492 3.9285928326426074
<unk> 0 892 5 3.3983662128448486 4.985047340393066 0
<unk> 0 893 5 0.26977047324180603 1.8600261211395264 3.12502121925354
<unk> 0 894 5 4.647302627563477 3.844229221343994 0
was 0 895 3 1.2836756706237793 4.822077751159668 0
rerouted 0 896 8 4.157891273498535 5.845470905303955 0
to 0 897 2 1.3806052207946777 4.137817859649658 1.7076530456542969
follow 0 898 6 1.492531418800354 4.65939998626709 0
the 0 899 3 1.316528558731079 3.7689261436462402 0.8904738426208496
<unk> 0 900 5 1.368376612663269 5.478665351867676 0
<unk> 0 901 5 2.292985439300537 5.686820030212402 0
freeway 0 902 7 3.7874956130981445 6.084797382354736 0
south 0 903 5 6.886944770812988 4.926478862762451 1.1583185195922852
of 0 904 2 0.3365384340286255 1.5408947467803955 3.3855841159820557
<unk> 0 905 5 0.7015405893325806 2.29720139503479 0
<unk> 0 906 5 3.661792755126953 4.716826915740967 0
to 0 907 2 4.461243629455566 4.490509510040283 0.2263174057006836
<unk> 0 908 5 1.228363275527954 3.690986394882202 0.799523115158081
<unk> 0 909 5 2.1615660190582275 4.255908966064453 0
, 0 910 1 2.6059279441833496 3.8542983531951904 0.4016106128692627
and 0 911 3 3.135890483856201 5.988611221313477 0
replaced 0 912 8 7.940469264984131 6.324626922607422 0
<unk> 0 913 5 2.1238784790039062 4.040867328643799 2.283759593963623
<unk> 0 914 5 0.5660980939865112 2.562711477279663 1.4781558513641357
<unk> 0 915 5 4.843451023101807 4.548141956329346 0
between 0 916 7 6.240079402923584 4.732576847076416 0
<unk> 0 917 5 0.40838858485221863 1.6685454845428467 3.0640313625335693
<unk> 0 918 5 3.1928536891937256 1.5350708961486816 0.13347458839416504
and 0 919 3 0.48071205615997314 2.2401740550994873 0
<unk> 0 920 5 0.3622119128704071 1.8915475606918335 0.3486264944076538
. 0 921 1 3.282323122024536 2.275355815887451 0
<eos> 0 922 5 0.0003631816362030804 0.0034475692082196474 2.2719082466792315
<unk> 0 923 5 3.0767035484313965 4.735844612121582 0
freed 0 924 5 21.114391326904297 1.6096529960632324 3.1261916160583496
up 0 925 2 11.317347526550293 4.61773157119751 0
the 0 926 3 2.1274776458740234 5.629386901855469 0
<unk> 0 927 5 2.6038036346435547 7.083480358123779 0
to 0 928 2 4.712820053100586 6.304376125335693 0.7791042327880859
<unk> 0 929 5 1.322448968887329 5.236804485321045 1.0675716400146484
<unk> 0 930 5 1.516486644744873 5.5777812004089355 0
highway 0 931 7 8.516812324523926 5.516937255859375 0.06084394454956055
for 0 932 3 8.063000679016113 5.366236209869385 0.15070104598999023
a 0 933 1 2.87623929977417 4.979470252990723 0.3867659568786621
return 0 934 6 12.830585479736328 5.033655166625977 0
to 0 935 2 0.5831423401832581 2.9160284996032715 2.117626667022705
the 0 936 3 1.2692126035690308 2.846820116043091 0.06920838356018066
<unk> 0 937 5 1.8795859813690186 6.168450832366943 0
<unk> 0 938 5 2.4567253589630127 5.945628643035889 0.2228221893310547
<unk> 0 939 5 2.7157299518585205 6.0308427810668945 0
designation 0 940 11 8.77739429473877 6.578182220458984 0
. 0 941 1 1.3036587238311768 3.5641732215881348 3.0140089988708496
<eos> 0 942 5 0.0004073693708050996 0.0037735195364803076 3.5603997020516545
<unk> 0 943 5 3.311599016189575 4.774494171142578 0
last 0 944 4 16.379262924194336 1.9838510751724243 2.790643095970154
change 0 945 6 14.830292701721191 7.583983421325684 0
came 0 946 4 7.65783166885376 5.900164604187012 1.6838188171386719
in 0 947 2 2.7718513011932373 4.462285041809082 1.4378795623779297
<unk> 0 948 5 0.8425939679145813 3.134889602661133 1.3273954391479492
when 0 949 4 4.401726722717285 4.053164482116699 0
the 0 950 3 1.4609308242797852 4.120599269866943 0
concurrency 0 951 11 8.298249244689941 5.863646030426025 0
with 0 952 4 2.161106586456299 4.066890716552734 1.796755313873291
<unk> 0 953 5 0.6970360279083252 2.5307939052581787 1.5360968112945557
<unk> 0 954 5 0.0927082747220993 0.7170335054397583 1.8137603998184204
<unk> 0 955 5 6.689838886260986 2.8775429725646973 0
was 0 956 3 0.8975925445556641 4.054086208343506 0
eliminated 0 957 10 8.6876859664917 5.956289768218994 0
in 0 958 2 4.395103454589844 3.062401056289673 2.8938887119293213
favor 0 959 5 7.159524917602539 2.3075685501098633 0.7548325061798096
of 0 960 2 0.01168674137443304 0.08987004309892654 2.2176985070109367
<unk> 0 961 5 1.8812342882156372 4.306398391723633 0
<unk> 0 962 5 0.5214046239852905 2.5982799530029297 1.7081184387207031
<unk> 0 963 5 4.193816184997559 3.476240873336792 0
. 0 964 1 1.065797209739685 3.872530221939087 0
<eos> 0 965 5 0.00045946447062306106 0.00422423891723156 3.8683059830218554
<unk> 0 966 5 3.1281661987304688 4.794981479644775 0
<unk> 0 967 5 0.23764702677726746 1.6773866415023804 3.117594838142395
<unk> 0 968 5 4.7244720458984375 3.78629207611084 0
<unk> 0 969 5 3.6318936347961426 4.884847640991211 0
designation 0 970 11 8.041425704956055 4.570007801055908 0.31483983993530273
was 0 971 3 0.5376563668251038 2.9884493350982666 1.5815584659576416
truncated 0 972 9 5.610734462738037 6.378834247589111 0
at 0 973 2 6.727562427520752 3.27543568611145 3.103398561477661
this 0 974 4 6.3450727462768555 3.026489496231079 0.2489461898803711
time 0 975 4 0.26643556356430054 1.0655903816223145 1.9608991146087646
to 0 976 2 3.3938863277435303 4.164801597595215 0
the 0 977 3 2.551042079925537 5.886514663696289 0
junction 0 978 8 7.022974967956543 6.26314115524292 0
west 0 979 4 11.762712478637695 2.4701149463653564 3.7930262088775635
of 0 980 2 0.07376550137996674 0.5203608870506287 1.9497540593147278
<unk> 0 981 5 0.574576199054718 2.2796947956085205 0
, 0 982 1 2.83027720451355 4.56940221786499 0
resulting 0 983 9 10.25289249420166 6.012380123138428 0
in 0 984 2 0.04657566919922829 0.3184203505516052 5.6939597725868225
the 0 985 3 1.7399801015853882 4.216582775115967 0
current 0 986 7 5.8762125968933105 7.292389392852783 0
highway 0 987 7 6.0241007804870605 6.197054386138916 1.0953350067138672
routing 0 988 7 6.6264543533325195 6.684455394744873 0
. 0 989 1 4.027495384216309 5.544852256774902 1.1396031379699707
<eos> 0 990 5 0.0010016231099143624 0.008431700058281422 5.536420556716621
= 0 991 1 2.501533031463623 4.689949035644531 0
= 0 992 1 0.049489639699459076 0.28572773933410645 4.404221296310425
<unk> 0 993 5 5.824604034423828 2.9641082286834717 0
intersections 0 994 13 6.893950939178467 5.062263488769531 0
= 0 995 1 0.03013685531914234 0.21330420672893524 4.848959282040596
= 0 996 1 0.00047339056618511677 0.0057439496740698814 0.20756025705486536
<eos> 0 997 5 19.526655197143555 2.833819627761841 0
=========================================================================================
| End of testing | test loss  2.80 | test ppl    16.52
=========================================================================================
