word sentid sentpos wlen surp entropy entred
= 0 0 1 6.295143127441406 7.258259296417236 0
<unk> 0 1 5 4.633908748626709 0.6031642556190491 6.655095040798187
<unk> 0 2 5 0.9858512878417969 4.921291828155518 0
<unk> 0 3 5 2.6327476501464844 3.0569536685943604 1.8643381595611572
= 0 4 1 0.7952849864959717 2.9713242053985596 0.08562946319580078
<eos> 0 5 5 22.138423919677734 1.0237478017807007 1.9475764036178589
= 0 6 1 16.181167602539062 1.331171989440918 0
<unk> 0 7 5 0.19733698666095734 1.4058001041412354 0
<unk> 0 8 5 0.6135460138320923 3.8707964420318604 0
<unk> 0 9 5 1.337397575378418 3.858443021774292 0.01235342025756836
= 0 10 1 1.6951476335525513 3.5746216773986816 0.28382134437561035
<eos> 0 11 5 18.865081787109375 0.7992070913314819 2.7754145860671997
" 0 12 1 7.004680156707764 1.325596570968628 0
<unk> 0 13 5 0.3283699154853821 2.7235894203186035 0
<unk> 0 14 5 2.3175337314605713 1.5586047172546387 1.1649847030639648
<unk> 0 15 5 2.968661308288574 1.1038291454315186 0.4547755718231201
" 0 16 1 0.21525080502033234 0.9314145445823669 0.1724146008491516
is 0 17 2 3.3593411445617676 2.0402867794036865 0
a 0 18 1 1.3221917152404785 1.6429698467254639 0.39731693267822266
blues 0 19 5 12.734638214111328 5.35628080368042 0
song 0 20 4 5.297695636749268 5.0393805503845215 0.31690025329589844
by 0 21 2 1.6353816986083984 3.7722489833831787 1.2671315670013428
<unk> 0 22 5 0.6012320518493652 2.164628505706787 1.6076204776763916
folk 0 23 4 8.561958312988281 4.199578762054443 0
and 0 24 3 8.975592613220215 3.007499933242798 1.1920788288116455
blues 0 25 5 4.674371719360352 4.375542163848877 0
musician 0 26 8 3.6760013103485107 4.171229839324951 0.20431232452392578
, 0 27 1 5.833449363708496 1.3256105184555054 2.845619320869446
<unk> 0 28 5 2.4893951416015625 6.208170413970947 0
<unk> 0 29 5 0.9168437719345093 3.637108087539673 2.5710623264312744
. 0 30 1 2.513467311859131 2.8108770847320557 0.8262310028076172
<eos> 0 31 5 0.028128141537308693 0.13855382800102234 2.6723232567310333
<unk> 0 32 5 5.8990654945373535 3.2851908206939697 0
was 0 33 3 3.9186618328094482 6.195832252502441 0
written 0 34 7 5.619077682495117 5.139522552490234 1.056309700012207
in 0 35 2 3.6661555767059326 2.4913787841796875 2.648143768310547
<unk> 0 36 5 1.0588490962982178 3.2178421020507812 0
<unk> 0 37 5 4.137248992919922 3.531752109527588 0
in 0 38 2 4.679559707641602 3.633627414703369 0
response 0 39 8 9.71481704711914 2.9124958515167236 0.7211315631866455
to 0 40 2 0.011064787395298481 0.0895390585064888 2.822956793010235
the 0 41 3 1.345970630645752 4.674399375915527 0
discrimination 0 42 14 16.591114044189453 8.971607208251953 0
and 0 43 3 4.2587199211120605 4.591242790222168 4.380364418029785
segregation 0 44 11 11.057376861572266 10.109015464782715 0
that 0 45 4 6.038817405700684 2.367182731628418 7.741832733154297
<unk> 0 46 5 5.249225616455078 7.278354167938232 0
<unk> 0 47 5 3.53800106048584 7.072999954223633 0.2053542137145996
faced 0 48 5 9.151673316955566 6.940518856048584 0.13248109817504883
during 0 49 6 4.7948431968688965 5.218637943267822 1.7218809127807617
a 0 50 1 5.020993709564209 2.9154467582702637 2.3031911849975586
visit 0 51 5 6.687385559082031 8.381998062133789 0
to 0 52 2 0.3465547263622284 1.8000719547271729 6.581926107406616
<unk> 0 53 5 0.9639172554016113 3.2783315181732178 0
, 0 54 1 2.912993907928467 4.034004211425781 0
<unk> 0 55 5 1.5786300897598267 5.200884819030762 0
to 0 56 2 6.833694934844971 2.740751266479492 2.4601335525512695
record 0 57 6 4.5128631591796875 7.740856647491455 0
for 0 58 3 6.742037773132324 4.6778717041015625 3.0629849433898926
<unk> 0 59 5 3.3337323665618896 5.5404276847839355 0
<unk> 0 60 5 2.0670664310455322 5.658603668212891 0
. 0 61 1 2.144638776779175 4.492527961730957 1.1660757064819336
<eos> 0 62 5 0.02484528161585331 0.12658821046352386 4.365939751267433
<unk> 0 63 5 2.687808036804199 5.47469425201416 0
rails 0 64 5 22.69388198852539 7.228302955627441 0
against 0 65 7 13.121720314025879 7.4740447998046875 0
racism 0 66 6 13.135072708129883 4.768397331237793 2.7056474685668945
, 0 67 1 2.6119086742401123 6.266489028930664 0
the 0 68 3 3.7017173767089844 7.702175140380859 0
<unk> 0 69 5 2.986063241958618 8.147430419921875 0
<unk> 0 70 5 3.2596945762634277 8.591625213623047 0
laws 0 71 4 14.248281478881836 8.325541496276855 0.2660837173461914
, 0 72 1 2.57631778717041 6.886997222900391 1.4385442733764648
and 0 73 3 1.9254997968673706 7.2170939445495605 0
the 0 74 3 1.1736136674880981 5.589377403259277 1.6277165412902832
conditions 0 75 10 12.36514949798584 9.474172592163086 0
of 0 76 2 1.7529833316802979 6.024800777435303 3.449371814727783
contemporary 0 77 12 11.81725025177002 6.074028968811035 0
<unk> 0 78 5 2.5210840702056885 8.716951370239258 0
<unk> 0 79 5 3.7116565704345703 8.648682594299316 0.0682687759399414
in 0 80 2 6.859485149383545 8.298627853393555 0.3500547409057617
the 0 81 3 1.2625880241394043 4.559464931488037 3.7391629219055176
southern 0 82 8 8.820706367492676 7.4468183517456055 0
<unk> 0 83 5 2.926286220550537 6.036910057067871 1.4099082946777344
<unk> 0 84 5 4.666706562042236 7.813797950744629 0
. 0 85 1 4.021833419799805 8.100597381591797 0
<eos> 0 86 5 0.057632021605968475 0.2405540645122528 7.860043317079544
<unk> 0 87 5 2.957263708114624 5.816629409790039 0
song 0 88 4 12.924116134643555 7.4112868309021 0
was 0 89 3 3.8113365173339844 7.509775161743164 0
recorded 0 90 8 5.184784412384033 8.088313102722168 0
in 0 91 2 1.9358588457107544 4.4080400466918945 3.6802730560302734
<unk> 0 92 5 0.9633890390396118 3.6504790782928467 0.7575609683990479
<unk> 0 93 5 2.4870424270629883 4.335554122924805 0
for 0 94 3 5.646820545196533 4.2794694900512695 0.056084632873535156
the 0 95 3 1.7738895416259766 5.498470783233643 0
<unk> 0 96 5 1.4157860279083252 5.944297790527344 0
of 0 97 2 7.054047107696533 6.540458679199219 0
<unk> 0 98 5 1.6634175777435303 4.215354919433594 2.325103759765625
and 0 99 3 3.762449264526367 5.373785018920898 0
re 0 100 2 11.322575569152832 5.90479040145874 0
<unk> 0 101 5 0.0071159182116389275 0.07866194099187851 5.826128460466862
recorded 0 102 8 2.5385987758636475 5.309454917907715 0
in 0 103 2 2.3743045330047607 5.2193684577941895 0.09008646011352539
<unk> 0 104 5 0.8540576100349426 3.366163492202759 1.8532049655914307
for 0 105 3 6.31981897354126 3.847618818283081 0
commercial 0 106 10 10.081623077392578 4.9089579582214355 0
release 0 107 7 5.559006214141846 7.887076377868652 0
. 0 108 1 1.43921959400177 3.506810188293457 4.380266189575195
<eos> 0 109 5 0.031743936240673065 0.1532888412475586 3.3535213470458984
<unk> 0 110 5 3.0314197540283203 5.123226165771484 0
has 0 111 3 6.001069068908691 6.885025978088379 0
been 0 112 4 2.887444019317627 6.684162139892578 0.20086383819580078
remixed 0 113 7 11.520751953125 7.801082134246826 0
and 0 114 3 5.243089199066162 4.013758659362793 3.787323474884033
covered 0 115 7 8.83582592010498 7.795022964477539 0
by 0 116 2 2.1673061847686768 4.059566020965576 3.735456943511963
a 0 117 1 4.221667766571045 5.988557815551758 0
number 0 118 6 2.460371494293213 7.607452869415283 0
of 0 119 2 0.008425885811448097 0.08656711876392365 7.52088575065136
artists 0 120 7 3.955457925796509 7.994870662689209 0
including 0 121 9 3.4787769317626953 4.3641204833984375 3.6307501792907715
<unk> 0 122 5 0.6163720488548279 3.6321868896484375 0.73193359375
<unk> 0 123 5 0.5431349873542786 2.661778688430786 0.9704082012176514
, 0 124 1 0.8345367908477783 1.8741297721862793 0.7876489162445068
<unk> 0 125 5 0.40456366539001465 2.4393668174743652 0
<unk> 0 126 5 0.27675727009773254 1.9470552206039429 0.49231159687042236
, 0 127 1 0.45311787724494934 1.2476454973220825 0.6994097232818604
<unk> 0 128 5 0.4088234007358551 1.664072036743164 0
<unk> 0 129 5 0.25708234310150146 1.8051503896713257 0
, 0 130 1 0.39304226636886597 1.1458858251571655 0.6592645645141602
and 0 131 3 2.661595344543457 1.641481876373291 0
<unk> 0 132 5 0.24908870458602905 1.8722642660140991 0
<unk> 0 133 5 0.3071472942829132 2.0496156215667725 0
. 0 134 1 0.41220247745513916 1.7094987630844116 0.34011685848236084
<eos> 0 135 5 0.015720447525382042 0.08845813572406769 1.621040627360344
" 0 136 1 11.405366897583008 5.283565521240234 0
<unk> 0 137 5 2.146196126937866 7.4600982666015625 0
<unk> 0 138 5 2.075793504714966 4.415081024169922 3.0450172424316406
<unk> 0 139 5 2.424656867980957 2.861520528793335 1.553560495376587
" 0 140 1 0.7294788360595703 2.755903959274292 0.10561656951904297
is 0 141 2 2.1807949542999268 4.572482585906982 0
regarded 0 142 8 9.084599494934082 4.955366611480713 0
as 0 143 2 0.11684364825487137 0.6148773431777954 4.3404892683029175
one 0 144 3 2.355402946472168 3.2233407497406006 0
of 0 145 2 0.008148015476763248 0.08609539270401001 3.1372453570365906
<unk> 0 146 5 3.9291017055511475 1.2894493341445923 0
<unk> 0 147 5 7.278763771057129 0.9229156374931335 0.36653369665145874
's 0 148 2 0.12273512035608292 0.798577606678009 0.12433803081512451
best 0 149 4 3.158721446990967 3.799771547317505 0
original 0 150 8 9.562085151672363 5.800152778625488 0
works 0 151 5 5.930811882019043 5.6134538650512695 0.18669891357421875
, 0 152 1 1.9404760599136353 3.1923112869262695 2.421142578125
but 0 153 3 4.365569114685059 5.647426605224609 0
it 0 154 2 2.8871002197265625 6.660656929016113 0
also 0 155 4 5.215825080871582 4.502437114715576 2.158219814300537
drew 0 156 4 9.197478294372559 6.008439064025879 0
controversy 0 157 11 8.880263328552246 5.418485164642334 0.5899538993835449
. 0 158 1 2.6884520053863525 4.632422924041748 0.7860622406005859
<eos> 0 159 5 0.016906538978219032 0.09254004806280136 4.539882875978947
<unk> 0 160 5 2.7872705459594727 5.122694492340088 0
is 0 161 2 6.583750247955322 6.035740375518799 0
doubt 0 162 5 19.415714263916016 6.959583282470703 0
over 0 163 4 7.35589075088501 4.555843353271484 2.4037399291992188
the 0 164 3 1.0601630210876465 4.447742462158203 0.10810089111328125
song 0 165 4 7.169816493988037 9.456826210021973 0
's 0 166 2 0.4637257754802704 2.4507415294647217 7.006084680557251
authorship 0 167 10 10.415793418884277 8.220354080200195 0
, 0 168 1 1.7972296476364136 4.0067291259765625 4.213624954223633
with 0 169 4 3.8094913959503174 6.452819347381592 0
some 0 170 4 5.374027252197266 6.185651779174805 0.2671675682067871
scholars 0 171 8 9.059540748596191 8.175074577331543 0
contending 0 172 10 11.588377952575684 6.848687648773193 1.3263869285583496
that 0 173 4 0.27581334114074707 1.5042338371276855 5.344453811645508
<unk> 0 174 5 3.272580862045288 4.579294204711914 0
<unk> 0 175 5 3.157381296157837 5.768464088439941 0
was 0 176 3 3.8470771312713623 6.340827465057373 0
unlikely 0 177 8 11.141890525817871 6.919834613800049 0
to 0 178 2 0.13237985968589783 0.9361780881881714 5.983656525611877
have 0 179 4 2.59065580368042 5.804399490356445 0
written 0 180 7 6.115338325500488 6.396588325500488 0
a 0 181 1 3.251469612121582 6.084207057952881 0.3123812675476074
work 0 182 4 7.239109039306641 7.504374980926514 0
in 0 183 2 3.955493450164795 4.94092321395874 2.5634517669677734
a 0 184 1 3.8122293949127197 4.724079132080078 0.2168440818786621
genre 0 185 5 7.182733058929443 8.972318649291992 0
new 0 186 3 13.582106590270996 5.345592498779297 3.6267261505126953
to 0 187 2 5.437677383422852 6.936935901641846 0
him 0 188 3 5.663427352905273 6.9179182052612305 0.019017696380615234
without 0 189 7 9.363842010498047 3.1291308403015137 3.788787364959717
a 0 190 1 3.881220579147339 8.35232162475586 0
collaborator 0 191 12 12.6062650680542 9.66439151763916 0
. 0 192 1 1.0232884883880615 3.5636627674102783 6.100728750228882
<eos> 0 193 5 0.022052302956581116 0.11546742916107178 3.4481953382492065
<unk> 0 194 5 2.1018385887145996 5.453455924987793 0
have 0 195 4 11.330734252929688 6.5691609382629395 0
been 0 196 4 3.362159013748169 6.618255615234375 0
raised 0 197 6 12.07664680480957 7.929608345031738 0
over 0 198 4 6.68585729598999 4.513672828674316 3.415935516357422
his 0 199 3 4.467686653137207 4.774876594543457 0
role 0 200 4 8.259299278259277 8.531228065490723 0
in 0 201 2 1.23092520236969 2.845888137817383 5.68533992767334
the 0 202 3 1.3702435493469238 5.564032077789307 0
<unk> 0 203 5 2.131531000137329 7.496787071228027 0
<unk> 0 204 5 2.4612436294555664 7.2646379470825195 0.2321491241455078
<unk> 0 205 5 2.673330068588257 7.816526412963867 0
and 0 206 3 4.959312438964844 7.726499557495117 0.09002685546875
whether 0 207 7 18.70347785949707 5.783107757568359 1.9433917999267578
he 0 208 2 3.108280897140503 5.740391731262207 0.042716026306152344
and 0 209 3 6.5479655265808105 6.7290215492248535 0
the 0 210 3 4.601884365081787 2.733872652053833 3.9951488971710205
song 0 211 4 7.665598392486572 6.503379821777344 0
were 0 212 4 3.3667144775390625 5.78611946105957 0.7172603607177734
used 0 213 4 7.26057243347168 8.348320007324219 0
to 0 214 2 2.4968316555023193 4.052093029022217 4.296226978302002
further 0 215 7 9.553689002990723 8.318683624267578 0
the 0 216 3 2.974609136581421 8.005186080932617 0.31349754333496094
party 0 217 5 12.70257568359375 8.407570838928223 0
's 0 218 2 1.105188012123108 3.369821071624756 5.037749767303467
political 0 219 9 7.380422115325928 9.264749526977539 0
goals 0 220 5 9.42424201965332 8.100397109985352 1.1643524169921875
. 0 221 1 0.6531845331192017 2.475571870803833 5.6248252391815186
<eos> 0 222 5 0.006040095817297697 0.03950294852256775 2.4360689222812653
= 0 223 1 4.347736358642578 5.2875213623046875 0
= 0 224 1 0.028133537620306015 0.2162294238805771 5.07129193842411
<unk> 0 225 5 5.304050922393799 4.822923183441162 0
and 0 226 3 3.4564411640167236 6.035966396331787 0
creation 0 227 8 10.9512357711792 5.995002746582031 0.04096364974975586
= 0 228 1 0.45115864276885986 2.287893056869507 3.7071096897125244
= 0 229 1 2.751719648586004e-06 8.203338802559301e-05 2.2878110234814812
<eos> 0 230 5 20.392799377441406 4.826389789581299 0
<unk> 0 231 5 1.717084527015686 6.575899124145508 0
music 0 232 5 10.66946792602539 5.744138717651367 0.8317604064941406
historians 0 233 10 12.80903434753418 6.482356071472168 0
date 0 234 4 11.067567825317383 6.318562984466553 0.16379308700561523
the 0 235 3 3.4919605255126953 5.418559551239014 0.9000034332275391
writing 0 236 7 9.126487731933594 8.977470397949219 0
of 0 237 2 0.5778753757476807 2.9940996170043945 5.983370780944824
" 0 238 1 5.0637993812561035 4.060187339782715 0
<unk> 0 239 5 1.7441587448120117 7.1479716300964355 0
<unk> 0 240 5 1.9007205963134766 4.826054096221924 2.3219175338745117
<unk> 0 241 5 2.226494312286377 3.1404144763946533 1.6856396198272705
" 0 242 1 0.8129331469535828 2.807328939437866 0.3330855369567871
to 0 243 2 5.152007102966309 4.116340637207031 0
<unk> 0 244 5 2.2213940620422363 5.678170204162598 0
<unk> 0 245 5 0.9921087026596069 4.168105602264404 1.5100646018981934
's 0 246 2 2.334214687347412 3.9391748905181885 0.22893071174621582
<unk> 0 247 5 2.25828218460083 7.12152099609375 0
<unk> 0 248 5 1.585299015045166 6.134276390075684 0.9872446060180664
trip 0 249 4 14.629244804382324 5.435667037963867 0.6986093521118164
to 0 250 2 2.5171985626220703 5.163810729980469 0.27185630798339844
<unk> 0 251 5 0.6612333655357361 2.563570499420166 2.6002402305603027
, 0 252 1 2.0035717487335205 4.109839916229248 0
<unk> 0 253 5 2.9626171588897705 6.006076812744141 0
, 0 254 1 2.3057563304901123 4.635551452636719 1.3705253601074219
when 0 255 4 6.177395343780518 5.832770824432373 0
he 0 256 2 2.074904680252075 4.249360084533691 1.5834107398986816
was 0 257 3 2.1613872051239014 7.062874794006348 0
invited 0 258 7 6.381101131439209 8.36346435546875 0
by 0 259 2 2.9631783962249756 1.6251345872879028 6.738329768180847
the 0 260 3 1.8661178350448608 4.079524993896484 0
folklorist 0 261 10 14.155494689941406 5.494928359985352 0
<unk> 0 262 5 0.18910394608974457 1.2555840015411377 4.239344358444214
<unk> 0 263 5 0.22976599633693695 1.6590988636016846 0
to 0 264 2 0.8403568267822266 2.7063333988189697 0
record 0 265 6 7.368330955505371 7.438282012939453 0
for 0 266 3 6.75045919418335 4.597566604614258 2.8407154083251953
the 0 267 3 1.531618356704712 5.324526786804199 0
<unk> 0 268 5 1.4945554733276367 6.748895168304443 0
of 0 269 2 6.64164924621582 6.847171306610107 0
<unk> 0 270 5 1.870835542678833 3.82322096824646 3.0239503383636475
's 0 271 2 2.947880268096924 4.745051860809326 0
folk 0 272 4 9.495699882507324 8.192034721374512 0
music 0 273 5 2.0224223136901855 6.839725971221924 1.352308750152588
collection 0 274 10 10.075889587402344 4.236854553222656 2.6028714179992676
. 0 275 1 0.8623457551002502 3.081742763519287 1.1551117897033691
<eos> 0 276 5 0.009768660180270672 0.05882659927010536 3.0229161642491817
<unk> 0 277 5 2.169718027114868 5.118068218231201 0
the 0 278 3 9.424422264099121 6.404935359954834 0
first 0 279 5 6.457765579223633 8.353102684020996 0
night 0 280 5 8.928938865661621 7.749024868011475 0.6040778160095215
<unk> 0 281 5 4.561535835266113 5.317169666290283 2.4318552017211914
<unk> 0 282 5 2.6213693618774414 7.286524295806885 0
and 0 283 3 5.442193984985352 6.330228805541992 0.9562954902648926
his 0 284 3 3.5356550216674805 4.308083534240723 2.0221452713012695
wife 0 285 4 3.979856014251709 8.281037330627441 0
<unk> 0 286 5 1.1343411207199097 3.970227003097534 4.310810327529907
spent 0 287 5 9.307719230651855 6.095550537109375 0
in 0 288 2 6.841706275939941 5.450197696685791 0.645352840423584
the 0 289 3 2.244391441345215 4.136880874633789 1.313316822052002
city 0 290 4 7.177642345428467 8.309022903442383 0
, 0 291 1 3.2785370349884033 5.090606212615967 3.218416690826416
they 0 292 4 9.183104515075684 6.606845855712891 0
encountered 0 293 11 10.364543914794922 7.003900527954102 0
racially 0 294 8 16.78542709350586 5.614995956420898 1.3889045715332031
discriminatory 0 295 14 11.575289726257324 7.784232139587402 0
<unk> 0 296 5 3.3636984825134277 8.853568077087402 0
<unk> 0 297 5 3.483281373977661 6.0047287940979 2.848839282989502
laws 0 298 4 13.199881553649902 5.889856815338135 0.11487197875976562
similar 0 299 7 12.310639381408691 4.295598983764648 1.5942578315734863
to 0 300 2 0.026488151401281357 0.20460307598114014 4.090995907783508
those 0 301 5 2.7025532722473145 4.533514022827148 0
found 0 302 5 7.049232006072998 2.9834372997283936 1.5500767230987549
in 0 303 2 0.3300801217556 1.5861446857452393 1.3972926139831543
their 0 304 5 5.23740816116333 4.2321085929870605 0
native 0 305 6 6.257554054260254 8.743033409118652 0
<unk> 0 306 5 1.3704321384429932 5.603092670440674 3.1399407386779785
: 0 307 1 7.905990123748779 6.0574822425842285 0
most 0 308 4 11.14883041381836 5.3266119956970215 0.730870246887207
hotels 0 309 6 15.908238410949707 5.958737850189209 0
refused 0 310 7 11.802326202392578 5.339386940002441 0.6193509101867676
to 0 311 2 0.14606690406799316 0.9431090950965881 4.396277844905853
rent 0 312 4 9.426823616027832 8.255738258361816 0
rooms 0 313 5 12.774991989135742 6.172150611877441 2.083587646484375
to 0 314 2 4.4764604568481445 4.279605388641357 1.892545223236084
<unk> 0 315 5 4.387333869934082 8.243335723876953 0
<unk> 0 316 5 3.246014356613159 5.779226779937744 2.464108943939209
and 0 317 3 4.292932033538818 4.9206390380859375 0.8585877418518066
the 0 318 3 3.511354684829712 6.674400329589844 0
few 0 319 3 12.133549690246582 7.98964262008667 0
that 0 320 4 9.130839347839355 8.48491382598877 0
would 0 321 5 4.76948881149292 6.563309192657471 1.9216046333312988
were 0 322 4 11.252299308776855 6.88482666015625 0
either 0 323 6 9.850687026977539 9.662016868591309 0
full 0 324 4 10.519545555114746 9.73955249786377 0
or 0 325 2 1.2652502059936523 3.665259599685669 6.074292898178101
refused 0 326 7 10.510330200195312 10.840703964233398 0
to 0 327 2 1.0578296184539795 2.93475604057312 7.905947923660278
serve 0 328 5 7.974000453948975 8.3097562789917 0
him 0 329 3 7.518565654754639 4.819441795349121 3.490314483642578
because 0 330 7 7.598552703857422 3.1570425033569336 1.6623992919921875
he 0 331 2 2.757110357284546 3.5267410278320312 0
was 0 332 3 2.496248483657837 6.0104079246521 0
with 0 333 4 9.739740371704102 8.092573165893555 0
a 0 334 1 3.3205502033233643 6.021800518035889 2.070772647857666
white 0 335 5 9.112751007080078 10.001090049743652 0
man 0 336 3 5.15408992767334 8.118576049804688 1.8825139999389648
( 0 337 1 6.592161178588867 4.64632511138916 3.4722509384155273
<unk> 0 338 5 1.5849535465240479 6.198336601257324 0
) 0 339 1 1.206346869468689 3.204606771469116 2.993729829788208
. 0 340 1 1.016063928604126 3.7318477630615234 0
<eos> 0 341 5 0.00488702766597271 0.03290129825472832 3.698946464806795
<unk> 0 342 5 2.205061197280884 5.365307807922363 0
, 0 343 1 4.693545341491699 6.857570171356201 0
in 0 344 2 4.996548652648926 5.46042013168335 1.3971500396728516
some 0 345 4 8.337867736816406 4.7967939376831055 0.6636261940002441
versions 0 346 8 9.38486099243164 4.256816387176514 0.5399775505065918
of 0 347 2 1.397324562072754 2.0956308841705322 2.1611855030059814
the 0 348 3 1.4045478105545044 4.132717609405518 0
story 0 349 5 6.6042327880859375 8.556387901306152 0
described 0 350 9 12.647554397583008 2.185410499572754 6.370977401733398
as 0 351 2 1.2590093612670898 2.5408778190612793 0
an 0 352 2 4.313994884490967 3.646639347076416 0
unnamed 0 353 7 9.319327354431152 6.854039192199707 0
" 0 354 1 4.419258117675781 7.66048002243042 0
white 0 355 5 7.9034528732299805 8.3904390335083 0
friend 0 356 6 7.616550445556641 6.605340957641602 1.7850980758666992
" 0 357 1 0.4492984116077423 1.8458813428878784 4.759459614753723
, 0 358 1 0.7188599705696106 2.9251298904418945 0
offered 0 359 7 10.186956405639648 6.634799003601074 0
to 0 360 2 3.2874910831451416 5.657308101654053 0.9774909019470215
let 0 361 3 8.64065170288086 8.161415100097656 0
the 0 362 3 2.2103183269500732 4.939152717590332 3.222262382507324
couple 0 363 6 9.29118824005127 8.994894981384277 0
stay 0 364 4 6.251658916473389 6.899656295776367 2.09523868560791
for 0 365 3 5.010961055755615 5.059776782989502 1.8398795127868652
the 0 366 3 2.3431107997894287 5.8844895362854 0
night 0 367 5 8.012320518493652 8.119140625 0
in 0 368 2 5.032289505004883 4.226784706115723 3.8923559188842773
his 0 369 3 5.239139080047607 4.793575286865234 0
apartment 0 370 9 5.556347846984863 8.261361122131348 0
near 0 371 4 8.983644485473633 3.5045554637908936 4.756805658340454
the 0 372 3 1.8054146766662598 3.04547381401062 0.45908164978027344
<unk> 0 373 5 1.8126599788665771 7.0347185134887695 0
<unk> 0 374 5 2.811445713043213 7.239454746246338 0
<unk> 0 375 5 2.1527700424194336 6.743978977203369 0.49547576904296875
. 0 376 1 3.3085429668426514 7.190502643585205 0
<eos> 0 377 5 0.006152783054858446 0.04012547433376312 7.150377169251442
<unk> 0 378 5 2.119269371032715 5.379427909851074 0
next 0 379 4 12.022126197814941 6.983344554901123 0
morning 0 380 7 11.308829307556152 7.824530124664307 0
, 0 381 1 2.500931739807129 6.948495388031006 0.8760347366333008
<unk> 0 382 5 1.4163596630096436 4.898661136627197 2.0498342514038086
<unk> 0 383 5 2.212233543395996 6.7365570068359375 0
awoke 0 384 5 14.617706298828125 6.4897308349609375 0.246826171875
to 0 385 2 3.0816125869750977 5.331635475158691 1.158095359802246
<unk> 0 386 5 2.217822313308716 6.459770679473877 0
arguing 0 387 7 17.05803108215332 5.072033882141113 1.3877367973327637
with 0 388 4 3.338587760925293 4.123908519744873 0.9481253623962402
his 0 389 3 3.1118788719177246 4.101367950439453 0.022540569305419922
landlord 0 390 8 11.275483131408691 7.349725246429443 0
about 0 391 5 8.256272315979004 3.98858380317688 3.3611414432525635
the 0 392 3 2.0928776264190674 5.505730152130127 0
presence 0 393 8 10.079910278320312 9.942440032958984 0
of 0 394 2 0.04120694100856781 0.29846620559692383 9.64397382736206
a 0 395 1 3.296421766281128 5.375889301300049 0
black 0 396 5 7.728362560272217 8.889467239379883 0
man 0 397 3 3.2539474964141846 7.200334548950195 1.6891326904296875
, 0 398 1 2.6539578437805176 4.567501068115234 2.632833480834961
with 0 399 4 6.597446918487549 6.124436378479004 0
the 0 400 3 3.02706241607666 5.095011234283447 1.0294251441955566
landlord 0 401 8 11.302342414855957 9.387869834899902 0
threatening 0 402 11 8.738943099975586 7.482859134674072 1.90501070022583
to 0 403 2 0.8650782108306885 3.7792162895202637 3.7036428451538086
call 0 404 4 7.8875813484191895 8.705483436584473 0
the 0 405 3 3.3098983764648438 4.179987907409668 4.525495529174805
police 0 406 6 6.190369606018066 9.511658668518066 0
. 0 407 1 2.4353251457214355 6.4882025718688965 3.02345609664917
<eos> 0 408 5 0.0053824628703296185 0.03575407341122627 6.45244849845767
<unk> 0 409 5 1.9727510213851929 5.334141731262207 0
in 0 410 2 10.100189208984375 7.50146484375 0
<unk> 0 411 5 2.227288246154785 5.796856880187988 1.7046079635620117
, 0 412 1 3.3643577098846436 7.357512950897217 0
<unk> 0 413 5 1.4620906114578247 5.239189624786377 2.11832332611084
<unk> 0 414 5 4.686830043792725 6.956114768981934 0
encountered 0 415 11 12.326164245605469 6.424114227294922 0.5320005416870117
several 0 416 7 6.680602550506592 5.473623752593994 0.9504904747009277
other 0 417 5 4.3059844970703125 8.820860862731934 0
incidents 0 418 9 7.400707721710205 8.757972717285156 0.06288814544677734
of 0 419 2 2.8919942378997803 4.92995548248291 3.828017234802246
segregation 0 420 11 13.683905601501465 8.664345741271973 0
that 0 421 4 5.843417167663574 4.504842758178711 4.159502983093262
are 0 422 3 10.473743438720703 6.936845302581787 0
believed 0 423 8 6.828187465667725 8.807844161987305 0
to 0 424 2 0.05629206821322441 0.42458534240722656 8.383258819580078
have 0 425 4 0.9238934516906738 2.5686845779418945 0
contributed 0 426 11 6.329442977905273 4.8396077156066895 0
to 0 427 2 0.15047524869441986 1.2022277116775513 3.637380003929138
the 0 428 3 1.2609162330627441 4.510519981384277 0
impetus 0 429 7 16.994169235229492 9.343786239624023 0
of 0 430 2 2.2917966842651367 3.6411943435668945 5.702591896057129
the 0 431 3 1.4018195867538452 5.063640594482422 0
song 0 432 4 7.350894927978516 8.899961471557617 0
. 0 433 1 1.387243628501892 3.463507652282715 5.436453819274902
<eos> 0 434 5 0.00452378299087286 0.030978579074144363 3.4325290732085705
<unk> 0 435 5 2.1077451705932617 5.40139102935791 0
instance 0 436 8 24.97455596923828 7.150238037109375 0
, 0 437 1 3.6908466815948486 5.723801136016846 1.4264369010925293
when 0 438 4 7.241524696350098 7.214674949645996 0
<unk> 0 439 5 1.8484667539596558 4.744867324829102 2.4698076248168945
<unk> 0 440 5 2.7803361415863037 7.246337890625 0
, 0 441 1 2.8559741973876953 6.975879669189453 0.2704582214355469
<unk> 0 442 5 2.689318895339966 7.636809825897217 0
, 0 443 1 3.016974687576294 5.295246124267578 2.3415637016296387
and 0 444 3 2.7247748374938965 6.910221576690674 0
their 0 445 5 9.179429054260254 3.265108823776245 3.6451127529144287
wives 0 446 5 9.097471237182617 7.340828895568848 0
wanted 0 447 6 10.461541175842285 6.051131248474121 1.2896976470947266
to 0 448 2 0.5467740297317505 2.676609754562378 3.374521493911743
go 0 449 2 5.765045642852783 8.532684326171875 0
out 0 450 3 4.703139305114746 4.825699329376221 3.7069849967956543
to 0 451 2 2.5779869556427 4.6115241050720215 0.21417522430419922
dinner 0 452 6 8.968717575073242 6.661242961883545 0
together 0 453 8 7.603761672973633 4.3480634689331055 2.3131794929504395
, 0 454 1 2.4621338844299316 3.718918561935425 0.6291449069976807
they 0 455 4 7.615865230560303 6.529226303100586 0
discovered 0 456 10 8.840704917907715 7.242155075073242 0
that 0 457 4 1.8246010541915894 4.946889877319336 2.2952651977539062
it 0 458 2 5.794435501098633 5.157464027404785 0
was 0 459 3 0.7731074094772339 3.340269088745117 1.817194938659668
impossible 0 460 10 6.831339359283447 7.332784175872803 0
for 0 461 3 2.8268966674804688 1.8091243505477905 5.523659825325012
the 0 462 3 2.4902138710021973 6.053055286407471 0
mixed 0 463 5 17.877344131469727 9.110088348388672 0
race 0 464 4 8.833077430725098 8.30159854888916 0.8084897994995117
group 0 465 5 12.161948204040527 3.720492362976074 4.581106185913086
to 0 466 2 0.5790613889694214 2.775182008743286 0.9453103542327881
find 0 467 4 6.509574890136719 8.32318115234375 0
a 0 468 1 2.595318555831909 5.909534454345703 2.413646697998047
restaurant 0 469 10 10.568778038024902 9.800660133361816 0
that 0 470 4 5.283769130706787 5.113613128662109 4.687047004699707
would 0 471 5 3.042191505432129 6.516315460205078 0
serve 0 472 5 9.326118469238281 6.471003532409668 0.045311927795410156
them 0 473 4 7.5645551681518555 4.340664863586426 2.130338668823242
. 0 474 1 2.2014825344085693 4.579139232635498 0
<eos> 0 475 5 0.017145849764347076 0.09357698261737823 4.48556225001812
<unk> 0 476 5 1.852145791053772 5.408913612365723 0
<unk> 0 477 5 2.979368209838867 7.2134809494018555 0
was 0 478 3 4.222471237182617 6.196653842926025 1.01682710647583
told 0 479 4 6.350654602050781 8.651348114013672 0
that 0 480 4 1.804970383644104 4.299206256866455 4.352141857147217
if 0 481 2 6.623903751373291 4.407173156738281 0
he 0 482 2 1.57357656955719 4.1674981117248535 0.23967504501342773
returned 0 483 8 8.877331733703613 5.4320387840271 0
later 0 484 5 11.97347354888916 3.0254507064819336 2.406588077545166
without 0 485 7 9.68405532836914 3.587841510772705 0
<unk> 0 486 5 4.303512096405029 7.882424831390381 0
, 0 487 1 1.2687394618988037 4.633338928222656 3.2490859031677246
he 0 488 2 1.070908546447754 3.907578706741333 0.7257602214813232
would 0 489 5 1.103768229484558 3.9871673583984375 0
be 0 490 2 2.6928906440734863 6.326477527618408 0
served 0 491 6 13.508481979370117 9.008604049682617 0
. 0 492 1 4.276001930236816 4.371690273284912 4.636913776397705
<eos> 0 493 5 0.014647449366748333 0.08202913403511047 4.289661139249802
<unk> 0 494 5 1.8488491773605347 5.082119464874268 0
response 0 495 8 17.868173599243164 7.049109935760498 0
to 0 496 2 2.405463457107544 6.934615612030029 0.11449432373046875
one 0 497 3 9.70888614654541 4.35577917098999 2.578836441040039
of 0 498 2 1.1512657403945923 6.0606536865234375 0
these 0 499 5 5.606007099151611 2.077106475830078 3.9835472106933594
incidents 0 500 9 6.239877223968506 8.570813179016113 0
, 0 501 1 2.1936633586883545 5.763984680175781 2.806828498840332
a 0 502 1 4.916322231292725 6.579919815063477 0
friend 0 503 6 9.31938362121582 9.89554214477539 0
of 0 504 2 0.8832698464393616 3.546387195587158 6.349154949188232
<unk> 0 505 5 0.9246653914451599 3.2511119842529297 0.2952752113342285
<unk> 0 506 5 1.7845373153686523 4.2257466316223145 0
's 0 507 2 4.337853908538818 3.2587034702301025 0.9670431613922119
, 0 508 1 4.740957736968994 8.608607292175293 0
variously 0 509 9 16.786243438720703 7.329613208770752 1.278994083404541
identified 0 510 10 6.733590126037598 7.519591331481934 0
as 0 511 2 1.486875295639038 4.3518242835998535 3.16776704788208
either 0 512 6 9.940254211425781 4.107334613800049 0.2444896697998047
<unk> 0 513 5 2.1435835361480713 5.872775554656982 0
or 0 514 2 0.9403955936431885 3.0794663429260254 2.793309211730957
<unk> 0 515 5 0.6853439807891846 3.95107102394104 0
<unk> 0 516 5 3.655313730239868 3.8400940895080566 0.1109769344329834
<unk> 0 517 5 2.7749085426330566 3.57525897026062 0.2648351192474365
joked 0 518 5 19.65940284729004 3.7091619968414307 0
that 0 519 4 0.6758560538291931 2.7901575565338135 0.9190044403076172
<unk> 0 520 5 1.9432250261306763 4.325600624084473 0
was 0 521 3 2.4662835597991943 5.191626071929932 0
a 0 522 1 3.2230401039123535 7.316593170166016 0
" 0 523 1 3.193094491958618 8.816290855407715 0
bourgeois 0 524 9 11.505367279052734 9.381908416748047 0
town 0 525 4 11.13190746307373 7.54899787902832 1.8329105377197266
. 0 526 1 5.712654113769531 4.048816204071045 3.5001816749572754
" 0 527 1 0.1583973467350006 0.4885239601135254 3.5602922439575195
<eos> 0 528 5 5.503434294951148e-06 5.916081863688305e-05 0.4884647992948885
<unk> 0 529 5 1.9497066736221313 5.15931510925293 0
<unk> 0 530 5 2.6059279441833496 6.884742736816406 0
<unk> 0 531 5 2.910849094390869 6.192173480987549 0.6925692558288574
did 0 532 3 8.20460319519043 6.703526496887207 0
not 0 533 3 0.5001022815704346 3.0365147590637207 3.6670117378234863
know 0 534 4 4.683675289154053 7.794578552246094 0
what 0 535 4 3.029971122741699 4.999570846557617 2.7950077056884766
the 0 536 3 3.4563021659851074 5.394865036010742 0
word 0 537 4 8.690529823303223 8.217103958129883 0
" 0 538 1 3.6557183265686035 5.375236988067627 2.841866970062256
bourgeois 0 539 9 14.37238883972168 8.40328311920166 0
" 0 540 1 0.32483264803886414 2.5256478786468506 5.87763524055481
meant 0 541 5 9.898430824279785 6.172604560852051 0
, 0 542 1 3.6537811756134033 5.205387115478516 0.9672174453735352
he 0 543 2 6.369480609893799 4.894001483917236 0.3113856315612793
was 0 544 3 3.7871158123016357 6.742098331451416 0
fascinated 0 545 10 11.098875999450684 8.466259956359863 0
by 0 546 2 0.654276967048645 2.082277774810791 6.383982181549072
the 0 547 3 1.4471871852874756 4.6126484870910645 0
sound 0 548 5 9.970043182373047 9.662230491638184 0
of 0 549 2 0.5650084018707275 2.72721791267395 6.935012578964233
it 0 550 2 8.321418762207031 5.64552640914917 0
, 0 551 1 1.9201409816741943 4.113805294036865 1.5317211151123047
and 0 552 3 1.6541099548339844 5.511955738067627 0
after 0 553 5 7.6723551750183105 7.051684856414795 0
its 0 554 3 7.327904224395752 6.154613971710205 0.8970708847045898
meaning 0 555 7 12.422161102294922 8.989956855773926 0
was 0 556 3 2.4112324714660645 5.557245254516602 3.432711601257324
explained 0 557 9 10.226296424865723 8.842325210571289 0
to 0 558 2 4.326244354248047 3.3418750762939453 5.500450134277344
him 0 559 3 2.649634838104248 5.777176380157471 0
he 0 560 2 6.641639709472656 3.591437578201294 2.1857388019561768
decided 0 561 7 7.5027337074279785 6.3570733070373535 0
to 0 562 2 0.5295745134353638 2.1653988361358643 4.191674470901489
incorporate 0 563 11 8.926130294799805 8.367528915405273 0
it 0 564 2 4.377064228057861 5.1497087478637695 3.217820167541504
into 0 565 4 1.0708932876586914 3.311573028564453 1.8381357192993164
a 0 566 1 1.3689695596694946 3.9632747173309326 0
song 0 567 4 6.9271626472473145 8.940007209777832 0
about 0 568 5 6.425547122955322 5.1639180183410645 3.7760891914367676
the 0 569 3 1.973449945449829 5.63121223449707 0
trip 0 570 4 12.244486808776855 9.800612449645996 0
. 0 571 1 1.1028778553009033 3.608499050140381 6.192113399505615
<eos> 0 572 5 0.026567848399281502 0.13234612345695496 3.476152926683426
<unk> 0 573 5 2.161498546600342 5.154291152954102 0
song 0 574 4 15.490236282348633 7.372799873352051 0
came 0 575 4 9.398327827453613 7.679015636444092 0
together 0 576 8 7.757928371429443 4.377761363983154 3.3012542724609375
quickly 0 577 7 11.903676986694336 4.883270263671875 0
; 0 578 1 5.906968593597412 4.219435214996338 0.6638350486755371
one 0 579 3 7.829331398010254 5.512057781219482 0
account 0 580 7 9.031238555908203 6.796721458435059 0
claims 0 581 6 9.172465324401855 6.856529235839844 0
that 0 582 4 0.7922112345695496 3.3787944316864014 3.4777348041534424
it 0 583 2 3.9923529624938965 4.622671604156494 0
only 0 584 4 9.278698921203613 4.60476016998291 0.017911434173583984
took 0 585 4 5.91906213760376 8.705843925476074 0
a 0 586 1 2.8139045238494873 5.683773994445801 3.0220699310302734
few 0 587 3 5.392070293426514 8.929255485534668 0
hours 0 588 5 2.8413186073303223 4.278470516204834 4.650784969329834
for 0 589 3 6.04034423828125 5.043863773345947 0
<unk> 0 590 5 3.0574235916137695 6.162268161773682 0
<unk> 0 591 5 3.393869638442993 5.199443340301514 0.962824821472168
to 0 592 2 4.580966949462891 4.55350399017334 0.6459393501281738
write 0 593 5 5.992571830749512 8.100576400756836 0
it 0 594 2 5.248933792114258 5.628934860229492 2.4716415405273438
. 0 595 1 1.1653379201889038 3.7393434047698975 1.8895914554595947
<eos> 0 596 5 0.05257999151945114 0.22461101412773132 3.514732390642166
<unk> 0 597 5 1.9711110591888428 5.192465782165527 0
liked 0 598 5 10.8312406539917 7.033439636230469 0
it 0 599 2 4.790773391723633 4.3102803230285645 2.7231593132019043
because 0 600 7 4.680594444274902 4.301987171173096 0.00829315185546875
it 0 601 2 3.2310822010040283 3.251755714416504 1.0502314567565918
was 0 602 3 1.0806275606155396 4.415859699249268 0
partly 0 603 6 10.394225120544434 7.297438621520996 0
based 0 604 5 4.965821743011475 7.330046653747559 0
on 0 605 2 0.11748473346233368 0.6698336601257324 6.660212993621826
what 0 606 4 6.407472133636475 5.295783519744873 0
happened 0 607 8 6.042728900909424 4.657665252685547 0.6381182670593262
in 0 608 2 3.539370059967041 4.27876091003418 0.3789043426513672
his 0 609 3 3.8651187419891357 4.181017875671387 0.09774303436279297
apartment 0 610 9 9.670150756835938 8.258737564086914 0
. 0 611 1 1.417509913444519 3.9090914726257324 4.349646091461182
<eos> 0 612 5 0.026124902069568634 0.13068917393684387 3.7784022986888885
= 0 613 1 4.324625015258789 4.952122688293457 0
= 0 614 1 0.03912387788295746 0.28730839490890503 4.664814293384552
<unk> 0 615 5 5.344069004058838 4.312752723693848 0
, 0 616 1 5.826403617858887 5.719128131866455 0
themes 0 617 6 13.354777336120605 6.032970428466797 0
and 0 618 3 1.1918479204177856 2.5398898124694824 3.4930806159973145
music 0 619 5 6.340414047241211 9.252280235290527 0
= 0 620 1 0.10820873081684113 0.8889461755752563 8.363334059715271
= 0 621 1 0.0002448825107421726 0.003509162226691842 0.8854370133485645
<eos> 0 622 5 16.980649948120117 4.940531253814697 0
" 0 623 1 5.277525424957275 6.6296305656433105 0
<unk> 0 624 5 1.640282392501831 7.342912197113037 0
<unk> 0 625 5 2.18888521194458 3.74544095993042 3.597471237182617
<unk> 0 626 5 2.372734546661377 2.7412638664245605 1.0041770935058594
" 0 627 1 0.6575708389282227 2.4690864086151123 0.27217745780944824
is 0 628 2 2.2433252334594727 4.340209484100342 0
a 0 629 1 1.3650057315826416 4.824009895324707 0
blues 0 630 5 8.467066764831543 8.431964874267578 0
<unk> 0 631 5 2.673468828201294 6.213565826416016 2.2183990478515625
style 0 632 5 3.2972898483276367 5.89935302734375 0.3142127990722656
protest 0 633 7 11.758041381835938 7.1664628982543945 0
song 0 634 4 2.4864509105682373 5.953483581542969 1.2129793167114258
that 0 635 4 2.7429637908935547 5.324831485748291 0.6286520957946777
criticizes 0 636 10 11.60233211517334 7.279598236083984 0
the 0 637 3 1.3375475406646729 4.869399070739746 2.4101991653442383
culture 0 638 7 11.457508087158203 9.30850601196289 0
of 0 639 2 0.3904693126678467 2.1249406337738037 7.183565378189087
<unk> 0 640 5 2.155148983001709 5.115350723266602 0
, 0 641 1 3.343461275100708 6.058876037597656 0
<unk> 0 642 5 3.4072184562683105 6.574652671813965 0
. 0 643 1 5.488805770874023 3.0421366691589355 3.5325160026550293
<eos> 0 644 5 0.052101001143455505 0.2288188338279724 2.813317835330963
<unk> 0 645 5 1.5825872421264648 5.650955677032471 0
protests 0 646 8 16.34941291809082 5.826629638671875 0
against 0 647 7 6.339181423187256 5.7993879318237305 0.02724170684814453
both 0 648 4 8.401656150817871 5.540830612182617 0.2585573196411133
the 0 649 3 2.1285853385925293 6.779661178588867 0
city 0 650 4 8.194643020629883 8.899426460266113 0
's 0 651 2 1.9672036170959473 2.784388542175293 6.11503791809082
<unk> 0 652 5 3.5559325218200684 10.05422592163086 0
<unk> 0 653 5 3.989921808242798 4.3884501457214355 5.665775775909424
laws 0 654 4 16.29868507385254 5.4626545906066895 0
and 0 655 3 0.5536052584648132 2.554835081100464 2.9078195095062256
the 0 656 3 1.478540301322937 6.805669784545898 0
racism 0 657 6 10.658370971679688 9.874454498291016 0
of 0 658 2 0.8624571561813354 3.906052350997925 5.968402147293091
its 0 659 3 7.060739517211914 4.876279354095459 0
white 0 660 5 11.902331352233887 9.255888938903809 0
population 0 661 10 4.587349891662598 7.0682477951049805 2.187641143798828
. 0 662 1 0.927451491355896 2.8032445907592773 4.265003204345703
<eos> 0 663 5 0.023078681901097298 0.11906523257493973 2.6841793581843376
<unk> 0 664 5 2.6409215927124023 5.465226650238037 0
structure 0 665 9 18.412248611450195 5.878573894500732 0
includes 0 666 8 7.702783584594727 7.773089408874512 0
several 0 667 7 5.431708812713623 6.339725017547607 1.4333643913269043
verses 0 668 6 8.215960502624512 8.903801918029785 0
and 0 669 3 3.06911301612854 5.323850154876709 3.579951763153076
a 0 670 1 4.25832462310791 8.7216157913208 0
refrain 0 671 7 9.794522285461426 9.184246063232422 0
that 0 672 4 3.980720043182373 5.130989074707031 4.053256988525391
declares 0 673 8 11.44893741607666 7.912268161773682 0
that 0 674 4 2.375760078430176 4.771650791168213 3.1406173706054688
the 0 675 3 1.488135576248169 5.052325248718262 0
speaker 0 676 7 13.263065338134766 8.202055931091309 0
is 0 677 2 2.6885993480682373 6.179296493530273 2.022759437561035
going 0 678 5 8.777251243591309 7.507236480712891 0
to 0 679 2 0.27664995193481445 1.618236780166626 5.888999700546265
" 0 680 1 6.808925151824951 7.611023902893066 0
spread 0 681 6 11.328619956970215 9.250021934509277 0
the 0 682 3 2.6229143142700195 6.497984886169434 2.7520370483398438
news 0 683 4 13.165343284606934 10.122007369995117 0
all 0 684 3 11.440710067749023 4.501194477081299 5.620812892913818
around 0 685 6 6.258122444152832 6.603158473968506 0
" 0 686 1 3.822735548019409 4.454935550689697 2.1482229232788086
about 0 687 5 9.012219429016113 4.747459888458252 0
the 0 688 3 1.92922842502594 5.243986129760742 0
racial 0 689 6 10.964606285095215 9.699309349060059 0
issues 0 690 6 6.316310405731201 8.24199104309082 1.4573183059692383
<unk> 0 691 5 8.918763160705566 4.210184097290039 4.031806945800781
the 0 692 3 5.312286853790283 7.367268085479736 0
city 0 693 4 8.611213684082031 9.401229858398438 0
. 0 694 1 2.27903151512146 5.063990116119385 4.337239742279053
<eos> 0 695 5 0.060339707881212234 0.24889346957206726 4.8150966465473175
<unk> 0 696 5 2.7658731937408447 5.332127571105957 0
song 0 697 4 12.265291213989258 6.450788497924805 0
, 0 698 1 4.1399827003479 6.967835903167725 0
particularly 0 699 12 9.571624755859375 5.733677387237549 1.2341585159301758
in 0 700 2 2.769620895385742 5.903814792633057 0
the 0 701 3 1.3445205688476562 4.813687324523926 1.0901274681091309
refrain 0 702 7 13.533209800720215 7.406064510345459 0
, 0 703 1 1.3943774700164795 4.480319023132324 2.9257454872131348
<unk> 0 704 5 6.550549507141113 6.638439655303955 0
race 0 705 4 18.043701171875 7.497577667236328 0
and 0 706 3 4.134091377258301 7.841858386993408 0
economics 0 707 9 16.602951049804688 8.918697357177734 0
by 0 708 2 6.410012245178223 6.090023994445801 2.8286733627319336
referring 0 709 9 11.945270538330078 5.230989933013916 0.8590340614318848
to 0 710 2 0.03484227508306503 0.32240474224090576 4.90858519077301
<unk> 0 711 5 3.1915977001190186 4.730462074279785 0
as 0 712 2 3.1562585830688477 4.40065336227417 0.32980871200561523
" 0 713 1 1.7615811824798584 3.8724732398986816 0.5281801223754883
bourgeois 0 714 9 15.448238372802734 6.529283046722412 0
" 0 715 1 1.5019795894622803 5.198448181152344 1.3308348655700684
. 0 716 1 1.9406741857528687 2.772892713546753 2.425555467605591
<eos> 0 717 5 0.04086309298872948 0.18492163717746735 2.5879710763692856
<unk> 0 718 5 2.5397682189941406 5.360598564147949 0
first 0 719 5 9.933862686157227 6.276542663574219 0
two 0 720 3 17.365320205688477 7.142241954803467 0
verses 0 721 6 5.71396541595459 8.495806694030762 0
speak 0 722 5 8.956838607788086 6.583159923553467 1.912646770477295
of 0 723 2 2.8856046199798584 5.533822536468506 1.049337387084961
the 0 724 3 1.8823211193084717 5.766171932220459 0
segregation 0 725 11 17.913616180419922 9.269810676574707 0
that 0 726 4 5.577656269073486 3.198596715927124 6.071213960647583
<unk> 0 727 5 3.004828691482544 7.572685718536377 0
<unk> 0 728 5 3.1871109008789062 7.863353729248047 0
encountered 0 729 11 12.80465316772461 7.783940315246582 0.07941341400146484
in 0 730 2 2.489652395248413 4.90573263168335 2.8782076835632324
<unk> 0 731 5 2.270996570587158 4.372525215148926 0.5332074165344238
<unk> 0 732 5 3.3902885913848877 4.715766906738281 0
: 0 733 1 6.055039882659912 4.3867058753967285 0.32906103134155273
the 0 734 3 2.772104501724243 4.380785942077637 0.005919933319091797
first 0 735 5 4.843297004699707 8.959750175476074 0
recounts 0 736 8 17.907997131347656 8.03265380859375 0.9270963668823242
the 0 737 3 2.9424469470977783 5.786007404327393 2.2466464042663574
fact 0 738 4 8.238597869873047 9.49754810333252 0
that 0 739 4 0.08547667413949966 0.5745514631271362 8.922996640205383
during 0 740 6 9.787013053894043 4.754705905914307 0
the 0 741 3 0.8893800377845764 3.2740330696105957 1.480672836303711
trip 0 742 4 8.838452339172363 7.717968940734863 0
, 0 743 1 2.123047351837158 4.812313079833984 2.905655860900879
<unk> 0 744 5 2.0405232906341553 4.976436614990234 0
<unk> 0 745 5 2.5418567657470703 7.17310905456543 0
was 0 746 3 4.325682640075684 6.830542087554932 0.34256696701049805
" 0 747 1 4.388411045074463 8.627262115478516 0
turned 0 748 6 10.943920135498047 8.624497413635254 0.0027647018432617188
down 0 749 4 3.554710865020752 4.996786594390869 3.6277108192443848
" 0 750 1 1.9496724605560303 4.600375175476074 0.3964114189147949
wherever 0 751 8 13.689117431640625 4.305044174194336 0.2953310012817383
he 0 752 2 0.7793043851852417 3.160191535949707 1.144852638244629
tried 0 753 5 7.073502063751221 6.011119842529297 0
to 0 754 2 0.47424548864364624 2.3250043392181396 3.6861155033111572
get 0 755 3 4.404716491699219 8.598876953125 0
served 0 756 6 16.21661949157715 6.325232982635498 2.273643970489502
due 0 757 3 9.629920959472656 4.152919292449951 2.172313690185547
to 0 758 2 0.016623156145215034 0.1578259915113449 3.9950933009386063
his 0 759 3 2.164193868637085 5.090396881103516 0
race 0 760 4 12.218161582946777 10.16497802734375 0
, 0 761 1 2.9255127906799316 4.118003845214844 6.046974182128906
while 0 762 5 5.690370559692383 5.8047871589660645 0
the 0 763 3 2.377598285675049 5.205039978027344 0.5997471809387207
second 0 764 6 7.247991561889648 8.902323722839355 0
recounts 0 765 8 16.907644271850586 7.827038288116455 1.0752854347229004
the 0 766 3 2.0439493656158447 5.20015811920166 2.626880168914795
argument 0 767 8 10.99685001373291 9.863492965698242 0
between 0 768 7 5.060041904449463 4.830780029296875 5.032712936401367
<unk> 0 769 5 1.5545388460159302 4.363437175750732 0.4673428535461426
and 0 770 3 0.5412721633911133 2.2248151302337646 2.1386220455169678
his 0 771 3 3.988288640975952 2.4597063064575195 0
landlord 0 772 8 12.218464851379395 7.049283981323242 0
over 0 773 4 9.999098777770996 3.215186834335327 3.834097146987915
<unk> 0 774 5 3.0896835327148438 4.193603992462158 0
<unk> 0 775 5 3.3984858989715576 4.207373142242432 0
staying 0 776 7 16.91707420349121 3.979109048843384 0.22826409339904785
in 0 777 2 1.377894639968872 4.329453945159912 0
his 0 778 3 4.145102500915527 4.28062629699707 0.0488276481628418
apartment 0 779 9 4.638625144958496 7.904448986053467 0
. 0 780 1 0.6303452253341675 2.626476287841797 5.27797269821167
<eos> 0 781 5 0.00996679998934269 0.059893153607845306 2.5665831342339516
<unk> 0 782 5 1.9838060140609741 5.153617858886719 0
third 0 783 5 17.336435317993164 7.283283710479736 0
verse 0 784 5 7.982632637023926 6.327327251434326 0.9559564590454102
sarcastically 0 785 13 16.1905574798584 6.5521039962768555 0
cites 0 786 5 9.073254585266113 7.495935440063477 0
" 0 787 1 4.901885032653809 4.319505214691162 3.1764302253723145
the 0 788 3 2.84297776222229 7.8611836433410645 0
home 0 789 4 11.10519790649414 9.611762046813965 0
of 0 790 2 2.0096874237060547 4.912459373474121 4.699302673339844
the 0 791 3 1.7191373109817505 5.101806640625 0
brave 0 792 5 13.088909149169922 8.445220947265625 0
, 0 793 1 5.73717737197876 3.4238767623901367 5.021344184875488
the 0 794 3 5.0835280418396 7.122357368469238 0
land 0 795 4 11.700197219848633 9.225427627563477 0
of 0 796 2 1.3378984928131104 5.0755205154418945 4.149907112121582
the 0 797 3 2.2698256969451904 6.931717872619629 0
<unk> 0 798 5 2.7487285137176514 8.899473190307617 0
" 0 799 1 0.45664969086647034 2.8366801738739014 6.062793016433716
, 0 800 1 0.9329879283905029 3.356046199798584 0
juxtaposed 0 801 10 17.35220718383789 5.275985240936279 0
with 0 802 4 1.381722331047058 3.5765092372894287 1.6994760036468506
the 0 803 3 1.615016222000122 4.402693748474121 0
mistreatment 0 804 12 14.028210639953613 9.423341751098633 0
he 0 805 2 10.042892456054688 0.7667238116264343 8.656617939472198
received 0 806 8 7.386229515075684 7.729267120361328 0
at 0 807 2 6.251794815063477 4.541408061981201 3.187859058380127
the 0 808 3 1.0871230363845825 4.218755722045898 0.32265233993530273
hands 0 809 5 8.001436233520508 6.326844215393066 0
of 0 810 2 0.035648539662361145 0.26611554622650146 6.060728669166565
white 0 811 5 10.238775253295898 4.282073020935059 0
people 0 812 6 5.582982063293457 7.175995826721191 0
in 0 813 2 3.891249179840088 4.356720924377441 2.81927490234375
<unk> 0 814 5 2.562037944793701 4.211310863494873 0.14541006088256836
, 0 815 1 2.0969595909118652 4.1864848136901855 0.0248260498046875
<unk> 0 816 5 2.7066409587860107 5.913147449493408 0
. 0 817 1 2.0670745372772217 4.180427551269531 1.732719898223877
<eos> 0 818 5 0.07693544030189514 0.2996191680431366 3.8808083832263947
<unk> 0 819 5 2.0653879642486572 5.256180763244629 0
fourth 0 820 6 19.121566772460938 6.863607406616211 0
verse 0 821 5 6.066279411315918 6.7202935218811035 0.14331388473510742
speaks 0 822 6 9.93224048614502 6.8657965660095215 0
of 0 823 2 2.85906982421875 5.103290557861328 1.7625060081481934
the 0 824 3 2.0531439781188965 6.043698787689209 0
racism 0 825 6 12.185503005981445 10.016242980957031 0
of 0 826 2 1.8136658668518066 4.9278483390808105 5.088394641876221
the 0 827 3 1.409015417098999 4.3813276290893555 0.5465207099914551
white 0 828 5 8.285832405090332 8.464881896972656 0
population 0 829 10 8.763191223144531 6.993597507476807 1.4712843894958496
of 0 830 2 3.975172519683838 4.201772689819336 2.7918248176574707
the 0 831 3 1.1939421892166138 3.360215663909912 0.8415570259094238
city 0 832 4 5.589425086975098 7.395662784576416 0
, 0 833 1 1.650876522064209 3.658003568649292 3.737659215927124
leading 0 834 7 8.362783432006836 6.084158897399902 0
to 0 835 2 0.3342270255088806 1.912390112876892 4.17176878452301
the 0 836 3 1.5757794380187988 5.26500940322876 0
song 0 837 4 6.318504810333252 9.558055877685547 0
's 0 838 2 1.2259101867675781 4.005661487579346 5.552394390106201
end 0 839 3 8.224481582641602 9.091596603393555 0
, 0 840 1 4.088408946990967 5.4278459548950195 3.663750648498535
which 0 841 5 4.09099817276001 7.412336826324463 0
suggests 0 842 8 8.387784004211426 7.267402172088623 0.14493465423583984
that 0 843 4 0.7067289352416992 3.1306676864624023 4.136734485626221
<unk> 0 844 5 2.2458128929138184 4.647761344909668 0
<unk> 0 845 5 3.1346659660339355 6.03256893157959 0
boycott 0 846 7 17.603717803955078 6.5589094161987305 0
buying 0 847 6 18.248199462890625 6.940165996551514 0
homes 0 848 5 12.579428672790527 6.2279229164123535 0.7122430801391602
in 0 849 2 2.6633026599884033 5.871851444244385 0.35607147216796875
the 0 850 3 1.2876616716384888 4.154825210571289 1.7170262336730957
district 0 851 8 9.259565353393555 7.978338241577148 0
. 0 852 1 3.086880922317505 5.207150459289551 2.7711877822875977
<eos> 0 853 5 0.04086041823029518 0.1868908852338791 5.020259574055672
<unk> 0 854 5 1.9598784446716309 5.306798934936523 0
song 0 855 4 13.439626693725586 6.95322847366333 0
's 0 856 2 5.2764692306518555 7.2514519691467285 0
tone 0 857 4 10.004916191101074 9.082818031311035 0
implies 0 858 7 12.004118919372559 6.4920148849487305 2.5908031463623047
that 0 859 4 1.0988452434539795 3.754208564758301 2.7378063201904297
the 0 860 3 1.6874635219573975 4.731921195983887 0
speaker 0 861 7 13.213829040527344 8.75430679321289 0
feels 0 862 5 8.58576774597168 6.264725208282471 2.48958158493042
powerless 0 863 9 7.990436553955078 6.356452465057373 0
against 0 864 7 9.41228199005127 3.7717785835266113 2.5846738815307617
the 0 865 3 1.6801645755767822 5.305483341217041 0
discrimination 0 866 14 13.734779357910156 10.12086009979248 0
and 0 867 3 3.3869409561157227 5.046009540557861 5.074850559234619
racism 0 868 6 8.9795503616333 9.5146484375 0
that 0 869 4 4.399990558624268 5.871325969696045 3.643322467803955
he 0 870 2 2.986422300338745 7.390233516693115 0
encounters 0 871 10 10.375314712524414 7.094278812408447 0.29595470428466797
; 0 872 1 6.2745161056518555 4.980434894561768 2.1138439178466797
despite 0 873 7 8.990148544311523 5.745491027832031 0
this 0 874 4 3.8434269428253174 5.575883865356445 0.16960716247558594
, 0 875 1 0.6651285886764526 4.497725486755371 1.0781583786010742
by 0 876 2 9.944757461547852 4.57997989654541 0
" 0 877 1 6.044360637664795 6.1945576667785645 0
spreading 0 878 9 15.163544654846191 7.575377464294434 0
the 0 879 3 2.3137707710266113 7.130399703979492 0.4449777603149414
news 0 880 4 10.838027000427246 10.370710372924805 0
" 0 881 1 2.1354355812072754 4.67503023147583 5.695680141448975
of 0 882 2 4.5357866287231445 4.667059421539307 0.007970809936523438
his 0 883 3 2.9824721813201904 4.5946574211120605 0.0724020004272461
poor 0 884 4 12.576910018920898 9.674339294433594 0
treatment 0 885 9 9.021896362304688 8.935978889465332 0.7383604049682617
in 0 886 2 5.557404518127441 3.4730188846588135 5.4629600048065186
a 0 887 1 4.499192714691162 4.981296062469482 0
song 0 888 4 6.786553859710693 9.547022819519043 0
, 0 889 1 2.0928831100463867 6.124292373657227 3.4227304458618164
the 0 890 3 3.089383602142334 4.396345615386963 1.7279467582702637
speaker 0 891 7 11.691893577575684 8.457803726196289 0
uses 0 892 4 7.762887001037598 7.540423393249512 0.9173803329467773
what 0 893 4 8.491765975952148 5.283791542053223 2.256631851196289
power 0 894 5 13.643571853637695 4.880858421325684 0.40293312072753906
he 0 895 2 3.5296287536621094 6.453263759613037 0
has 0 896 3 3.6544346809387207 6.724915027618408 0
to 0 897 2 3.2976627349853516 7.455849647521973 0
tell 0 898 4 7.853135108947754 7.380514144897461 0.07533550262451172
both 0 899 4 9.216655731201172 5.6944193840026855 1.6860947608947754
southern 0 900 8 15.814680099487305 6.739643096923828 0
<unk> 0 901 5 3.695681571960449 3.7906131744384766 2.9490299224853516
<unk> 0 902 5 5.681247234344482 2.8261489868164062 0.9644641876220703
and 0 903 3 0.908602237701416 4.400391101837158 0
northern 0 904 8 11.456904411315918 3.956773519515991 0.443617582321167
whites 0 905 6 8.356192588806152 3.918689012527466 0.03808450698852539
that 0 906 4 6.446310043334961 3.922837495803833 0
the 0 907 3 4.766127586364746 8.217693328857422 0
status 0 908 6 11.920852661132812 9.333833694458008 0
quo 0 909 3 1.8803646564483643 2.217688798904419 7.116144895553589
is 0 910 2 2.0355963706970215 6.075431823730469 0
deeply 0 911 6 10.69900894165039 8.82553768157959 0
flawed 0 912 6 7.809131145477295 8.736493110656738 0.08904457092285156
and 0 913 3 3.866703748703003 2.3401806354522705 6.396312475204468
that 0 914 4 3.133510112762451 8.522216796875 0
something 0 915 9 11.424446105957031 5.518418312072754 3.003798484802246
needs 0 916 5 10.33806324005127 7.490726470947266 0
to 0 917 2 0.822968602180481 4.2067484855651855 3.28397798538208
change 0 918 6 7.101015090942383 7.253438472747803 0
. 0 919 1 2.4649667739868164 5.602480411529541 1.6509580612182617
<eos> 0 920 5 0.2353823333978653 0.6181679368019104 4.984312474727631
" 0 921 1 8.88525676727295 5.724634647369385 0
<unk> 0 922 5 2.3559601306915283 7.461994171142578 0
<unk> 0 923 5 2.237895965576172 5.2477288246154785 2.2142653465270996
<unk> 0 924 5 2.015270709991455 4.489327907562256 0.7584009170532227
" 0 925 1 1.5393794775009155 4.547123908996582 0
follows 0 926 7 9.470611572265625 4.972545623779297 0
a 0 927 1 3.413532257080078 4.142653465270996 0.8298921585083008
traditional 0 928 11 8.577208518981934 9.47922420501709 0
twelve 0 929 6 17.308271408081055 8.831924438476562 0.6472997665405273
<unk> 0 930 5 0.26617002487182617 2.168696641921997 6.663227796554565
bar 0 931 3 8.38238525390625 6.258469104766846 0
blues 0 932 5 8.988993644714355 9.20164966583252 0
format 0 933 6 11.687192916870117 6.988277912139893 2.213371753692627
. 0 934 1 3.277411460876465 4.840834140777588 2.1474437713623047
<eos> 0 935 5 0.04806990176439285 0.21034613251686096 4.630488008260727
<unk> 0 936 5 2.124241590499878 5.468784332275391 0
is 0 937 2 5.2942328453063965 6.476743698120117 0
written 0 938 7 9.113371849060059 7.771317958831787 0
in 0 939 2 1.4541614055633545 4.426216125488281 3.345101833343506
<unk> 0 940 5 3.01674222946167 4.879408359527588 0
time 0 941 4 12.866127967834473 4.78568696975708 0.09372138977050781
but 0 942 3 7.3107829093933105 4.642272472381592 0.14341449737548828
annotated 0 943 9 19.927440643310547 7.5241007804870605 0
to 0 944 2 5.305055141448975 5.127376556396484 2.396724224090576
note 0 945 4 11.73062801361084 5.249029159545898 0
that 0 946 4 2.4301974773406982 5.748945713043213 0
the 0 947 3 2.058859348297119 4.719048023223877 1.029897689819336
song 0 948 4 2.7041051387786865 7.656638145446777 0
rhythmically 0 949 12 20.844066619873047 5.053670406341553 2.6029677391052246
should 0 950 6 11.48873519897461 8.506789207458496 0
swing 0 951 5 11.603544235229492 4.983179092407227 3.5236101150512695
at 0 952 2 6.469386100769043 6.671479225158691 0
medium 0 953 6 12.445168495178223 5.07133674621582 1.600142478942871
shuffle 0 954 7 19.605995178222656 5.861082077026367 0
. 0 955 1 2.199652671813965 5.65235710144043 0.2087249755859375
<eos> 0 956 5 0.1059633195400238 0.3731411397457123 5.279215961694717
<unk> 0 957 5 2.5844204425811768 5.455724239349365 0
song 0 958 4 11.741838455200195 6.597687244415283 0
was 0 959 3 4.497507095336914 6.613406181335449 0
written 0 960 7 3.2120306491851807 7.209723472595215 0
in 0 961 2 2.865960121154785 3.4653382301330566 3.744385242462158
<unk> 0 962 5 1.2579911947250366 3.6656248569488525 0
<unk> 0 963 5 2.990065574645996 4.058151721954346 0
. 0 964 1 3.4147982597351074 3.6522676944732666 0.4058840274810791
<eos> 0 965 5 0.0918855145573616 0.33832699060440063 3.313940703868866
<unk> 0 966 5 2.731154680252075 5.369601249694824 0
uses 0 967 4 9.66367244720459 6.525115489959717 0
twelve 0 968 6 12.319025039672852 5.530014991760254 0.9951004981994629
measures 0 969 8 11.542271614074707 7.871151924133301 0
with 0 970 4 5.912830829620361 5.060427188873291 2.8107247352600098
verses 0 971 6 9.527806282043457 6.595561504364014 0
one 0 972 3 11.049968719482422 5.86857795715332 0.7269835472106934
to 0 973 2 3.4935524463653564 6.1061015129089355 0
four 0 974 4 4.836837291717529 7.196401596069336 0
repeating 0 975 9 14.896974563598633 5.810563087463379 1.385838508605957
, 0 976 1 4.522124290466309 6.960077285766602 0
followed 0 977 8 8.712310791015625 6.690316200256348 0.2697610855102539
by 0 978 2 0.32971957325935364 1.8953152894973755 4.795000910758972
the 0 979 3 2.5317070484161377 6.060012340545654 0
final 0 980 5 7.1102166175842285 8.733205795288086 0
two 0 981 3 5.562107086181641 7.426736354827881 1.306469440460205
verses 0 982 6 3.0759825706481934 7.199100971221924 0.22763538360595703
and 0 983 3 3.9711410999298096 4.245556354522705 2.9535446166992188
a 0 984 1 3.5699210166931152 7.887515068054199 0
coda 0 985 4 5.367069244384766 8.352320671081543 0
. 0 986 1 1.571533441543579 5.0508832931518555 3.3014373779296875
<eos> 0 987 5 0.03259682655334473 0.15598182380199432 4.894901469349861
= 0 988 1 5.011175632476807 4.771266937255859 0
= 0 989 1 0.02619093842804432 0.2234778106212616 4.547789126634598
<unk> 0 990 5 7.049958229064941 3.495002508163452 0
and 0 991 3 2.816481351852417 5.07694149017334 0
<unk> 0 992 5 1.2800586223602295 6.324687957763672 0
= 0 993 1 0.545175313949585 3.457550525665283 2.8671374320983887
= 0 994 1 0.002030717208981514 0.02550491876900196 3.4320456068962812
<eos> 0 995 5 17.896421432495117 4.7466020584106445 0
<unk> 0 996 5 1.4362311363220215 6.2499775886535645 0
<unk> 0 997 5 2.0106630325317383 5.755342483520508 0.49463510513305664
first 0 998 5 9.187702178955078 5.8687663078308105 0
recorded 0 999 8 3.1319527626037598 6.225274562835693 0
" 0 1000 1 4.177212238311768 4.650244235992432 1.5750303268432617
<unk> 0 1001 5 1.9313184022903442 7.291928768157959 0
<unk> 0 1002 5 2.039506435394287 4.324813365936279 2.9671154022216797
<unk> 0 1003 5 2.334540605545044 2.6821258068084717 1.6426875591278076
" 0 1004 1 0.7174317836761475 2.5849690437316895 0.09715676307678223
in 0 1005 2 2.1343953609466553 4.166898250579834 0
<unk> 0 1006 5 0.8255195021629333 2.775383710861206 1.391514539718628
<unk> 0 1007 5 1.5849205255508423 3.644043207168579 0
in 0 1008 2 3.5957651138305664 3.6691739559173584 0
<unk> 0 1009 5 0.7744667530059814 2.7762179374694824 0.892956018447876
<unk> 0 1010 5 2.2540626525878906 3.388667345046997 0
<unk> 0 1011 5 4.951955795288086 3.240738868713379 0.14792847633361816
, 0 1012 1 1.7372297048568726 4.362081050872803 0
for 0 1013 3 7.320207595825195 5.9588303565979 0
donation 0 1014 8 21.390228271484375 4.90814733505249 1.0506830215454102
to 0 1015 2 2.7897841930389404 4.820296287536621 0.08785104751586914
the 0 1016 3 1.9432786703109741 4.3944010734558105 0.42589521408081055
<unk> 0 1017 5 1.079301118850708 6.034682750701904 0
of 0 1018 2 6.520639896392822 7.264232635498047 0
<unk> 0 1019 5 1.3932781219482422 3.9496991634368896 3.3145334720611572
. 0 1020 1 2.1580259799957275 4.940251350402832 0
<eos> 0 1021 5 0.014014508575201035 0.07991945743560791 4.860331892967224
<unk> 0 1022 5 2.574636697769165 5.1268839836120605 0
re 0 1023 2 10.269018173217773 6.945449352264404 0
<unk> 0 1024 5 0.010335506871342659 0.11706868559122086 6.828380666673183
recorded 0 1025 8 1.445221185684204 4.824122428894043 0
the 0 1026 3 1.3288038969039917 4.453027248382568 0.3710951805114746
song 0 1027 4 0.8409209251403809 3.6651484966278076 0.7878787517547607
in 0 1028 2 2.470226764678955 4.402680397033691 0
<unk> 0 1029 5 0.6961004734039307 2.8057525157928467 1.5969278812408447
<unk> 0 1030 5 1.6745882034301758 3.579503059387207 0
for 0 1031 3 5.143558025360107 3.5454204082489014 0.034082651138305664
<unk> 0 1032 5 2.70996356010437 4.777362823486328 0
<unk> 0 1033 5 1.5962975025177002 4.798381328582764 0
, 0 1034 1 2.114086627960205 3.9391703605651855 0.8592109680175781
for 0 1035 3 7.412214279174805 5.596658706665039 0
release 0 1036 7 8.176719665527344 4.710742473602295 0.8859162330627441
the 0 1037 3 7.662761211395264 3.9102611541748047 0.8004813194274902
same 0 1038 4 3.3175575733184814 5.971783638000488 0
year 0 1039 4 0.565168023109436 2.065660238265991 3.906123399734497
as 0 1040 2 3.810838460922241 3.0553457736968994 0
a 0 1041 1 2.5893571376800537 4.466724395751953 0
<unk> 0 1042 5 2.5081770420074463 7.836137771606445 0
rpm 0 1043 3 11.786287307739258 5.684662818908691 2.151474952697754
record 0 1044 6 5.965439796447754 6.924901962280273 0
. 0 1045 1 1.0059279203414917 3.676675796508789 3.2482261657714844
<eos> 0 1046 5 0.038268137723207474 0.17754514515399933 3.4991306513547897
<unk> 0 1047 5 2.800499439239502 4.998340606689453 0
version 0 1048 7 14.07416820526123 6.7491021156311035 0
that 0 1049 4 10.375344276428223 4.512876987457275 2.236225128173828
was 0 1050 3 3.060168504714966 7.093332290649414 0
commercially 0 1051 12 9.455986022949219 6.7783379554748535 0.31499433517456055
released 0 1052 8 3.825615167617798 4.5833845138549805 2.194953441619873
features 0 1053 8 13.023021697998047 5.027546405792236 0
<unk> 0 1054 5 3.565351724624634 6.302908897399902 0
<unk> 0 1055 5 1.9313045740127563 6.395889759063721 0
singing 0 1056 7 7.962894439697266 5.636839389801025 0.7590503692626953
and 0 1057 3 4.036963939666748 5.958065032958984 0
playing 0 1058 7 6.0128560066223145 7.997677803039551 0
the 0 1059 3 2.767218828201294 5.993467330932617 2.0042104721069336
twelve 0 1060 6 13.024177551269531 7.0723958015441895 0
<unk> 0 1061 5 2.226646900177002 6.567816734313965 0.5045790672302246
string 0 1062 6 5.021946907043457 5.705422401428223 0.8623943328857422
guitar 0 1063 6 2.0754220485687256 5.798663139343262 0
without 0 1064 7 12.561808586120605 5.535321235656738 0.26334190368652344
any 0 1065 3 5.463295936584473 6.942601680755615 0
other 0 1066 5 4.661621570587158 9.118428230285645 0
accompaniment 0 1067 13 7.043907165527344 8.392587661743164 0.7258405685424805
. 0 1068 1 1.2322076559066772 3.7717864513397217 4.620801210403442
<eos> 0 1069 5 0.0405246838927269 0.18379740417003632 3.5879890471696854
<unk> 0 1070 5 2.6400725841522217 4.82578182220459 0
song 0 1071 4 12.078347206115723 6.263169765472412 0
has 0 1072 3 6.34745454788208 6.108029842376709 0.15513992309570312
been 0 1073 4 1.1828498840332031 4.754857540130615 1.3531723022460938
covered 0 1074 7 5.185490131378174 6.6858649253845215 0
and 0 1075 3 6.492932319641113 2.6998162269592285 3.986048698425293
reinterpreted 0 1076 13 12.139694213867188 7.191098213195801 0
by 0 1077 2 1.0108562707901 3.033595085144043 4.157503128051758
a 0 1078 1 5.627159595489502 4.288626194000244 0
variety 0 1079 7 6.418021202087402 7.696874618530273 0
of 0 1080 2 0.023882243782281876 0.2536376118659973 7.443237006664276
artists 0 1081 7 2.7608842849731445 6.598718166351318 0
including 0 1082 9 3.2533063888549805 3.8675293922424316 2.7311887741088867
<unk> 0 1083 5 0.6351264715194702 3.7488880157470703 0.11864137649536133
<unk> 0 1084 5 0.5294395685195923 2.5672740936279297 1.1816139221191406
and 0 1085 3 1.5137059688568115 1.8970516920089722 0.6702224016189575
<unk> 0 1086 5 0.25143587589263916 1.9281644821166992 0
<unk> 0 1087 5 0.29507818818092346 2.0881330966949463 0
. 0 1088 1 0.6941468119621277 2.1406941413879395 0
<eos> 0 1089 5 0.02354929968714714 0.12199395149946213 2.0187001898884773
<unk> 0 1090 5 2.616370677947998 5.217611789703369 0
recorded 0 1091 8 6.8462700843811035 6.122330665588379 0
and 0 1092 3 6.857955455780029 4.719690322875977 1.4026403427124023
released 0 1093 8 4.907144069671631 5.066168308258057 0
both 0 1094 4 8.252012252807617 4.758096218109131 0.3080720901489258
live 0 1095 4 6.9997172355651855 6.142456531524658 0
and 0 1096 3 2.9324045181274414 5.771953105926514 0.37050342559814453
studio 0 1097 6 8.995025634765625 5.446527004241943 0.3254261016845703
versions 0 1098 8 4.430883884429932 5.958052158355713 0
of 0 1099 2 1.8983746767044067 4.197841167449951 1.7602109909057617
the 0 1100 3 0.8036432862281799 3.2268245220184326 0.9710166454315186
song 0 1101 4 2.062157392501831 4.212234973907471 0
on 0 1102 2 3.3066458702087402 4.333833694458008 0
several 0 1103 7 8.532632827758789 3.400362253189087 0.9334714412689209
of 0 1104 2 3.878723382949829 5.9447221755981445 0
his 0 1105 3 1.3391202688217163 2.3410205841064453 3.603701591491699
albums 0 1106 6 2.7239246368408203 7.049098014831543 0
. 0 1107 1 1.414657711982727 3.556756019592285 3.492341995239258
<eos> 0 1108 5 0.03630342334508896 0.16936185956001282 3.3873941600322723
<unk> 0 1109 5 2.8742828369140625 5.259726524353027 0
<unk> 0 1110 5 2.159442901611328 6.477301597595215 0
, 0 1111 1 2.8181047439575195 6.188801288604736 0.2885003089904785
the 0 1112 3 2.7075283527374268 5.206187725067139 0.9826135635375977
song 0 1113 4 7.168188571929932 7.47066068649292 0
was 0 1114 3 5.4886474609375 1.7349236011505127 5.735737085342407
reworked 0 1115 8 10.354442596435547 6.273646354675293 0
as 0 1116 2 4.052687168121338 3.609023332595825 2.6646230220794678
" 0 1117 1 3.510058641433716 3.9993185997009277 0
<unk> 0 1118 5 2.0104429721832275 6.516059398651123 0
<unk> 0 1119 5 1.8567838668823242 4.689011096954346 1.8270483016967773
" 0 1120 1 0.8889852166175842 3.2278618812561035 1.4611492156982422
by 0 1121 2 3.384120464324951 4.000531196594238 0
<unk> 0 1122 5 0.5214101672172546 2.854166030883789 1.1463651657104492
<unk> 0 1123 5 0.8691920638084412 3.8870279788970947 0
<unk> 0 1124 5 4.006838321685791 3.6474127769470215 0.23961520195007324
, 0 1125 1 1.8958995342254639 4.112525463104248 0
an 0 1126 2 7.004226207733154 5.7165327072143555 0
<unk> 0 1127 5 1.8759125471115112 6.644797325134277 0
& 0 1128 1 9.362007141113281 7.240279674530029 0
<unk> 0 1129 5 0.5331517457962036 2.75464129447937 4.485638380050659
band 0 1130 4 5.0832295417785645 7.4156174659729 0
. 0 1131 1 3.3244481086730957 6.325329780578613 1.090287685394287
<eos> 0 1132 5 0.07606856524944305 0.2965505123138428 6.0287792682647705
<unk> 0 1133 5 2.7785708904266357 4.850623607635498 0
lyrics 0 1134 6 12.170246124267578 6.5723443031311035 0
speak 0 1135 5 9.481066703796387 6.694629669189453 0
of 0 1136 2 3.0588643550872803 5.005646705627441 1.6889829635620117
the 0 1137 3 2.012974262237549 5.887617111206055 0
problems 0 1138 8 11.29766845703125 8.72038745880127 0
faced 0 1139 5 10.261894226074219 5.000771522521973 3.719615936279297
by 0 1140 2 1.0072405338287354 2.9763660430908203 2.0244054794311523
young 0 1141 5 8.769981384277344 4.724859237670898 0
<unk> 0 1142 5 2.509817123413086 6.18525505065918 0
in 0 1143 2 5.286509990692139 5.470763206481934 0.7144918441772461
the 0 1144 3 1.5051082372665405 4.75490665435791 0.7158565521240234
<unk> 0 1145 5 3.0866966247558594 8.384439468383789 0
<unk> 0 1146 5 2.86301851272583 7.069645404815674 1.3147940635681152
<unk> 0 1147 5 2.380988359451294 7.3938517570495605 0
in 0 1148 2 8.412067413330078 7.4327311515808105 0
the 0 1149 3 1.8525131940841675 4.281043529510498 3.1516876220703125
1960s 0 1150 5 6.328456401824951 7.734630107879639 0
. 0 1151 1 1.4942981004714966 2.9013352394104004 4.833294868469238
<eos> 0 1152 5 0.10523954778909683 0.3703967332839966 2.530938506126404
<unk> 0 1153 5 2.3867297172546387 5.215263366699219 0
adapted 0 1154 7 13.497608184814453 6.372979164123535 0
the 0 1155 3 1.176893711090088 4.220927715301514 2.1520514488220215
song 0 1156 4 2.5094497203826904 6.850619316101074 0
to 0 1157 2 1.246995210647583 3.9972846508026123 2.853334665298462
his 0 1158 3 4.475090503692627 5.9976654052734375 0
style 0 1159 5 8.542362213134766 8.780765533447266 0
of 0 1160 2 1.9792547225952148 4.563211441040039 4.217554092407227
<unk> 0 1161 5 3.415318250656128 8.351073265075684 0
blues 0 1162 5 9.444830894470215 6.584284782409668 1.7667884826660156
for 0 1163 3 7.069188594818115 4.716917037963867 1.8673677444458008
the 0 1164 3 1.5247033834457397 5.195981979370117 0
album 0 1165 5 4.421756267547607 7.241158962249756 0
<unk> 0 1166 5 5.253325462341309 4.215412139892578 3.0257468223571777
<unk> 0 1167 5 1.7402539253234863 5.5867919921875 0
in 0 1168 2 5.88416051864624 4.581643581390381 1.0051484107971191
<unk> 0 1169 5 1.1251821517944336 3.5825212001800537 0.9991223812103271
. 0 1170 1 1.3099162578582764 3.03971004486084 0.5428111553192139
<eos> 0 1171 5 0.06210083141922951 0.25430867075920105 2.785401374101639
<unk> 0 1172 5 2.3655126094818115 5.375185489654541 0
<unk> 0 1173 5 2.2578556537628174 6.828588962554932 0
, 0 1174 1 2.9092061519622803 6.416647434234619 0.4119415283203125
<unk> 0 1175 5 3.1815345287323 4.972414970397949 1.44423246383667
<unk> 0 1176 5 1.160643458366394 4.545487403869629 0.4269275665283203
reworked 0 1177 8 17.53407096862793 2.8206839561462402 1.7248034477233887
the 0 1178 3 0.49167218804359436 2.4456498622894287 0.3750340938568115
song 0 1179 4 1.1572558879852295 4.714405536651611 0
as 0 1180 2 3.487659454345703 4.843639373779297 0
" 0 1181 1 3.5951638221740723 3.9134116172790527 0.9302277565002441
<unk> 0 1182 5 1.8492138385772705 6.794243335723877 0
<unk> 0 1183 5 1.8315794467926025 4.725792407989502 2.068450927734375
<unk> 0 1184 5 2.3304295539855957 3.2717411518096924 1.4540512561798096
" 0 1185 1 0.7989915609359741 3.062002420425415 0.20973873138427734
. 0 1186 1 3.314344882965088 3.762953519821167 0
<eos> 0 1187 5 0.08032000809907913 0.30574142932891846 3.4572120904922485
<unk> 0 1188 5 2.2443833351135254 5.090502738952637 0
's 0 1189 2 3.8196301460266113 6.315892219543457 0
cover 0 1190 5 7.001842975616455 7.66864013671875 0
is 0 1191 2 4.994747638702393 5.585038185119629 2.083601951599121
a 0 1192 1 2.8590176105499268 7.2312140464782715 0
topical 0 1193 7 13.055312156677246 8.231451034545898 0
protest 0 1194 7 12.02538776397705 8.156068801879883 0.07538223266601562
song 0 1195 4 5.236924171447754 5.7753424644470215 2.3807263374328613
about 0 1196 5 5.664764404296875 5.057659149169922 0.7176833152770996
the 0 1197 3 1.8666640520095825 5.9664130210876465 0
<unk> 0 1198 5 3.0888497829437256 9.525309562683105 0
<unk> 0 1199 5 2.849583387374878 8.136040687561035 1.3892688751220703
. 0 1200 1 5.380510330200195 8.237096786499023 0
<eos> 0 1201 5 0.05875758081674576 0.24400170147418976 7.993095085024834
<unk> 0 1202 5 2.5129528045654297 4.974198818206787 0
one 0 1203 3 13.340930938720703 6.31814432144165 0
verse 0 1204 5 8.774086952209473 5.466127395629883 0.8520169258117676
, 0 1205 1 3.396486759185791 7.280516624450684 0
<unk> 0 1206 5 2.432485580444336 4.896824836730957 2.3836917877197266
claims 0 1207 6 12.118345260620117 4.96394681930542 0
that 0 1208 4 1.3713085651397705 3.973649263381958 0.9902975559234619
the 0 1209 3 2.006840944290161 4.588279724121094 0
<unk> 0 1210 5 3.541813373565674 6.9648756980896 0
<unk> 0 1211 5 2.991029977798462 8.3495454788208 0
was 0 1212 3 5.793035984039307 8.186172485351562 0.16337299346923828
not 0 1213 3 5.471588134765625 7.079154014587402 1.1070184707641602
for 0 1214 3 9.567903518676758 7.572928428649902 0
democracy 0 1215 9 19.041030883789062 5.505770206451416 2.0671582221984863
but 0 1216 3 5.567969799041748 4.2274250984191895 1.2783451080322266
instead 0 1217 7 7.045280456542969 7.614148139953613 0
was 0 1218 3 5.299271106719971 8.577927589416504 0
to 0 1219 2 7.67402982711792 8.442337036132812 0.1355905532836914
" 0 1220 1 5.339495658874512 7.0565185546875 1.3858184814453125
make 0 1221 4 4.9714789390563965 8.666067123413086 0
the 0 1222 3 2.8955769538879395 5.612712383270264 3.0533547401428223
world 0 1223 5 6.080935001373291 9.279783248901367 0
safe 0 1224 4 10.639530181884766 7.58243989944458 1.697343349456787
for 0 1225 3 5.348062038421631 5.831844329833984 1.7505955696105957
<unk> 0 1226 5 3.474533796310425 6.962122917175293 0
" 0 1227 1 2.3710713386535645 5.8259053230285645 1.1362175941467285
. 0 1228 1 0.9176802039146423 2.972838878631592 2.8530664443969727
<eos> 0 1229 5 0.04372487962245941 0.19488051533699036 2.7779583632946014
<unk> 0 1230 5 2.2868189811706543 5.124728679656982 0
another 0 1231 7 17.770009994506836 6.510693073272705 0
, 0 1232 1 4.931804656982422 9.169062614440918 0
he 0 1233 2 5.1955766677856445 4.836199760437012 4.332862854003906
takes 0 1234 5 9.76685619354248 7.507152557373047 0
on 0 1235 2 4.100424289703369 5.4153900146484375 2.0917625427246094
the 0 1236 3 1.829517126083374 5.2075653076171875 0.20782470703125
<unk> 0 1237 5 4.262995719909668 9.130306243896484 0
right 0 1238 5 12.701257705688477 7.45367431640625 1.6766319274902344
, 0 1239 1 3.592026948928833 6.2664079666137695 1.1872663497924805
asking 0 1240 6 8.210590362548828 7.516104698181152 0
where 0 1241 5 11.001424789428711 4.9772629737854 2.538841724395752
the 0 1242 3 3.072985887527466 4.328878879547119 0.6483840942382812
moderates 0 1243 9 19.29114532470703 9.302170753479004 0
are 0 1244 3 3.0551536083221436 7.000332355499268 2.3018383979797363
. 0 1245 1 7.346153736114502 9.114428520202637 0
<eos> 0 1246 5 0.1486726999282837 0.4692840874195099 8.645144432783127
<unk> 0 1247 5 2.4273576736450195 5.389459133148193 0
, 0 1248 1 4.419885158538818 7.237216472625732 0
<unk> 0 1249 5 2.8964877128601074 5.828913688659668 1.4083027839660645
<unk> 0 1250 5 3.3722550868988037 4.426629066467285 1.4022846221923828
the 0 1251 3 7.851304054260254 3.9122958183288574 0.5143332481384277
<unk> 0 1252 5 2.708862781524658 9.118218421936035 0
<unk> 0 1253 5 3.1823477745056152 7.743588924407959 1.3746294975280762
government 0 1254 10 12.959118843078613 7.915103912353516 0
for 0 1255 3 4.9495134353637695 6.5160369873046875 1.3990669250488281
not 0 1256 3 8.626062393188477 6.063075065612793 0.45296192169189453
dealing 0 1257 7 7.790750980377197 8.156584739685059 0
with 0 1258 4 0.03767094761133194 0.3421576917171478 7.814427047967911
poverty 0 1259 7 12.772039413452148 5.905580520629883 0
at 0 1260 2 7.474042892456055 4.1411848068237305 1.7643957138061523
home 0 1261 4 6.55190896987915 4.307988166809082 0
before 0 1262 6 9.199996948242188 3.8284549713134766 0.47953319549560547
going 0 1263 5 6.563935279846191 6.818078517913818 0
to 0 1264 2 1.7966848611831665 4.1912384033203125 2.626840114593506
war 0 1265 3 9.652918815612793 6.269301414489746 0
. 0 1266 1 3.364013671875 5.319060802459717 0.9502406120300293
<eos> 0 1267 5 0.12921272218227386 0.43113577365875244 4.887925028800964
= 0 1268 1 3.6506564617156982 5.517288684844971 0
= 0 1269 1 0.014273202046751976 0.1251080483198166 5.392180636525154
<unk> 0 1270 5 7.492681503295898 4.424383163452148 0
= 0 1271 1 1.4986664056777954 5.217166423797607 0
= 0 1272 1 0.0004512119048740715 0.006224877666682005 5.210941546130925
<eos> 0 1273 5 14.361808776855469 4.481757640838623 0
" 0 1274 1 4.810254096984863 6.50818395614624 0
<unk> 0 1275 5 1.7590316534042358 7.747925758361816 0
<unk> 0 1276 5 2.2593483924865723 3.7510743141174316 3.9968514442443848
<unk> 0 1277 5 2.5573890209198 2.6737685203552246 1.077305793762207
" 0 1278 1 0.5919216871261597 2.4266207218170166 0.247147798538208
is 0 1279 2 2.1935906410217285 4.116929531097412 0
one 0 1280 3 5.07306432723999 3.6023218631744385 0.5146076679229736
of 0 1281 2 0.020802969112992287 0.19972895085811615 3.4025929123163223
<unk> 0 1282 5 3.9270050525665283 1.6644902229309082 0
<unk> 0 1283 5 4.914335250854492 1.9068691730499268 0
's 0 1284 2 0.15172730386257172 1.0914798974990845 0.8153892755508423
most 0 1285 4 1.5747570991516113 5.669946193695068 0
famous 0 1286 6 2.5472776889801025 5.491796016693115 0.17815017700195312
songs 0 1287 5 1.782527208328247 5.878727436065674 0
and 0 1288 3 3.8566460609436035 4.450047016143799 1.428680419921875
is 0 1289 2 3.5791282653808594 7.708293914794922 0
remembered 0 1290 10 9.677186965942383 6.740806579589844 0.9674873352050781
as 0 1291 2 2.0038840770721436 2.166370153427124 4.57443642616272
his 0 1292 3 6.705584526062012 3.3816144466400146 0
most 0 1293 4 3.2610278129577637 6.107804298400879 0
" 0 1294 1 6.812702178955078 7.078821182250977 0
heartfelt 0 1295 9 11.17242431640625 9.029691696166992 0
protest 0 1296 7 12.720723152160645 5.76002836227417 3.2696633338928223
song 0 1297 4 7.464081287384033 2.071747303009033 3.6882810592651367
" 0 1298 1 0.4934222996234894 2.3420166969299316 0
. 0 1299 1 0.7308877110481262 2.7446563243865967 0
<eos> 0 1300 5 0.03953959420323372 0.18003949522972107 2.5646168291568756
<unk> 0 1301 5 2.4642512798309326 4.997758865356445 0
is 0 1302 2 4.234490871429443 6.173359394073486 0
disagreement 0 1303 12 19.436386108398438 6.014279842376709 0.15907955169677734
among 0 1304 5 7.254635334014893 3.2048375606536865 2.8094422817230225
music 0 1305 5 8.106476783752441 3.7291786670684814 0
scholars 0 1306 8 9.779677391052246 3.009277820587158 0.7199008464813232
as 0 1307 2 6.9693121910095215 4.526975631713867 0
to 0 1308 2 7.644735813140869 5.2929463386535645 0
its 0 1309 3 5.049648761749268 4.927190780639648 0.365755558013916
importance 0 1310 10 9.104179382324219 9.616771697998047 0
. 0 1311 1 2.826054573059082 3.8390064239501953 5.777765274047852
<eos> 0 1312 5 0.08904857933521271 0.3296200931072235 3.509386330842972
<unk> 0 1313 5 1.9766185283660889 5.143621921539307 0
<unk> 0 1314 5 1.3240230083465576 5.433139324188232 0
claims 0 1315 6 10.70962142944336 5.14911413192749 0.2840251922607422
that 0 1316 4 0.5547004342079163 2.4254684448242188 2.7236456871032715
the 0 1317 3 1.7357012033462524 4.542705059051514 0
song 0 1318 4 2.0757410526275635 6.255156993865967 0
is 0 1319 2 2.042578935623169 5.060832500457764 1.1943244934082031
" 0 1320 1 1.996381402015686 5.819927215576172 0
peripheral 0 1321 10 18.817890167236328 7.3179612159729 0
" 0 1322 1 1.157342791557312 4.673595428466797 2.6443657875061035
to 0 1323 2 5.848841190338135 3.3351550102233887 1.3384404182434082
the 0 1324 3 1.3443374633789062 4.865373611450195 0
wider 0 1325 5 11.081480979919434 7.3820881843566895 0
study 0 1326 5 13.992770195007324 7.923188209533691 0
of 0 1327 2 0.4444830119609833 1.950839877128601 5.97234833240509
the 0 1328 3 1.5744104385375977 5.314209461212158 0
blues 0 1329 5 8.48676872253418 7.712158679962158 0
, 0 1330 1 1.976669430732727 5.246753215789795 2.4654054641723633
while 0 1331 5 5.1377105712890625 5.6033616065979 0
<unk> 0 1332 5 1.761281132698059 5.670224666595459 0
points 0 1333 6 10.420252799987793 5.651824474334717 0.018400192260742188
to 0 1334 2 5.243905067443848 1.7034871578216553 3.9483373165130615
it 0 1335 2 6.626536846160889 6.5915069580078125 0
as 0 1336 2 2.5452797412872314 5.644952774047852 0.9465541839599609
a 0 1337 1 2.104081153869629 4.812234878540039 0.8327178955078125
watershed 0 1338 9 13.159138679504395 8.416646957397461 0
in 0 1339 2 5.285524845123291 6.96679162979126 1.4498553276062012
the 0 1340 3 1.3585501909255981 4.8395538330078125 2.1272377967834473
way 0 1341 3 9.36159610748291 8.256155967712402 0
<unk> 0 1342 5 5.388376235961914 4.576658248901367 3.679497718811035
<unk> 0 1343 5 3.2012534141540527 7.659567356109619 0
see 0 1344 3 12.645505905151367 7.152721405029297 0.5068459510803223
themselves 0 1345 10 8.716628074645996 6.724723815917969 0.4279975891113281
in 0 1346 2 3.617741823196411 4.506551742553711 2.218172073364258
the 0 1347 3 1.343108892440796 5.066938877105713 0
fabric 0 1348 6 13.617844581604004 9.064194679260254 0
of 0 1349 2 0.4867548644542694 2.100811719894409 6.963382959365845
the 0 1350 3 1.0549980401992798 4.297638893127441 0
<unk> 0 1351 5 2.8761677742004395 8.175324440002441 0
<unk> 0 1352 5 3.1187267303466797 7.023653030395508 1.1516714096069336
. 0 1353 1 2.92362380027771 7.401811122894287 0
<eos> 0 1354 5 0.07926340401172638 0.3055031895637512 7.096307933330536
<unk> 0 1355 5 2.1884915828704834 5.260667324066162 0
is 0 1356 2 5.602691173553467 5.8394551277160645 0
debate 0 1357 6 20.22879409790039 7.371443271636963 0
over 0 1358 4 4.162420272827148 3.669848918914795 3.701594352722168
the 0 1359 3 0.9845773577690125 4.243065357208252 0
relationship 0 1360 12 6.775440692901611 9.506502151489258 0
between 0 1361 7 0.6890312433242798 2.5797336101531982 6.92676854133606
the 0 1362 3 1.588335394859314 4.189149856567383 0
song 0 1363 4 6.3182172775268555 5.843048095703125 0
and 0 1364 3 0.8803310394287109 2.6206696033477783 3.2223784923553467
radical 0 1365 7 16.662858963012695 4.766534805297852 0
politics 0 1366 8 9.690811157226562 8.355451583862305 0
. 0 1367 1 2.0858428478240967 4.27711296081543 4.078338623046875
<eos> 0 1368 5 0.06442339718341827 0.26224154233932495 4.014871418476105
<unk> 0 1369 5 2.1784050464630127 5.172990322113037 0
its 0 1370 3 14.738324165344238 6.24241304397583 0
release 0 1371 7 10.013137817382812 9.071474075317383 0
, 0 1372 1 2.8072259426116943 6.330923557281494 2.7405505180358887
it 0 1373 2 6.197480201721191 7.1872334480285645 0
became 0 1374 6 6.476231098175049 5.925107479095459 1.2621259689331055
popular 0 1375 7 4.571473598480225 5.188666820526123 0.7364406585693359
with 0 1376 4 2.127868413925171 4.372540473937988 0.8161263465881348
left 0 1377 4 16.358217239379883 5.0956621170043945 0
<unk> 0 1378 5 0.6895527243614197 4.115245819091797 0.9804162979125977
wing 0 1379 4 1.592944622039795 4.876099109649658 0
political 0 1380 9 9.606985092163086 7.160729885101318 0
groups 0 1381 6 4.966772079467773 6.5103302001953125 0.6503996849060059
. 0 1382 1 2.755373954772949 3.9543967247009277 2.5559334754943848
<eos> 0 1383 5 0.03336183354258537 0.1602385938167572 3.7941581308841705
<unk> 0 1384 5 2.643758535385132 5.811095714569092 0
<unk> 0 1385 5 1.8283571004867554 6.481624126434326 0
was 0 1386 3 4.434670448303223 6.606281280517578 0
invited 0 1387 7 8.214217185974121 7.810812950134277 0
to 0 1388 2 0.32483813166618347 1.539352297782898 6.271460652351379
perform 0 1389 7 3.8872358798980713 6.550380229949951 0
at 0 1390 2 3.6954586505889893 5.073572158813477 1.4768080711364746
<unk> 0 1391 5 2.634321451187134 3.0420799255371094 2.031492233276367
<unk> 0 1392 5 2.354923963546753 5.657773017883301 0
, 0 1393 1 3.267953872680664 4.643041133880615 1.0147318840026855
the 0 1394 3 4.791012763977051 5.544037342071533 0
<unk> 0 1395 5 1.6708017587661743 7.060285568237305 0
<unk> 0 1396 5 1.8691928386688232 6.943906784057617 0.1163787841796875
<unk> 0 1397 5 1.8467633724212646 6.652674198150635 0.2912325859069824
's 0 1398 2 5.604976654052734 6.598897933959961 0.05377626419067383
summer 0 1399 6 9.16249942779541 8.171979904174805 0
retreat 0 1400 7 10.110721588134766 6.980809688568115 1.1911702156066895
, 0 1401 1 1.6450952291488647 3.7532401084899902 3.227569580078125
and 0 1402 3 1.5050256252288818 4.89358377456665 0
the 0 1403 3 2.396524429321289 6.7859883308410645 0
<unk> 0 1404 5 1.8988947868347168 7.748781681060791 0
subsequently 0 1405 12 14.453441619873047 6.944859027862549 0.8039226531982422
opened 0 1406 6 7.817022800445557 9.123712539672852 0
a 0 1407 1 2.5393526554107666 4.452942371368408 4.670770168304443
file 0 1408 4 16.80432891845703 8.7566556930542 0
on 0 1409 2 5.059774875640869 6.3579254150390625 2.3987302780151367
him 0 1410 3 7.273557662963867 4.37026834487915 1.987657070159912
in 0 1411 2 3.1731858253479004 3.5298895835876465 0.8403787612915039
the 0 1412 3 2.638643264770508 2.8140478134155273 0.7158417701721191
1940s 0 1413 5 9.952704429626465 7.007995128631592 0
. 0 1414 1 0.5710209608078003 2.235578775405884 4.772416353225708
<eos> 0 1415 5 0.0101594477891922 0.06057736650109291 2.175001408904791
<unk> 0 1416 5 2.445618152618408 5.228267192840576 0
led 0 1417 3 10.03475284576416 6.738774299621582 0
to 0 1418 2 4.377690315246582 3.9004769325256348 2.8382973670959473
the 0 1419 3 1.5969537496566772 4.520236015319824 0
accusations 0 1420 11 14.962479591369629 8.100787162780762 0
that 0 1421 4 2.6552937030792236 3.7285494804382324 4.372237682342529
the 0 1422 3 2.3131542205810547 4.556626319885254 0
<unk> 0 1423 5 2.1948068141937256 7.276111125946045 0
were 0 1424 4 3.569169759750366 8.040207862854004 0
taking 0 1425 6 8.258028984069824 8.802474021911621 0
advantage 0 1426 9 5.28240442276001 6.503692626953125 2.298781394958496
of 0 1427 2 0.0080818310379982 0.07452157139778137 6.429171055555344
him 0 1428 3 9.832084655761719 5.102933883666992 0
and 0 1429 3 3.0169787406921387 5.792092323303223 0
using 0 1430 5 10.298388481140137 7.996662139892578 0
him 0 1431 3 6.310924053192139 6.099302768707275 1.8973593711853027
as 0 1432 2 2.3140525817871094 4.312411308288574 1.7868914604187012
a 0 1433 1 1.344735026359558 4.406824111938477 0
platform 0 1434 8 11.539896965026855 9.563606262207031 0
. 0 1435 1 2.6480801105499268 4.873353958129883 4.690252304077148
<eos> 0 1436 5 0.015745284035801888 0.08712434023618698 4.786229617893696
<unk> 0 1437 5 2.2513699531555176 5.466312408447266 0
party 0 1438 5 14.037419319152832 7.328228950500488 0
claims 0 1439 6 12.81470775604248 7.955507278442383 0
, 0 1440 1 4.072937488555908 5.225469589233398 2.7300376892089844
to 0 1441 2 8.379894256591797 6.547852516174316 0
the 0 1442 3 3.1467196941375732 7.202581405639648 0
contrary 0 1443 8 6.046501159667969 8.420746803283691 0
, 0 1444 1 0.190842866897583 1.2571690082550049 7.1635777950286865
that 0 1445 4 3.2226850986480713 7.403998851776123 0
they 0 1446 4 4.414287090301514 4.826842308044434 2.5771565437316895
were 0 1447 4 2.2836503982543945 6.748267650604248 0
some 0 1448 4 10.521803855895996 8.325634956359863 0
of 0 1449 2 1.8072267770767212 7.521856784820557 0.8037781715393066
the 0 1450 3 0.6234824657440186 2.7470977306365967 4.77475905418396
few 0 1451 3 5.7859368324279785 7.40823221206665 0
people 0 1452 6 4.285945415496826 8.192215919494629 0
who 0 1453 3 2.1407411098480225 5.480315208435059 2.7119007110595703
respected 0 1454 9 13.482669830322266 6.209133625030518 0
him 0 1455 3 4.709384441375732 5.122561454772949 1.0865721702575684
and 0 1456 3 4.691827297210693 4.08255672454834 1.0400047302246094
gave 0 1457 4 7.3010334968566895 8.611968040466309 0
him 0 1458 3 2.1505441665649414 4.693359851837158 3.9186081886291504
a 0 1459 1 1.73374342918396 4.9803948402404785 0
chance 0 1460 6 4.0870537757873535 9.220349311828613 0
to 0 1461 2 0.25053611397743225 1.2154653072357178 8.004884004592896
perform 0 1462 7 6.3461103439331055 8.355941772460938 0
. 0 1463 1 4.282769680023193 5.770293712615967 2.5856480598449707
<eos> 0 1464 5 0.06054619699716568 0.24834050238132477 5.521953210234642
<unk> 0 1465 5 2.1004955768585205 5.470113754272461 0
<unk> 0 1466 5 2.9335975646972656 7.168848991394043 0
<unk> 0 1467 5 3.2381222248077393 6.347624778747559 0.8212242126464844
and 0 1468 3 4.576225757598877 7.00700044631958 0
several 0 1469 7 9.729541778564453 2.6973538398742676 4.3096466064453125
other 0 1470 5 0.8632566332817078 4.133082389831543 0
writers 0 1471 7 5.528749465942383 6.6658735275268555 0
have 0 1472 4 4.360574722290039 6.624732971191406 0.04114055633544922
suggested 0 1473 9 5.373349189758301 7.534031391143799 0
that 0 1474 4 0.7077140808105469 3.154355764389038 4.379675626754761
<unk> 0 1475 5 1.8641681671142578 4.6420488357543945 0
<unk> 0 1476 5 3.0063586235046387 6.169742584228516 0
had 0 1477 3 4.098611831665039 6.376130104064941 0
significant 0 1478 11 13.160717964172363 7.608188629150391 0
help 0 1479 4 11.646763801574707 7.777849197387695 0
with 0 1480 4 5.58664608001709 4.049478530883789 3.7283706665039062
its 0 1481 3 8.367667198181152 4.310799598693848 0
authorship 0 1482 10 12.800164222717285 9.27686882019043 0
and 0 1483 3 3.0594117641448975 3.6073057651519775 5.669563055038452
claim 0 1484 5 13.774359703063965 9.277729034423828 0
it 0 1485 2 5.80299186706543 3.538831949234009 5.738897085189819
is 0 1486 2 3.614450693130493 3.645636558532715 0
not 0 1487 3 3.502103328704834 6.712874889373779 0
a 0 1488 1 2.963369846343994 7.287445545196533 0
genuine 0 1489 7 7.295539855957031 9.2604398727417 0
protest 0 1490 7 10.16794204711914 9.212958335876465 0.047481536865234375
song 0 1491 4 9.4634428024292 3.9354660511016846 5.27749228477478
. 0 1492 1 0.8166424036026001 3.076430559158325 0.8590354919433594
<eos> 0 1493 5 0.027349386364221573 0.13596223294734955 2.9404683262109756
<unk> 0 1494 5 2.0412442684173584 5.348388671875 0
theory 0 1495 6 17.053552627563477 6.714595317840576 0
stems 0 1496 5 12.37091064453125 6.968944072723389 0
from 0 1497 4 0.06831973046064377 0.5435991287231445 6.425344944000244
the 0 1498 3 1.5250390768051147 5.4045257568359375 0
idea 0 1499 4 7.2978129386901855 9.145171165466309 0
that 0 1500 4 1.2073264122009277 1.9216004610061646 7.223570704460144
<unk> 0 1501 5 1.744001865386963 4.6968793869018555 0
<unk> 0 1502 5 2.287940263748169 6.295781135559082 0
did 0 1503 3 7.957549095153809 6.5800299644470215 0
not 0 1504 3 0.2950369715690613 2.1068997383117676 4.473130226135254
have 0 1505 4 3.2601566314697266 7.852238655090332 0
a 0 1506 1 1.7175865173339844 5.631190776824951 2.221047878265381
history 0 1507 7 9.133440971374512 9.36198616027832 0
of 0 1508 2 0.7631103992462158 3.3066883087158203 6.0552978515625
protest 0 1509 7 12.94983959197998 6.493858337402344 0
music 0 1510 5 9.070318222045898 5.317119121551514 1.17673921585083
before 0 1511 6 7.850154876708984 4.856113433837891 0.46100568771362305
he 0 1512 2 3.496260166168213 5.4893083572387695 0
was 0 1513 3 2.1063830852508545 6.5219035148620605 0
discovered 0 1514 10 8.342998504638672 8.845623970031738 0
by 0 1515 2 2.891403913497925 4.147635459899902 4.697988510131836
<unk> 0 1516 5 1.5299906730651855 4.622031211853027 0
. 0 1517 1 2.078341484069824 4.706212043762207 0
<eos> 0 1518 5 0.010965625755488873 0.06530600786209106 4.640906035900116
<unk> 0 1519 5 2.000422477722168 5.357992172241211 0
the 0 1520 3 9.54050064086914 6.687925338745117 0
music 0 1521 5 7.321667671203613 8.576879501342773 0
that 0 1522 4 6.053343296051025 7.316961765289307 1.2599177360534668
<unk> 0 1523 5 2.6857993602752686 7.158707618713379 0.15825414657592773
recorded 0 1524 8 7.385042190551758 7.6622314453125 0
was 0 1525 3 4.410490989685059 5.505904674530029 2.1563267707824707
sold 0 1526 4 10.992759704589844 7.793006420135498 0
to 0 1527 2 2.1301467418670654 4.682066917419434 3.1109395027160645
<unk> 0 1528 5 1.45378577709198 4.723890781402588 0
sympathetic 0 1529 11 20.64411163330078 5.394448280334473 0
to 0 1530 2 1.2064197063446045 5.089607238769531 0.3048410415649414
<unk> 0 1531 5 1.4400066137313843 3.72148060798645 1.368126630783081
<unk> 0 1532 5 2.540896415710449 4.699093818664551 0
, 0 1533 1 1.8919563293457031 4.381428241729736 0.31766557693481445
it 0 1534 2 10.373468399047852 4.85537576675415 0
has 0 1535 3 6.816960334777832 4.472884654998779 0.3824911117553711
been 0 1536 4 0.8520089983940125 4.198145389556885 0.27473926544189453
suggested 0 1537 9 2.913160562515259 7.130928993225098 0
that 0 1538 4 0.3036525547504425 1.497340440750122 5.633588552474976
<unk> 0 1539 5 1.9313335418701172 4.441683292388916 0
helped 0 1540 6 10.417642593383789 6.3465423583984375 0
him 0 1541 3 3.8797731399536133 6.852592468261719 0
write 0 1542 5 3.620337963104248 7.473336696624756 0
a 0 1543 1 2.707284688949585 5.6795735359191895 1.7937631607055664
song 0 1544 4 3.319988965988159 7.519684791564941 0
attractive 0 1545 10 25.539945602416992 5.127403736114502 2.3922810554504395
to 0 1546 2 0.7531023621559143 2.856999397277832 2.27040433883667
a 0 1547 1 5.504965305328369 5.914292812347412 0
white 0 1548 5 11.525162696838379 8.90949821472168 0
audience 0 1549 8 5.394230365753174 6.747349262237549 2.162148952484131
. 0 1550 1 1.1835652589797974 3.624932050704956 3.1224172115325928
<eos> 0 1551 5 0.019270367920398712 0.102610744535923 3.522321306169033
<unk> 0 1552 5 1.8861874341964722 5.212580680847168 0
<unk> 0 1553 5 2.8373215198516846 7.2263641357421875 0
admitted 0 1554 8 10.753779411315918 6.593334674835205 0.6330294609069824
that 0 1555 4 1.3571523427963257 3.7151122093200684 2.8782224655151367
the 0 1556 3 2.5090315341949463 4.01579475402832 0
term 0 1557 4 10.005576133728027 8.620443344116211 0
" 0 1558 1 0.8328830599784851 3.459606885910034 5.160836458206177
bourgeois 0 1559 9 14.548749923706055 7.436600685119629 0
" 0 1560 1 1.375726342201233 6.597645282745361 0.8389554023742676
was 0 1561 3 2.1368749141693115 6.225316524505615 0.3723287582397461
unfamiliar 0 1562 10 15.687480926513672 6.791562557220459 0
to 0 1563 2 3.354696273803711 2.0066885948181152 4.784873962402344
him 0 1564 3 5.325666904449463 5.057239055633545 0
, 0 1565 1 1.495208978652954 3.986053228378296 1.071185827255249
and 0 1566 3 1.7594677209854126 4.889220237731934 0
it 0 1567 2 5.168379783630371 6.53702449798584 0
seems 0 1568 5 7.818210124969482 4.595884799957275 1.9411396980285645
out 0 1569 3 13.927974700927734 3.8556466102600098 0.7402381896972656
of 0 1570 2 0.8053686022758484 2.990666151046753 0.8649804592132568
place 0 1571 5 6.640232086181641 6.6712646484375 0
compared 0 1572 8 14.735666275024414 5.709453105926514 0.9618115425109863
to 0 1573 2 0.2617163360118866 1.2723585367202759 4.437094569206238
the 0 1574 3 1.8410893678665161 4.823183059692383 0
vocabulary 0 1575 10 14.934022903442383 8.658536911010742 0
of 0 1576 2 0.4507404565811157 2.4493658542633057 6.2091710567474365
his 0 1577 3 3.8892555236816406 5.527505874633789 0
past 0 1578 4 7.615863800048828 8.435869216918945 0
work 0 1579 4 7.417597770690918 4.694520950317383 3.7413482666015625
. 0 1580 1 0.7180482745170593 3.0231540203094482 1.6713669300079346
<eos> 0 1581 5 0.08834684640169144 0.32952797412872314 2.693626046180725
=========================================================================================
| End of testing | test loss  3.61 | test ppl    36.80
=========================================================================================
