word sentid sentpos wlen surp entropy entred
= 0 0 1 6.295143127441406 7.258259296417236 0
<unk> 0 1 5 4.633908748626709 0.6031642556190491 6.655095040798187
<unk> 0 2 5 0.9858512878417969 4.921291828155518 0
<unk> 0 3 5 2.6327476501464844 3.0569536685943604 1.8643381595611572
<unk> 0 4 5 2.2283380031585693 2.9713242053985596 0.08562946319580078
= 0 5 1 0.9030244946479797 2.600719928741455 0.3706042766571045
<eos> 0 6 5 22.015256881713867 1.2967573404312134 1.3039625883102417
= 0 7 1 16.69145393371582 1.763712763786316 0
<unk> 0 8 5 0.27974843978881836 1.9620970487594604 0
<unk> 0 9 5 0.6790975332260132 4.35577917098999 0
<unk> 0 10 5 1.4122966527938843 4.043243885040283 0.31253528594970703
<unk> 0 11 5 1.5194048881530762 3.456657648086548 0.5865862369537354
= 0 12 1 1.7328420877456665 3.142552375793457 0.3141052722930908
<eos> 0 13 5 18.465511322021484 1.0932128429412842 2.049339532852173
<unk> 0 14 5 0.21426841616630554 1.6712943315505981 0
<unk> 0 15 5 0.22622181475162506 1.633009910583496 0.03828442096710205
<unk> 0 16 5 1.3603359460830688 2.896174669265747 0
<unk> 0 17 5 2.0777788162231445 2.6648318767547607 0.23134279251098633
is 0 18 2 5.3236308097839355 2.364321231842041 0.3005106449127197
a 0 19 1 0.6328549385070801 1.4618021249771118 0.9025191068649292
<unk> 0 20 5 1.843092679977417 5.878924369812012 0
<unk> 0 21 5 0.7698122262954712 4.941745281219482 0.9371790885925293
silent 0 22 6 4.676135540008545 6.367469310760498 0
short 0 23 5 1.940654993057251 5.103299140930176 1.2641701698303223
comedy 0 24 6 5.791640758514404 3.7461495399475098 1.357149600982666
produced 0 25 8 6.6341094970703125 4.652458190917969 0
by 0 26 2 0.42170417308807373 1.8593251705169678 2.793133020401001
the 0 27 3 3.08539080619812 2.307619094848633 0
<unk> 0 28 5 0.5095860958099365 3.5511369705200195 0
<unk> 0 29 5 2.7628324031829834 7.18944787979126 0
. 0 30 1 5.006632328033447 6.753842353820801 0.435605525970459
<eos> 0 31 5 0.001480354811064899 0.011988663114607334 6.7418536907061934
<unk> 0 32 5 5.314159393310547 3.711107015609741 0
film 0 33 4 10.030187606811523 5.478119373321533 0
is 0 34 2 5.986241340637207 6.9939656257629395 0
a 0 35 1 2.3283891677856445 5.645035743713379 1.3489298820495605
comedy 0 36 6 7.072020053863525 8.003321647644043 0
of 0 37 2 6.342357158660889 6.050673007965088 1.952648639678955
circumstances 0 38 13 22.607114791870117 4.313913822174072 1.7367591857910156
, 0 39 1 2.7959136962890625 5.708528518676758 0
in 0 40 2 5.3629255294799805 7.028419017791748 0
which 0 41 5 0.992301344871521 3.8490891456604004 3.1793298721313477
the 0 42 3 1.784948706626892 5.317343711853027 0
<unk> 0 43 5 4.151534557342529 7.027284145355225 0
family 0 44 6 6.4925103187561035 8.007004737854004 0
is 0 45 2 2.2086782455444336 7.311257839202881 0.695746898651123
going 0 46 5 8.232239723205566 9.080531120300293 0
to 0 47 2 0.2727314233779907 1.530052900314331 7.550478219985962
host 0 48 4 9.069801330566406 7.529473304748535 0
a 0 49 1 1.6835243701934814 3.6814098358154297 3.8480634689331055
dinner 0 50 6 9.448915481567383 9.292487144470215 0
. 0 51 1 3.3244025707244873 5.965901851654053 3.326585292816162
<eos> 0 52 5 0.0051154871471226215 0.03414725884795189 5.931754592806101
<unk> 0 53 5 3.227299928665161 5.473541736602783 0
focus 0 54 5 15.756928443908691 6.5302019119262695 0
of 0 55 2 8.895927429199219 3.884164810180664 2.6460371017456055
the 0 56 3 1.84884512424469 6.4101057052612305 0
humor 0 57 5 11.262411117553711 9.608466148376465 0
is 0 58 2 4.12821102142334 5.944598197937012 3.663867950439453
in 0 59 2 6.056191444396973 8.178571701049805 0
a 0 60 1 3.091857433319092 5.843900203704834 2.3346714973449707
<unk> 0 61 5 3.585447311401367 9.673806190490723 0
pie 0 62 3 14.579618453979492 7.605504989624023 2.068301200866699
that 0 63 4 5.7056965827941895 6.598739147186279 1.0067658424377441
brandy 0 64 6 21.096656799316406 7.877996921539307 0
is 0 65 2 2.6348609924316406 7.557886123657227 0.3201107978820801
added 0 66 5 11.970720291137695 8.73488712310791 0
to 0 67 2 1.0164917707443237 3.4113917350769043 5.323495388031006
in 0 68 2 7.214168548583984 5.981410980224609 0
an 0 69 2 4.9784464836120605 4.985653877258301 0.9957571029663086
attempt 0 70 7 3.1315975189208984 7.616136074066162 0
to 0 71 2 0.04256915673613548 0.290859192609787 7.325276881456375
make 0 72 4 5.333993911743164 8.892087936401367 0
it 0 73 2 3.3479695320129395 5.715534687042236 3.176553249359131
more 0 74 4 4.9092793464660645 6.944465637207031 0
appreciable 0 75 11 20.794591903686523 7.9190673828125 0
, 0 76 1 2.609133720397949 3.3106329441070557 4.608434438705444
but 0 77 3 3.6626195907592773 6.163374900817871 0
three 0 78 5 12.275163650512695 7.124996185302734 0
people 0 79 6 5.112565517425537 8.854524612426758 0
each 0 80 4 9.148880004882812 7.236051559448242 1.6184730529785156
add 0 81 3 14.703455924987793 8.679163932800293 0
brandy 0 82 6 19.390600204467773 6.841673374176025 1.8374905586242676
to 0 83 2 2.847794771194458 4.896121025085449 1.9455523490905762
the 0 84 3 1.4776268005371094 5.626775741577148 0
pie 0 85 3 12.520197868347168 9.907665252685547 0
. 0 86 1 1.3180475234985352 4.556210517883301 5.351454734802246
<eos> 0 87 5 0.018529944121837616 0.09948346018791199 4.456727057695389
<unk> 0 88 5 3.0940752029418945 5.423995494842529 0
becomes 0 89 7 10.146961212158203 6.79154109954834 0
<unk> 0 90 5 4.164207458496094 5.424816608428955 1.3667244911193848
upon 0 91 4 9.89085578918457 4.756083011627197 0.6687335968017578
eating 0 92 6 8.619160652160645 5.242629051208496 0
the 0 93 3 2.2976510524749756 6.6380391120910645 0
pie 0 94 3 7.858412742614746 10.08053207397461 0
, 0 95 1 2.1048076152801514 5.482658863067627 4.597873210906982
including 0 96 9 7.994690418243408 6.445745944976807 0
the 0 97 3 2.568589687347412 6.962013244628906 0
family 0 98 6 10.798741340637207 10.228005409240723 0
cat 0 99 3 8.192501068115234 7.246105670928955 2.9818997383117676
, 0 100 1 1.7114530801773071 4.3899102210998535 2.8561954498291016
and 0 101 3 2.3431453704833984 5.776968002319336 0
the 0 102 3 1.9491633176803589 6.167500972747803 0
film 0 103 4 10.928442001342773 9.608419418334961 0
concludes 0 104 9 10.90580940246582 6.371648788452148 3.2367706298828125
. 0 105 1 3.8467867374420166 3.1890604496002197 3.1825883388519287
<eos> 0 106 5 0.027313610538840294 0.13485915958881378 3.054201290011406
<unk> 0 107 5 2.359694242477417 5.256796836853027 0
cast 0 108 4 11.239703178405762 6.870638847351074 0
or 0 109 2 12.596366882324219 5.294700622558594 1.5759382247924805
staff 0 110 5 10.722220420837402 9.331550598144531 0
credits 0 111 7 14.034507751464844 7.673791408538818 1.657759189605713
for 0 112 3 4.227663993835449 7.025351524353027 0.648439884185791
this 0 113 4 5.6978583335876465 6.342788219451904 0.682563304901123
film 0 114 4 4.100505352020264 7.317355632781982 0
are 0 115 3 3.237464666366577 5.348355293273926 1.9690003395080566
known 0 116 5 8.556411743164062 8.408103942871094 0
. 0 117 1 5.058859825134277 2.9953079223632812 5.4127960205078125
<eos> 0 118 5 0.00815622415393591 0.05051644891500473 2.9447914734482765
<unk> 0 119 5 2.3407251834869385 5.519543170928955 0
film 0 120 4 10.760899543762207 6.458333969116211 0
was 0 121 3 5.9863762855529785 8.293346405029297 0
released 0 122 8 4.186471939086914 7.515922546386719 0.7774238586425781
on 0 123 2 1.9766199588775635 3.7152419090270996 3.800680637359619
<unk> 0 124 5 0.341516375541687 1.6371617317199707 2.078080177307129
<unk> 0 125 5 0.3076123297214508 1.6529489755630493 0
, 0 126 1 0.748985767364502 1.52349054813385 0.12945842742919922
<unk> 0 127 5 0.011180326342582703 0.10968561470508575 1.4138049334287643
, 0 128 1 1.3356034755706787 2.907975435256958 0
to 0 129 2 7.181830406188965 4.2729716300964355 0
mixed 0 130 5 7.6952714920043945 5.829471111297607 0
reviews 0 131 7 0.18376560509204865 1.2524023056030273 4.57706880569458
in 0 132 2 4.423110485076904 3.0139195919036865 0
trade 0 133 5 14.171818733215332 3.8225080966949463 0
publications 0 134 12 3.998819589614868 4.429100036621094 0
. 0 135 1 1.0624456405639648 2.8473060131073 1.581794023513794
<eos> 0 136 5 0.0016263826983049512 0.012736030854284763 2.834569982253015
<unk> 0 137 5 2.5836374759674072 4.851728439331055 0
mentioned 0 138 9 12.725519180297852 5.13124418258667 0
that 0 139 4 1.6959238052368164 4.045526504516602 1.0857176780700684
the 0 140 3 1.61518394947052 4.428452968597412 0
film 0 141 4 0.9919009208679199 5.225709915161133 0
was 0 142 3 1.5107932090759277 4.691261291503906 0.5344486236572266
too 0 143 3 7.331789493560791 6.276826858520508 0
long 0 144 4 4.517984390258789 7.390137195587158 0
and 0 145 3 2.541661500930786 3.8987176418304443 3.491419553756714
it 0 146 2 7.975274085998535 9.11810302734375 0
was 0 147 3 0.8162104487419128 3.5437204837799072 5.574382543563843
unbelievable 0 148 12 15.518291473388672 6.962094306945801 0
that 0 149 4 4.95990514755249 4.1842360496521 2.777858257293701
one 0 150 3 9.043362617492676 4.344245433807373 0
pie 0 151 3 19.00853729248047 6.180187702178955 0
split 0 152 5 15.667393684387207 6.15156888961792 0.028618812561035156
eight 0 153 5 13.073997497558594 6.396904945373535 0
ways 0 154 4 9.176329612731934 7.892509460449219 0
would 0 155 5 6.502486228942871 5.587401866912842 2.305107593536377
be 0 156 2 1.8694899082183838 6.182415962219238 0
able 0 157 4 6.491544246673584 9.150311470031738 0
to 0 158 2 0.03623466193675995 0.2774549722671509 8.872856497764587
impact 0 159 6 12.065500259399414 8.687666893005371 0
everyone 0 160 8 12.124640464782715 4.446610927581787 4.241055965423584
. 0 161 1 2.3072643280029297 5.314837455749512 0
<eos> 0 162 5 0.02393992431461811 0.12176129966974258 5.193076156079769
<unk> 0 163 5 2.013140916824341 5.3283162117004395 0
film 0 164 4 11.377579689025879 5.492081165313721 0
is 0 165 2 8.58357048034668 6.424978733062744 0
presumed 0 166 8 6.506567478179932 7.5805864334106445 0
lost 0 167 4 1.1715539693832397 3.797546148300171 3.7830402851104736
. 0 168 1 2.964895725250244 4.085450649261475 0
<eos> 0 169 5 0.004012102726846933 0.027733586728572845 4.057717062532902
= 0 170 1 2.7593131065368652 5.077288627624512 0
= 0 171 1 0.21883901953697205 1.2405304908752441 3.8367581367492676
<unk> 0 172 5 7.757319927215576 3.649508237838745 0
= 0 173 1 1.95924973487854 5.616735458374023 0
= 0 174 1 0.00024763375404290855 0.0036409180611371994 5.613094540312886
<eos> 0 175 5 13.875456809997559 4.322106838226318 0
<unk> 0 176 5 1.194354772567749 5.756472587585449 0
the 0 177 3 9.433762550354004 4.975235939025879 0.7812366485595703
film 0 178 4 4.07419490814209 7.501716613769531 0
is 0 179 2 3.4808833599090576 6.2854156494140625 1.2163009643554688
presumed 0 180 8 5.787924766540527 6.4760422706604 0
lost 0 181 4 1.0259796380996704 3.1524996757507324 3.323542594909668
, 0 182 1 2.569544553756714 3.7476963996887207 0
a 0 183 1 6.51414680480957 5.631740570068359 0
synopsis 0 184 8 12.555292129516602 9.299797058105469 0
survives 0 185 8 6.977502346038818 6.787960529327393 2.511836528778076
in 0 186 2 1.1403934955596924 3.633803606033325 3.1541569232940674
<unk> 0 187 5 2.1037468910217285 3.943061351776123 0
<unk> 0 188 5 1.9297003746032715 4.886597156524658 0
<unk> 0 189 5 2.941437244415283 3.9921700954437256 0.8944270610809326
<unk> 0 190 5 2.3742659091949463 5.208756446838379 0
from 0 191 4 7.591751575469971 4.588954448699951 0.6198019981384277
<unk> 0 192 5 0.925166130065918 2.955233335494995 1.633721113204956
<unk> 0 193 5 1.526050329208374 4.615231037139893 0
, 0 194 1 2.230396270751953 3.915860891342163 0.6993701457977295
<unk> 0 195 5 1.5050601959228516 5.023958683013916 0
. 0 196 1 1.3371403217315674 3.551234722137451 1.4727239608764648
<eos> 0 197 5 0.007220650091767311 0.046301551163196564 3.5049331709742546
<unk> 0 198 5 2.4447567462921143 5.097243309020996 0
states 0 199 6 10.45775032043457 5.5801682472229 0
: 0 200 1 4.151363849639893 2.2783117294311523 3.301856517791748
" 0 201 1 0.31314876675605774 1.9627189636230469 0.31559276580810547
<unk> 0 202 5 2.746689558029175 6.754309177398682 0
in 0 203 2 7.7362775802612305 5.819499492645264 0.934809684753418
a 0 204 1 3.7018070220947266 5.448244094848633 0.37125539779663086
country 0 205 7 10.485552787780762 9.646924018859863 0
town 0 206 4 10.951478004455566 8.499327659606934 1.1475963592529297
is 0 207 2 3.068345308303833 6.996501922607422 1.5028257369995117
often 0 208 5 9.07179069519043 7.565540313720703 0
tedious 0 209 7 16.38951301574707 9.089763641357422 0
and 0 210 3 2.723247528076172 3.8165132999420166 5.273250341415405
<unk> 0 211 5 3.7343239784240723 9.671388626098633 0
, 0 212 1 2.0953567028045654 5.92013692855835 3.751251697540283
and 0 213 3 2.476738452911377 6.876038551330566 0
were 0 214 4 11.224377632141113 7.523056507110596 0
it 0 215 2 10.09907054901123 9.25289535522461 0
not 0 216 3 4.731189250946045 8.251439094543457 1.0014562606811523
for 0 217 3 6.171417236328125 8.272396087646484 0
the 0 218 3 2.4220480918884277 7.092445373535156 1.1799507141113281
little 0 219 6 9.802982330322266 9.758774757385254 0
dinners 0 220 7 18.621517181396484 8.573081016540527 1.1856937408447266
and 0 221 3 4.224936485290527 5.009375095367432 3.5637059211730957
teas 0 222 4 20.013818740844727 8.99062442779541 0
the 0 223 3 7.7415690422058105 5.594439506530762 3.3961849212646484
townsfolk 0 224 9 15.075298309326172 9.8208589553833 0
are 0 225 3 4.144539833068848 7.482789516448975 2.338069438934326
constantly 0 226 10 10.641011238098145 8.839385986328125 0
given 0 227 5 10.603683471679688 8.933144569396973 0
, 0 228 1 4.494206428527832 4.757771968841553 4.17537260055542
existence 0 229 9 18.689937591552734 6.052693843841553 0
in 0 230 2 6.261434078216553 5.484378337860107 0.5683155059814453
some 0 231 4 6.728312015533447 6.916308403015137 0
localities 0 232 10 13.726729393005371 7.524865627288818 0
would 0 233 5 11.579119682312012 3.9902076721191406 3.5346579551696777
be 0 234 2 2.0909266471862793 6.674097061157227 0
a 0 235 1 4.455485820770264 9.480260848999023 0
very 0 236 4 5.919205188751221 9.966595649719238 0
<unk> 0 237 5 5.530993938446045 9.016703605651855 0.9498920440673828
thing 0 238 5 5.396339416503906 9.032812118530273 0
indeed 0 239 6 13.00029468536377 4.218026638031006 4.814785480499268
. 0 240 1 1.0751198530197144 4.295272350311279 0
<eos> 0 241 5 1.845090389251709 0.9043670892715454 3.390905261039734
<unk> 0 242 5 4.002872943878174 6.569446086883545 0
the 0 243 3 7.485535144805908 6.420884132385254 0.14856195449829102
time 0 244 4 11.552325248718262 9.907155990600586 0
honored 0 245 7 15.012267112731934 6.851949214935303 3.055206775665283
get 0 246 3 15.037662506103516 6.003095626831055 0.848853588104248
<unk> 0 247 5 4.1439313888549805 6.9873809814453125 0
<unk> 0 248 5 2.99733567237854 6.621273040771484 0.3661079406738281
of 0 249 2 7.193694591522217 6.44691276550293 0.1743602752685547
the 0 250 3 1.4893808364868164 5.229551792144775 1.2173609733581543
small 0 251 5 11.299792289733887 9.05809497833252 0
town 0 252 4 6.47328519821167 8.365626335144043 0.6924686431884766
are 0 253 3 12.46326732635498 5.424549579620361 2.9410767555236816
an 0 254 2 8.349323272705078 8.928510665893555 0
established 0 255 11 9.015674591064453 8.92403507232666 0.004475593566894531
feature 0 256 7 9.35301399230957 9.90634536743164 0
to 0 257 2 6.087873458862305 3.8211028575897217 6.085242509841919
the 0 258 3 2.6948401927948 7.882393836975098 0
social 0 259 6 10.123552322387695 9.314929008483887 0
calendar 0 260 8 13.461999893188477 8.51029109954834 0.8046379089355469
; 0 261 1 6.5383992195129395 4.190648078918457 4.319643020629883
they 0 262 4 4.458820819854736 6.560082912445068 0
are 0 263 3 2.026962995529175 6.379790782928467 0.18029212951660156
just 0 264 4 6.636261463165283 8.781798362731934 0
as 0 265 2 5.18179988861084 8.140121459960938 0.6416769027709961
much 0 266 4 4.168798923492432 8.449193954467773 0
a 0 267 1 4.300200462341309 6.880781173706055 1.5684127807617188
matter 0 268 6 7.753082275390625 9.400118827819824 0
of 0 269 2 0.8117140531539917 2.348203420639038 7.051915407180786
necessity 0 270 9 10.124516487121582 9.113370895385742 0
and 0 271 3 4.867246627807617 3.523052930831909 5.590317964553833
as 0 272 2 6.207884311676025 10.217890739440918 0
such 0 273 4 7.579748630523682 6.6544671058654785 3.5634236335754395
have 0 274 4 8.107124328613281 6.607233047485352 0.04723405838012695
come 0 275 4 6.073765277862549 7.063398361206055 0
to 0 276 2 2.00875186920166 5.196338653564453 1.8670597076416016
stay 0 277 4 11.516804695129395 6.635941028594971 0
. 0 278 1 3.595672845840454 5.4571051597595215 1.1788358688354492
<eos> 0 279 5 1.2804782390594482 1.024501085281372 4.432604074478149
<unk> 0 280 5 3.93369460105896 6.299582004547119 0
<unk> 0 281 5 2.112245559692383 6.1512651443481445 0.1483168601989746
thought 0 282 7 10.448108673095703 6.125924587249756 0.025340557098388672
well 0 283 4 12.610877990722656 4.388811111450195 1.7371134757995605
of 0 284 2 6.255581378936768 5.87495231628418 0
this 0 285 4 4.904668807983398 5.787459850311279 0.08749246597290039
established 0 286 11 14.873124122619629 9.223000526428223 0
feature 0 287 7 10.785343170166016 8.729477882385254 0.49352264404296875
. 0 288 1 2.964982271194458 5.005058288574219 3.724419593811035
<eos> 0 289 5 1.106921672821045 1.0228569507598877 3.982201337814331
<unk> 0 290 5 3.0498812198638916 6.364200115203857 0
made 0 291 4 10.035387992858887 5.732448101043701 0.6317520141601562
it 0 292 2 3.177783966064453 5.779415130615234 0
a 0 293 1 2.9685471057891846 6.944158554077148 0
joyous 0 294 6 12.473012924194336 9.450603485107422 0
occasion 0 295 8 11.066845893859863 8.838455200195312 0.6121482849121094
for 0 296 3 2.933655261993408 4.390772819519043 4.4476823806762695
themselves 0 297 10 11.708168983459473 6.139318466186523 0
as 0 298 2 6.07100248336792 3.7860336303710938 2.3532848358154297
well 0 299 4 3.5196332931518555 6.231876850128174 0
as 0 300 2 1.2250750064849854 2.3831048011779785 3.8487720489501953
their 0 301 5 6.744384765625 7.947404384613037 0
guests 0 302 6 12.163654327392578 10.130659103393555 0
. 0 303 1 1.853430986404419 4.659121990203857 5.471537113189697
<eos> 0 304 5 1.173403263092041 1.022204041481018 3.6369179487228394
<unk> 0 305 5 3.1271207332611084 6.617739677429199 0
were 0 306 4 9.637361526489258 6.047894477844238 0.5698451995849609
hardly 0 307 6 10.873320579528809 8.773690223693848 0
an 0 308 2 6.966928958892822 8.826024055480957 0
overly 0 309 6 9.628756523132324 8.625064849853516 0.2009592056274414
wealthy 0 310 7 10.236169815063477 9.5131254196167 0
family 0 311 6 6.12783670425415 7.32703971862793 2.1860857009887695
, 0 312 1 1.5664454698562622 4.183296203613281 3.1437435150146484
and 0 313 3 2.4860904216766357 3.8145930767059326 0.36870312690734863
their 0 314 5 5.544724941253662 7.15795373916626 0
table 0 315 5 15.825223922729492 10.441190719604492 0
was 0 316 3 2.6189284324645996 7.188931941986084 3.252258777618408
never 0 317 5 6.753139495849609 9.014167785644531 0
notable 0 318 7 14.130683898925781 9.240901947021484 0
for 0 319 3 2.9923934936523438 3.3779852390289307 5.862916707992554
an 0 320 2 8.376344680786133 5.562245845794678 0
<unk> 0 321 5 4.054284572601318 8.774099349975586 0
of 0 322 2 4.313916206359863 8.640986442565918 0.13311290740966797
the 0 323 3 2.616729736328125 8.471627235412598 0.1693592071533203
good 0 324 4 8.131414413452148 10.161303520202637 0
things 0 325 6 7.045064449310303 8.357159614562988 1.8041439056396484
of 0 326 2 3.862980842590332 5.250368118286133 3.1067914962768555
life 0 327 4 6.330406188964844 6.143493175506592 0
, 0 328 1 2.872628927230835 3.700577735900879 2.442915439605713
but 0 329 3 3.948040723800659 6.903329849243164 0
whenever 0 330 8 13.769576072692871 7.016092777252197 0
they 0 331 4 2.684274911880493 5.580705642700195 1.435387134552002
gave 0 332 4 8.649067878723145 6.513124942779541 0
a 0 333 1 4.670450210571289 5.652039527893066 0.8610854148864746
dinner 0 334 6 10.923172950744629 9.473648071289062 0
they 0 335 4 6.279753684997559 6.164599895477295 3.3090481758117676
cast 0 336 4 12.071137428283691 6.318840026855469 0
all 0 337 3 7.70815372467041 6.428405284881592 0
thoughts 0 338 8 17.136892318725586 6.243019104003906 0.18538618087768555
of 0 339 2 3.1428990364074707 4.797069549560547 1.4459495544433594
economy 0 340 7 17.137510299682617 8.263148307800293 0
to 0 341 2 6.05197286605835 3.9143106937408447 4.348837614059448
the 0 342 3 3.3714089393615723 8.482852935791016 0
country 0 343 7 8.455547332763672 9.931285858154297 0
winds 0 344 5 22.72869110107422 3.7315096855163574 6.1997761726379395
and 0 345 3 3.1582536697387695 3.6659767627716064 0.06553292274475098
worked 0 346 6 11.41162395477295 9.444208145141602 0
to 0 347 2 3.9390616416931152 6.0307393074035645 3.413468837738037
the 0 348 3 5.6370849609375 8.750051498413086 0
one 0 349 3 9.096500396728516 10.246567726135254 0
end 0 350 3 9.820514678955078 6.630011081695557 3.6165566444396973
that 0 351 4 5.705593109130859 4.518286228179932 2.111724853515625
their 0 352 5 8.209590911865234 7.547686576843262 0
guests 0 353 6 11.420631408691406 10.617242813110352 0
have 0 354 4 5.892027854919434 7.121499061584473 3.495743751525879
a 0 355 1 5.765533924102783 8.297355651855469 0
pleasant 0 356 8 9.080513000488281 9.362133979797363 0
time 0 357 4 8.569064140319824 9.159384727478027 0.20274925231933594
. 0 358 1 1.9487066268920898 4.692709922790527 4.4666748046875
" 0 359 1 0.5817719101905823 0.9448357820510864 3.747874140739441
<eos> 0 360 5 5.503434294951148e-06 6.965129432501271e-05 0.9447661307567614
" 0 361 1 7.815527439117432 4.97210693359375 0
<unk> 0 362 5 2.0506949424743652 7.326347351074219 0
the 0 363 3 7.667089939117432 5.3885178565979 1.9378294944763184
night 0 364 5 9.250358581542969 8.804513931274414 0
before 0 365 6 8.84864330291748 4.040154457092285 4.764359474182129
such 0 366 4 16.446544647216797 4.8948493003845215 0
an 0 367 2 4.013128757476807 6.5980682373046875 0
event 0 368 5 6.741559028625488 8.362725257873535 0
neither 0 369 7 18.81083106994629 3.5102827548980713 4.852442502975464
<unk> 0 370 5 3.6500167846679688 8.815793991088867 0
, 0 371 1 6.932379722595215 2.044240951538086 6.771553039550781
<unk> 0 372 5 2.118420362472534 5.739128589630127 0
, 0 373 1 1.5880753993988037 3.533085584640503 2.206043004989624
or 0 374 2 2.0295066833496094 3.3130135536193848 0.22007203102111816
<unk> 0 375 5 0.6669294834136963 4.603271484375 0
<unk> 0 376 5 3.226087808609009 6.785552024841309 0
could 0 377 5 7.690407752990723 7.113105297088623 0
get 0 378 3 5.451013565063477 7.250648498535156 0
those 0 379 5 11.37940502166748 7.179642677307129 0.07100582122802734
minutes 0 380 7 12.944733619689941 9.242143630981445 0
' 0 381 1 6.8411712646484375 5.760505199432373 3.4816384315490723
solid 0 382 5 15.710762023925781 8.984464645385742 0
sleep 0 383 5 13.090343475341797 8.4252347946167 0.559229850769043
for 0 384 3 6.0287652015686035 7.324591636657715 1.1006431579589844
thought 0 385 7 13.576571464538574 7.124001502990723 0.2005901336669922
that 0 386 4 6.1920013427734375 4.978370666503906 2.1456308364868164
they 0 387 4 5.342364311218262 7.454039573669434 0
might 0 388 5 6.156791687011719 7.263377666473389 0.19066190719604492
have 0 389 4 2.9469544887542725 7.46048641204834 0
overlooked 0 390 10 13.774343490600586 7.8104352951049805 0
some 0 391 4 7.658787727355957 5.944607734680176 1.8658275604248047
essential 0 392 9 13.08954906463623 7.792067527770996 0
in 0 393 2 9.2748384475708 9.886445045471191 0
the 0 394 3 1.9839931726455688 6.813445091247559 3.072999954223633
guests 0 395 6 14.225886344909668 9.706915855407715 0
' 0 396 1 3.3821089267730713 4.397986888885498 5.308928966522217
comfort 0 397 7 12.097614288330078 10.153931617736816 0
. 0 398 1 1.973392128944397 4.677264213562012 5.476667404174805
<eos> 0 399 5 2.935939311981201 0.5954020619392395 4.081862151622772
<unk> 0 400 5 3.1736536026000977 6.894798278808594 0
the 0 401 3 8.054526329040527 6.2499680519104 0.6448302268981934
first 0 402 5 8.34752368927002 9.892325401306152 0
crow 0 403 4 17.528921127319336 8.527654647827148 1.364670753479004
of 0 404 2 5.215028762817383 7.4867987632751465 1.040855884552002
the 0 405 3 1.0082545280456543 4.388859748840332 3.0979390144348145
rooster 0 406 7 15.832446098327637 8.947265625 0
they 0 407 4 12.017875671386719 9.148223876953125 0
would 0 408 5 5.508293151855469 8.24732494354248 0.9008989334106445
come 0 409 4 7.5625505447387695 7.06693696975708 1.1803879737854004
hopping 0 410 7 20.27840805053711 5.427968502044678 1.6389684677124023
down 0 411 4 7.700836658477783 6.585933685302734 0
to 0 412 2 3.0973923206329346 5.60952615737915 0.976407527923584
the 0 413 3 1.9145164489746094 7.1063079833984375 0
kitchen 0 414 7 9.536067008972168 9.867292404174805 0
to 0 415 2 5.401182651519775 6.028578281402588 3.838714122772217
get 0 416 3 4.572619915008545 8.31686782836914 0
the 0 417 3 3.1172420978546143 7.428959369659424 0.8879084587097168
<unk> 0 418 5 4.21839714050293 10.649941444396973 0
into 0 419 4 6.754995822906494 8.896303176879883 1.7536382675170898
shape 0 420 5 11.611104965209961 5.517215251922607 3.3790879249572754
. 0 421 1 1.7367151975631714 4.176596164703369 1.3406190872192383
<eos> 0 422 5 1.2990468740463257 1.0083045959472656 3.1682915687561035
<unk> 0 423 5 3.032923698425293 6.7738213539123535 0
little 0 424 6 12.159735679626465 6.359771251678467 0.4140501022338867
wonder 0 425 6 13.599637031555176 6.3736042976379395 0
that 0 426 4 7.397418022155762 6.767031669616699 0
on 0 427 2 10.82659912109375 6.856847763061523 0
occasion 0 428 8 8.831391334533691 5.16694974899292 1.6898980140686035
of 0 429 2 6.683866500854492 5.799915313720703 0
the 0 430 3 1.5158056020736694 5.863476753234863 0
dinner 0 431 6 9.8417387008667 10.066179275512695 0
here 0 432 4 11.811934471130371 6.429608345031738 3.636570930480957
pictured 0 433 8 18.322376251220703 5.054505348205566 1.3751029968261719
- 0 434 1 14.199164390563965 6.396850109100342 0
when 0 435 4 8.558629035949707 7.56817102432251 0
the 0 436 3 3.2920093536376953 5.936749458312988 1.6314215660095215
prize 0 437 5 12.997114181518555 10.345792770385742 0
dish 0 438 4 15.12791633605957 6.963687419891357 3.3821053504943848
was 0 439 3 2.4368841648101807 6.319187164306641 0.6445002555847168
a 0 440 1 5.100017547607422 8.926340103149414 0
splendid 0 441 8 10.306161880493164 10.024249076843262 0
homemade 0 442 8 19.568714141845703 9.353236198425293 0.6710128784179688
<unk> 0 443 5 3.8668649196624756 9.833707809448242 0
pie 0 444 3 10.464029312133789 7.527009010314941 2.306698799133301
- 0 445 1 10.196167945861816 5.671285629272461 1.8557233810424805
the 0 446 3 3.5928592681884766 7.995255947113037 0
<unk> 0 447 5 3.106788158416748 10.26706314086914 0
were 0 448 4 7.855641841888428 8.920256614685059 1.346806526184082
ever 0 449 4 9.222210884094238 9.262263298034668 0
looking 0 450 7 9.513346672058105 9.736546516418457 0
after 0 451 5 6.872898578643799 4.318617343902588 5.417929172515869
the 0 452 3 2.638648748397827 6.408669471740723 0
need 0 453 4 11.951652526855469 10.724355697631836 0
of 0 454 2 5.147049903869629 2.0646841526031494 8.659671545028687
the 0 455 3 2.9179608821868896 7.282079696655273 0
said 0 456 4 14.062438011169434 10.732245445251465 0
pie 0 457 3 11.652263641357422 9.36102294921875 1.3712224960327148
. 0 458 1 2.7011897563934326 6.164567947387695 3.1964550018310547
<eos> 0 459 5 0.9625359773635864 1.0468112230300903 5.117756724357605
<unk> 0 460 5 3.107456922531128 6.805306911468506 0
<unk> 0 461 5 2.040843963623047 6.559154033660889 0.2461528778076172
<unk> 0 462 5 2.7045798301696777 6.452091693878174 0.10706233978271484
would 0 463 5 8.445672988891602 6.761160850524902 0
<unk> 0 464 5 5.580427169799805 7.3832688331604 0
to 0 465 2 5.162635803222656 7.328747749328613 0.05452108383178711
the 0 466 3 2.936946392059326 8.116230010986328 0
table 0 467 5 9.649359703063965 10.443049430847168 0
whereupon 0 468 9 16.475454330444336 5.210418224334717 5.232631206512451
it 0 469 2 3.7286388874053955 5.705722332000732 0
sat 0 470 3 10.473376274108887 6.031371116638184 0
in 0 471 2 3.3207387924194336 5.910162925720215 0.12120819091796875
solemn 0 472 6 15.820444107055664 5.318449974060059 0.5917129516601562
state 0 473 5 12.188786506652832 9.506020545959473 0
, 0 474 1 2.846304416656494 6.3460612297058105 3.159959316253662
and 0 475 3 2.441281318664551 7.280958652496338 0
give 0 476 4 13.034994125366211 8.052589416503906 0
it 0 477 2 2.776831865310669 5.749980926513672 2.3026084899902344
a 0 478 1 1.6252334117889404 5.374635219573975 0.37534570693969727
stir 0 479 4 13.009324073791504 9.954655647277832 0
; 0 480 1 6.57105827331543 4.974205493927002 4.98045015335083
then 0 481 4 7.971071243286133 6.899394989013672 0
<unk> 0 482 5 4.124871730804443 6.565363883972168 0.3340311050415039
<unk> 0 483 5 3.3709356784820557 7.861786365509033 0
would 0 484 5 6.7889227867126465 7.792031764984131 0.06975460052490234
<unk> 0 485 5 6.25407600402832 7.794647216796875 0
over 0 486 4 8.706815719604492 6.6925950050354 1.1020522117614746
and 0 487 3 5.249114036560059 5.292494297027588 1.4001007080078125
give 0 488 4 7.066989898681641 9.725251197814941 0
it 0 489 2 2.954767942428589 5.663713455200195 4.061537742614746
a 0 490 1 2.1756341457366943 6.003553867340088 0
stir 0 491 4 12.496493339538574 10.02910327911377 0
; 0 492 1 6.37341833114624 4.733936786651611 5.295166492462158
finally 0 493 7 10.237564086914062 6.710276126861572 0
<unk> 0 494 5 4.56416654586792 4.471123218536377 2.2391529083251953
<unk> 0 495 5 2.864422082901001 7.348446369171143 0
would 0 496 5 6.115074157714844 7.500443935394287 0
have 0 497 4 3.534061908721924 7.737722396850586 0
to 0 498 2 3.4235002994537354 7.895808219909668 0
come 0 499 4 6.803487777709961 8.197158813476562 0
over 0 500 4 7.680005073547363 5.078932762145996 3.1182260513305664
and 0 501 3 4.076649188995361 5.223166465759277 0
honor 0 502 5 13.370113372802734 9.210911750793457 0
it 0 503 2 3.561006546020508 4.968649864196777 4.24226188659668
likewise 0 504 8 18.3851375579834 3.8742287158966064 1.094421148300171
. 0 505 1 0.8827773332595825 3.422232151031494 0.4519965648651123
<eos> 0 506 5 0.6101009845733643 0.9470949769020081 2.475137174129486
<unk> 0 507 5 2.928337574005127 6.544596195220947 0
arrived 0 508 7 11.534464836120605 6.699057102203369 0
the 0 509 3 6.376149654388428 4.525527477264404 2.173529624938965
guests 0 510 6 11.978875160217285 7.512593746185303 0
. 0 511 1 6.03336763381958 6.036230564117432 1.476363182067871
<eos> 0 512 5 0.1732264906167984 0.5213050842285156 5.514925479888916
<unk> 0 513 5 2.70035457611084 6.555038928985596 0
<unk> 0 514 5 2.273679256439209 6.771553993225098 0
and 0 515 3 4.222538471221924 6.2047905921936035 0.5667634010314941
the 0 516 3 4.2400383949279785 2.8327224254608154 3.372068166732788
<unk> 0 517 5 1.8670587539672852 7.853250026702881 0
<unk> 0 518 5 2.534881114959717 8.560098648071289 0
, 0 519 1 3.4879236221313477 7.917027473449707 0.643071174621582
they 0 520 4 7.056705474853516 6.301419734954834 1.615607738494873
were 0 521 4 1.8009638786315918 6.823150634765625 0
, 0 522 1 7.707329750061035 9.196365356445312 0
and 0 523 3 2.890589475631714 6.9431610107421875 2.253204345703125
some 0 524 4 8.098573684692383 7.6681809425354 0
neighbors 0 525 9 15.024957656860352 7.392935752868652 0.27524518966674805
. 0 526 1 8.561946868896484 6.613371849060059 0.7795639038085938
<eos> 0 527 5 0.16071976721286774 0.4976334571838379 6.115738391876221
<unk> 0 528 5 2.1111490726470947 6.034813404083252 0
she 0 529 3 14.808904647827148 6.548542022705078 0
was 0 530 3 2.9348716735839844 7.057993412017822 0
receiving 0 531 9 10.737911224365234 8.579116821289062 0
them 0 532 4 9.76556396484375 6.573105812072754 2.0060110092163086
the 0 533 3 5.444253921508789 5.591930389404297 0.981175422668457
recollection 0 534 12 17.984983444213867 8.929231643676758 0
came 0 535 4 16.5804443359375 1.9737643003463745 6.955467343330383
to 0 536 2 1.95265793800354 4.801587104797363 0
<unk> 0 537 5 2.5264058113098145 6.604572772979736 0
<unk> 0 538 5 3.783966541290283 5.380058765411377 1.2245140075683594
that 0 539 4 6.385724067687988 4.756852149963379 0.623206615447998
the 0 540 3 3.010648488998413 5.501985549926758 0
beloved 0 541 7 14.172514915466309 9.562299728393555 0
<unk> 0 542 5 2.4374070167541504 8.780853271484375 0.7814464569091797
pie 0 543 3 11.440383911132812 7.112337112426758 1.6685161590576172
had 0 544 3 3.671482801437378 6.048069953918457 1.0642671585083008
not 0 545 3 5.651622295379639 6.691356658935547 0
received 0 546 8 6.809972286224365 5.356246471405029 1.3351101875305176
its 0 547 3 7.445303916931152 6.362772464752197 0
flavoring 0 548 9 19.034767150878906 9.009530067443848 0
. 0 549 1 1.2988598346710205 4.840784549713135 4.168745517730713
<eos> 0 550 5 0.051044438034296036 0.2207634150981903 4.6200211346149445
<unk> 0 551 5 2.155863046646118 5.653279781341553 0
she 0 552 3 13.006032943725586 6.973896026611328 0
speeds 0 553 6 25.733219146728516 7.1890387535095215 0
to 0 554 2 3.3911566734313965 6.274996280670166 0.9140424728393555
a 0 555 1 4.2113213539123535 5.784551620483398 0.4904446601867676
<unk> 0 556 5 3.767322540283203 10.009214401245117 0
of 0 557 2 3.8530402183532715 6.715968132019043 3.293246269226074
whiskey 0 558 7 15.853067398071289 4.284723281860352 2.4312448501586914
in 0 559 2 4.72344446182251 5.2416205406188965 0
the 0 560 3 1.610762119293213 4.732132911682129 0.5094876289367676
kitchen 0 561 7 5.540901184082031 9.298439979553223 0
. 0 562 1 2.234455108642578 4.10320520401001 5.195234775543213
<eos> 0 563 5 0.023114394396543503 0.11882498115301132 3.9843802228569984
<unk> 0 564 5 2.2466135025024414 5.689512729644775 0
pours 0 565 5 15.00763988494873 7.12774658203125 0
into 0 566 4 5.819358825683594 5.708373546600342 1.4193730354309082
the 0 567 3 1.3154828548431396 4.212185859680176 1.496187686920166
pie 0 568 3 7.25960111618042 9.730298042297363 0
the 0 569 3 8.103021621704102 5.783366680145264 3.9469313621520996
right 0 570 5 7.2832865715026855 9.089456558227539 0
proportion 0 571 10 17.810935974121094 7.00053596496582 2.0889205932617188
of 0 572 2 1.3042421340942383 3.586036205291748 3.4144997596740723
liquor 0 573 6 11.568822860717773 7.144709587097168 0
, 0 574 1 1.9496681690216064 5.298717021942139 1.8459925651550293
and 0 575 3 1.5749937295913696 5.913074016571045 0
goes 0 576 4 11.758310317993164 7.786755084991455 0
back 0 577 4 4.9333648681640625 5.083643913269043 2.703111171722412
to 0 578 2 0.7225141525268555 3.169987678527832 1.913656234741211
her 0 579 3 3.8528971672058105 5.684993267059326 0
guests 0 580 6 12.561811447143555 9.077592849731445 0
. 0 581 1 1.7664448022842407 5.053295135498047 4.024297714233398
<eos> 0 582 5 0.04426419734954834 0.19806279242038727 4.85523234307766
<unk> 0 583 5 2.601468801498413 5.957286357879639 0
<unk> 0 584 5 2.940138339996338 7.475224494934082 0
<unk> 0 585 5 3.012859582901001 6.553110122680664 0.922114372253418
remembers 0 586 9 12.866827011108398 7.120534420013428 0
that 0 587 4 1.6049365997314453 4.635717868804932 2.484816551208496
the 0 588 3 2.4567885398864746 4.91211462020874 0
pie 0 589 3 8.180562973022461 10.310673713684082 0
has 0 590 3 6.865225315093994 6.686295509338379 3.624378204345703
not 0 591 3 4.731295108795166 6.24193000793457 0.4443655014038086
been 0 592 4 1.0327627658843994 5.0814528465271 1.1604771614074707
flavored 0 593 8 13.229527473449707 9.210021018981934 0
. 0 594 1 3.9471986293792725 3.910083293914795 5.299937725067139
<eos> 0 595 5 0.0769382193684578 0.2986120581626892 3.6114712357521057
<unk> 0 596 5 2.403381824493408 5.632418632507324 0
, 0 597 1 4.740401744842529 7.0072784423828125 0
too 0 598 3 9.838494300842285 5.815742015838623 1.1915364265441895
, 0 599 1 0.3113354742527008 2.1387765407562256 3.6769654750823975
excuses 0 600 7 17.372264862060547 7.396993160247803 0
himself 0 601 7 8.22006893157959 5.412844181060791 1.9841489791870117
and 0 602 3 3.498974561691284 4.298578262329102 1.1142659187316895
a 0 603 1 6.73338508605957 8.134502410888672 0
moment 0 604 6 11.04153823852539 10.147480964660645 0
later 0 605 5 8.18491268157959 5.9261155128479 4.221365451812744
is 0 606 2 7.496182918548584 5.551753044128418 0.3743624687194824
found 0 607 5 7.324331283569336 8.714202880859375 0
pouring 0 608 7 14.569464683532715 5.169762134552002 3.544440746307373
whiskey 0 609 7 11.684722900390625 7.6019110679626465 0
into 0 610 4 4.876555919647217 5.50189733505249 2.1000137329101562
the 0 611 3 1.3228684663772583 4.446695327758789 1.0552020072937012
sacred 0 612 6 12.97231674194336 9.416231155395508 0
<unk> 0 613 5 4.606504440307617 9.523884773254395 0
. 0 614 1 2.276405096054077 7.164967060089111 2.358917713165283
<eos> 0 615 5 0.01678822934627533 0.0920276790857315 7.07293938100338
<unk> 0 616 5 2.2575652599334717 5.783446788787842 0
sooner 0 617 6 21.97015380859375 7.376060485839844 0
has 0 618 3 6.849881649017334 7.470606327056885 0
he 0 619 2 10.73929214477539 8.017252922058105 0
ceased 0 620 6 13.118517875671387 8.225439071655273 0
and 0 621 3 6.309286594390869 5.500354766845703 2.7250843048095703
returned 0 622 8 8.982644081115723 8.409297943115234 0
to 0 623 2 0.5217074155807495 2.5233752727508545 5.88592267036438
his 0 624 3 4.080281734466553 4.619237422943115 0
guest 0 625 5 14.204326629638672 8.537288665771484 0
than 0 626 4 15.698118209838867 7.05845832824707 1.478830337524414
<unk> 0 627 5 2.432013511657715 6.48672342300415 0.5717349052429199
<unk> 0 628 5 2.8224856853485107 4.767327308654785 1.7193961143493652
, 0 629 1 2.2631142139434814 3.8313992023468018 0.9359281063079834
who 0 630 3 1.972785472869873 5.454102993011475 0
has 0 631 3 5.917007923126221 7.358634948730469 0
just 0 632 4 9.210970878601074 7.593735694885254 0
remembered 0 633 10 14.70614242553711 7.884804725646973 0
about 0 634 5 8.002548217773438 5.743412971496582 2.1413917541503906
the 0 635 3 2.080017328262329 4.875606060028076 0.8678069114685059
forgotten 0 636 9 14.707172393798828 10.545867919921875 0
flavoring 0 637 9 20.09099006652832 9.897239685058594 0.6486282348632812
, 0 638 1 3.3366217613220215 4.525990009307861 5.371249675750732
rushes 0 639 6 17.46492576599121 6.632347106933594 0
in 0 640 2 5.612550735473633 5.397164344787598 1.235182762145996
and 0 641 3 4.687256336212158 6.669065475463867 0
makes 0 642 5 8.971159934997559 9.976053237915039 0
for 0 643 3 10.194340705871582 5.988834857940674 3.9872183799743652
the 0 644 3 2.043548822402954 5.894588470458984 0.09424638748168945
whiskey 0 645 7 15.850029945373535 10.215596199035645 0
. 0 646 1 4.4591193199157715 7.822642803192139 2.392953395843506
<eos> 0 647 5 0.07902669161558151 0.3038303554058075 7.518812447786331
<unk> 0 648 5 2.177130937576294 5.8258819580078125 0
pours 0 649 5 12.495560646057129 6.804468631744385 0
' 0 650 1 10.125460624694824 5.528786659240723 1.275681972503662
the 0 651 3 3.948944568634033 8.262600898742676 0
right 0 652 5 7.794987201690674 10.187501907348633 0
proportion 0 653 10 19.231285095214844 6.876235008239746 3.3112668991088867
' 0 654 1 4.271881103515625 4.142506122589111 2.7337288856506348
in 0 655 2 4.7175211906433105 6.819839954376221 0
, 0 656 1 9.025837898254395 5.485915184020996 1.3339247703552246
too 0 657 3 9.323042869567871 7.240583896636963 0
. 0 658 1 3.9560728073120117 4.796658039093018 2.4439258575439453
" 0 659 1 2.4459786415100098 0.7390568256378174 4.0576012134552
<eos> 0 660 5 0.0 2.9580713089671917e-05 0.7390272449247277
= 0 661 1 3.334296226501465 5.411416053771973 0
= 0 662 1 0.07634931802749634 0.5194645524024963 4.891951501369476
<unk> 0 663 5 6.189603328704834 4.156622409820557 0
= 0 664 1 1.3201277256011963 5.417403221130371 0
= 0 665 1 0.001254755537956953 0.016651548445224762 5.400751672685146
<eos> 0 666 5 16.0850830078125 4.34327507019043 0
<unk> 0 667 5 1.225890874862671 5.816978931427002 0
writer 0 668 6 11.063596725463867 5.528359889984131 0.2886190414428711
of 0 669 2 8.243911743164062 1.490929365158081 4.03743052482605
the 0 670 3 1.1340163946151733 3.8088109493255615 0
scenario 0 671 8 11.02872085571289 6.681318283081055 0
is 0 672 2 4.60264253616333 5.8946852684021 0.7866330146789551
unknown 0 673 7 7.8160858154296875 6.308371067047119 0
, 0 674 1 1.4951015710830688 3.408078193664551 2.9002928733825684
but 0 675 3 1.4611040353775024 4.163221836090088 0
it 0 676 2 3.4483375549316406 6.307886123657227 0
was 0 677 3 2.9317235946655273 4.19374418258667 2.1141419410705566
most 0 678 4 9.184514999389648 7.3570237159729 0
likely 0 679 6 0.9170995354652405 4.469285488128662 2.8877382278442383
<unk> 0 680 5 4.186291694641113 6.63364315032959 0
<unk> 0 681 5 1.9618666172027588 5.333561897277832 1.3000812530517578
. 0 682 1 2.8887252807617188 4.959612846374512 0.3739490509033203
<eos> 0 683 5 0.015673834830522537 0.08734694123268127 4.8722659051418304
<unk> 0 684 5 1.9086016416549683 5.363082408905029 0
was 0 685 3 4.315493106842041 6.076840400695801 0
an 0 686 2 5.475882053375244 7.758534908294678 0
experienced 0 687 11 7.064432144165039 7.740087509155273 0.018447399139404297
<unk> 0 688 5 1.7987046241760254 7.523401737213135 0.21668577194213867
employed 0 689 8 9.153364181518555 7.289773464202881 0.2336282730102539
by 0 690 2 1.1028820276260376 2.9557316303253174 4.3340418338775635
<unk> 0 691 5 1.326145887374878 3.4801902770996094 0
<unk> 0 692 5 1.594369888305664 4.913021087646484 0
<unk> 0 693 5 2.828047037124634 4.328851699829102 0.5841693878173828
<unk> 0 694 5 2.5543715953826904 4.516555309295654 0
<unk> 0 695 5 2.4558324813842773 4.3384809494018555 0.17807435989379883
while 0 696 5 9.472661018371582 4.333276748657227 0.005204200744628906
writing 0 697 7 4.5073747634887695 6.772141456604004 0
scripts 0 698 7 6.249096870422363 4.891101837158203 1.8810396194458008
for 0 699 3 0.45974403619766235 2.1641695499420166 2.7269322872161865
the 0 700 3 1.402909278869629 4.7106499671936035 0
<unk> 0 701 5 1.5212898254394531 7.6133928298950195 0
productions 0 702 11 9.1731595993042 7.339669227600098 0.2737236022949219
. 0 703 1 1.9073150157928467 4.833991050720215 2.505678176879883
<eos> 0 704 5 0.0048045814037323 0.032581862062215805 4.801409188657999
<unk> 0 705 5 2.148674249649048 5.270118236541748 0
film 0 706 4 13.376917839050293 6.445644855499268 0
director 0 707 8 3.8385000228881836 7.614688873291016 0
is 0 708 2 10.110392570495605 1.9661986827850342 5.6484901905059814
unknown 0 709 7 5.772231578826904 7.461223125457764 0
, 0 710 1 1.7009882926940918 4.210816383361816 3.2504067420959473
but 0 711 3 1.1926075220108032 3.3614776134490967 0.8493387699127197
it 0 712 2 3.964405059814453 6.270959377288818 0
may 0 713 3 5.79591178894043 4.148182392120361 2.122776985168457
have 0 714 4 0.8259763121604919 2.8175463676452637 1.3306360244750977
been 0 715 4 0.43824487924575806 3.005282163619995 0
<unk> 0 716 5 4.698753356933594 7.631035327911377 0
<unk> 0 717 5 2.1192500591278076 4.9462480545043945 2.6847872734069824
<unk> 0 718 5 2.785856008529663 4.654786109924316 0.2914619445800781
. 0 719 1 2.652346611022949 5.025675296783447 0
<eos> 0 720 5 0.006306900642812252 0.041224993765354156 4.984450303018093
<unk> 0 721 5 2.012256145477295 5.4046711921691895 0
historian 0 722 9 10.664217948913574 5.79332971572876 0
<unk> 0 723 5 0.14718690514564514 1.0375643968582153 4.755765318870544
<unk> 0 724 5 0.210963636636734 1.6135735511779785 0
<unk> 0 725 5 3.3527095317840576 6.598997116088867 0
does 0 726 4 9.628521919250488 6.552767276763916 0.04622983932495117
not 0 727 3 0.5233721733093262 2.987947463989258 3.564819812774658
attribute 0 728 9 3.3953323364257812 6.423660755157471 0
a 0 729 1 4.051611423492432 4.842207908630371 1.5814528465270996
cameraman 0 730 9 4.404270648956299 9.098838806152344 0
for 0 731 3 3.829035520553589 4.467981338500977 4.630857467651367
this 0 732 4 5.1920294761657715 5.335381984710693 0
production 0 733 10 6.802633285522461 8.190919876098633 0
, 0 734 1 1.3691937923431396 3.9295175075531006 4.261402368545532
but 0 735 3 1.5559724569320679 4.775638580322266 0
at 0 736 2 8.027905464172363 6.707147121429443 0
least 0 737 5 2.257444143295288 3.9666030406951904 2.740544080734253
two 0 738 3 3.3745100498199463 5.249967098236084 0
possible 0 739 8 7.775662899017334 7.9199910163879395 0
candidates 0 740 10 7.554232120513916 8.906201362609863 0
exist 0 741 5 6.034627914428711 6.004804611206055 2.9013967514038086
. 0 742 1 1.444315791130066 3.8649888038635254 2.1398158073425293
<eos> 0 743 5 0.002553572878241539 0.018835360184311867 3.8461534436792135
<unk> 0 744 5 2.1431169509887695 5.376237869262695 0
<unk> 0 745 5 2.0669288635253906 6.160653114318848 0
was 0 746 3 3.7969448566436768 5.75562047958374 0.4050326347351074
the 0 747 3 3.1944689750671387 7.14204740524292 0
first 0 748 5 1.7186928987503052 6.0432329177856445 1.0988144874572754
cameraman 0 749 9 3.9005253314971924 6.859559059143066 0
of 0 750 2 1.3656797409057617 3.2280125617980957 3.6315464973449707
the 0 751 3 0.567619800567627 2.2474560737609863 0.9805564880371094
<unk> 0 752 5 0.9906103610992432 5.383727550506592 0
company 0 753 7 3.0326333045959473 6.834523677825928 0
, 0 754 1 2.6943585872650146 3.85589337348938 2.978630304336548
but 0 755 3 3.870835542678833 5.755914211273193 0
he 0 756 2 3.4814584255218506 6.7595038414001465 0
was 0 757 3 1.9677621126174927 6.173583030700684 0.5859208106994629
soon 0 758 4 5.974803924560547 7.795223236083984 0
joined 0 759 6 4.938275337219238 8.228588104248047 0
by 0 760 2 0.15485595166683197 0.9293769598007202 7.299211144447327
<unk> 0 761 5 0.7999078631401062 3.822688579559326 0
<unk> 0 762 5 0.793189525604248 3.5548887252807617 0.26779985427856445
<unk> 0 763 5 3.2985048294067383 3.4079649448394775 0.14692378044128418
who 0 764 3 7.185557842254639 3.4725165367126465 0
had 0 765 3 1.986641764640808 6.236271381378174 0
years 0 766 5 12.91243839263916 7.058999061584473 0
of 0 767 2 1.0755354166030884 4.078188419342041 2.9808106422424316
experience 0 768 10 3.775022029876709 7.562202453613281 0
as 0 769 2 4.165491580963135 3.9273085594177246 3.6348938941955566
a 0 770 1 0.8831309080123901 3.5997471809387207 0.3275613784790039
still 0 771 5 12.896560668945312 8.285131454467773 0
and 0 772 3 4.307371616363525 7.158937454223633 1.1261940002441406
motion 0 773 6 12.416479110717773 8.78838062286377 0
picture 0 774 7 0.3946135342121124 2.5329298973083496 6.25545072555542
photographer 0 775 12 2.7969565391540527 6.216309547424316 0
. 0 776 1 0.7230838537216187 2.688610553741455 3.5276989936828613
<eos> 0 777 5 0.00037418570718728006 0.0036035198718309402 2.685007033869624
<unk> 0 778 5 1.8989181518554688 5.167380332946777 0
role 0 779 4 19.10358428955078 6.2233710289001465 0
of 0 780 2 6.199217796325684 4.193500995635986 2.02987003326416
the 0 781 3 3.061461925506592 3.1923956871032715 1.0011053085327148
cameraman 0 782 9 5.513164043426514 6.818274021148682 0
was 0 783 3 2.6595382690429688 5.840257167816162 0.9780168533325195
uncredited 0 784 10 4.066129207611084 7.783511161804199 0
in 0 785 2 1.351811170578003 3.563339948654175 4.220171213150024
<unk> 0 786 5 2.112710475921631 4.478775978088379 0
productions 0 787 11 4.279514312744141 4.1753716468811035 0.3034043312072754
. 0 788 1 2.0796608924865723 3.504434585571289 0.6709370613098145
<eos> 0 789 5 0.004328494891524315 0.030490677803754807 3.4739439077675343
<unk> 0 790 5 1.8411362171173096 5.117359638214111 0
cast 0 791 4 10.433586120605469 5.921427249908447 0
credits 0 792 7 14.927331924438477 4.634879112243652 1.286548137664795
are 0 793 3 9.249238014221191 4.356878280639648 0.2780008316040039
unknown 0 794 7 6.174566745758057 8.508307456970215 0
, 0 795 1 1.5966758728027344 3.581332206726074 4.926975250244141
but 0 796 3 0.9771614670753479 3.232555627822876 0.34877657890319824
many 0 797 4 6.518911361694336 6.518956184387207 0
<unk> 0 798 5 4.105554580688477 6.256134986877441 0.2628211975097656
<unk> 0 799 5 2.8313310146331787 7.592807769775391 0
productions 0 800 11 4.885256767272949 6.856517791748047 0.7362899780273438
are 0 801 3 4.135252475738525 6.383946418762207 0.47257137298583984
fragmentary 0 802 11 6.73644495010376 8.255181312561035 0
. 0 803 1 1.0550488233566284 3.703373908996582 4.551807403564453
<eos> 0 804 5 0.0005339073250070214 0.0049173650331795216 3.6984565439634025
<unk> 0 805 5 2.061047077178955 5.628575325012207 0
late 0 806 4 17.570119857788086 5.769321918487549 0
<unk> 0 807 5 2.1832826137542725 3.955332040786743 1.8139898777008057
, 0 808 1 3.147901773452759 6.163834095001221 0
the 0 809 3 4.039761066436768 5.600767135620117 0.5630669593811035
<unk> 0 810 5 2.5556650161743164 7.5905280113220215 0
company 0 811 7 7.133529186248779 6.580626010894775 1.009902000427246
released 0 812 8 10.449847221374512 3.8692870140075684 2.711338996887207
a 0 813 1 2.596695899963379 5.295574188232422 0
list 0 814 4 8.912382125854492 8.020263671875 0
of 0 815 2 0.08249390870332718 0.620705246925354 7.399558424949646
the 0 816 3 2.2427680492401123 6.49185037612915 0
important 0 817 9 11.09524917602539 6.735098361968994 0
personalities 0 818 13 6.158373832702637 7.8114142417907715 0
in 0 819 2 2.554725170135498 3.663774013519287 4.147640228271484
their 0 820 5 7.225139617919922 3.8717808723449707 0
films 0 821 5 3.6612396240234375 7.970869541168213 0
. 0 822 1 1.9844169616699219 3.4679510593414307 4.502918481826782
<eos> 0 823 5 0.006381213665008545 0.041231509298086166 3.4267195500433445
<unk> 0 824 5 2.164602518081665 5.329555988311768 0
list 0 825 4 15.320406913757324 5.909030914306641 0
includes 0 826 8 6.4531354904174805 5.937554359436035 0
<unk> 0 827 5 2.0034396648406982 5.5814642906188965 0.35609006881713867
<eos> 0 828 5 7.422066688537598 4.436973571777344 1.1444907188415527
<unk> 0 829 5 0.2822222411632538 1.971747636795044 2.4652259349823
, 0 830 1 1.5027940273284912 4.029808044433594 0
<unk> 0 831 5 0.5152916312217712 3.1368565559387207 0.892951488494873
<unk> 0 832 5 1.2031149864196777 3.839189291000366 0
<unk> 0 833 5 3.242863655090332 2.2374489307403564 1.6017403602600098
, 0 834 1 0.8502410054206848 2.5608808994293213 0
<unk> 0 835 5 0.3918452262878418 2.001797914505005 0.5590829849243164
<unk> 0 836 5 0.36493614315986633 2.2342476844787598 0
<unk> 0 837 5 2.991330146789551 1.8105597496032715 0.4236879348754883
, 0 838 1 0.8225475549697876 2.2194089889526367 0
<unk> 0 839 5 0.34108155965805054 1.69817054271698 0.5212384462356567
<unk> 0 840 5 0.2446390837430954 1.7323498725891113 0
, 0 841 1 0.5738139152526855 1.7034759521484375 0.028873920440673828
<unk> 0 842 5 0.2887822985649109 1.476489782333374 0.22698616981506348
<unk> 0 843 5 0.21434268355369568 1.5744104385375977 0
, 0 844 1 0.5041347742080688 1.5513780117034912 0.023032426834106445
<unk> 0 845 5 0.28290995955467224 1.447955846786499 0.10342216491699219
<unk> 0 846 5 0.21006649732589722 1.5482335090637207 0
, 0 847 1 0.48155421018600464 1.4988579750061035 0.04937553405761719
<unk> 0 848 5 0.27762410044670105 1.426619529724121 0.07223844528198242
<unk> 0 849 5 0.20949144661426544 1.5409266948699951 0
<unk> 0 850 5 3.0266358852386475 1.4706547260284424 0.07027196884155273
, 0 851 1 0.5790037512779236 1.6908410787582397 0
<unk> 0 852 5 0.29472869634628296 1.4916768074035645 0.1991642713546753
<unk> 0 853 5 0.20776326954364777 1.5384266376495361 0
, 0 854 1 0.5227805376052856 1.565384030342102 0
<unk> 0 855 5 0.25249263644218445 1.3488013744354248 0.21658265590667725
<unk> 0 856 5 0.20223504304885864 1.5007801055908203 0
, 0 857 1 0.4959869980812073 1.5114537477493286 0
<unk> 0 858 5 0.25155696272850037 1.3398079872131348 0.17164576053619385
<unk> 0 859 5 0.2021114081144333 1.497031331062317 0
, 0 860 1 0.480059951543808 1.4787523746490479 0.018278956413269043
<unk> 0 861 5 0.24761377274990082 1.3241699934005737 0.15458238124847412
<unk> 0 862 5 0.20289547741413116 1.4993481636047363 0
<unk> 0 863 5 2.920342445373535 1.4594091176986694 0.039939045906066895
, 0 864 1 0.5429286956787109 1.6031734943389893 0
<unk> 0 865 5 0.26201897859573364 1.393993616104126 0.20917987823486328
<unk> 0 866 5 0.20170964300632477 1.5112831592559814 0
, 0 867 1 0.5221614837646484 1.5520317554473877 0
<unk> 0 868 5 0.22774900496006012 1.264380693435669 0.28765106201171875
<unk> 0 869 5 0.19774432480335236 1.4776791334152222 0
<unk> 0 870 5 2.775761365890503 1.503862738609314 0
. 0 871 1 8.565410614013672 1.5984928607940674 0
<eos> 0 872 5 0.006342687644064426 0.04303312674164772 1.5554597340524197
<unk> 0 873 5 1.7031359672546387 4.981578350067139 0
surviving 0 874 9 17.2597713470459 4.368808269500732 0.6127700805664062
film 0 875 4 6.6771135330200195 6.9783034324646 0
still 0 876 5 13.48405933380127 6.927807807922363 0.05049562454223633
gives 0 877 5 9.763657569885254 8.00681209564209 0
the 0 878 3 1.5514981746673584 5.813636779785156 2.1931753158569336
possibility 0 879 11 13.988672256469727 5.899339199066162 0
of 0 880 2 0.24637281894683838 0.9894183278083801 4.909920871257782
identifying 0 881 11 11.504354476928711 6.440821170806885 0
eight 0 882 5 13.267435073852539 5.725171089172363 0.7156500816345215
actors 0 883 6 5.716228485107422 7.487239837646484 0
. 0 884 1 3.241361141204834 4.927603721618652 2.559636116027832
<eos> 0 885 5 0.008244292810559273 0.05136147141456604 4.876242250204086
= 0 886 1 2.4346303939819336 5.142922878265381 0
= 0 887 1 0.23483482003211975 1.0758073329925537 4.067115545272827
<unk> 0 888 5 5.167947769165039 4.277918338775635 0
and 0 889 3 4.180258274078369 5.1952104568481445 0
reception 0 890 9 13.024404525756836 6.163801670074463 0
= 0 891 1 0.07203739136457443 0.5645931959152222 5.599208474159241
= 0 892 1 5.503434294951148e-06 0.00010301393194822595 0.5644901819832739
<eos> 0 893 5 18.81101417541504 4.383438587188721 0
<unk> 0 894 5 1.416749119758606 6.034649848937988 0
single 0 895 6 15.201081275939941 5.468319892883301 0.5663299560546875
reel 0 896 4 7.816850662231445 4.376359462738037 1.0919604301452637
comedy 0 897 6 5.0026397705078125 7.032320976257324 0
, 0 898 1 3.6582717895507812 6.8602471351623535 0.1720738410949707
approximately 0 899 13 11.253615379333496 7.038695335388184 0
<unk> 0 900 5 0.3836314082145691 2.2502708435058594 4.788424491882324
<unk> 0 901 5 0.720868706703186 3.5087480545043945 0
<unk> 0 902 5 0.6759660840034485 1.4157358407974243 2.09301221370697
feet 0 903 4 5.746025562286377 5.778885364532471 0
long 0 904 4 5.464119911193848 1.0977259874343872 4.6811593770980835
, 0 905 1 0.7479016184806824 3.1440203189849854 0
was 0 906 3 1.9301503896713257 5.139403820037842 0
released 0 907 8 2.2551865577697754 6.271404266357422 0
on 0 908 2 1.8291305303573608 3.430701971054077 2.8407022953033447
<unk> 0 909 5 0.29517996311187744 1.4295696020126343 2.001132369041443
<unk> 0 910 5 0.3556380867958069 1.79850435256958 0
, 0 911 1 1.5619518756866455 1.479451060295105 0.3190532922744751
<unk> 0 912 5 0.021212982013821602 0.19675354659557343 1.2826975136995316
. 0 913 1 1.4019421339035034 2.7344419956207275 0
<eos> 0 914 5 0.01089410949498415 0.06409507244825363 2.670346923172474
<unk> 0 915 5 3.0141983032226562 4.846181869506836 0
film 0 916 4 8.415186882019043 6.240859031677246 0
likely 0 917 6 16.043275833129883 8.019951820373535 0
had 0 918 3 5.156276702880859 8.129973411560059 0
a 0 919 1 1.8797950744628906 5.703774929046631 2.4261984825134277
wide 0 920 4 6.337780952453613 7.93993616104126 0
national 0 921 8 12.129093170166016 5.432717800140381 2.507218360900879
release 0 922 7 1.2460733652114868 4.509045124053955 0.9236726760864258
, 0 923 1 1.133450984954834 3.155226707458496 1.353818416595459
with 0 924 4 2.909346580505371 5.462291240692139 0
advertisements 0 925 14 11.199653625488281 5.793227195739746 0
in 0 926 2 4.000916481018066 6.452385902404785 0
theaters 0 927 8 5.533635139465332 5.393458366394043 1.0589275360107422
known 0 928 5 13.821557998657227 4.855362415313721 0.5380959510803223
in 0 929 2 8.651052474975586 0.5652512311935425 4.290111184120178
<unk> 0 930 5 1.8846380710601807 3.948495388031006 0
, 0 931 1 3.34710431098938 3.780031442642212 0.16846394538879395
<unk> 0 932 5 2.136869192123413 4.3111186027526855 0
, 0 933 1 0.6414347290992737 2.0296080112457275 2.281510591506958
<unk> 0 934 5 0.7081832885742188 1.9102767705917358 0.1193312406539917
, 0 935 1 0.5406061410903931 1.327659010887146 0.5826177597045898
and 0 936 3 2.2927088737487793 1.6403709650039673 0
<unk> 0 937 5 0.4266932010650635 2.145092725753784 0
. 0 938 1 0.6644088625907898 2.2964301109313965 0
<eos> 0 939 5 0.0028975754976272583 0.021189255639910698 2.275240855291486
<unk> 0 940 5 3.2299511432647705 5.209788799285889 0
film 0 941 4 7.783165454864502 6.744077682495117 0
would 0 942 5 10.72875690460205 7.9760308265686035 0
also 0 943 4 3.997969150543213 6.311286449432373 1.6647443771362305
be 0 944 2 2.14277720451355 6.111403465270996 0.19988298416137695
shown 0 945 5 6.263200759887695 6.003209114074707 0.10819435119628906
in 0 946 2 1.3383773565292358 4.28682279586792 1.716386318206787
<unk> 0 947 5 1.8105494976043701 4.871341228485107 0
, 0 948 1 3.1503796577453613 5.252639293670654 0
<unk> 0 949 5 1.1144778728485107 4.359601974487305 0.8930373191833496
and 0 950 3 2.316845655441284 2.43123722076416 1.9283647537231445
was 0 951 3 10.517629623413086 1.8931766748428345 0.5380605459213257
met 0 952 3 8.204205513000488 7.258307456970215 0
with 0 953 4 0.2431972324848175 0.9578854441642761 6.300422012805939
praise 0 954 6 8.24286937713623 5.730770111083984 0
by 0 955 2 2.748990058898926 2.727672815322876 3.0030972957611084
the 0 956 3 2.3587517738342285 3.668231725692749 0
audience 0 957 8 4.964076995849609 6.117730617523193 0
at 0 958 2 6.711472988128662 2.849410057067871 3.2683205604553223
the 0 959 3 0.5674684047698975 2.7888541221618652 0.06055593490600586
<unk> 0 960 5 2.3817477226257324 4.105607032775879 0
<unk> 0 961 5 1.829347848892212 5.119542121887207 0
. 0 962 1 5.61272668838501 4.460247039794922 0.6592950820922852
<eos> 0 963 5 0.001417128718458116 0.011381343938410282 4.448865695856512
<unk> 0 964 5 3.0443227291107178 5.276894569396973 0
<unk> 0 965 5 1.4347660541534424 6.200031757354736 0
, 0 966 1 2.675234079360962 6.0861496925354 0.11388206481933594
years 0 967 5 17.092185974121094 5.184254169464111 0.9018955230712891
after 0 968 5 1.5651906728744507 3.376023769378662 1.8082304000854492
the 0 969 3 1.1036428213119507 4.280582427978516 0
film 0 970 4 1.2936314344406128 5.487175464630127 0
's 0 971 2 0.7329900860786438 2.80873441696167 2.678441047668457
release 0 972 7 1.3182002305984497 4.817566394805908 0
, 0 973 1 0.17183679342269897 1.0354416370391846 3.7821247577667236
the 0 974 3 4.442142486572266 7.33514928817749 0
film 0 975 4 1.46916925907135 6.09089469909668 1.2442545890808105
was 0 976 3 1.9696800708770752 5.713714599609375 0.3771800994873047
approved 0 977 8 12.705345153808594 7.3334479331970215 0
without 0 978 7 8.526944160461426 3.3765270709991455 3.956920862197876
censorship 0 979 10 7.854788780212402 7.675107002258301 0
by 0 980 2 3.522683620452881 4.932235240936279 2.7428717613220215
the 0 981 3 1.3422214984893799 4.7703537940979 0.1618814468383789
<unk> 0 982 5 1.9887233972549438 6.467398643493652 0
<unk> 0 983 5 3.579864263534546 6.819168567657471 0
<unk> 0 984 5 3.221060276031494 7.20160436630249 0
of 0 985 2 7.559397220611572 6.977571964263916 0.22403240203857422
<unk> 0 986 5 1.3685539960861206 2.8400940895080566 4.137477874755859
of 0 987 2 10.04432487487793 5.077877998352051 0
<unk> 0 988 5 1.4243355989456177 2.8570210933685303 2.2208569049835205
<unk> 0 989 5 2.796842336654663 4.615927696228027 0
. 0 990 1 1.7442467212677002 4.32531213760376 0.2906155586242676
<eos> 0 991 5 0.0014695309801027179 0.011761118657886982 4.313551018945873
<unk> 0 992 5 2.6761698722839355 5.178444862365723 0
<unk> 0 993 5 1.7094744443893433 6.670163154602051 0
<unk> 0 994 5 2.9101459980010986 6.391901016235352 0.2782621383666992
<unk> 0 995 5 2.590911865234375 6.940180778503418 0
<unk> 0 996 5 2.481771469116211 6.853416442871094 0.08676433563232422
reviewer 0 997 8 15.878968238830566 6.764176845550537 0.08923959732055664
found 0 998 5 12.201957702636719 1.4422729015350342 5.321903944015503
the 0 999 3 2.0913944244384766 4.200265884399414 0
subject 0 1000 7 10.518516540527344 4.796663284301758 0
to 0 1001 2 1.998567819595337 4.95823335647583 0
be 0 1002 2 2.062476634979248 5.619222640991211 0
too 0 1003 3 5.286110877990723 6.659900188446045 0
long 0 1004 4 5.574766635894775 8.267334938049316 0
, 0 1005 1 2.9402127265930176 4.057233810424805 4.210101127624512
but 0 1006 3 2.453798770904541 5.745548248291016 0
did 0 1007 3 6.097102642059326 6.882095813751221 0
not 0 1008 3 0.12468045949935913 1.0226901769638062 5.8594056367874146
find 0 1009 4 5.7279510498046875 8.236254692077637 0
it 0 1010 2 2.8209543228149414 5.3372602462768555 2.8989944458007812
to 0 1011 2 3.0646002292633057 6.990847110748291 0
be 0 1012 2 0.7082685828208923 4.164942741394043 2.825904369354248
a 0 1013 1 2.701660394668579 7.979652404785156 0
fault 0 1014 5 12.840742111206055 8.95376968383789 0
. 0 1015 1 1.866318702697754 5.590170383453369 3.3635993003845215
<eos> 0 1016 5 0.005723564885556698 0.03781938925385475 5.552350994199514
<unk> 0 1017 5 2.0804548263549805 5.151675701141357 0
reviewer 0 1018 8 10.732595443725586 5.506505966186523 0
states 0 1019 6 14.049040794372559 0.9684037566184998 4.538102209568024
, 0 1020 1 3.201645612716675 3.2635257244110107 0
" 0 1021 1 0.21700629591941833 1.523320198059082 1.7402055263519287
<unk> 0 1022 5 2.9866466522216797 6.2221832275390625 0
domestic 0 1023 8 17.171619415283203 6.111125469207764 0.11105775833129883
comedy 0 1024 6 8.114660263061523 8.744465827941895 0
with 0 1025 4 7.890782833099365 7.630303382873535 1.1141624450683594
a 0 1026 1 2.846893548965454 6.753103733062744 0.877199649810791
different 0 1027 9 8.246119499206543 9.805228233337402 0
flavor 0 1028 6 10.564006805419922 9.349786758422852 0.4554414749145508
. 0 1029 1 5.440771579742432 5.3618950843811035 3.987891674041748
<eos> 0 1030 5 0.6784261465072632 1.0275503396987915 4.334344744682312
<unk> 0 1031 5 3.6422650814056396 6.383213996887207 0
fact 0 1032 4 15.615760803222656 6.394032955169678 0
, 0 1033 1 3.1954143047332764 6.329200267791748 0.06483268737792969
with 0 1034 4 6.121159553527832 7.379820346832275 0
a 0 1035 1 2.871152639389038 6.216623783111572 1.1631965637207031
<unk> 0 1036 5 3.2249510288238525 9.736977577209473 0
pie 0 1037 3 16.543315887451172 7.951584339141846 1.785393238067627
for 0 1038 3 7.768186569213867 6.854707717895508 1.096876621246338
a 0 1039 1 3.773350238800049 7.357473373413086 0
basis 0 1040 5 16.568431854248047 9.118111610412598 0
the 0 1041 3 6.821878910064697 4.790226459503174 4.327885150909424
flavor 0 1042 6 13.184564590454102 9.23827075958252 0
comes 0 1043 5 8.362525939941406 4.76632022857666 4.471950531005859
to 0 1044 2 3.2546684741973877 4.787911415100098 0
resemble 0 1045 8 10.174290657043457 6.003293037414551 0
brandy 0 1046 6 17.9340763092041 5.509898662567139 0.4933943748474121
very 0 1047 4 15.253331184387207 4.506091117858887 1.003807544708252
strongly 0 1048 8 9.115371704101562 8.506152153015137 0
by 0 1049 2 6.727862358093262 4.180197715759277 4.325954437255859
the 0 1050 3 2.3352627754211426 7.785466194152832 0
time 0 1051 4 6.024344444274902 9.83908748626709 0
that 0 1052 4 4.170895576477051 5.08007287979126 4.75901460647583
the 0 1053 3 2.9493608474731445 7.032604694366455 0
cook 0 1054 4 15.021800994873047 8.963784217834473 0
, 0 1055 1 5.62759256362915 8.89356803894043 0.07021617889404297
the 0 1056 3 3.17706036567688 7.603628635406494 1.2899394035339355
maid 0 1057 4 14.60935115814209 9.025078773498535 0
and 0 1058 3 2.790886402130127 5.117969989776611 3.907108783721924
the 0 1059 3 1.4537582397460938 5.513879776000977 0
mistress 0 1060 8 11.81845760345459 8.738749504089355 0
of 0 1061 2 1.853583574295044 5.574585437774658 3.1641640663146973
the 0 1062 3 1.673387050628662 5.055698871612549 0.5188865661621094
house 0 1063 5 9.435857772827148 8.82900619506836 0
and 0 1064 3 4.9291205406188965 5.946310997009277 2.882695198059082
her 0 1065 3 7.49118185043335 8.011548042297363 0
daughter 0 1066 8 7.725371360778809 10.120140075683594 0
have 0 1067 4 6.237373352050781 5.179480075836182 4.940659999847412
added 0 1068 5 10.517767906188965 7.640870094299316 0
the 0 1069 3 3.760026454925537 6.2408127784729 1.400057315826416
proper 0 1070 6 11.461362838745117 10.471576690673828 0
proportion 0 1071 10 11.929657936096191 10.389363288879395 0.0822134017944336
of 0 1072 2 0.8664982318878174 3.1174838542938232 7.271879434585571
flavoring 0 1073 9 20.061952590942383 7.4784674644470215 0
, 0 1074 1 3.258453369140625 5.391818523406982 2.086648941040039
neither 0 1075 7 10.976192474365234 7.305552005767822 0
one 0 1076 3 6.932492733001709 7.404804706573486 0
knowing 0 1077 7 13.829882621765137 6.754978179931641 0.6498265266418457
that 0 1078 4 2.6090691089630127 5.658271312713623 1.0967068672180176
the 0 1079 3 2.0364341735839844 5.861715793609619 0
others 0 1080 6 9.216851234436035 10.045026779174805 0
have 0 1081 4 3.3279261589050293 6.648332118988037 3.3966946601867676
done 0 1082 4 6.432176113128662 7.885190010070801 0
likewise 0 1083 8 12.510961532592773 6.231662750244141 1.6535272598266602
. 0 1084 1 0.9486976861953735 3.461390972137451 2.7702717781066895
<eos> 0 1085 5 1.0192654132843018 1.0317327976226807 2.4296581745147705
<unk> 0 1086 5 3.16640567779541 6.542098045349121 0
humor 0 1087 5 15.499733924865723 6.084325790405273 0.45777225494384766
in 0 1088 2 5.590985298156738 6.167243003845215 0
this 0 1089 4 4.390381336212158 5.085206508636475 1.0820364952087402
piece 0 1090 5 7.154201507568359 7.8021416664123535 0
centers 0 1091 7 17.255725860595703 4.894933223724365 2.9072084426879883
around 0 1092 6 4.264820098876953 3.7425777912139893 1.152355432510376
this 0 1093 4 6.636913776397705 5.3827362060546875 0
pie 0 1094 3 17.560476303100586 9.04530143737793 0
. 0 1095 1 1.9160670042037964 4.542522430419922 4.502779006958008
<eos> 0 1096 5 0.24999676644802094 0.64205402135849 3.900468409061432
<unk> 0 1097 5 2.681918144226074 6.256638526916504 0
happened 0 1098 8 18.11476707458496 5.948548793792725 0.3080897331237793
to 0 1099 2 1.3655588626861572 4.726799964904785 1.2217488288879395
the 0 1100 3 3.2493467330932617 6.655326843261719 0
guests 0 1101 6 9.955700874328613 9.032599449157715 0
who 0 1102 3 3.7386717796325684 5.525041103363037 3.5075583457946777
<unk> 0 1103 5 6.333922863006592 7.707036018371582 0
of 0 1104 2 8.145675659179688 6.606383323669434 1.1006526947021484
it 0 1105 2 6.735466480255127 5.723158359527588 0.8832249641418457
certainly 0 1106 9 15.373701095581055 6.233154773712158 0
draws 0 1107 5 13.55018138885498 8.732157707214355 0
upon 0 1108 4 6.385656833648682 6.943393707275391 1.7887639999389648
the 0 1109 3 1.8956546783447266 5.9653778076171875 0.9780158996582031
imagination 0 1110 11 11.220148086547852 10.415214538574219 0
. 0 1111 1 2.0681257247924805 3.6814963817596436 6.733718156814575
<eos> 0 1112 5 0.22847816348075867 0.6088266968727112 3.0726696848869324
<unk> 0 1113 5 2.5959019660949707 6.106760025024414 0
eight 0 1114 5 19.355247497558594 6.334573745727539 0
people 0 1115 6 7.26821231842041 8.020878791809082 0
, 0 1116 1 4.168642044067383 7.307801723480225 0.7130770683288574
not 0 1117 3 8.087718963623047 6.83515739440918 0.4726443290710449
to 0 1118 2 5.493391513824463 8.446619033813477 0
speak 0 1119 5 6.633310317993164 7.318594455718994 1.1280245780944824
of 0 1120 2 3.5870091915130615 5.928506851196289 1.390087604522705
the 0 1121 3 2.3228540420532227 6.712220191955566 0
cat 0 1122 3 12.330183029174805 10.199981689453125 0
, 0 1123 1 1.4290437698364258 5.351820945739746 4.848160743713379
getting 0 1124 7 16.59483528137207 7.504735469818115 0
drunk 0 1125 5 7.497326374053955 7.843405723571777 0
on 0 1126 2 5.844470977783203 5.300281524658203 2.543124198913574
the 0 1127 3 1.433449149131775 5.397641658782959 0
brandy 0 1128 6 20.160625457763672 8.86096477508545 0
in 0 1129 2 5.9568376541137695 6.252657413482666 2.608307361602783
one 0 1130 3 6.073530197143555 5.622644424438477 0.6300129890441895
<unk> 0 1131 5 5.5650200843811035 7.672915935516357 0
pie 0 1132 3 14.641950607299805 7.509521484375 0.16339445114135742
! 0 1133 1 7.2775654792785645 6.842078685760498 0.667442798614502
<eos> 0 1134 5 0.4205017685890198 0.8799456357955933 5.962133049964905
... 0 1135 3 5.67481803894043 8.187784194946289 0
<unk> 0 1136 5 3.990384101867676 6.099302291870117 2.088481903076172
do 0 1137 2 9.262959480285645 7.362851142883301 0
not 0 1138 3 2.064401388168335 5.896163463592529 1.4666876792907715
single 0 1139 6 17.619632720947266 7.786437511444092 0
out 0 1140 3 6.970006942749023 7.066238880157471 0.7201986312866211
this 0 1141 4 6.729535102844238 5.8755974769592285 1.1906414031982422
subject 0 1142 7 9.824955940246582 9.080896377563477 0
as 0 1143 2 5.476551055908203 4.662023067474365 4.418873310089111
being 0 1144 5 9.144308090209961 6.587940692901611 0
more 0 1145 4 7.009188652038574 7.8215203285217285 0
evidently 0 1146 9 15.600265502929688 9.00937271118164 0
padded 0 1147 6 15.694964408874512 7.91452169418335 1.094851016998291
than 0 1148 4 5.556594371795654 5.024996757507324 2.8895249366760254
others 0 1149 6 8.654359817504883 6.777887344360352 0
shown 0 1150 5 12.81004524230957 4.61241340637207 2.1654739379882812
on 0 1151 2 4.181096076965332 4.841699123382568 0
the 0 1152 3 1.1997289657592773 5.191959381103516 0
screen 0 1153 6 4.925639629364014 9.057865142822266 0
this 0 1154 4 11.961629867553711 4.64100980758667 4.416855335235596
week 0 1155 4 4.914762020111084 8.18884563446045 0
. 0 1156 1 1.5342930555343628 5.148785591125488 3.040060043334961
<eos> 0 1157 5 0.6064329147338867 0.9532516002655029 4.195533990859985
<unk> 0 1158 5 3.4271397590637207 6.8277435302734375 0
as 0 1159 2 9.25827693939209 6.748486518859863 0.07925701141357422
well 0 1160 4 5.847378253936768 6.643622398376465 0.10486412048339844
as 0 1161 2 0.7190952897071838 2.906198740005493 3.7374236583709717
<unk> 0 1162 5 2.9044857025146484 7.245643615722656 0
were 0 1163 4 8.676547050476074 6.255971431732178 0.9896721839904785
guilty 0 1164 6 14.3399076461792 8.813702583312988 0
and 0 1165 3 3.8881397247314453 2.506575345993042 6.307127237319946
it 0 1166 2 7.13239860534668 9.224586486816406 0
is 0 1167 2 3.9832022190093994 5.29494047164917 3.9296460151672363
time 0 1168 4 10.125558853149414 7.8527679443359375 0
that 0 1169 4 3.4173076152801514 4.376730442047119 3.4760375022888184
the 0 1170 3 2.7282462120056152 6.313913822174072 0
manufacturers 0 1171 13 18.38102912902832 9.78372859954834 0
realize 0 1172 7 12.252302169799805 7.128223419189453 2.6555051803588867
the 0 1173 3 3.74588942527771 3.777714490890503 3.35050892829895
importance 0 1174 10 8.099858283996582 10.647605895996094 0
of 0 1175 2 0.21298329532146454 1.3011107444763184 9.346495151519775
the 0 1176 3 1.8708713054656982 7.1303510665893555 0
scenario 0 1177 8 12.863779067993164 10.412321090698242 0
end 0 1178 3 16.80112075805664 5.58111047744751 4.831210613250732
of 0 1179 2 3.8035104274749756 5.216520309448242 0.3645901679992676
matters 0 1180 7 16.079181671142578 5.3149943351745605 0
. 0 1181 1 2.104808807373047 5.410486221313477 0
<eos> 0 1182 5 0.679804801940918 0.9702980518341064 4.44018816947937
<unk> 0 1183 5 3.4534666538238525 6.58085823059082 0
<unk> 0 1184 5 1.971514105796814 6.43067741394043 0.15018081665039062
pie 0 1185 3 16.391353607177734 6.274312496185303 0.15636491775512695
episode 0 1186 7 14.152826309204102 6.721267223358154 0
was 0 1187 3 4.190327167510986 6.644073486328125 0.0771937370300293
well 0 1188 4 6.986059188842773 7.712392807006836 0
done 0 1189 4 6.745877742767334 3.0758628845214844 4.636529922485352
, 0 1190 1 2.449693441390991 4.198535442352295 0
which 0 1191 5 5.927013397216797 5.026158809661865 0
is 0 1192 2 3.738576650619507 6.833911418914795 0
the 0 1193 3 3.5997538566589355 8.020584106445312 0
faint 0 1194 5 18.436262130737305 7.290931701660156 0.7296524047851562
praise 0 1195 6 14.29586410522461 9.067184448242188 0
that 0 1196 4 3.7697055339813232 4.507480144500732 4.559704303741455
we 0 1197 2 6.837650299072266 7.531695365905762 0
do 0 1198 2 5.191314220428467 6.95505952835083 0.5766358375549316
not 0 1199 3 2.738717555999756 6.500247478485107 0.45481204986572266
like 0 1200 4 5.009364604949951 7.305429458618164 0
to 0 1201 2 4.448903560638428 6.7556471824646 0.5497822761535645
<unk> 0 1202 5 5.088614463806152 8.297365188598633 0
out 0 1203 3 7.916065692901611 6.1509690284729 2.1463961601257324
to 0 1204 2 5.430946350097656 5.2638750076293945 0.8870940208435059
anyone 0 1205 6 7.445096969604492 7.460458755493164 0
. 0 1206 1 3.085770606994629 4.859370231628418 2.601088523864746
" 0 1207 1 1.445515513420105 0.9784309267997742 3.880939304828644
<eos> 0 1208 5 5.503434294951148e-06 9.441538713872433e-05 0.9783365114126354
<unk> 0 1209 5 2.051197052001953 5.474257469177246 0
of 0 1210 2 8.458541870117188 5.745909214019775 0
<unk> 0 1211 5 1.1621403694152832 3.2276358604431152 2.51827335357666
<unk> 0 1212 5 2.9188592433929443 7.114943504333496 0
<unk> 0 1213 5 3.2011654376983643 6.408084392547607 0.7068591117858887
<unk> 0 1214 5 3.066657066345215 6.548048973083496 0
was 0 1215 3 6.131902694702148 6.442200183868408 0.10584878921508789
not 0 1216 3 5.173755645751953 7.83402156829834 0
amused 0 1217 6 9.924530029296875 7.8228440284729 0.011177539825439453
by 0 1218 2 1.008233904838562 3.2219884395599365 4.600855588912964
the 0 1219 3 1.0129475593566895 3.7462754249572754 0
plot 0 1220 4 6.205049991607666 9.564837455749512 0
and 0 1221 3 3.269071102142334 3.7206878662109375 5.844149589538574
stated 0 1222 6 5.461487770080566 7.943233489990234 0
, 0 1223 1 3.1379926204681396 2.299914598464966 5.6433188915252686
" 0 1224 1 0.09688256680965424 0.7858182191848755 1.5140963792800903
<unk> 0 1225 5 3.4690372943878174 6.039389610290527 0
me 0 1226 2 12.872452735900879 6.222296714782715 0
the 0 1227 3 6.461470603942871 7.242880344390869 0
last 0 1228 4 7.639247894287109 10.218358993530273 0
scene 0 1229 5 7.789695739746094 8.367982864379883 1.8503761291503906
had 0 1230 3 8.808942794799805 6.256594657897949 2.1113882064819336
no 0 1231 2 5.500781059265137 7.038980484008789 0
humor 0 1232 5 11.1557035446167 10.06270980834961 0
. 0 1233 1 2.530951738357544 5.032208442687988 5.030501365661621
<eos> 0 1234 5 0.885529100894928 1.0405867099761963 3.991621732711792
<unk> 0 1235 5 4.036233425140381 6.052810192108154 0
was 0 1236 3 4.203721046447754 6.608075141906738 0
only 0 1237 4 7.848846435546875 8.12374210357666 0
the 0 1238 3 3.7615067958831787 7.710569858551025 0.41317224502563477
necessary 0 1239 9 13.177193641662598 8.558097839355469 0
ending 0 1240 6 10.811860084533691 9.33402156829834 0
to 0 1241 2 3.50604248046875 5.038914680480957 4.295106887817383
the 0 1242 3 4.219517230987549 8.175352096557617 0
beginning 0 1243 9 9.922940254211426 9.778081893920898 0
. 0 1244 1 2.480109453201294 3.1359000205993652 6.642181873321533
<eos> 0 1245 5 0.8132660984992981 1.0239557027816772 2.111944317817688
<unk> 0 1246 5 3.77844500541687 6.069754600524902 0
humor 0 1247 5 16.62241554260254 6.527066230773926 0
does 0 1248 4 7.794898986816406 6.68102502822876 0
not 0 1249 3 0.3315138518810272 2.2842299938201904 4.396795034408569
<unk> 0 1250 5 6.5062384605407715 7.961446285247803 0
from 0 1251 4 6.8463664054870605 6.600744247436523 1.3607020378112793
<unk> 0 1252 5 3.0055274963378906 6.241328716278076 0.35941553115844727
. 0 1253 1 3.2579030990600586 5.413664817810059 0.8276638984680176
" 0 1254 1 1.370781421661377 0.9885783195495605 4.425086498260498
<eos> 0 1255 5 0.0 3.6631838156608865e-05 0.9885416877114039
<unk> 0 1256 5 1.6742758750915527 4.986212730407715 0
<unk> 0 1257 5 1.363413691520691 5.63831901550293 0
<unk> 0 1258 5 3.2675273418426514 5.190525531768799 0.44779348373413086
<unk> 0 1259 5 3.054018497467041 5.715142250061035 0
<unk> 0 1260 5 3.4072844982147217 5.981966495513916 0
stated 0 1261 6 6.390510559082031 6.195209980010986 0
, 0 1262 1 3.0585532188415527 2.598170757293701 3.597039222717285
" 0 1263 1 0.045224566012620926 0.39558303356170654 2.2025877237319946
<unk> 0 1264 5 2.713517427444458 6.0291266441345215 0
is 0 1265 2 3.370858669281006 6.043585777282715 0
the 0 1266 3 3.4198102951049805 7.220000743865967 0
old 0 1267 3 11.074893951416016 7.18485164642334 0.03514909744262695
story 0 1268 5 8.562256813049316 7.8126654624938965 0
of 0 1269 2 2.4493465423583984 5.903223514556885 1.9094419479370117
too 0 1270 3 14.009866714477539 5.105634689331055 0.7975888252258301
many 0 1271 4 2.233185052871704 5.479745388031006 0
cooks 0 1272 5 12.788756370544434 8.164070129394531 0
, 0 1273 1 2.1881916522979736 5.2762370109558105 2.8878331184387207
and 0 1274 3 2.3313581943511963 6.291790008544922 0
it 0 1275 2 3.8199520111083984 7.279902458190918 0
is 0 1276 2 1.8402748107910156 5.257566452026367 2.022336006164551
quite 0 1277 5 6.562062740325928 7.643773078918457 0
funny 0 1278 5 5.499754905700684 8.644670486450195 0
after 0 1279 5 11.237459182739258 4.009640693664551 4.6350297927856445
the 0 1280 3 2.2783572673797607 6.642909049987793 0
first 0 1281 5 5.468136310577393 9.92055892944336 0
scenes 0 1282 6 10.201290130615234 7.943270683288574 1.9772882461547852
are 0 1283 3 4.793571949005127 5.567854404449463 2.3754162788391113
out 0 1284 3 8.014287948608398 9.105219841003418 0
of 0 1285 2 0.980440080165863 3.715463638305664 5.389756202697754
the 0 1286 3 1.5911751985549927 6.312264442443848 0
way 0 1287 3 5.148690223693848 9.910809516906738 0
. 0 1288 1 2.208026170730591 5.706243991851807 4.204565525054932
<eos> 0 1289 5 1.3794686794281006 0.9975173473358154 4.708726644515991
<unk> 0 1290 5 3.536428451538086 6.478217601776123 0
early 0 1291 5 17.655149459838867 6.229279518127441 0.24893808364868164
part 0 1292 4 9.936819076538086 6.87653923034668 0
of 0 1293 2 0.9162327647209167 3.5700013637542725 3.3065378665924072
the 0 1294 3 0.873501181602478 3.2581095695495605 0.3118917942047119
film 0 1295 4 3.650946855545044 8.492912292480469 0
takes 0 1296 5 9.119966506958008 5.821375370025635 2.671536922454834
too 0 1297 3 8.388598442077637 6.224320411682129 0
much 0 1298 4 0.9745444059371948 2.8979547023773193 3.3263657093048096
time 0 1299 4 2.309931993484497 5.714156627655029 0
with 0 1300 4 6.059620380401611 3.927400588989258 1.7867560386657715
trivial 0 1301 7 16.781463623046875 6.142181396484375 0
details 0 1302 7 6.448645114898682 9.511574745178223 0
leading 0 1303 7 12.849261283874512 4.123210430145264 5.388364315032959
up 0 1304 2 4.7207794189453125 1.8107459545135498 2.312464475631714
to 0 1305 2 0.10624950379133224 0.7795016765594482 1.0312442779541016
the 0 1306 3 1.3039146661758423 5.3555192947387695 0
final 0 1307 5 7.568458557128906 9.602088928222656 0
situation 0 1308 9 11.32325267791748 7.817473888397217 1.7846150398254395
. 0 1309 1 1.397605299949646 3.6397128105163574 4.177761077880859
<eos> 0 1310 5 0.7087720632553101 0.9781996607780457 2.6615131497383118
... 0 1311 3 6.980554103851318 6.4267425537109375 0
<unk> 0 1312 5 3.8658535480499268 4.847205638885498 1.5795369148254395
weak 0 1313 4 19.07111167907715 6.202288627624512 0
point 0 1314 5 13.30809497833252 7.593151569366455 0
in 0 1315 2 4.430025577545166 7.195550441741943 0.3976011276245117
the 0 1316 3 1.181121826171875 5.207900047302246 1.9876503944396973
story 0 1317 5 3.751424551010132 7.70474100112915 0
is 0 1318 2 2.3231101036071777 5.649359703063965 2.0553812980651855
the 0 1319 3 3.642563581466675 8.312714576721191 0
fact 0 1320 4 6.282864570617676 9.846968650817871 0
that 0 1321 4 0.17988282442092896 1.088995099067688 8.757973551750183
the 0 1322 3 2.358985424041748 5.2689738273620605 0
pie 0 1323 3 15.544779777526855 9.582261085510254 0
is 0 1324 2 2.2808613777160645 6.810871124267578 2.771389961242676
cut 0 1325 3 9.665634155273438 8.318058967590332 0
into 0 1326 4 5.556913375854492 5.788381576538086 2.529677391052246
eight 0 1327 5 11.346165657043457 4.803241729736328 0.9851398468017578
small 0 1328 5 9.3530855178833 8.236693382263184 0
pieces 0 1329 6 3.484668493270874 8.003865242004395 0.23282814025878906
, 0 1330 1 2.212249994277954 4.046990871429443 3.956874370574951
making 0 1331 6 8.617156028747559 6.821167469024658 0
it 0 1332 2 1.7390486001968384 5.023983955383301 1.7971835136413574
difficult 0 1333 9 4.647547721862793 7.02762508392334 0
to 0 1334 2 0.9908567070960999 2.2292468547821045 4.798378229141235
believe 0 1335 7 7.95519495010376 8.454258918762207 0
in 0 1336 2 4.241367340087891 5.119130611419678 3.3351283073425293
its 0 1337 3 6.067849159240723 6.190060138702393 0
remarkable 0 1338 10 13.238112449645996 10.199219703674316 0
power 0 1339 5 9.072365760803223 9.874119758605957 0.3250999450683594
. 0 1340 1 0.9522252678871155 3.5179920196533203 6.356127738952637
<eos> 0 1341 5 0.9615590572357178 1.0167155265808105 2.5012764930725098
<unk> 0 1342 5 3.23516845703125 6.284275054931641 0
pies 0 1343 4 22.795515060424805 6.011859893798828 0.2724151611328125
would 0 1344 5 8.227213859558105 5.01079797744751 1.0010619163513184
have 0 1345 4 2.7628393173217773 7.182984828948975 0
been 0 1346 4 2.6454081535339355 7.89962100982666 0
as 0 1347 2 8.441601753234863 8.79152774810791 0
easy 0 1348 4 8.444233894348145 8.01064682006836 0.7808809280395508
to 0 1349 2 2.754676342010498 2.9306445121765137 5.080002307891846
make 0 1350 4 5.098905563354492 7.855429172515869 0
as 0 1351 2 7.201622009277344 6.468015670776367 1.387413501739502
one 0 1352 3 6.623889923095703 5.942952632904053 0.5250630378723145
and 0 1353 3 9.057873725891113 3.943080186843872 1.9998724460601807
would 0 1354 5 7.822337627410889 7.725407600402832 0
have 0 1355 4 2.7593448162078857 6.887249946594238 0.8381576538085938
been 0 1356 4 2.2590813636779785 7.177297592163086 0
more 0 1357 4 6.453032493591309 8.999332427978516 0
convincing 0 1358 10 8.83712387084961 9.108708381652832 0
. 0 1359 1 2.66500186920166 3.834766387939453 5.273941993713379
<eos> 0 1360 5 0.748834490776062 1.0013914108276367 2.8333749771118164
<unk> 0 1361 5 3.179137706756592 6.582485675811768 0
character 0 1362 9 16.127307891845703 5.981927394866943 0.6005582809448242
parts 0 1363 5 11.425790786743164 6.003691673278809 0
are 0 1364 3 2.644911527633667 6.069860935211182 0
all 0 1365 3 7.494431495666504 8.891251564025879 0
well 0 1366 4 6.999420166015625 9.137005805969238 0
taken 0 1367 5 11.834403038024902 5.03145694732666 4.105548858642578
, 0 1368 1 2.392141103744507 5.041811466217041 0
although 0 1369 8 6.317221164703369 5.469272613525391 0
the 0 1370 3 2.525233745574951 6.345201015472412 0
cook 0 1371 4 16.676225662231445 9.649279594421387 0
would 0 1372 5 7.846961498260498 8.532906532287598 1.116373062133789
have 0 1373 4 2.452183723449707 6.910360813140869 1.6225457191467285
been 0 1374 4 2.859811544418335 7.760468006134033 0
better 0 1375 6 7.603614330291748 9.267207145690918 0
if 0 1376 2 10.26660442352295 7.369088649749756 1.898118495941162
she 0 1377 3 7.55979061126709 5.793820858001709 1.5752677917480469
had 0 1378 3 3.9140195846557617 6.898280620574951 0
not 0 1379 3 5.713193416595459 7.506844520568848 0
seized 0 1380 6 14.21823501586914 7.529097557067871 0
so 0 1381 2 7.811495780944824 5.659264087677002 1.8698334693908691
many 0 1382 4 2.4356844425201416 3.9005234241485596 1.7587406635284424
opportunities 0 1383 13 10.149157524108887 8.316271781921387 0
to 0 1384 2 2.208282232284546 4.369329452514648 3.9469423294067383
talk 0 1385 4 9.428783416748047 8.4176025390625 0
directly 0 1386 8 9.40119743347168 4.960313320159912 3.457289218902588
at 0 1387 2 6.741626262664795 4.472996234893799 0.4873170852661133
the 0 1388 3 1.4616379737854004 5.252832889556885 0
camera 0 1389 6 9.368467330932617 7.551244735717773 0
. 0 1390 1 0.8219889998435974 3.1504573822021484 4.400787353515625
" 0 1391 1 1.3161377906799316 0.9882987141609192 2.1621586680412292
<eos> 0 1392 5 1.651023922022432e-05 0.00023284571943804622 0.9880658684414811
=========================================================================================
| End of testing | test loss  4.04 | test ppl    57.00
=========================================================================================
