word sentid sentpos wlen surp entropy entred
= 0 0 1 6.295143127441406 7.258259296417236 0
<unk> 0 1 5 4.633908748626709 0.6031642556190491 6.655095040798187
<unk> 0 2 5 0.9858512878417969 4.921291828155518 0
= 0 3 1 0.7593088746070862 3.0569536685943604 1.8643381595611572
<eos> 0 4 5 20.621376037597656 0.7683554887771606 2.2885981798171997
= 0 5 1 14.667461395263672 1.2624531984329224 0
<unk> 0 6 5 0.15051089227199554 1.219455361366272 0.04299783706665039
<unk> 0 7 5 0.526905357837677 2.7166354656219482 0
= 0 8 1 3.729475498199463 3.2643537521362305 0
<eos> 0 9 5 19.796262741088867 0.7260962128639221 2.5382575392723083
<unk> 0 10 5 0.22425153851509094 1.6861488819122314 0
<unk> 0 11 5 1.4668165445327759 2.7098288536071777 0
( 0 12 1 0.6276898384094238 2.019678831100464 0.6901500225067139
sometimes 0 13 9 7.671936988830566 2.264965057373047 0
referred 0 14 8 3.611799478530884 4.599023342132568 0
to 0 15 2 0.019479425624012947 0.13492698967456818 4.464096352458
as 0 16 2 0.1639806628227234 0.88811194896698 0
<unk> 0 17 5 1.1272581815719604 3.072800636291504 0
<unk> 0 18 5 1.285764217376709 3.5600552558898926 0
<unk> 0 19 5 2.0165419578552246 3.157468795776367 0.4025864601135254
) 0 20 1 1.418444037437439 3.159205675125122 0
is 0 21 2 0.5999002456665039 2.327633857727051 0.8315718173980713
a 0 22 1 0.4963226616382599 1.2934458255767822 1.0341880321502686
ruined 0 23 6 12.454058647155762 3.568755626678467 0
chapel 0 24 6 12.949455261230469 6.42841100692749 0
near 0 25 4 6.538074493408203 4.464329242706299 1.9640817642211914
<unk> 0 26 5 1.5200927257537842 1.8246409893035889 2.63968825340271
<unk> 0 27 5 3.9051921367645264 4.7698187828063965 0
in 0 28 2 2.4830634593963623 4.964362144470215 0
<unk> 0 29 5 1.3528761863708496 2.28249192237854 2.681870222091675
, 0 30 1 1.6187584400177002 3.325676918029785 0
north 0 31 5 5.444629669189453 3.204551935195923 0.1211249828338623
<unk> 0 32 5 0.3014566898345947 1.1755207777023315 2.0290311574935913
, 0 33 1 1.5390878915786743 1.9211636781692505 0
dating 0 34 6 11.329758644104004 5.3330488204956055 0
back 0 35 4 3.7987060546875 1.8496742248535156 3.48337459564209
to 0 36 2 0.09956002235412598 0.6149733066558838 1.2347009181976318
the 0 37 3 1.091701865196228 2.5352649688720703 0
first 0 38 5 6.119076728820801 6.347774982452393 0
half 0 39 4 3.4102096557617188 5.898850917816162 0.44892406463623047
of 0 40 2 0.005429067183285952 0.05501890927553177 5.84383200854063
the 0 41 3 0.5485835075378418 1.4316266775131226 0
12th 0 42 4 3.9620206356048584 4.401309967041016 0
century 0 43 7 0.05743123218417168 0.3481972813606262 4.053112685680389
. 0 44 1 0.4307960569858551 1.8002102375030518 0
<eos> 0 45 5 0.00040186746628023684 0.0038455617614090443 1.7963646757416427
<unk> 0 46 5 5.399986743927002 3.128297805786133 0
chapel 0 47 6 7.858956336975098 5.361633777618408 0
's 0 48 2 5.747228145599365 4.104487419128418 1.2571463584899902
original 0 49 8 6.7074127197265625 8.112810134887695 0
purpose 0 50 7 9.777860641479492 5.402222156524658 2.710587978363037
is 0 51 2 1.1831140518188477 2.658261775970459 2.743960380554199
unknown 0 52 7 5.980955123901367 5.754080772399902 0
, 0 53 1 1.3529696464538574 2.5666561126708984 3.187424659729004
but 0 54 3 1.5188682079315186 3.8045341968536377 0
it 0 55 2 2.068253517150879 5.3820295333862305 0
might 0 56 5 10.316317558288574 3.4652090072631836 1.9168205261230469
have 0 57 4 0.8135412931442261 2.5687570571899414 0.8964519500732422
been 0 58 4 0.41504502296447754 2.7742037773132324 0
used 0 59 4 5.460590839385986 7.77338171005249 0
as 0 60 2 2.182828426361084 3.5942771434783936 4.179104566574097
a 0 61 1 0.5133875012397766 2.37052059173584 1.2237565517425537
memorial 0 62 8 7.284758567810059 8.294476509094238 0
chapel 0 63 6 4.559667110443115 4.775575160980225 3.5189013481140137
or 0 64 2 6.244904518127441 4.3827290534973145 0.39284610748291016
in 0 65 2 4.740037441253662 7.889656066894531 0
connection 0 66 10 10.379995346069336 4.994012832641602 2.8956432342529297
with 0 67 4 0.06648439913988113 0.3208563029766083 4.673156529664993
a 0 68 1 4.520162105560303 3.667490243911743 0
local 0 69 5 7.262299060821533 8.223477363586426 0
royal 0 70 5 9.294135093688965 6.927176475524902 1.2963008880615234
court 0 71 5 4.754191875457764 7.058755397796631 0
, 0 72 1 3.2148702144622803 4.355406761169434 2.7033486366271973
or 0 73 2 4.386297702789307 6.36017370223999 0
as 0 74 2 5.481715679168701 7.663107872009277 0
a 0 75 1 0.9964743256568909 4.163924217224121 3.4991836547851562
chapel 0 76 6 4.351939678192139 8.606064796447754 0
of 0 77 2 4.83371114730835 4.717430591583252 3.888634204864502
ease 0 78 4 7.118385314941406 6.800482749938965 0
in 0 79 2 3.9347786903381348 3.531273365020752 3.269209384918213
a 0 80 1 5.296271800994873 4.834499835968018 0
large 0 81 5 6.904679775238037 8.094745635986328 0
parish 0 82 6 4.8686017990112305 6.945438385009766 1.1493072509765625
with 0 83 4 6.831827640533447 4.3882737159729 2.5571646690368652
a 0 84 1 1.6801233291625977 5.80232572555542 0
growing 0 85 7 11.663763046264648 9.315670013427734 0
population 0 86 10 4.519891262054443 8.202741622924805 1.1129283905029297
. 0 87 1 1.7944175004959106 3.2248589992523193 4.977882623672485
<eos> 0 88 5 0.000652182730846107 0.005754741374403238 3.219104257877916
<unk> 0 89 5 3.581613063812256 5.269372463226318 0
was 0 90 3 3.9818482398986816 6.17378568649292 0
used 0 91 4 5.915938854217529 7.477620601654053 0
for 0 92 3 3.0113887786865234 3.43121337890625 4.046407222747803
a 0 93 1 4.048080921173096 6.893848896026611 0
time 0 94 4 6.840472221374512 8.358318328857422 0
until 0 95 5 6.27039098739624 4.972053050994873 3.386265277862549
the 0 96 3 1.899880051612854 3.542570114135742 1.4294829368591309
early 0 97 5 4.1217360496521 6.647017955780029 0
18th 0 98 4 3.357332468032837 4.874556541442871 1.7724614143371582
century 0 99 7 0.020486440509557724 0.14759917557239532 4.726957365870476
as 0 100 2 6.606400012969971 3.6907124519348145 0
a 0 101 1 1.5467321872711182 4.244699001312256 0
private 0 102 7 7.491111755371094 9.229636192321777 0
place 0 103 5 8.746805191040039 8.004255294799805 1.2253808975219727
of 0 104 2 3.9135422706604004 4.410161972045898 3.5940933227539062
worship 0 105 7 2.382829189300537 7.16477108001709 0
for 0 106 3 4.390701770782471 3.914926767349243 3.2498443126678467
a 0 107 1 4.681539535522461 6.20334005355835 0
nearby 0 108 6 9.053070068359375 8.553916931152344 0
house 0 109 5 7.107734680175781 6.734530448913574 1.8193864822387695
, 0 110 1 2.8274030685424805 3.4761316776275635 3.2583987712860107
then 0 111 4 8.153692245483398 5.977554798126221 0
later 0 112 5 8.785442352294922 7.328336238861084 0
fell 0 113 4 10.170677185058594 6.872668266296387 0.45566797256469727
into 0 114 4 1.2348272800445557 3.440786600112915 3.4318816661834717
disrepair 0 115 9 1.3490678071975708 3.287231683731079 0.15355491638183594
. 0 116 1 0.941589891910553 3.028205156326294 0.25902652740478516
<eos> 0 117 5 0.0006054238765500486 0.005460250191390514 3.0227449061349034
<unk> 0 118 5 3.3255555629730225 5.0914411544799805 0
walls 0 119 5 11.99356746673584 6.078117847442627 0
still 0 120 5 9.113730430603027 5.0327839851379395 1.0453338623046875
remain 0 121 6 4.089273929595947 6.667361736297607 0
, 0 122 1 6.778433322906494 6.137533664703369 0.5298280715942383
with 0 123 4 3.9898874759674072 4.69791316986084 1.4396204948425293
some 0 124 4 4.649715900421143 5.951821327209473 0
traces 0 125 6 8.946576118469238 8.445869445800781 0
of 0 126 2 0.16370263695716858 1.1801180839538574 7.265751361846924
render 0 127 6 21.1292724609375 6.236987113952637 0
on 0 128 2 7.894457817077637 6.440881729125977 0
them 0 129 4 8.123220443725586 4.0172438621521 2.423637866973877
internally 0 130 10 14.80542278289795 4.431952953338623 0
, 0 131 1 2.455873727798462 3.7204854488372803 0.7114675045013428
but 0 132 3 3.873650550842285 5.385149002075195 0
there 0 133 5 4.14423131942749 6.681083679199219 0
is 0 134 2 1.3033065795898438 2.1695668697357178 4.511516809463501
no 0 135 2 1.3864526748657227 3.776305913925171 0
roof 0 136 4 10.083745956420898 5.573371410369873 0
. 0 137 1 3.4106717109680176 5.884739398956299 0
<eos> 0 138 5 0.0008859544759616256 0.00785965658724308 5.876879742369056
<unk> 0 139 5 3.5520403385162354 4.987818717956543 0
contains 0 140 8 9.450814247131348 6.63377571105957 0
a 0 141 1 2.278151035308838 5.9266486167907715 0.7071270942687988
16th 0 142 4 11.329279899597168 8.287487983703613 0
<unk> 0 143 5 0.5236472487449646 3.039111614227295 5.248376369476318
century 0 144 7 0.004658703226596117 0.054409563541412354 2.9847020506858826
side 0 145 4 12.482234954833984 7.927349090576172 0
chapel 0 146 6 6.568454742431641 6.007951736450195 1.9193973541259766
with 0 147 4 5.293967247009277 5.077373504638672 0.9305782318115234
a 0 148 1 1.2921538352966309 5.000072002410889 0.0773015022277832
vault 0 149 5 10.836630821228027 8.369206428527832 0
beneath 0 150 7 9.855956077575684 5.853477478027344 2.5157289505004883
, 0 151 1 7.6739182472229 2.3488457202911377 3.504631757736206
used 0 152 4 12.021743774414062 6.240603923797607 0
as 0 153 2 2.89937424659729 3.649829864501953 2.5907740592956543
a 0 154 1 0.8987634778022766 3.710981845855713 0
burial 0 155 6 7.6359992027282715 9.035690307617188 0
chamber 0 156 7 2.160470724105835 5.364418029785156 3.6712722778320312
. 0 157 1 1.3054473400115967 3.587815284729004 1.7766027450561523
<eos> 0 158 5 0.0007651198538951576 0.006675688084214926 3.581139596644789
<unk> 0 159 5 4.086359024047852 4.548264980316162 0
is 0 160 2 4.537788391113281 6.266473293304443 0
a 0 161 1 2.816398859024048 6.434487819671631 0
<unk> 0 162 5 3.621731758117676 8.693584442138672 0
<unk> 0 163 5 2.009211301803589 6.928629398345947 1.7649550437927246
listed 0 164 6 9.22712230682373 6.57940673828125 0.34922266006469727
building 0 165 8 1.9184129238128662 6.279876232147217 0.2995305061340332
, 0 166 1 1.6219313144683838 4.484282493591309 1.7955937385559082
a 0 167 1 2.961684226989746 6.066268444061279 0
national 0 168 8 8.042341232299805 8.657964706420898 0
designation 0 169 11 10.630130767822266 6.163486957550049 2.4944777488708496
given 0 170 5 5.942419052124023 4.7718610763549805 1.3916258811950684
to 0 171 2 0.858518123626709 2.592456817626953 2.1794042587280273
" 0 172 1 7.11824893951416 4.083015441894531 0
buildings 0 173 9 9.909879684448242 6.988065242767334 0
of 0 174 2 1.855445146560669 4.19576358795166 2.792301654815674
special 0 175 7 7.317371845245361 6.7108917236328125 0
interest 0 176 8 1.9571349620819092 6.254868030548096 0.4560236930847168
, 0 177 1 3.6518714427948 2.4625515937805176 3.792316436767578
which 0 178 5 5.5694684982299805 7.422697067260742 0
warrant 0 179 7 9.789246559143066 6.36325740814209 1.0594396591186523
every 0 180 5 8.465901374816895 6.824400901794434 0
effort 0 181 6 10.59500789642334 9.452905654907227 0
being 0 182 5 8.488521575927734 4.405517101287842 5.047388553619385
made 0 183 4 2.6875383853912354 7.717671871185303 0
to 0 184 2 2.0425498485565186 4.698269367218018 3.019402503967285
preserve 0 185 8 5.095901012420654 8.277953147888184 0
them 0 186 4 7.4599456787109375 4.802011489868164 3.4759416580200195
" 0 187 1 2.5140380859375 4.50327205657959 0.2987394332885742
, 0 188 1 3.347951889038086 1.9716722965240479 2.531599760055542
in 0 189 2 5.493469715118408 5.720778465270996 0
particular 0 190 10 5.36494779586792 4.964323997497559 0.7564544677734375
because 0 191 7 7.902063369750977 6.1492109298706055 0
it 0 192 2 2.4453701972961426 3.468763589859009 2.6804473400115967
is 0 193 2 2.198133707046509 4.615012168884277 0
" 0 194 1 4.394613742828369 7.365477561950684 0
a 0 195 1 2.805292844772339 7.569389343261719 0
substantially 0 196 13 14.072099685668945 9.544878005981445 0
12th 0 197 4 20.341888427734375 7.772156715393066 1.772721290588379
<unk> 0 198 5 1.0787619352340698 4.644109725952148 3.128046989440918
century 0 199 7 0.08319005370140076 0.6885459423065186 3.95556378364563
structure 0 200 9 6.21176290512085 7.672011375427246 0
" 0 201 1 0.8904959559440613 3.289276599884033 4.382734775543213
with 0 202 4 6.620732307434082 2.6681292057037354 0.6211473941802979
the 0 203 3 3.4232044219970703 5.84824275970459 0
" 0 204 1 5.915253639221191 9.148411750793457 0
unusual 0 205 7 9.773879051208496 8.8793363571167 0.2690753936767578
16th 0 206 4 13.536018371582031 9.124740600585938 0
<unk> 0 207 5 1.1537365913391113 4.640519142150879 4.484221458435059
century 0 208 7 0.06841879338026047 0.5696446895599365 4.070874452590942
vaulted 0 209 7 14.227923393249512 7.039724349975586 0
south 0 210 5 14.705212593078613 8.10156536102295 0
chapel 0 211 6 9.000311851501465 4.429348945617676 3.6722164154052734
" 0 212 1 0.8108473420143127 3.5573978424072266 0.8719511032104492
. 0 213 1 1.0266869068145752 3.7193660736083984 0
<eos> 0 214 5 0.0011887701693922281 0.009750552475452423 3.709615521132946
= 0 215 1 2.8374524116516113 4.682253837585449 0
= 0 216 1 0.13423718512058258 0.8329094052314758 3.8493444323539734
<unk> 0 217 5 6.651005268096924 4.592395305633545 0
and 0 218 3 3.344902992248535 5.999803066253662 0
location 0 219 8 9.787165641784668 6.759095668792725 0
= 0 220 1 0.2252393662929535 1.5224343538284302 5.236661314964294
= 0 221 1 0.0010703668231144547 0.013331704773008823 1.5091026490554214
<eos> 0 222 5 18.51717758178711 4.2197065353393555 0
<unk> 0 223 5 1.298940896987915 5.651956558227539 0
oldest 0 224 6 17.40493392944336 5.548633575439453 0.10332298278808594
parts 0 225 5 10.68333625793457 7.26262903213501 0
of 0 226 2 0.42304420471191406 2.173973560333252 5.088655471801758
<unk> 0 227 5 2.0591964721679688 1.702561378479004 0.47141218185424805
<unk> 0 228 5 2.7817602157592773 6.109578609466553 0
date 0 229 4 7.88926362991333 5.519198894500732 0.5903797149658203
from 0 230 4 2.2216196060180664 4.421141624450684 1.0980572700500488
the 0 231 3 0.898641049861908 2.3136579990386963 2.1074836254119873
first 0 232 5 6.931123733520508 5.557126998901367 0
half 0 233 4 3.7861828804016113 6.009572505950928 0
of 0 234 2 0.03784167021512985 0.3115895092487335 5.697982996702194
the 0 235 3 0.43755969405174255 1.5999318361282349 0
12th 0 236 4 3.2514572143554688 4.321638107299805 0
century 0 237 7 0.11584489047527313 0.5357565879821777 3.785881519317627
. 0 238 1 1.4836350679397583 3.0556607246398926 0
<eos> 0 239 5 0.0017584823071956635 0.013922362588346004 3.0417383620515466
<unk> 0 240 5 3.2818472385406494 4.618454933166504 0
was 0 241 3 3.820249080657959 6.100256443023682 0
a 0 242 1 3.9125778675079346 6.465539932250977 0
time 0 243 4 12.286543846130371 8.955573081970215 0
when 0 244 4 7.609834671020508 5.4480299949646 3.5075430870056152
many 0 245 4 8.96768569946289 4.617129325866699 0.8309006690979004
churches 0 246 8 7.411474227905273 6.56729793548584 0
on 0 247 2 8.336870193481445 4.7583136558532715 1.8089842796325684
<unk> 0 248 5 2.2322659492492676 2.8977694511413574 1.860544204711914
in 0 249 2 6.819135665893555 5.645412921905518 0
north 0 250 5 7.141850471496582 2.531118869781494 3.1142940521240234
<unk> 0 251 5 0.06375186890363693 0.48571571707725525 2.045403152704239
west 0 252 4 8.571045875549316 4.799561023712158 0
<unk> 0 253 5 0.656481146812439 2.8539938926696777 1.9455671310424805
were 0 254 4 1.8629531860351562 5.408725261688232 0
first 0 255 5 9.267401695251465 8.201141357421875 0
built 0 256 5 3.809382677078247 7.1091389656066895 1.0920023918151855
in 0 257 2 1.9247251749038696 4.2074995040893555 2.901639461517334
stone 0 258 5 9.076454162597656 2.871884822845459 1.3356146812438965
following 0 259 9 10.484271049499512 5.275228023529053 0
the 0 260 3 0.7216804027557373 3.099494695663452 2.1757333278656006
end 0 261 3 5.018519878387451 7.289576053619385 0
of 0 262 2 0.007927732542157173 0.06528069823980331 7.2242953553795815
<unk> 0 263 5 2.250168800354004 1.9541449546813965 0
raids 0 264 5 14.866133689880371 3.923255443572998 0
and 0 265 3 4.61348295211792 3.6667733192443848 0.2564821243286133
attempts 0 266 8 11.093860626220703 7.808015823364258 0
by 0 267 2 6.331691265106201 2.3446879386901855 5.463327884674072
the 0 268 3 1.374248743057251 4.080941677093506 0
<unk> 0 269 5 1.190015435218811 5.631813049316406 0
to 0 270 2 0.8399274349212646 4.192276477813721 1.4395365715026855
gain 0 271 4 10.228708267211914 8.388517379760742 0
control 0 272 7 2.7712554931640625 6.672000408172607 1.7165169715881348
of 0 273 2 1.0048190355300903 2.2781906127929688 4.393809795379639
the 0 274 3 0.8431277275085449 3.266308307647705 0
island 0 275 6 6.412029266357422 7.339867115020752 0
. 0 276 1 1.7368361949920654 4.983819961547852 2.3560471534729004
<eos> 0 277 5 0.0007154423510655761 0.006660109851509333 4.977159851696342
<unk> 0 278 5 3.09496808052063 5.0717973709106445 0
reason 0 279 6 17.390470504760742 6.05580997467041 0
for 0 280 3 2.9863121509552 6.10375452041626 0
its 0 281 3 4.9953789710998535 3.5074644088745117 2.596290111541748
construction 0 282 12 4.328444480895996 9.0089750289917 0
, 0 283 1 4.87113618850708 5.461538791656494 3.547436237335205
and 0 284 3 4.152137279510498 6.968439102172852 0
the 0 285 3 1.7709823846817017 6.82927131652832 0.13916778564453125
saint 0 286 5 13.907049179077148 9.443449020385742 0
to 0 287 2 8.870199203491211 3.7513797283172607 5.6920692920684814
whom 0 288 4 9.704642295837402 7.064662933349609 0
it 0 289 2 3.711256265640259 4.943788051605225 2.1208748817443848
was 0 290 3 1.1581614017486572 4.50435209274292 0.4394359588623047
dedicated 0 291 9 8.744928359985352 8.466732025146484 0
, 0 292 1 0.6307250261306763 2.3151636123657227 6.151568412780762
are 0 293 3 8.255221366882324 5.863518238067627 0
unknown 0 294 7 8.079419136047363 7.766795635223389 0
. 0 295 1 1.0073175430297852 3.1454896926879883 4.6213059425354
<eos> 0 296 5 0.0020362127106636763 0.015574818477034569 3.1299148742109537
<unk> 0 297 5 3.1513893604278564 5.230859279632568 0
<unk> 0 298 5 1.962476134300232 6.358649730682373 0
, 0 299 1 2.931220054626465 5.717013835906982 0.6416358947753906
author 0 300 6 8.362605094909668 5.337963104248047 0.37905073165893555
of 0 301 2 0.013092783279716969 0.10873676091432571 5.229226343333721
a 0 302 1 4.325874328613281 3.476961374282837 0
<unk> 0 303 5 2.463871717453003 8.332483291625977 0
guide 0 304 5 8.68659496307373 7.519627094268799 0.8128561973571777
to 0 305 2 1.6765556335449219 4.474884033203125 3.044743061065674
the 0 306 3 1.0609734058380127 2.773639440536499 1.701244592666626
churches 0 307 8 8.245501518249512 5.776426792144775 0
of 0 308 2 0.6766155958175659 2.462456703186035 3.3139700889587402
<unk> 0 309 5 0.13900043070316315 0.8394111394882202 1.623045563697815
, 0 310 1 0.5939373970031738 2.6192588806152344 0
suggests 0 311 8 5.118385314941406 6.888427257537842 0
that 0 312 4 0.1734163761138916 1.0077468156814575 5.880680441856384
it 0 313 2 4.2511305809021 4.086289405822754 0
may 0 314 3 5.810962200164795 3.782255172729492 0.3040342330932617
originally 0 315 10 13.6364107131958 1.7703442573547363 2.011910915374756
have 0 316 4 1.170780897140503 2.0200276374816895 0
been 0 317 4 0.38323521614074707 2.635908603668213 0
a 0 318 1 2.0944721698760986 6.25559663772583 0
memorial 0 319 8 9.548595428466797 9.37990951538086 0
chapel 0 320 6 7.076805591583252 5.042865753173828 4.337043762207031
, 0 321 1 3.198570489883423 5.208490371704102 0
or 0 322 2 5.790611743927002 5.88836669921875 0
connected 0 323 9 12.071233749389648 7.48209810256958 0
to 0 324 2 1.0422286987304688 3.6161575317382812 3.865940570831299
a 0 325 1 3.926204204559326 3.413740634918213 0.20241689682006836
royal 0 326 5 7.3742899894714355 8.374815940856934 0
court 0 327 5 5.124542236328125 7.147701263427734 1.2271146774291992
nearby 0 328 6 12.181633949279785 5.415726184844971 1.7319750785827637
. 0 329 1 1.2648814916610718 3.408977746963501 2.0067484378814697
<eos> 0 330 5 0.0021270604338496923 0.016270676627755165 3.392707070335746
<unk> 0 331 5 2.867682695388794 5.208051681518555 0
and 0 332 3 5.748540878295898 5.771385669708252 0
<unk> 0 333 5 0.6200704574584961 2.8082849979400635 2.9631006717681885
, 0 334 1 4.183783531188965 6.980648994445801 0
authors 0 335 7 11.797675132751465 6.592719078063965 0.38792991638183594
of 0 336 2 0.410551518201828 2.088366985321045 4.50435209274292
a 0 337 1 6.2510480880737305 3.073979139328003 0
<unk> 0 338 5 2.582993745803833 7.6121392250061035 0
guide 0 339 5 9.927556991577148 7.765476226806641 0
to 0 340 2 2.6096343994140625 5.8199286460876465 1.9455475807189941
ancient 0 341 7 9.580681800842285 2.863941192626953 2.9559874534606934
<unk> 0 342 5 0.6807321310043335 3.7590293884277344 0
monuments 0 343 9 11.97448444366455 6.6602463722229 0
, 0 344 1 1.4187757968902588 5.091923713684082 1.5683226585388184
note 0 345 4 8.623666763305664 6.393021106719971 0
that 0 346 4 0.13818319141864777 0.8810985684394836 5.511922538280487
it 0 347 2 4.2164201736450195 4.355284690856934 0
was 0 348 3 1.722245216369629 3.5335700511932373 0.8217146396636963
built 0 349 5 7.274494647979736 6.586036205291748 0
in 0 350 2 2.0325088500976562 4.720376968383789 1.865659236907959
the 0 351 3 1.9428730010986328 3.2759037017822266 1.4444732666015625
large 0 352 5 12.21865463256836 6.889453887939453 0
parish 0 353 6 7.589015007019043 7.66254186630249 0
of 0 354 2 1.1906070709228516 4.6083245277404785 3.0542173385620117
<unk> 0 355 5 0.24712957441806793 1.414789080619812 3.1935354471206665
<unk> 0 356 5 3.184236764907837 4.137401103973389 0
and 0 357 3 4.594494342803955 4.28767204284668 0
was 0 358 3 3.156616449356079 6.129678249359131 0
perhaps 0 359 7 10.011360168457031 7.624642848968506 0
intended 0 360 8 8.731483459472656 6.405758857727051 1.218883991241455
to 0 361 2 0.4069136679172516 1.485343098640442 4.920415759086609
serving 0 362 7 20.475597381591797 5.033133029937744 0
the 0 363 3 4.234796047210693 3.221177339553833 1.8119556903839111
expanding 0 364 9 15.194526672363281 7.988283157348633 0
population 0 365 10 5.444863319396973 7.762812614440918 0.22547054290771484
in 0 366 2 3.7867043018341064 2.751793146133423 5.011019468307495
medieval 0 367 8 7.949585914611816 2.9816203117370605 0
times 0 368 5 3.6989548206329346 2.6794180870056152 0.3022022247314453
. 0 369 1 0.6828867197036743 2.648865222930908 0.03055286407470703
<eos> 0 370 5 0.0028040301986038685 0.020571894943714142 2.628293327987194
<unk> 0 371 5 2.918604850769043 5.22792387008667 0
this 0 372 4 13.38618278503418 5.948284149169922 0
, 0 373 1 5.749034881591797 7.575369834899902 0
it 0 374 2 6.51607608795166 7.3604536056518555 0.21491622924804688
seems 0 375 5 6.088869571685791 4.766494274139404 2.593959331512451
to 0 376 2 0.9881188273429871 3.4210076332092285 1.3454866409301758
have 0 377 4 0.5025525093078613 1.78167724609375 1.6393303871154785
remained 0 378 8 7.8604655265808105 3.9504387378692627 0
as 0 379 2 5.510326862335205 6.635533809661865 0
a 0 380 1 1.5563688278198242 5.72252893447876 0.9130048751831055
chapel 0 381 6 6.313070297241211 8.573104858398438 0
of 0 382 2 4.799551486968994 4.696008682250977 3.877096176147461
ease 0 383 4 7.465658187866211 6.672975540161133 0
rather 0 384 6 9.470335960388184 4.5341997146606445 2.1387758255004883
than 0 385 4 0.0031424816697835922 0.03354012221097946 4.500659592449665
become 0 386 6 9.073760986328125 7.623843669891357 0
a 0 387 1 1.6953388452529907 5.760916709899902 1.862926959991455
parish 0 388 6 4.222823619842529 8.692554473876953 0
church 0 389 6 1.077516794204712 3.978550672531128 4.714003801345825
in 0 390 2 4.644472599029541 3.2336909770965576 0.7448596954345703
its 0 391 3 6.621158599853516 2.65425443649292 0.5794365406036377
own 0 392 3 3.720383644104004 7.626858711242676 0
right 0 393 5 1.8873265981674194 5.903712272644043 1.7231464385986328
. 0 394 1 0.9220114350318909 2.593514919281006 3.310197353363037
<eos> 0 395 5 0.007619656156748533 0.048433657735586166 2.5450812615454197
<unk> 0 396 5 2.8217029571533203 5.240932464599609 0
chapel 0 397 6 8.084073066711426 5.618534564971924 0
is 0 398 2 3.08959698677063 5.063712120056152 0.5548224449157715
sometimes 0 399 9 7.668603420257568 6.566710948944092 0
referred 0 400 8 2.6467607021331787 5.974721431732178 0.5919895172119141
to 0 401 2 0.014113632030785084 0.0971311628818512 5.8775902688503265
as 0 402 2 0.1004350408911705 0.5762535333633423 0
" 0 403 1 1.7715065479278564 3.102318286895752 0
<unk> 0 404 5 0.9046204090118408 4.541735649108887 0
<unk> 0 405 5 1.70748770236969 4.972697734832764 0
<unk> 0 406 5 2.0085716247558594 3.598099946975708 1.3745977878570557
" 0 407 1 0.8360530734062195 2.956921100616455 0.6411788463592529
( 0 408 1 2.51488995552063 3.2693521976470947 0
" 0 409 1 1.7777695655822754 4.661572456359863 0
hen 0 410 3 15.65246295928955 6.511783123016357 0
" 0 411 1 1.298284649848938 4.547247409820557 1.9645357131958008
being 0 412 5 14.587594985961914 1.413233757019043 3.1340136528015137
the 0 413 3 2.8294241428375244 6.553569316864014 0
<unk> 0 414 5 2.648242473602295 7.3920063972473145 0
word 0 415 4 6.147202014923096 6.43764066696167 0.9543657302856445
for 0 416 3 1.083925485610962 3.1898534297943115 3.2477872371673584
" 0 417 1 1.3697949647903442 4.527929306030273 0
old 0 418 3 7.119174957275391 7.437473773956299 0
" 0 419 1 3.8854775428771973 6.363158702850342 1.074315071105957
and 0 420 3 4.334473133087158 4.782384395599365 1.5807743072509766
" 0 421 1 0.5433536767959595 3.2608914375305176 1.5214929580688477
<unk> 0 422 5 0.9885948300361633 6.183558464050293 0
" 0 423 1 0.323213130235672 2.017148733139038 4.166409730911255
meaning 0 424 7 9.164727210998535 1.7454659938812256 0.2716827392578125
" 0 425 1 0.13628728687763214 0.9090420007705688 0.8364239931106567
chapel 0 426 6 10.706624031066895 7.655418395996094 0
" 0 427 1 0.7949892282485962 3.430481433868408 4.2249369621276855
) 0 428 1 0.20228736102581024 1.0820683240890503 2.348413109779358
. 0 429 1 1.1160959005355835 2.693023920059204 0
<eos> 0 430 5 0.00932291615754366 0.05722082778811455 2.6358030922710896
<unk> 0 431 5 3.1101672649383545 4.564820766448975 0
walls 0 432 5 13.62141227722168 5.705197811126709 0
were 0 433 4 2.3212127685546875 5.572881698608398 0.13231611251831055
partially 0 434 9 10.116006851196289 7.001072883605957 0
rebuilt 0 435 7 3.0322399139404297 6.652082443237305 0.34899044036865234
in 0 436 2 1.8013490438461304 4.049036502838135 2.60304594039917
the 0 437 3 1.8225703239440918 2.4928150177001953 1.5562214851379395
14th 0 438 4 4.544417381286621 5.904390811920166 0
century 0 439 7 0.07743902504444122 0.4095907211303711 5.494800090789795
, 0 440 1 1.4635778665542603 3.3688106536865234 0
and 0 441 3 1.5994027853012085 4.346541404724121 0
the 0 442 3 2.0012426376342773 6.265534400939941 0
upper 0 443 5 9.64881420135498 8.101364135742188 0
parts 0 444 5 5.051821231842041 7.04236364364624 1.0590004920959473
of 0 445 2 0.4570143222808838 1.835493564605713 5.206870079040527
the 0 446 3 0.34159061312675476 1.4915339946746826 0.3439595699310303
walls 0 447 5 7.08725643157959 6.018959045410156 0
date 0 448 4 9.602333068847656 4.186029434204102 1.8329296112060547
from 0 449 4 1.3535888195037842 2.584465980529785 1.6015634536743164
this 0 450 4 6.811061859130859 2.718454122543335 0
time 0 451 4 2.201603651046753 4.389724254608154 0
. 0 452 1 0.47766318917274475 2.140130043029785 2.249594211578369
<eos> 0 453 5 0.0016978451749309897 0.01342048030346632 2.126709562726319
<unk> 0 454 5 3.5008912086486816 4.845534801483154 0
chapel 0 455 6 5.5067620277404785 6.772182941436768 0
was 0 456 3 2.0566883087158203 5.09114933013916 1.6810336112976074
added 0 457 5 5.199836254119873 5.826234340667725 0
to 0 458 2 1.0710198879241943 3.288013219833374 2.5382211208343506
the 0 459 3 0.2839474380016327 1.7328531742095947 1.5551600456237793
south 0 460 5 5.5885419845581055 7.069483757019043 0
side 0 461 4 4.341188907623291 4.9770708084106445 2.0924129486083984
of 0 462 2 0.4449947476387024 2.089454412460327 2.8876163959503174
the 0 463 3 0.4489463269710541 1.5549044609069824 0.5345499515533447
building 0 464 8 6.198153018951416 6.655411243438721 0
in 0 465 2 2.0239083766937256 4.421680927276611 2.2337303161621094
the 0 466 3 3.4770846366882324 1.197142243385315 3.2245386838912964
16th 0 467 4 4.837629795074463 5.010248184204102 0
century 0 468 7 0.049607954919338226 0.30694419145584106 4.7033039927482605
. 0 469 1 1.089263916015625 2.8068056106567383 0
<eos> 0 470 5 0.0007429457036778331 0.0066056703217327595 2.8001999403350055
<unk> 0 471 5 3.909677505493164 4.547269821166992 0
vault 0 472 5 16.103036880493164 6.377130508422852 0
under 0 473 5 12.544740676879883 5.115221977233887 1.2619085311889648
the 0 474 3 0.657389223575592 2.5679595470428467 2.54726243019104
south 0 475 5 6.844170570373535 7.816720962524414 0
chapel 0 476 6 6.290566921234131 5.78671407699585 2.0300068855285645
was 0 477 3 1.6497044563293457 5.200966835021973 0.585747241973877
used 0 478 4 6.212637901306152 6.844217300415039 0
to 0 479 2 3.0421254634857178 3.268186330795288 3.576030969619751
bury 0 480 4 11.323100090026855 7.894001007080078 0
members 0 481 7 11.249449729919434 4.742877006530762 3.1511240005493164
of 0 482 2 0.13816115260124207 0.9069373607635498 3.835939645767212
a 0 483 1 6.335854530334473 1.8456740379333496 0
local 0 484 5 5.136539459228516 7.588453769683838 0
family 0 485 6 4.206538677215576 6.925911903381348 0.6625418663024902
, 0 486 1 2.251770257949829 4.81127405166626 2.114637851715088
the 0 487 3 5.145786762237549 5.510221004486084 0
<unk> 0 488 5 2.538317918777466 8.06027603149414 0
<unk> 0 489 5 2.4791064262390137 6.717504978179932 1.342771053314209
. 0 490 1 4.798713684082031 5.321959018707275 1.3955459594726562
<eos> 0 491 5 0.000963125261478126 0.008271653205156326 5.313687365502119
<unk> 0 492 5 3.5022850036621094 4.967513084411621 0
<unk> 0 493 5 1.7561767101287842 6.160219192504883 0
, 0 494 1 3.029174566268921 5.309544086456299 0.850675106048584
the 0 495 3 2.1673929691314697 5.399256706237793 0
vault 0 496 5 15.876174926757812 7.632248878479004 0
was 0 497 3 5.122753620147705 4.872077465057373 2.760171413421631
used 0 498 4 6.202288627624512 6.993693828582764 0
to 0 499 2 2.9159891605377197 3.260166883468628 3.7335269451141357
record 0 500 6 12.231080055236816 8.178900718688965 0
some 0 501 4 7.563503742218018 5.936347961425781 2.2425527572631836
" 0 502 1 9.068326950073242 5.354122161865234 0.5822257995605469
atmospheres 0 503 11 24.11734962463379 8.758513450622559 0
" 0 504 1 0.5092255473136902 1.8759557008743286 6.88255774974823
for 0 505 3 4.989293575286865 4.831088066101074 0
the 0 506 3 1.51356840133667 6.112049102783203 0
album 0 507 5 17.693115234375 8.445328712463379 0
" 0 508 1 7.353598594665527 4.437646389007568 4.0076823234558105
<unk> 0 509 5 2.136683464050293 8.27425765991211 0
<unk> 0 510 5 2.489828586578369 3.6076676845550537 4.666589975357056
<unk> 0 511 5 2.114023208618164 3.226832389831543 0.38083529472351074
<unk> 0 512 5 2.0720181465148926 3.041130781173706 0.18570160865783691
<unk> 0 513 5 1.7647374868392944 2.9718918800354004 0.06923890113830566
<unk> 0 514 5 1.7051377296447754 2.768961191177368 0.20293068885803223
<unk> 0 515 5 1.581041932106018 2.888375759124756 0
<unk> 0 516 5 1.589038610458374 2.7879559993743896 0.10041975975036621
" 0 517 1 1.2334623336791992 2.9361793994903564 0
by 0 518 2 4.9544901847839355 3.133544445037842 0
<unk> 0 519 5 0.7212924957275391 3.4125828742980957 0
<unk> 0 520 5 0.652942419052124 3.457106828689575 0
, 0 521 1 1.8352116346359253 3.716752052307129 0
a 0 522 1 3.307589530944824 6.065942764282227 0
collective 0 523 10 16.427040100097656 8.230574607849121 0
of 0 524 2 2.150750160217285 7.760845184326172 0.4697294235229492
<unk> 0 525 5 1.805739402770996 7.324695587158203 0.43614959716796875
musicians 0 526 9 7.719461917877197 7.198917388916016 0.1257781982421875
including 0 527 9 7.644214630126953 4.010054588317871 3.1888628005981445
members 0 528 7 9.792011260986328 2.409912109375 1.600142478942871
of 0 529 2 0.07621996104717255 0.5507473945617676 1.8591647148132324
<unk> 0 530 5 2.441213846206665 2.116734266281128 0
and 0 531 3 3.8857581615448 4.62549352645874 0
the 0 532 3 3.456483840942383 2.872096300125122 1.7533972263336182
<unk> 0 533 5 1.2178490161895752 6.230785846710205 0
, 0 534 1 3.225043296813965 5.876753807067871 0.354032039642334
<unk> 0 535 5 3.27077579498291 5.953934192657471 0
<unk> 0 536 5 1.43583083152771 4.607741832733154 1.3461923599243164
<unk> 0 537 5 1.9476444721221924 4.248339653015137 0.3594021797180176
and 0 538 3 3.3166098594665527 4.394546985626221 0
<unk> 0 539 5 0.3218800723552704 2.2145018577575684 2.1800451278686523
that 0 540 4 11.803422927856445 3.135084629058838 0
was 0 541 3 4.624687671661377 7.36721134185791 0
described 0 542 9 7.682202339172363 8.237556457519531 0
by 0 543 2 1.150696039199829 2.0920488834381104 6.145507574081421
one 0 544 3 9.42293930053711 2.93854022026062 0
journalist 0 545 10 10.00092601776123 4.247121810913086 0
as 0 546 2 1.040093183517456 3.0306458473205566 1.2164759635925293
" 0 547 1 1.2972733974456787 3.597431182861328 0
possibly 0 548 8 9.82638931274414 5.642941951751709 0
the 0 549 3 1.5046720504760742 5.132965564727783 0.5099763870239258
<unk> 0 550 5 3.7340171337127686 6.578657150268555 0
pop 0 551 3 14.160809516906738 5.8155903816223145 0.7630667686462402
group 0 552 5 7.5796427726745605 7.156952857971191 0
of 0 553 2 2.9295828342437744 2.6543819904327393 4.502570867538452
all 0 554 3 3.947695255279541 4.74837589263916 0
time 0 555 4 2.838059186935425 5.861311912536621 0
" 0 556 1 0.7184499502182007 2.6115739345550537 3.2497379779815674
. 0 557 1 0.4431042969226837 1.6882002353668213 0.9233736991882324
<eos> 0 558 5 0.002217902336269617 0.01671428047120571 1.6714859548956156
<unk> 0 559 5 2.8054373264312744 4.747025966644287 0
a 0 560 1 11.054288864135742 5.858831882476807 0
time 0 561 4 9.395407676696777 8.497014045715332 0
, 0 562 1 5.83207893371582 5.313320159912109 3.1836938858032227
<unk> 0 563 5 2.379509210586548 6.166524410247803 0
<unk> 0 564 5 1.7515318393707275 5.83707332611084 0.3294510841369629
was 0 565 3 3.5352725982666016 5.366995334625244 0.4700779914855957
used 0 566 4 6.5991530418396 7.418988227844238 0
as 0 567 2 2.1449620723724365 3.5632073879241943 3.855780839920044
a 0 568 1 0.7370694875717163 2.8234927654266357 0.7397146224975586
private 0 569 7 7.629453182220459 9.43218994140625 0
place 0 570 5 10.558587074279785 8.33299732208252 1.0991926193237305
of 0 571 2 4.358975887298584 4.0452799797058105 4.287717342376709
worship 0 572 7 4.620415687561035 7.251030921936035 0
for 0 573 3 3.5267174243927 4.364692687988281 2.886338233947754
<unk> 0 574 5 2.3868041038513184 5.715717315673828 0
<unk> 0 575 5 2.7863941192626953 5.410376071929932 0.3053412437438965
, 0 576 1 2.074941873550415 4.28298282623291 1.1273932456970215
a 0 577 1 3.5376060009002686 5.658515930175781 0
" 0 578 1 6.91959810256958 8.52157974243164 0
venerable 0 579 9 11.92693042755127 8.077055931091309 0.44452381134033203
mansion 0 580 7 15.186838150024414 7.656165599822998 0.42089033126831055
" 0 581 1 0.7737375497817993 3.415964365005493 4.240201234817505
once 0 582 4 12.54212760925293 4.672158241271973 0
owned 0 583 5 6.980408191680908 7.337860107421875 0
by 0 584 2 0.07563109695911407 0.5073742866516113 6.830485820770264
the 0 585 3 1.7596246004104614 2.952484607696533 0
<unk> 0 586 5 1.1343562602996826 5.573576927185059 0
family 0 587 6 4.413926601409912 6.347523212432861 0
which 0 588 5 9.853667259216309 2.8395755290985107 3.5079476833343506
came 0 589 4 8.000231742858887 6.232722759246826 0
into 0 590 4 4.436530590057373 3.307204008102417 2.925518751144409
the 0 591 3 2.7198424339294434 4.944014549255371 0
possession 0 592 10 4.693856239318848 7.058587551116943 0
of 0 593 2 0.04400281980633736 0.3315891623497009 6.726998388767242
<unk> 0 594 5 1.738379955291748 3.186816453933716 0
<unk> 0 595 5 2.155989646911621 4.886919021606445 0
, 0 596 1 3.531764268875122 4.075933456420898 0.8109855651855469
1st 0 597 3 7.701985836029053 5.577682018280029 0
<unk> 0 598 5 4.489422798156738 1.8415110111236572 3.736171007156372
<unk> 0 599 5 2.20222544670105 4.052443504333496 0
, 0 600 1 2.419454574584961 3.086164712905884 0.9662787914276123
in 0 601 2 3.8599236011505127 5.3610005378723145 0
the 0 602 3 2.991727590560913 1.5909134149551392 3.7700871229171753
18th 0 603 4 5.367120265960693 6.953641891479492 0
century 0 604 7 0.20915287733078003 0.8341075778007507 6.1195343136787415
. 0 605 1 0.4317452311515808 1.8792086839675903 0
<eos> 0 606 5 0.0012604260118678212 0.010478080250322819 1.8687306037172675
<unk> 0 607 5 2.7026703357696533 4.933609962463379 0
the 0 608 3 8.549912452697754 5.8053178787231445 0
early 0 609 5 9.816534042358398 7.390368938446045 0
part 0 610 4 7.481564521789551 7.420098781585693 0
of 0 611 2 0.06849867105484009 0.5213874578475952 6.898711323738098
the 0 612 3 0.4686788320541382 1.639070749282837 0
18th 0 613 4 4.7734832763671875 6.760471343994141 0
century 0 614 7 0.11534120887517929 0.6600890755653381 6.1003822684288025
, 0 615 1 2.5831174850463867 5.281052112579346 0
however 0 616 7 5.987983226776123 6.75894021987915 0
, 0 617 1 0.12551437318325043 0.9893476963043213 5.769592523574829
the 0 618 3 4.925441265106201 6.243398189544678 0
chapel 0 619 6 8.921669960021973 8.810975074768066 0
became 0 620 6 4.9832892417907715 5.573946952819824 3.237028121948242
unused 0 621 6 16.180805206298828 5.9944634437561035 0
and 0 622 3 3.065380334854126 4.453751087188721 1.5407123565673828
began 0 623 5 7.224991321563721 7.909778118133545 0
to 0 624 2 0.8860765695571899 3.855600357055664 4.054177761077881
fall 0 625 4 7.3124613761901855 7.649482250213623 0
into 0 626 4 2.1489217281341553 4.6454854011535645 3.0039968490600586
disrepair 0 627 9 0.8789799213409424 2.9316768646240234 1.713808536529541
. 0 628 1 1.1797680854797363 3.438962936401367 0
<eos> 0 629 5 0.0005584915052168071 0.005087724421173334 3.433875211980194
<unk> 0 630 5 3.2549023628234863 5.256984710693359 0
walls 0 631 5 12.328775405883789 6.117012977600098 0
remain 0 632 6 8.918546676635742 5.522344589233398 0.5946683883666992
to 0 633 2 7.020701885223389 6.3124871253967285 0
gable 0 634 5 20.446439743041992 4.910661697387695 1.4018254280090332
level 0 635 5 11.148533821105957 6.676227569580078 0
, 0 636 1 1.6058666706085205 4.308194160461426 2.3680334091186523
with 0 637 4 3.4596002101898193 5.6233229637146 0
some 0 638 4 5.003249168395996 6.23067569732666 0
traces 0 639 6 9.534561157226562 8.615087509155273 0
of 0 640 2 0.14990012347698212 1.1607006788253784 7.454386830329895
render 0 641 6 21.099157333374023 6.847163200378418 0
on 0 642 2 7.851647853851318 6.721926689147949 0.12523651123046875
the 0 643 3 0.7824921607971191 4.184581279754639 2.5373454093933105
inside 0 644 6 8.74435043334961 7.5889153480529785 0
, 0 645 1 3.6331677436828613 3.5395045280456543 4.049410820007324
but 0 646 3 4.977578163146973 7.013909339904785 0
the 0 647 3 2.4860875606536865 6.687618255615234 0.3262910842895508
roof 0 648 4 6.838871002197266 9.063305854797363 0
has 0 649 3 3.5836477279663086 5.60098934173584 3.4623165130615234
gone 0 650 4 9.870144844055176 6.0160441398620605 0
. 0 651 1 6.065149784088135 6.435551643371582 0
<eos> 0 652 5 0.0008089515031315386 0.0069524734281003475 6.428599169943482
<unk> 0 653 5 3.6665518283843994 5.369199752807617 0
<unk> 0 654 5 2.1606593132019043 6.908536434173584 0
is 0 655 2 4.148185729980469 5.694727897644043 1.213808536529541
in 0 656 2 6.419102668762207 6.2336225509643555 0
the 0 657 3 1.0778193473815918 3.8987879753112793 2.334834575653076
<unk> 0 658 5 2.498525381088257 7.450632572174072 0
countryside 0 659 11 11.636951446533203 7.5850830078125 0
near 0 660 4 7.977917671203613 4.354892253875732 3.2301907539367676
<unk> 0 661 5 0.9105009436607361 2.0901613235473633 2.264730930328369
; 0 662 1 5.282275199890137 3.7684972286224365 0
the 0 663 3 2.255500078201294 5.207655429840088 0
parish 0 664 6 7.126189231872559 8.032769203186035 0
church 0 665 6 3.34427547454834 5.659940242767334 2.372828960418701
of 0 666 2 3.2094879150390625 5.341902256011963 0.3180379867553711
<unk> 0 667 5 0.26371118426322937 1.308988094329834 4.032914161682129
<unk> 0 668 5 2.0201287269592285 5.5450968742370605 0
, 0 669 1 3.0957372188568115 5.518947601318359 0.026149272918701172
<unk> 0 670 5 1.2947514057159424 5.04652738571167 0.47242021560668945
is 0 671 2 5.4660820960998535 4.811984062194824 0.2345433235168457
about 0 672 5 9.010489463806152 6.448429584503174 0
<unk> 0 673 5 0.42094746232032776 2.1677956581115723 4.280633926391602
<unk> 0 674 5 1.3157360553741455 4.456284523010254 0
<eos> 0 675 5 2.089740514755249 2.0245420932769775 2.4317424297332764
@ 0 676 1 0.00016234249051194638 0.002033121418207884 2.0225089718587697
<unk> 0 677 5 0.00031091112759895623 0.004558585584163666 0
miles 0 678 5 1.9047311544418335 4.0908355712890625 0
( 0 679 1 0.01781190186738968 0.15466222167015076 3.9361733496189117
<unk> 0 680 5 0.00045671360567212105 0.0063807000406086445 0.1482815216295421
<unk> 0 681 5 0.09436751902103424 0.38774165511131287 0
<eos> 0 682 5 0.0030432885978370905 0.023149428889155388 0.3645922262221575
@ 0 683 1 0.0 1.0318955219190684e-06 0.02314839699363347
<unk> 0 684 5 1.651023922022432e-05 0.0002827117859851569 0
km 0 685 2 0.005484236404299736 0.04353298991918564 0
) 0 686 1 0.0005008985172025859 0.005106918513774872 0.03842607140541077
away 0 687 4 4.476980686187744 4.156717300415039 0
. 0 688 1 1.2852606773376465 2.724742889404297 1.4319744110107422
<eos> 0 689 5 0.0008832044550217688 0.007555500604212284 2.7171873888000846
<unk> 0 690 5 3.1975042819976807 4.227675437927246 0
of 0 691 2 7.400239944458008 6.031002521514893 0
the 0 692 3 2.51481294631958 2.1542086601257324 3.87679386138916
churchyard 0 693 10 8.847164154052734 6.912275314331055 0
wall 0 694 4 11.880861282348633 4.909099578857422 2.003175735473633
remains 0 695 7 8.311192512512207 4.3607563972473145 0.5483431816101074
, 0 696 1 6.423933029174805 5.8103790283203125 0
showing 0 697 7 11.953897476196289 5.508413314819336 0.30196571350097656
that 0 698 4 3.355297565460205 5.9347310066223145 0
it 0 699 2 2.665257692337036 4.538188457489014 1.3965425491333008
was 0 700 3 1.7362115383148193 4.054434776306152 0.48375368118286133
originally 0 701 10 6.654219150543213 7.606839656829834 0
within 0 702 6 10.106073379516602 7.472416400909424 0.13442325592041016
a 0 703 1 3.286120653152466 3.008737087249756 4.463679313659668
mainly 0 704 6 15.816339492797852 7.649055004119873 0
circular 0 705 8 9.627652168273926 7.446878910064697 0.20217609405517578
enclosure 0 706 9 4.879034996032715 7.643622875213623 0
, 0 707 1 2.0255813598632812 4.018586158752441 3.6250367164611816
as 0 708 2 5.263916969299316 5.7588701248168945 0
often 0 709 5 13.887346267700195 5.119976043701172 0.6388940811157227
found 0 710 5 8.256574630737305 7.421218395233154 0
with 0 711 4 7.339231491088867 4.11269474029541 3.308523654937744
early 0 712 5 12.996305465698242 6.1114501953125 0
churches 0 713 8 8.70993709564209 8.168828964233398 0
. 0 714 1 1.6108088493347168 4.318566799163818 3.85026216506958
<eos> 0 715 5 0.003838700708001852 0.027172692120075226 4.291394107043743
<unk> 0 716 5 3.5620551109313965 4.968703746795654 0
is 0 717 2 4.877575397491455 6.183681488037109 0
cared 0 718 5 15.642905235290527 6.700334548950195 0
for 0 719 3 0.16851818561553955 0.8863138556480408 5.8140206933021545
by 0 720 2 0.16030985116958618 1.0501447916030884 0
<unk> 0 721 5 1.960182547569275 5.152095794677734 0
, 0 722 1 2.8475663661956787 4.8693318367004395 0.2827639579772949
the 0 723 3 3.6277952194213867 5.292436599731445 0
<unk> 0 724 5 2.608659029006958 8.007482528686523 0
<unk> 0 725 5 2.604583740234375 6.3007493019104 1.706733226776123
<unk> 0 726 5 2.028740406036377 5.140619277954102 1.1601300239562988
body 0 727 4 15.854676246643066 5.173344135284424 0
responsible 0 728 11 9.330775260925293 4.462886333465576 0.7104578018188477
for 0 729 3 0.17131119966506958 0.8790022730827332 3.583884060382843
the 0 730 3 1.2144932746887207 5.53443717956543 0
built 0 731 5 12.967704772949219 9.265461921691895 0
heritage 0 732 8 7.911993026733398 8.725160598754883 0.5403013229370117
of 0 733 2 0.9250409603118896 4.001040935516357 4.724119663238525
<unk> 0 734 5 1.277462363243103 2.9974732398986816 1.0035676956176758
, 0 735 1 2.065727710723877 4.084383010864258 0
and 0 736 3 2.0626747608184814 5.223968505859375 0
is 0 737 2 4.658778667449951 5.390915870666504 0
open 0 738 4 8.663969993591309 7.241973400115967 0
to 0 739 2 0.41413694620132446 2.028536796569824 5.213436603546143
the 0 740 3 0.7671967148780823 3.9697930812835693 0
public 0 741 6 1.8003997802734375 6.208756923675537 0
. 0 742 1 1.7831298112869263 4.863584041595459 1.3451728820800781
<eos> 0 743 5 0.0013511506840586662 0.010978939011693 4.852605102583766
= 0 744 1 2.7282254695892334 4.7217183113098145 0
= 0 745 1 0.16501522064208984 0.8783995509147644 3.84331876039505
<unk> 0 746 5 5.769145488739014 4.698253631591797 0
and 0 747 3 3.6798715591430664 5.3626909255981445 0
fittings 0 748 8 11.259172439575195 5.930292129516602 0
= 0 749 1 0.06422239542007446 0.4301309287548065 5.500161200761795
= 0 750 1 0.00042095209937542677 0.0057633062824606895 0.42436762247234583
<eos> 0 751 5 17.95975685119629 4.392171382904053 0
<unk> 0 752 5 1.2191272974014282 5.462177276611328 0
<unk> 0 753 5 3.050058603286743 5.3068413734436035 0.1553359031677246
is 0 754 2 1.6789606809616089 4.969719886779785 0.33712148666381836
built 0 755 5 6.158844470977783 5.2366623878479 0
from 0 756 4 3.9216887950897217 4.311521053314209 0.9251413345336914
rubble 0 757 6 6.473275661468506 4.405024528503418 0
masonry 0 758 7 2.4423062801361084 5.786555767059326 0
; 0 759 1 7.4600114822387695 4.880006790161133 0.9065489768981934
at 0 760 2 6.812389850616455 5.402831554412842 0
about 0 761 5 6.226381301879883 3.365530490875244 2.0373010635375977
<unk> 0 762 5 0.5996828079223633 2.089954376220703 1.275576114654541
feet 0 763 4 4.41771125793457 4.106886386871338 0
( 0 764 1 0.2836969792842865 1.323250412940979 2.783635973930359
<unk> 0 765 5 0.002394074806943536 0.029070653021335602 1.2941797599196434
<unk> 0 766 5 1.9058456420898438 1.0736087560653687 0
<eos> 0 767 5 0.004344955552369356 0.031812746077775955 1.0417960099875927
@ 0 768 1 0.0 4.6435238800768275e-06 0.03180810255389588
<unk> 0 769 5 2.751696047198493e-05 0.0004448505351319909 0
m 0 770 1 0.020200368016958237 0.13993708789348602 0
) 0 771 1 0.0017170844366773963 0.016351791098713875 0.12358529679477215
up 0 772 2 11.972452163696289 5.021913051605225 0
the 0 773 3 2.543739080429077 4.598175525665283 0.4237375259399414
walls 0 774 5 5.125343322753906 8.02701187133789 0
, 0 775 1 3.9676947593688965 4.60452938079834 3.422482490539551
the 0 776 3 1.9720479249954224 6.454827308654785 0
style 0 777 5 12.43320369720459 8.446489334106445 0
changes 0 778 7 11.097465515136719 4.845300197601318 3.601189136505127
and 0 779 3 4.158766269683838 5.437265872955322 0
smaller 0 780 7 12.234278678894043 8.29410171508789 0
stones 0 781 6 6.055888652801514 7.8537678718566895 0.44033384323120117
are 0 782 3 2.8353445529937744 5.652871131896973 2.200896739959717
inserted 0 783 8 9.314541816711426 8.19780445098877 0
into 0 784 4 1.780678153038025 4.263978004455566 3.933826446533203
spaces 0 785 6 15.403470993041992 3.2442407608032227 1.0197372436523438
between 0 786 7 6.418262958526611 4.802913188934326 0
the 0 787 3 0.7111688852310181 3.6880125999450684 1.1149005889892578
larger 0 788 6 10.484938621520996 7.806005477905273 0
blocks 0 789 6 7.299260139465332 7.518643379211426 0.28736209869384766
, 0 790 1 3.408729076385498 3.923046350479126 3.5955970287323
showing 0 791 7 11.627898216247559 6.822077751159668 0
where 0 792 5 12.077303886413574 6.403305530548096 0.41877222061157227
the 0 793 3 1.293306827545166 5.0132832527160645 1.3900222778320312
14th 0 794 4 12.495585441589355 8.842569351196289 0
<unk> 0 795 5 1.8724756240844727 5.7803120613098145 3.0622572898864746
century 0 796 7 0.1160072460770607 1.0003944635391235 4.779917597770691
rebuilding 0 797 10 12.527234077453613 7.946967601776123 0
started 0 798 7 9.315367698669434 6.102474212646484 1.8444933891296387
. 0 799 1 1.6439284086227417 4.648421764373779 1.454052448272705
<eos> 0 800 5 0.004223895724862814 0.029106048867106438 4.619315715506673
<unk> 0 801 5 4.338500499725342 5.029891014099121 0
doorway 0 802 7 12.404349327087402 7.067226886749268 0
is 0 803 2 2.361107110977173 6.319817543029785 0.7474093437194824
on 0 804 2 6.900070667266846 7.306697845458984 0
the 0 805 3 0.4139939248561859 2.1517140865325928 5.154983758926392
south 0 806 5 3.627837657928467 6.056009292602539 0
side 0 807 4 0.4943690299987793 2.3408539295196533 3.7151553630828857
, 0 808 1 3.231022834777832 1.8519618511199951 0.4888920783996582
headed 0 809 6 12.206108093261719 5.947277069091797 0
by 0 810 2 0.43295881152153015 2.138373374938965 3.808903694152832
a 0 811 1 2.942495107650757 3.8434605598449707 0
plain 0 812 5 9.056212425231934 8.346616744995117 0
arch 0 813 4 6.3158345222473145 8.044262886047363 0.3023538589477539
, 0 814 1 2.373711347579956 6.033877849578857 2.010385036468506
and 0 815 3 2.7005128860473633 6.605164527893066 0
dates 0 816 5 9.491179466247559 6.572455883026123 0.03270864486694336
from 0 817 4 0.8509343862533569 2.9816062450408936 3.5908496379852295
the 0 818 3 0.7569712996482849 2.7040598392486572 0.27754640579223633
12th 0 819 4 4.417048454284668 5.981309413909912 0
century 0 820 7 0.20534178614616394 1.0184800624847412 4.962829351425171
. 0 821 1 0.726652979850769 2.575941562652588 0
<eos> 0 822 5 0.0019013904966413975 0.014961518347263336 2.5609800443053246
<unk> 0 823 5 4.856406211853027 4.0430192947387695 0
is 0 824 2 3.964158773422241 6.7352423667907715 0
a 0 825 1 2.695125102996826 6.414300918579102 0.3209414482116699
stone 0 826 5 6.57232666015625 8.881362915039062 0
<unk> 0 827 5 3.4697678089141846 7.874130725860596 1.0072321891784668
at 0 828 2 9.234397888183594 7.3813276290893555 0.49280309677124023
the 0 829 3 0.6671606302261353 2.855696201324463 4.525631427764893
west 0 830 4 3.843501329421997 5.747900485992432 0
end 0 831 3 0.2004547417163849 1.0684674978256226 4.679432988166809
. 0 832 1 4.2931108474731445 1.7192354202270508 0
<eos> 0 833 5 0.0003824387094937265 0.00367162493057549 1.7155637952964753
<unk> 0 834 5 4.5888671875 3.953237295150757 0
is 0 835 2 3.6846842765808105 5.931734561920166 0
no 0 836 2 11.124165534973145 6.166247367858887 0
structural 0 837 10 14.587241172790527 1.0877594947814941 5.078487873077393
division 0 838 8 12.435397148132324 8.14374828338623 0
between 0 839 7 6.482306957244873 5.018704414367676 3.1250438690185547
the 0 840 3 0.5377829074859619 2.3396687507629395 2.6790356636047363
nave 0 841 4 5.34348726272583 7.178907871246338 0
( 0 842 1 6.716714859008789 1.4081794023513794 5.7707284688949585
where 0 843 5 7.641627788543701 6.535945892333984 0
the 0 844 3 1.5499173402786255 5.493566036224365 1.0423798561096191
congregation 0 845 12 12.215039253234863 8.609811782836914 0
would 0 846 5 8.005173683166504 5.599104881286621 3.010706901550293
have 0 847 4 1.8090152740478516 5.279886245727539 0.31921863555908203
sat 0 848 3 11.616671562194824 6.166873931884766 0
) 0 849 1 1.4703664779663086 4.547639846801758 1.6192340850830078
and 0 850 3 2.8137242794036865 3.970567226409912 0.5770726203918457
the 0 851 3 2.0108819007873535 5.920563220977783 0
chancel 0 852 7 4.078502655029297 8.065470695495605 0
( 0 853 1 5.018784046173096 5.670254230499268 2.395216464996338
where 0 854 5 9.52083683013916 6.452519416809082 0
the 0 855 3 1.5594892501831055 5.439469337463379 1.0130500793457031
altar 0 856 5 5.036066055297852 8.420409202575684 0
would 0 857 5 7.005690097808838 4.902563571929932 3.517845630645752
have 0 858 4 1.9455641508102417 4.5131049156188965 0.38945865631103516
been 0 859 4 0.9701018333435059 4.8087077140808105 0
located 0 860 7 5.969231605529785 7.758859634399414 0
) 0 861 1 1.0342844724655151 3.647228717803955 4.111630916595459
. 0 862 1 1.3112976551055908 4.041784286499023 0
<eos> 0 863 5 0.0014585352037101984 0.01200281921774149 4.029781467281282
<unk> 0 864 5 4.772584438323975 3.8422815799713135 0
are 0 865 3 7.296749114990234 6.400716781616211 0
no 0 866 2 10.082390785217285 7.784106254577637 0
window 0 867 6 19.30624771118164 0.8522414565086365 6.931864798069
openings 0 868 8 10.52112102508545 6.415030002593994 0
on 0 869 2 4.904661655426025 4.865352630615234 1.5496773719787598
the 0 870 3 0.38707926869392395 1.94419264793396 2.9211599826812744
north 0 871 5 3.5988125801086426 6.069823741912842 0
side 0 872 4 0.5305458903312683 2.5622479915618896 3.507575750350952
, 0 873 1 2.148787021636963 2.846919298171997 0
but 0 874 3 2.6852023601531982 5.158895492553711 0
there 0 875 5 4.539309978485107 5.7876200675964355 0
is 0 876 2 1.3240106105804443 1.789167881011963 3.9984521865844727
a 0 877 1 1.5269747972488403 4.010378360748291 0
blocked 0 878 7 12.37244987487793 8.972612380981445 0
opening 0 879 7 10.260164260864258 7.612010478973389 1.3606019020080566
to 0 880 2 5.729699611663818 6.7413458824157715 0.8706645965576172
the 0 881 3 0.5052465200424194 3.1572046279907227 3.584141254425049
east 0 882 4 2.984185218811035 5.351585388183594 0
( 0 883 1 6.860423564910889 4.34547758102417 1.0061078071594238
about 0 884 5 8.375333786010742 7.230412006378174 0
<unk> 0 885 5 0.2512487769126892 1.413183569908142 5.817228436470032
feet 0 886 4 2.397848129272461 3.6620352268218994 0
( 0 887 1 0.49493858218193054 1.8877862691879272 1.7742489576339722
<unk> 0 888 5 0.0036074656527489424 0.042659658938646317 1.845126610249281
<unk> 0 889 5 2.0685384273529053 1.026105523109436 0
<eos> 0 890 5 0.004339468665421009 0.03221677988767624 0.9938887432217598
@ 0 891 1 0.0 3.783613237828831e-06 0.03221299627443841
<unk> 0 892 5 6.328822928480804e-05 0.0009577973396517336 0
m 0 893 1 0.018763892352581024 0.1256709098815918 0
) 0 894 1 0.002369178459048271 0.02148495987057686 0.10418595001101494
wide 0 895 4 4.0335516929626465 4.354695796966553 0
) 0 896 1 0.23275436460971832 1.2258033752441406 3.128892421722412
and 0 897 3 3.2332189083099365 2.5655972957611084 0
there 0 898 5 8.159582138061523 6.434223175048828 0
are 0 899 3 1.315887451171875 2.1010053157806396 4.3332178592681885
the 0 900 3 6.415894031524658 6.182600021362305 0
remains 0 901 7 5.888417720794678 8.797174453735352 0
of 0 902 2 0.23262234032154083 1.6654013395309448 7.131773114204407
a 0 903 1 2.730098009109497 4.3632636070251465 0
window 0 904 6 7.878668308258057 8.644625663757324 0
on 0 905 2 4.364658355712891 5.697728633880615 2.946897029876709
the 0 906 3 0.3546585738658905 1.8969647884368896 3.8007638454437256
south 0 907 5 3.031371831893921 5.489731788635254 0
wall 0 908 4 3.0530056953430176 2.6914567947387695 2.7982749938964844
. 0 909 1 0.8292121887207031 2.6708950996398926 0.020561695098876953
<eos> 0 910 5 0.0005696660373359919 0.005240756087005138 2.6656543435528874
<unk> 0 911 5 4.8492655754089355 3.8679981231689453 0
is 0 912 2 4.411320686340332 6.465449810028076 0
a 0 913 1 3.066406726837158 6.767302513122559 0
blocked 0 914 7 13.590481758117676 8.86852741241455 0
window 0 915 6 7.718461513519287 7.562755584716797 1.305771827697754
in 0 916 2 5.1191792488098145 4.726053237915039 2.836702346801758
the 0 917 3 0.7286396622657776 3.332362413406372 1.393690824508667
south 0 918 5 3.839615821838379 7.01818323135376 0
wall 0 919 4 1.3868212699890137 4.423209190368652 2.5949740409851074
of 0 920 2 1.5378992557525635 3.3429269790649414 1.080282211303711
the 0 921 3 0.19590891897678375 1.2678828239440918 2.0750441551208496
south 0 922 5 6.2268452644348145 6.718413352966309 0
chapel 0 923 6 7.239333152770996 4.770295143127441 1.9481182098388672
. 0 924 1 1.609974980354309 3.652623176574707 1.1176719665527344
<eos> 0 925 5 0.00022012100089341402 0.0022713057696819305 3.650351870805025
<unk> 0 926 5 4.958379745483398 3.9031262397766113 0
vault 0 927 5 14.5069580078125 6.3585028648376465 0
, 0 928 1 3.4541876316070557 5.261270523071289 1.0972323417663574
which 0 929 5 3.2281501293182373 5.916807174682617 0
is 0 930 2 1.9576687812805176 5.507632732391357 0.40917444229125977
about 0 931 5 6.862124443054199 7.1624369621276855 0
<unk> 0 932 5 0.35167014598846436 1.7562432289123535 5.406193733215332
square 0 933 6 5.947641849517822 3.0934743881225586 0
feet 0 934 4 2.7300472259521484 1.7944362163543701 1.2990381717681885
( 0 935 1 0.00594093045219779 0.05585302412509918 1.738583192229271
<unk> 0 936 5 0.0005999227287247777 0.008248397149145603 0.04760462697595358
<unk> 0 937 5 0.03784167021512985 0.25930896401405334 0
<eos> 0 938 5 0.5288013219833374 1.249280571937561 0
@ 0 939 1 0.0 1.5478355635423213e-05 1.2492650935819256
<unk> 0 940 5 2.4765289708739147e-05 0.00037693671765737236 0
<unk> 0 941 5 0.12789185345172882 0.8146502375602722 0
) 0 942 1 0.196373850107193 0.8293356895446777 0
, 0 943 1 0.9526875019073486 3.541862726211548 0
is 0 944 2 1.169193148612976 4.002035140991211 0
reached 0 945 7 16.324987411499023 6.529447078704834 0
by 0 946 2 1.043832778930664 3.6760969161987305 2.8533501625061035
stone 0 947 5 9.233133316040039 4.654721260070801 0
steps 0 948 5 5.462378025054932 6.801607131958008 0
from 0 949 4 5.578313827514648 4.613497734069824 2.1881093978881836
inside 0 950 6 9.034423828125 3.2082366943359375 1.4052610397338867
the 0 951 3 0.9486851692199707 3.8573544025421143 0
south 0 952 5 6.77651834487915 7.121437072753906 0
chapel 0 953 6 7.724090099334717 4.970549583435059 2.1508874893188477
. 0 954 1 1.1823105812072754 3.7296900749206543 1.2408595085144043
<eos> 0 955 5 0.0007099416689015925 0.006286866031587124 3.723403208889067
<unk> 0 956 5 5.186517715454102 3.750786542892456 0
slabs 0 957 5 14.967947006225586 6.261266231536865 0
form 0 958 4 8.006216049194336 5.034858703613281 1.226407527923584
the 0 959 3 2.2293713092803955 4.6348676681518555 0.3999910354614258
roof 0 960 4 7.13172721862793 8.063155174255371 0
of 0 961 2 0.8330674767494202 3.6624372005462646 4.4007179737091064
the 0 962 3 0.27189767360687256 1.5684707164764404 2.093966484069824
vault 0 963 5 10.483685493469238 7.2060017585754395 0
and 0 964 3 3.450161933898926 4.341056823730469 2.8649449348449707
the 0 965 3 2.5466790199279785 7.523409366607666 0
floor 0 966 5 8.41114616394043 8.26666259765625 0
of 0 967 2 2.214632987976074 6.465799331665039 1.800863265991211
the 0 968 3 0.20150581002235413 1.3843337297439575 5.0814656019210815
chapel 0 969 6 5.200838088989258 6.8653411865234375 0
above 0 970 5 8.484667778015137 4.583545207977295 2.2817959785461426
. 0 971 1 3.468228340148926 3.050774574279785 1.5327706336975098
<eos> 0 972 5 0.00048422187683172524 0.004519839771091938 3.046254734508693
<unk> 0 973 5 4.901099681854248 3.9377119541168213 0
stone 0 974 5 8.366930961608887 6.424860954284668 0
in 0 975 2 7.130767822265625 5.928744316101074 0.49611663818359375
the 0 976 3 0.6698352098464966 2.7532455921173096 3.1754987239837646
nave 0 977 4 4.972631931304932 6.8609299659729 0
, 0 978 1 3.0614919662475586 4.567458152770996 2.2934718132019043
about 0 979 5 9.009495735168457 7.232306957244873 0
<unk> 0 980 5 0.3902823328971863 1.8121991157531738 5.420107841491699
square 0 981 6 6.344006538391113 3.7430360317230225 0
feet 0 982 4 2.431411027908325 1.7665995359420776 1.9764364957809448
( 0 983 1 0.00772417988628149 0.07282935082912445 1.6937701851129532
<unk> 0 984 5 0.0006301787798292935 0.00858882162719965 0.0642405292019248
<unk> 0 985 5 0.03796546906232834 0.2700420320034027 0
<eos> 0 986 5 0.5839016437530518 1.3131823539733887 0
@ 0 987 1 0.0 3.5599969123722985e-05 1.313146754004265
<unk> 0 988 5 3.026862941624131e-05 0.0004850814875680953 0
<unk> 0 989 5 0.16714797914028168 1.0060902833938599 0
) 0 990 1 0.14694741368293762 0.6830002665519714 0.3230900168418884
with 0 991 4 7.947021007537842 4.015254974365234 0
a 0 992 1 1.5197789669036865 4.297251224517822 0
hole 0 993 4 11.040116310119629 8.458369255065918 0
in 0 994 2 0.7876613140106201 3.1415836811065674 5.316785573959351
the 0 995 3 0.42859452962875366 2.528689384460449 0.6128942966461182
top 0 996 3 8.425661087036133 6.739758491516113 0
, 0 997 1 2.2454440593719482 4.360240459442139 2.3795180320739746
might 0 998 5 15.79445743560791 6.341391086578369 0
once 0 999 4 12.246625900268555 3.614410877227783 2.726980209350586
have 0 1000 4 1.6871801614761353 3.939645767211914 0
been 0 1001 4 0.671596348285675 3.8361735343933105 0.10347223281860352
used 0 1002 4 5.0963921546936035 7.942834377288818 0
as 0 1003 2 2.7760419845581055 4.107035160064697 3.835799217224121
a 0 1004 1 0.8471548557281494 3.682898998260498 0.4241361618041992
churchyard 0 1005 10 10.860708236694336 7.833402633666992 0
cross 0 1006 5 14.37005615234375 3.629049301147461 4.204353332519531
. 0 1007 1 2.0758609771728516 5.062241554260254 0
<eos> 0 1008 5 0.0011310303816571832 0.009452604688704014 5.05278894957155
= 0 1009 1 2.9544570446014404 4.686152458190918 0
= 0 1010 1 0.10953226685523987 0.7292113304138184 3.9569411277770996
<unk> 0 1011 5 6.333234786987305 4.642749786376953 0
= 0 1012 1 1.2947417497634888 5.455841064453125 0
= 0 1013 1 0.0004376294673420489 0.006142508238554001 5.449698556214571
<eos> 0 1014 5 16.716989517211914 4.3404765129089355 0
<unk> 0 1015 5 1.4956120252609253 6.021056652069092 0
<unk> 0 1016 5 2.7381508350372314 5.812500953674316 0.2085556983947754
has 0 1017 3 5.158491611480713 4.987746715545654 0.8247542381286621
national 0 1018 8 15.367172241210938 4.560513496398926 0.4272332191467285
recognition 0 1019 11 7.582888603210449 7.929751396179199 0
and 0 1020 3 3.5831689834594727 5.036612033843994 2.893139362335205
statutory 0 1021 9 3.6974191665649414 8.886465072631836 0
protection 0 1022 10 3.070249319076538 7.638789653778076 1.2476754188537598
from 0 1023 4 3.9546008110046387 4.916840553283691 2.7219491004943848
alteration 0 1024 10 6.236766338348389 4.226372718811035 0.6904678344726562
as 0 1025 2 7.036679744720459 3.9177606105804443 0.3086121082305908
it 0 1026 2 4.714560508728027 5.133471488952637 0
has 0 1027 3 2.72892165184021 4.800406455993652 0.3330650329589844
been 0 1028 4 0.8507706522941589 4.366813659667969 0.4335927963256836
designated 0 1029 10 4.492160797119141 7.6739277839660645 0
as 0 1030 2 1.0517330169677734 3.700084686279297 3.9738430976867676
a 0 1031 1 1.5656089782714844 3.8876686096191406 0
<unk> 0 1032 5 5.752915859222412 4.842218399047852 0
<unk> 0 1033 5 3.4708755016326904 6.474770545959473 0
listed 0 1034 6 7.696705341339111 6.411953449249268 0.06281709671020508
building 0 1035 8 2.676131248474121 6.7054443359375 0
 0 1036 1 9.730353355407715 3.3510262966156006 3.3544180393218994
the 0 1037 3 2.1050429344177246 5.684386253356934 0
lowest 0 1038 6 9.541308403015137 7.612668991088867 0
of 0 1039 2 4.138095378875732 6.702758312225342 0.9099106788635254
the 0 1040 3 0.9615013003349304 3.1826159954071045 3.5201423168182373
three 0 1041 5 4.095593452453613 6.912391185760498 0
grades 0 1042 6 7.673912525177002 7.222408771514893 0
of 0 1043 2 1.3669731616973877 4.063754081726074 3.1586546897888184
listing 0 1044 7 3.2476322650909424 6.739590167999268 0
, 0 1045 1 3.089127540588379 4.707945823669434 2.031644344329834
designating 0 1046 11 2.2510905265808105 6.240408420562744 0
" 0 1047 1 4.176096439361572 4.940454006195068 1.2999544143676758
buildings 0 1048 9 9.085114479064941 7.3031110763549805 0
of 0 1049 2 1.8291938304901123 4.766097068786621 2.5370140075683594
special 0 1050 7 6.36749792098999 6.359732627868652 0
interest 0 1051 8 1.332619309425354 4.836958408355713 1.5227742195129395
, 0 1052 1 4.2756123542785645 2.810340404510498 2.026618003845215
which 0 1053 5 6.317181587219238 8.174741744995117 0
warrant 0 1054 7 8.536075592041016 6.839407444000244 1.335334300994873
every 0 1055 5 8.835204124450684 7.218657970428467 0
effort 0 1056 6 9.711709976196289 9.43545913696289 0
being 0 1057 5 8.195979118347168 4.548523902893066 4.886935234069824
made 0 1058 4 2.9284462928771973 8.034090042114258 0
to 0 1059 2 1.9302259683609009 4.71868371963501 3.315406322479248
preserve 0 1060 8 4.310196399688721 8.426098823547363 0
them 0 1061 4 7.846115589141846 5.2119598388671875 3.214138984680176
" 0 1062 1 2.5886924266815186 4.580761432647705 0.6311984062194824
. 0 1063 1 0.44652754068374634 1.9536068439483643 2.627154588699341
<eos> 0 1064 5 0.002322475193068385 0.017357762902975082 1.9362490810453892
<unk> 0 1065 5 3.7991504669189453 4.9889326095581055 0
was 0 1066 3 5.734127044677734 6.577768325805664 0
given 0 1067 5 6.382683277130127 7.2560319900512695 0
this 0 1068 4 9.07995891571045 4.270678520202637 2.985353469848633
status 0 1069 6 2.2140893936157227 6.821317672729492 0
on 0 1070 2 3.7523038387298584 4.072247505187988 2.749070167541504
<unk> 0 1071 5 0.4154440462589264 1.6841727495193481 2.38807475566864
<unk> 0 1072 5 0.1720818132162094 0.723222017288208 0.9609507322311401
<unk> 0 1073 5 0.18967346847057343 0.6752053499221802 0.04801666736602783
and 0 1074 3 3.4813690185546875 2.9146580696105957 0
has 0 1075 3 4.8605241775512695 5.734955310821533 0
been 0 1076 4 1.5495375394821167 5.330069065093994 0.40488624572753906
listed 0 1077 6 3.3583807945251465 7.5883917808532715 0
because 0 1078 7 10.196377754211426 2.3124780654907227 5.275913715362549
it 0 1079 2 2.4871938228607178 3.2158823013305664 0
is 0 1080 2 1.5739054679870605 3.9849069118499756 0
" 0 1081 1 5.3530755043029785 6.930361270904541 0
important 0 1082 9 9.401013374328613 7.314594268798828 0
as 0 1083 2 6.807033538818359 4.100215911865234 3.2143783569335938
a 0 1084 1 1.3070764541625977 4.673248291015625 0
substantially 0 1085 13 16.862213134765625 9.046671867370605 0
12th 0 1086 4 18.60804557800293 8.4793062210083 0.5673656463623047
<unk> 0 1087 5 1.2680473327636719 5.225627899169922 3.253678321838379
century 0 1088 7 0.1382850855588913 1.0038690567016602 4.221758842468262
structure 0 1089 9 6.585038185119629 7.917720794677734 0
, 0 1090 1 4.391872882843018 3.4235870838165283 4.494133710861206
with 0 1091 4 4.680553436279297 6.856828689575195 0
some 0 1092 4 5.845182418823242 5.862392425537109 0.9944362640380859
architectural 0 1093 13 7.444457530975342 8.669231414794922 0
details 0 1094 7 5.630072116851807 8.40954303741455 0.2596883773803711
surviving 0 1095 9 13.067442893981934 4.6666579246521 3.742885112762451
from 0 1096 4 3.804882287979126 5.1919779777526855 0
this 0 1097 4 5.736970901489258 4.392439842224121 0.7995381355285645
early 0 1098 5 7.517394542694092 7.713493347167969 0
period 0 1099 6 2.9239981174468994 7.393355369567871 0.32013797760009766
" 0 1100 1 1.7759532928466797 3.61786150932312 3.775493860244751
, 0 1101 1 4.033931732177734 1.1427720785140991 2.475089430809021
even 0 1102 4 9.084399223327637 5.041522979736328 0
though 0 1103 6 1.4176212549209595 4.646615982055664 0.39490699768066406
it 0 1104 2 1.6101758480072021 4.5615644454956055 0.0850515365600586
is 0 1105 2 2.300382137298584 4.460546970367432 0.10101747512817383
now 0 1106 3 3.2562108039855957 6.754767894744873 0
in 0 1107 2 5.405345916748047 7.543785572052002 0
a 0 1108 1 4.7913360595703125 5.558713912963867 1.9850716590881348
" 0 1109 1 6.136294364929199 8.545482635498047 0
ruinous 0 1110 7 6.53769063949585 9.267775535583496 0
condition 0 1111 9 3.4654793739318848 7.401472091674805 1.8663034439086914
" 0 1112 1 0.1818116456270218 1.0727366209030151 6.3287354707717896
. 0 1113 1 0.6576534509658813 2.9440417289733887 0
<eos> 0 1114 5 0.0051182289607822895 0.034109801054000854 2.909931927919388
<unk> 0 1115 5 3.877347469329834 4.591441631317139 0
( 0 1116 1 8.484289169311523 6.446987628936768 0
which 0 1117 5 6.922966003417969 5.714016437530518 0.73297119140625
is 0 1118 2 2.4219517707824707 6.58767032623291 0
responsible 0 1119 11 8.291374206542969 7.08887243270874 0
for 0 1120 3 0.08036685734987259 0.469432532787323 6.619439899921417
the 0 1121 3 1.3555879592895508 5.755885601043701 0
inclusion 0 1122 9 7.720930099487305 8.814674377441406 0
of 0 1123 2 0.029016884043812752 0.2444310486316681 8.570243328809738
<unk> 0 1124 5 2.191843032836914 5.49660062789917 0
buildings 0 1125 9 7.273375988006592 6.387723922729492 0
on 0 1126 2 5.822043418884277 3.2134029865264893 3.174320936203003
the 0 1127 3 0.744647741317749 3.3358240127563477 0
statutory 0 1128 9 9.412941932678223 7.1263322830200195 0
lists 0 1129 5 6.574012279510498 8.387092590332031 0
) 0 1130 1 1.0424928665161133 2.6725733280181885 5.714519262313843
also 0 1131 4 6.701082706451416 5.2235918045043945 0
notes 0 1132 5 8.099799156188965 6.937056541442871 0
the 0 1133 3 2.6329855918884277 3.375877857208252 3.561178684234619
" 0 1134 1 6.388120651245117 9.276102066040039 0
unusual 0 1135 7 8.882391929626465 9.103790283203125 0.17231178283691406
16th 0 1136 4 14.810778617858887 8.99655532836914 0.10723495483398438
<unk> 0 1137 5 1.157023549079895 4.8655476570129395 4.131007671356201
century 0 1138 7 0.038557179272174835 0.34682250022888184 4.518725156784058
vaulted 0 1139 7 15.193792343139648 7.597207069396973 0
south 0 1140 5 13.171605110168457 8.127349853515625 0
chapel 0 1141 6 9.150400161743164 4.746285438537598 3.3810644149780273
" 0 1142 1 1.0608205795288086 4.395660400390625 0.35062503814697266
. 0 1143 1 3.7952747344970703 5.312052249908447 0
<eos> 0 1144 5 0.001095285639166832 0.009026075713336468 5.303026174195111
<unk> 0 1145 5 3.6826891899108887 4.626289367675781 0
19th 0 1146 4 14.631531715393066 6.191096305847168 0
<unk> 0 1147 5 1.3002272844314575 2.812725782394409 3.378370523452759
century 0 1148 7 0.0026830127462744713 0.03251006454229355 2.7802157178521156
antiquarian 0 1149 11 4.482657432556152 6.957208633422852 0
<unk> 0 1150 5 0.5798029899597168 3.168858766555786 3.7883498668670654
<unk> 0 1151 5 0.2805463671684265 1.8746269941329956 1.2942317724227905
mentioned 0 1152 9 10.736148834228516 5.611226558685303 0
the 0 1153 3 1.8786159753799438 3.2559521198272705 2.3552744388580322
church 0 1154 6 4.801551818847656 8.896768569946289 0
in 0 1155 2 3.8222620487213135 5.87424373626709 3.022524833679199
her 0 1156 3 10.046229362487793 3.0864975452423096 2.7877461910247803
history 0 1157 7 9.360100746154785 8.169194221496582 0
of 0 1158 2 1.1806814670562744 3.6852824687957764 4.483911752700806
<unk> 0 1159 5 1.8584390878677368 4.105863094329834 0
. 0 1160 1 4.8420820236206055 6.095656871795654 0
<eos> 0 1161 5 0.005203570704907179 0.03491681069135666 6.060740061104298
<unk> 0 1162 5 2.7312564849853516 5.033851146697998 0
said 0 1163 4 8.27571964263916 5.413003444671631 0
that 0 1164 4 0.994186282157898 3.0345330238342285 2.3784704208374023
the 0 1165 3 1.3886305093765259 4.30676794052124 0
architecture 0 1166 12 8.346981048583984 8.221563339233398 0
was 0 1167 3 2.9538280963897705 4.041254043579102 4.180309295654297
of 0 1168 2 7.466293811798096 7.494067192077637 0
" 0 1169 1 3.535351037979126 7.088683128356934 0.4053840637207031
the 0 1170 3 3.734175205230713 7.934467792510986 0
<unk> 0 1171 5 4.504457950592041 6.949028968811035 0.9854388236999512
kind 0 1172 4 9.488492965698242 7.979488372802734 0
, 0 1173 1 5.436251640319824 1.672475814819336 6.307012557983398
[ 0 1174 1 7.924496650695801 7.43461275100708 0
which 0 1175 5 5.093204498291016 6.146229267120361 1.2883834838867188
] 0 1176 1 0.1013074517250061 0.871342122554779 5.274887144565582
bears 0 1177 5 11.435182571411133 6.566093921661377 0
testimony 0 1178 9 16.495758056640625 5.837183475494385 0.7289104461669922
to 0 1179 2 3.4921462535858154 5.046456813812256 0.7907266616821289
its 0 1180 3 5.528696060180664 4.879213809967041 0.16724300384521484
great 0 1181 5 8.649178504943848 10.22867202758789 0
antiquity 0 1182 9 10.044145584106445 9.47494125366211 0.7537307739257812
. 0 1183 1 3.324805736541748 3.612316131591797 5.8626251220703125
" 0 1184 1 0.30404600501060486 0.710995078086853 2.901321053504944
<eos> 0 1185 5 0.0 3.233237657696009e-05 0.7109627457102761
<unk> 0 1186 5 2.635678291320801 5.254247188568115 0
recounted 0 1187 9 15.909721374511719 5.741488933563232 0
that 0 1188 4 0.764040470123291 2.663947105407715 3.0775418281555176
a 0 1189 1 6.257221221923828 4.0439677238464355 0
fox 0 1190 3 17.52703857421875 8.922383308410645 0
had 0 1191 3 5.802552700042725 7.554794788360596 1.3675885200500488
once 0 1192 4 9.308385848999023 6.059600830078125 1.4951939582824707
taken 0 1193 5 7.6047868728637695 7.734339237213135 0
shelter 0 1194 7 11.984529495239258 5.63759183883667 2.096747398376465
in 0 1195 2 1.2765651941299438 3.932814598083496 1.7047772407531738
the 0 1196 3 1.2599668502807617 3.542597770690918 0.3902168273925781
ruins 0 1197 5 7.80283784866333 7.949812889099121 0
, 0 1198 1 3.049623966217041 3.1754915714263916 4.7743213176727295
and 0 1199 3 2.053164482116699 5.995069980621338 0
when 0 1200 4 10.267597198486328 6.176212310791016 0
it 0 1201 2 3.1976583003997803 4.9004435539245605 1.275768756866455
was 0 1202 3 0.759222149848938 3.9687511920928955 0.931692361831665
dug 0 1203 3 11.335052490234375 8.431572914123535 0
out 0 1204 3 2.732269048690796 5.076612949371338 3.3549599647521973
, 0 1205 1 1.7797893285751343 3.849276065826416 1.2273368835449219
the 0 1206 3 2.072643995285034 4.181271076202393 0
vault 0 1207 5 11.235374450683594 8.736116409301758 0
was 0 1208 3 1.2518713474273682 5.086167812347412 3.6499485969543457
discovered 0 1209 10 10.081426620483398 8.597943305969238 0
, 0 1210 1 3.987424612045288 4.896076202392578 3.70186710357666
" 0 1211 1 6.840205669403076 6.278659343719482 0
containing 0 1212 10 12.322357177734375 7.796018123626709 0
several 0 1213 7 8.390917778015137 5.859649181365967 1.9363689422607422
human 0 1214 5 10.957426071166992 9.368556022644043 0
skeletons 0 1215 9 5.615135669708252 8.54642105102539 0.8221349716186523
, 0 1216 1 2.166963577270508 4.694449424743652 3.8519716262817383
which 0 1217 5 5.483219623565674 7.1563191413879395 0
crumbled 0 1218 8 17.096223831176758 7.305330276489258 0
into 0 1219 4 4.117304801940918 6.322547435760498 0.9827828407287598
dust 0 1220 4 13.798707008361816 4.644817352294922 1.6777300834655762
, 0 1221 1 2.730018138885498 5.165526390075684 0
when 0 1222 4 9.569851875305176 6.808732032775879 0
exposed 0 1223 7 10.091392517089844 6.043004512786865 0.7657275199890137
to 0 1224 2 1.3011422157287598 4.628751754760742 1.414252758026123
the 0 1225 3 1.3397064208984375 5.705602169036865 0
air 0 1226 3 8.266709327697754 10.343437194824219 0
" 0 1227 1 4.638422966003418 6.414522171020508 3.928915023803711
. 0 1228 1 0.5673720836639404 2.1678202152252197 4.246701955795288
<eos> 0 1229 5 0.0026031872257590294 0.01919502019882202 2.1486251950263977
<unk> 0 1230 5 3.267714500427246 4.88511848449707 0
added 0 1231 5 9.049752235412598 6.039348125457764 0
that 0 1232 4 0.9749599695205688 3.6110963821411133 2.4282517433166504
further 0 1233 7 10.163830757141113 3.9150047302246094 0
exploration 0 1234 11 12.76948356628418 8.479391098022461 0
of 0 1235 2 1.216742753982544 4.17030143737793 4.309089660644531
the 0 1236 3 0.5374912023544312 2.580139398574829 1.5901620388031006
vault 0 1237 5 12.21634292602539 8.183871269226074 0
then 0 1238 4 13.725445747375488 5.25336217880249 2.930509090423584
revealed 0 1239 8 6.967974662780762 7.904008865356445 0
" 0 1240 1 6.772334098815918 3.4631261825561523 4.440882682800293
a 0 1241 1 3.74652361869812 7.124473571777344 0
large 0 1242 5 5.685564994812012 9.800615310668945 0
mass 0 1243 4 10.500755310058594 8.254486083984375 1.5461292266845703
of 0 1244 2 0.6295375823974609 3.607616424560547 4.646869659423828
human 0 1245 5 7.425816059112549 8.321318626403809 0
bones 0 1246 5 6.955012798309326 7.963581085205078 0.35773754119873047
, 0 1247 1 2.351379871368408 4.547793388366699 3.415787696838379
several 0 1248 7 11.602629661560059 8.10461711883545 0
feet 0 1249 4 9.282214164733887 7.212339401245117 0.892277717590332
in 0 1250 2 5.564999580383301 3.972634792327881 3.2397046089172363
depth 0 1251 5 8.555208206176758 5.369321823120117 0
" 0 1252 1 4.958053112030029 2.7817537784576416 2.5875680446624756
. 0 1253 1 1.107240915298462 2.083723783493042 0.6980299949645996
<eos> 0 1254 5 0.0018052038503810763 0.013976527377963066 2.069747256115079
<unk> 0 1255 5 3.3811073303222656 4.924352645874023 0
<unk> 0 1256 5 1.4141294956207275 6.1755242347717285 0
book 0 1257 4 15.831770896911621 5.814528942108154 0.3609952926635742
about 0 1258 5 8.10853385925293 7.811847686767578 0
abandoned 0 1259 9 16.691450119018555 3.620401382446289 4.191446304321289
churches 0 1260 8 11.62806510925293 6.592236518859863 0
in 0 1261 2 2.801117181777954 5.814938545227051 0.7772979736328125
<unk> 0 1262 5 1.1013039350509644 2.746047258377075 3.0688912868499756
refers 0 1263 6 12.027737617492676 6.584364891052246 0
to 0 1264 2 0.02261096052825451 0.20496703684329987 6.379397854208946
the 0 1265 3 0.7660919427871704 3.330653667449951 0
ancient 0 1266 7 9.454577445983887 9.735767364501953 0
monuments 0 1267 9 6.798631191253662 8.12045669555664 1.6153106689453125
in 0 1268 2 3.929049491882324 4.707143783569336 3.4133129119873047
this 0 1269 4 6.761149883270264 3.3234212398529053 1.3837225437164307
part 0 1270 4 6.7455363273620605 6.044544696807861 0
of 0 1271 2 0.6110144853591919 2.299304962158203 3.745239734649658
<unk> 0 1272 5 3.166455030441284 3.041905403137207 0
, 0 1273 1 3.018549919128418 5.490842819213867 0
and 0 1274 3 2.856257677078247 6.155567169189453 0
calls 0 1275 5 11.604386329650879 7.117258548736572 0
<unk> 0 1276 5 4.924090385437012 4.356138229370117 2.761120319366455
<unk> 0 1277 5 2.1301770210266113 5.363552570343018 0
a 0 1278 1 5.097516059875488 5.170767784118652 0.19278478622436523
" 0 1279 1 1.4239145517349243 6.726052761077881 0
medieval 0 1280 8 9.104874610900879 8.887808799743652 0
gesture 0 1281 7 15.021821975708008 8.255120277404785 0.6326885223388672
of 0 1282 2 3.1950552463531494 2.399010181427002 5.856110095977783
<unk> 0 1283 5 4.1975860595703125 9.601810455322266 0
power 0 1284 5 10.600574493408203 6.955570220947266 2.646240234375
in 0 1285 2 5.838764190673828 3.2104759216308594 3.7450942993164062
a 0 1286 1 4.068190097808838 5.030529499053955 0
land 0 1287 4 10.335801124572754 9.498273849487305 0
so 0 1288 2 11.17261791229248 7.92734956741333 1.5709242820739746
obviously 0 1289 9 10.484485626220703 7.211302280426025 0.7160472869873047
imbued 0 1290 6 14.101339340209961 6.614040374755859 0.597261905670166
with 0 1291 4 0.5006181001663208 2.467125177383423 4.1469151973724365
the 0 1292 3 2.103954553604126 7.520534515380859 0
spirit 0 1293 6 7.847792625427246 10.480138778686523 0
of 0 1294 2 0.5951288342475891 2.551421880722046 7.9287168979644775
a 0 1295 1 4.495079040527344 6.2116169929504395 0
pagan 0 1296 5 9.627015113830566 9.52895450592041 0
past 0 1297 4 11.606839179992676 7.774415969848633 1.7545385360717773
" 0 1298 1 2.280059337615967 5.257638454437256 2.516777515411377
. 0 1299 1 0.4885132908821106 2.0236008167266846 3.2340376377105713
<eos> 0 1300 5 0.005718083120882511 0.03742596507072449 1.98617485165596
<unk> 0 1301 5 2.5874955654144287 4.96422815322876 0
notes 0 1302 5 8.36084270477295 5.581332683563232 0
that 0 1303 4 0.19467616081237793 1.1632086038589478 4.418124079704285
" 0 1304 1 3.4579973220825195 4.382266044616699 0
the 0 1305 3 1.8207542896270752 5.744378566741943 0
wheel 0 1306 5 16.887048721313477 9.37532901763916 0
has 0 1307 3 4.572811126708984 5.845765113830566 3.5295639038085938
turned 0 1308 6 10.129490852355957 6.227691173553467 0
full 0 1309 4 11.194917678833008 5.704403400421143 0.5232877731323242
circle 0 1310 6 13.183356285095215 4.582284450531006 1.1221189498901367
and 0 1311 3 3.1707465648651123 5.567329406738281 0
<unk> 0 1312 5 3.367258071899414 9.347257614135742 0
<unk> 0 1313 5 3.1819252967834473 8.067205429077148 1.2800521850585938
today 0 1314 5 14.561275482177734 7.716030597686768 0.35117483139038086
is 0 1315 2 6.013730049133301 5.130792617797852 2.585237979888916
just 0 1316 4 7.942171096801758 7.584421157836914 0
another 0 1317 7 6.747747421264648 6.239756107330322 1.3446650505065918
ruined 0 1318 6 12.618474006652832 9.76280689239502 0
relic 0 1319 5 8.937280654907227 8.338176727294922 1.4246301651000977
of 0 1320 2 2.2938427925109863 4.64322566986084 3.694951057434082
a 0 1321 1 4.3079094886779785 4.454800605773926 0.18842506408691406
former 0 1322 6 9.470187187194824 9.27376651763916 0
age 0 1323 3 10.799457550048828 8.814148902893066 0.45961761474609375
. 0 1324 1 1.754144549369812 4.926962375640869 3.8871865272521973
" 0 1325 1 0.7536278963088989 0.9918993711471558 3.9350630044937134
<eos> 0 1326 5 0.0 2.596914600871969e-05 0.991873402001147
<unk> 0 1327 5 2.848459243774414 5.149768352508545 0
authors 0 1328 7 13.778637886047363 6.0490803718566895 0
describe 0 1329 8 7.2463765144348145 7.069766044616699 0
the 0 1330 3 0.8613606691360474 3.104872226715088 3.9648938179016113
chapel 0 1331 6 7.543159008026123 9.187414169311523 0
as 0 1332 2 0.33843716979026794 1.9907629489898682 7.196651220321655
a 0 1333 1 2.0828874111175537 3.270643711090088 0
" 0 1334 1 0.772473156452179 4.800908088684082 0
simple 0 1335 6 8.23050594329834 8.791529655456543 0
, 0 1336 1 3.1593034267425537 8.298666954040527 0.4928627014160156
square 0 1337 6 8.829442977905273 9.326706886291504 0
building 0 1338 8 9.032394409179688 2.841862916946411 6.484843969345093
" 0 1339 1 1.6628494262695312 4.595470905303955 0
with 0 1340 4 5.448185920715332 3.805314302444458 0.7901566028594971
a 0 1341 1 1.4403038024902344 5.801609039306641 0
" 0 1342 1 2.871973991394043 8.809863090515137 0
small 0 1343 5 6.8799567222595215 9.170100212097168 0
and 0 1344 3 4.458601951599121 8.493227005004883 0.6768732070922852
<unk> 0 1345 5 4.120072841644287 9.39519214630127 0
austere 0 1346 7 14.713455200195312 8.75337028503418 0.6418218612670898
south 0 1347 5 12.781953811645508 8.346635818481445 0.4067344665527344
chapel 0 1348 6 9.217273712158203 5.540678977966309 2.8059568405151367
" 0 1349 1 1.3432643413543701 4.4128265380859375 1.127852439880371
, 0 1350 1 1.88985276222229 3.3375678062438965 1.075258731842041
adding 0 1351 6 7.59410285949707 5.359455585479736 0
that 0 1352 4 0.6376593112945557 2.6789166927337646 2.6805388927459717
the 0 1353 3 1.6504802703857422 3.709193468093872 0
stone 0 1354 5 7.2172064781188965 8.447128295898438 0
slabs 0 1355 5 8.915670394897461 7.0953593254089355 1.351768970489502
over 0 1356 4 11.355714797973633 5.034579753875732 2.060779571533203
the 0 1357 3 0.520309567451477 2.749423027038574 2.285156726837158
vault 0 1358 5 10.315966606140137 8.441263198852539 0
are 0 1359 3 3.1316142082214355 5.321262359619141 3.1200008392333984
" 0 1360 1 2.9049038887023926 7.961252212524414 0
almost 0 1361 6 6.697554588317871 8.758095741271973 0
in 0 1362 2 8.124266624450684 7.043804168701172 1.7142915725708008
imitation 0 1363 9 10.486026763916016 7.161013603210449 0
of 0 1364 2 0.23392388224601746 1.370283842086792 5.790729761123657
the 0 1365 3 1.6814565658569336 6.06137228012085 0
ancient 0 1366 7 9.045952796936035 9.35128116607666 0
burial 0 1367 6 10.486769676208496 7.716574668884277 1.6347064971923828
chambers 0 1368 8 7.388677597045898 6.458398342132568 1.258176326751709
which 0 1369 5 8.48430061340332 2.8990375995635986 3.5593607425689697
dot 0 1370 3 16.213754653930664 6.640937328338623 0
the 0 1371 3 1.8885140419006348 6.229798793792725 0.41113853454589844
surrounding 0 1372 11 9.03067684173584 9.397323608398438 0
landscape 0 1373 9 4.575408458709717 8.291821479797363 1.1055021286010742
. 0 1374 1 1.7236320972442627 4.3265581130981445 3.9652633666992188
" 0 1375 1 0.23038242757320404 0.606006383895874 3.7205517292022705
<eos> 0 1376 5 0.0 1.7714104615151882e-05 0.6059886697912589
=========================================================================================
| End of testing | test loss  3.35 | test ppl    28.48
=========================================================================================
