word sentid sentpos wlen surp entropy entred
<unk> 0 0 5 2.6802988052368164 7.258259296417236 0
<unk> 0 1 5 2.3336751461029053 6.847390651702881 0.41086864471435547
who 0 2 3 8.367445945739746 5.648745536804199 1.1986451148986816
won 0 3 3 7.967654705047607 7.434441089630127 0
the 0 4 3 0.8410171866416931 3.5103282928466797 3.9241127967834473
<unk> 0 5 5 1.4991246461868286 6.791688442230225 0
<unk> 0 6 5 1.767017126083374 6.794835090637207 0
beauty 0 7 6 14.851949691772461 6.349811553955078 0.4450235366821289
pageant 0 8 7 3.370877742767334 4.597858905792236 1.7519526481628418
in 0 9 2 2.2919921875 4.356855869293213 0.24100303649902344
<unk> 0 10 5 0.3351156711578369 1.7817716598510742 2.5750842094421387
<unk> 0 11 5 3.9463207721710205 3.084012985229492 0
<eos> 0 12 5 7.532848358154297 3.091212034225464 0
<unk> 0 13 5 3.4967637062072754 2.9694676399230957 0.12174439430236816
<unk> 0 14 5 2.542304039001465 4.897979259490967 0
- 0 15 1 10.889702796936035 5.243401527404785 0
one 0 16 3 7.22381067276001 4.826170921325684 0.41723060607910156
of 0 17 2 0.5598241090774536 3.5083980560302734 1.3177728652954102
the 0 18 3 0.4638441205024719 1.9537317752838135 1.55466628074646
victims 0 19 7 10.47166633605957 6.500146865844727 0
of 0 20 2 0.692366361618042 3.2120614051818848 3.288085460662842
the 0 21 3 0.7259937524795532 3.2422897815704346 0
<unk> 0 22 5 1.2983919382095337 6.9902567863464355 0
civil 0 23 5 6.088160991668701 7.553829193115234 0
rights 0 24 6 8.033727645874023 0.28394222259521484 7.2698869705200195
workers 0 25 7 15.130005836486816 4.513762474060059 0
murders 0 26 7 13.867581367492676 5.6837639808654785 0
in 0 27 2 3.0396268367767334 4.2772932052612305 1.406470775604248
<unk> 0 28 5 0.5406473875045776 2.1781296730041504 2.09916353225708
<unk> 0 29 5 3.2448036670684814 3.3847131729125977 0
<eos> 0 30 5 9.055642127990723 3.5036606788635254 0
<unk> 0 31 5 2.0845041275024414 4.8196516036987305 0
and 0 32 3 3.297016143798828 4.627749919891357 0.19190168380737305
<unk> 0 33 5 1.1046184301376343 4.894700527191162 0
<unk> 0 34 5 0.7946616411209106 4.198404788970947 0.6962957382202148
, 0 35 1 2.488126516342163 4.9136738777160645 0
known 0 36 5 8.397418975830078 6.90484619140625 0
as 0 37 2 0.33536064624786377 1.4134984016418457 5.491347789764404
" 0 38 1 2.4242963790893555 2.9258015155792236 0
<unk> 0 39 5 1.052869439125061 5.840199947357178 0
<unk> 0 40 5 1.8906686305999756 4.043285369873047 1.7969145774841309
<unk> 0 41 5 2.887843370437622 2.156507730484009 1.886777639389038
" 0 42 1 0.4078877866268158 1.8709477186203003 0.2855600118637085
- 0 43 1 9.592641830444336 3.104064702987671 0
holders 0 44 7 20.126848220825195 6.971474647521973 0
of 0 45 2 0.2824340760707855 1.694443941116333 5.27703070640564
the 0 46 3 0.8489338755607605 3.8567471504211426 0
world 0 47 5 7.1477789878845215 6.255387306213379 0
flight 0 48 6 13.518346786499023 5.827037811279297 0.42834949493408203
endurance 0 49 9 17.13200569152832 7.506300449371338 0
record 0 50 6 8.160764694213867 7.957677841186523 0
- 0 51 1 9.203490257263184 5.221682071685791 2.7359957695007324
are 0 52 3 7.9206390380859375 6.9693732261657715 0
<unk> 0 53 5 4.048496246337891 8.160487174987793 0
natives 0 54 7 14.238486289978027 6.247992038726807 1.9124951362609863
. 0 55 1 2.9159836769104004 4.7956695556640625 1.4523224830627441
<eos> 0 56 5 0.009446795098483562 0.05781593173742294 4.73785362392664
<unk> 0 57 5 2.6257870197296143 5.3250555992126465 0
<unk> 0 58 5 2.1348509788513184 6.17944860458374 0
is 0 59 2 3.696394443511963 5.769134044647217 0.41031455993652344
also 0 60 4 3.647319793701172 5.473803520202637 0.2953305244445801
a 0 61 1 2.394517183303833 5.895618915557861 0
former 0 62 6 6.632228851318359 7.177176475524902 0
mayor 0 63 5 10.013528823852539 7.0804667472839355 0.0967097282409668
of 0 64 2 0.5750357508659363 2.2158217430114746 4.864645004272461
the 0 65 3 2.4275214672088623 1.7244104146957397 0.49141132831573486
city 0 66 4 3.731609344482422 4.604668140411377 0
. 0 67 1 2.624253034591675 3.3299219608306885 1.2747461795806885
<eos> 0 68 5 0.0021820126567035913 0.01677853800356388 3.3131434228271246
<unk> 0 69 5 2.3493599891662598 5.053264141082764 0
<unk> 0 70 5 2.1836912631988525 5.422509670257568 0
, 0 71 1 2.3811562061309814 5.254279136657715 0.16823053359985352
leader 0 72 6 9.123800277709961 5.052436351776123 0.2018427848815918
of 0 73 2 0.013607386499643326 0.12282941490411758 4.9296069368720055
the 0 74 3 0.4429281949996948 2.1712541580200195 0
<unk> 0 75 5 1.0788402557373047 5.700322151184082 0
<unk> 0 76 5 2.108053207397461 7.719889163970947 0
<unk> 0 77 5 2.101335048675537 7.212257385253906 0.507631778717041
, 0 78 1 2.4474616050720215 7.023904800415039 0.1883525848388672
<eos> 0 79 5 19.24557113647461 6.529560565948486 0.49434423446655273
= 0 80 1 9.39365291595459 7.094834804534912 0
= 0 81 1 0.2917211353778839 1.2962011098861694 5.798633694648743
<unk> 0 82 5 4.762957572937012 5.453821659088135 0
popular 0 83 7 13.393524169921875 5.5913872718811035 0
culture 0 84 7 1.1858108043670654 5.040351390838623 0.5510358810424805
= 0 85 1 0.13447394967079163 0.8107381463050842 4.229613244533539
= 0 86 1 6.053662218619138e-05 0.0009591722628101707 0.8097789740422741
<eos> 0 87 5 19.12934684753418 4.540549278259277 0
= 0 88 1 8.666897773742676 6.527589321136475 0
= 0 89 1 0.33858025074005127 1.4649531841278076 5.062636137008667
= 0 90 1 1.017948865890503 5.153571128845215 0
<unk> 0 91 5 2.0995752811431885 7.694476127624512 0
characters 0 92 10 11.021119117736816 6.046979904174805 1.647496223449707
= 0 93 1 0.26042571663856506 1.4518650770187378 4.595114827156067
= 0 94 1 0.00010456165909999982 0.0015911655500531197 1.4502739114686847
= 0 95 1 0.0004046184185426682 0.004991407040506601 0
<eos> 0 96 5 17.34927749633789 4.755100727081299 0
<unk> 0 97 5 1.2958987951278687 5.921163082122803 0
<unk> 0 98 5 1.7854646444320679 5.065840244293213 0.8553228378295898
, 0 99 1 2.7701575756073 4.995976448059082 0.06986379623413086
the 0 100 3 2.8695194721221924 5.100101947784424 0
protagonist 0 101 11 7.5172295570373535 7.511534214019775 0
of 0 102 2 0.2529575824737549 1.3954071998596191 6.116127014160156
the 0 103 3 0.8260422945022583 2.6474602222442627 0
<unk> 0 104 5 1.1688436269760132 5.859902858734131 0
series 0 105 6 4.724968910217285 6.440560340881348 0
<unk> 0 106 5 3.1306345462799072 4.771749973297119 1.6688103675842285
on 0 107 2 9.586397171020508 5.029911994934082 0
<unk> 0 108 5 1.79025399684906 4.83193302154541 0.19797897338867188
, 0 109 1 1.8318270444869995 5.1137847900390625 0
hails 0 110 5 15.418404579162598 6.396892070770264 0
from 0 111 4 0.6466080546379089 3.0771377086639404 3.3197543621063232
<unk> 0 112 5 1.249342441558838 3.774677276611328 0
, 0 113 1 2.7097229957580566 5.049013137817383 0
<unk> 0 114 5 1.3969186544418335 5.1096649169921875 0
, 0 115 1 1.0376441478729248 3.3697431087493896 1.7399218082427979
where 0 116 5 5.709170341491699 4.11227560043335 0
he 0 117 2 1.4422657489776611 3.6439435482025146 0.46833205223083496
was 0 118 3 5.304989337921143 6.975086688995361 0
a 0 119 1 3.8678183555603027 8.117238998413086 0
tobacco 0 120 7 17.015487670898438 8.663426399230957 0
farmer 0 121 6 5.025049686431885 6.884477138519287 1.77894926071167
and 0 122 3 3.236917018890381 4.470779895782471 2.4136972427368164
later 0 123 5 8.856298446655273 7.775028705596924 0
a 0 124 1 3.8868725299835205 8.461213111877441 0
<unk> 0 125 5 2.5167362689971924 8.473860740661621 0
soldier 0 126 7 10.19960880279541 6.792620658874512 1.6812400817871094
during 0 127 6 8.78612995147705 3.342721462249756 3.449899196624756
the 0 128 3 0.6930186748504639 2.5119357109069824 0.8307857513427734
<unk> 0 129 5 1.433176875114441 6.512300491333008 0
<unk> 0 130 5 2.6846837997436523 5.994312763214111 0.5179877281188965
<unk> 0 131 5 2.1822493076324463 6.754476070404053 0
. 0 132 1 5.237486839294434 4.717169761657715 2.037306308746338
<eos> 0 133 5 0.001155604375526309 0.009536323137581348 4.7076334385201335
<unk> 0 134 5 2.153885841369629 4.850851535797119 0
<unk> 0 135 5 2.2559032440185547 5.781783580780029 0
, 0 136 1 2.6396515369415283 5.757697105407715 0.024086475372314453
one 0 137 3 6.769692420959473 4.628519535064697 1.1291775703430176
of 0 138 2 0.003582761622965336 0.04588694870471954 4.582632586359978
the 0 139 3 0.6829638481140137 2.4272818565368652 0
characters 0 140 10 8.36921501159668 6.91162633895874 0
of 0 141 2 1.418642282485962 4.161761283874512 2.7498650550842285
the 0 142 3 1.392866849899292 2.9013512134552 1.2604100704193115
<unk> 0 143 5 1.5188723802566528 6.408218860626221 0
<unk> 0 144 5 1.9861533641815186 6.345660209655762 0.06255865097045898
<unk> 0 145 5 2.2292582988739014 6.169146537780762 0.176513671875
winning 0 146 7 13.889863967895508 6.088005065917969 0.08114147186279297
novel 0 147 5 9.03044319152832 7.607536792755127 0
<unk> 0 148 5 2.7457401752471924 5.493392467498779 2.1141443252563477
<unk> 0 149 5 1.9362013339996338 4.6643571853637695 0.8290352821350098
a 0 150 1 9.726690292358398 4.045762538909912 0.6185946464538574
<unk> 0 151 5 1.7942854166030884 8.251843452453613 0
( 0 152 1 4.5457587242126465 6.385662078857422 1.8661813735961914
<unk> 0 153 5 0.7203431129455566 4.370640277862549 2.015021800994873
) 0 154 1 0.2778194546699524 1.4681525230407715 2.9024877548217773
, 0 155 1 0.5833253264427185 2.781848430633545 0
is 0 156 2 2.329022169113159 5.775938987731934 0
from 0 157 4 11.297348022460938 5.7417144775390625 0.034224510192871094
<unk> 0 158 5 1.6384499073028564 3.8318347930908203 1.9098796844482422
, 0 159 1 3.270419120788574 4.928463935852051 0
which 0 160 5 4.836028099060059 5.204957008361816 0
is 0 161 2 2.3454675674438477 6.507041931152344 0
mentioned 0 162 9 8.927433967590332 7.229777812957764 0
throughout 0 163 10 7.521392822265625 2.230896234512329 4.998881578445435
when 0 164 4 12.945535659790039 2.2884104251861572 0
referencing 0 165 11 14.98332405090332 4.223338603973389 0
<unk> 0 166 5 1.889134407043457 4.240284442901611 0
's 0 167 2 2.199801206588745 3.948733329772949 0.2915511131286621
home 0 168 4 10.224026679992676 9.000903129577637 0
. 0 169 1 1.9902560710906982 5.693974018096924 3.306929111480713
<eos> 0 170 5 0.003362638410180807 0.024128010496497154 5.669846007600427
=========================================================================================
| End of testing | test loss  3.18 | test ppl    23.96
=========================================================================================
