word sentid sentpos wlen surp entropy entred
= 0 0 1 6.295143127441406 7.258259296417236 0
<unk> 0 1 5 4.633908748626709 0.6031642556190491 6.655095040798187
<unk> 0 2 5 0.9858512878417969 4.921291828155518 0
<unk> 0 3 5 2.6327476501464844 3.0569536685943604 1.8643381595611572
= 0 4 1 0.7952849864959717 2.9713242053985596 0.08562946319580078
<eos> 0 5 5 22.138423919677734 1.0237478017807007 1.9475764036178589
" 0 6 1 7.8784027099609375 1.331171989440918 0
<unk> 0 7 5 0.3453178107738495 2.873009204864502 0
<unk> 0 8 5 1.6137007474899292 2.1867728233337402 0.6862363815307617
<unk> 0 9 5 2.4875543117523193 1.4093241691589355 0.7774486541748047
" 0 10 1 0.2742668092250824 1.0998477935791016 0.309476375579834
is 0 11 2 3.071918249130249 1.9773857593536377 0
a 0 12 1 0.9909612536430359 1.5702862739562988 0.40709948539733887
blues 0 13 5 11.99619197845459 6.540052890777588 0
song 0 14 4 3.827406406402588 5.2041401863098145 1.3359127044677734
by 0 15 2 1.6214083433151245 4.094571113586426 1.1095690727233887
<unk> 0 16 5 0.4988459050655365 1.8831040859222412 2.2114670276641846
folk 0 17 4 8.322931289672852 4.048639297485352 0
and 0 18 3 9.01784610748291 2.958517074584961 1.0901222229003906
blues 0 19 5 4.571948051452637 4.553082466125488 0
musician 0 20 8 3.585521697998047 4.227019786834717 0.3260626792907715
, 0 21 1 6.1840667724609375 1.1886844635009766 3.0383353233337402
<unk> 0 22 5 2.2367873191833496 6.149930477142334 0
<unk> 0 23 5 0.8558928966522217 3.5211169719696045 2.6288135051727295
. 0 24 1 2.3039374351501465 2.7652525901794434 0.7558643817901611
<eos> 0 25 5 0.03263533115386963 0.1558680534362793 2.609384536743164
<unk> 0 26 5 5.498358249664307 3.411220073699951 0
was 0 27 3 4.171004295349121 6.287984371185303 0
written 0 28 7 5.857792377471924 5.659543037414551 0.628441333770752
in 0 29 2 3.3056137561798096 2.8605852127075195 2.7989578247070312
<unk> 0 30 5 1.013203501701355 3.179145336151123 0
<unk> 0 31 5 3.983905076980591 3.6351122856140137 0
in 0 32 2 4.624997138977051 3.6426591873168945 0
response 0 33 8 9.741250991821289 2.8680689334869385 0.774590253829956
to 0 34 2 0.01268829870969057 0.10090627521276474 2.7671626582741737
the 0 35 3 1.3240779638290405 4.600098609924316 0
discrimination 0 36 14 16.546606063842773 9.098236083984375 0
and 0 37 3 4.250635147094727 4.613199710845947 4.485036373138428
segregation 0 38 11 11.159605979919434 10.145182609558105 0
that 0 39 4 5.988592624664307 2.3590478897094727 7.786134719848633
<unk> 0 40 5 5.205145835876465 7.272144794464111 0
<unk> 0 41 5 3.506854295730591 7.0764546394348145 0.19569015502929688
faced 0 42 5 9.211637496948242 6.901462078094482 0.17499256134033203
during 0 43 6 4.785905838012695 5.189410209655762 1.7120518684387207
a 0 44 1 5.04262638092041 2.8551862239837646 2.334223985671997
visit 0 45 5 6.560436248779297 8.353504180908203 0
to 0 46 2 0.3459685146808624 1.7959344387054443 6.557569742202759
<unk> 0 47 5 0.9524784684181213 3.2029614448547363 0
, 0 48 1 2.909895658493042 4.00662088394165 0
<unk> 0 49 5 1.6095759868621826 5.24455451965332 0
to 0 50 2 6.810208797454834 2.745922088623047 2.4986324310302734
record 0 51 6 4.611933708190918 7.780430316925049 0
for 0 52 3 6.788976669311523 4.653072357177734 3.1273579597473145
<unk> 0 53 5 3.329357147216797 5.5124711990356445 0
<unk> 0 54 5 2.0495076179504395 5.619495391845703 0
. 0 55 1 2.152655839920044 4.402444362640381 1.2170510292053223
<eos> 0 56 5 0.024190418422222137 0.12384023517370224 4.278604127466679
<unk> 0 57 5 2.7157671451568604 5.435778617858887 0
rails 0 58 5 22.521852493286133 7.180488586425781 0
against 0 59 7 13.053620338439941 7.475252628326416 0
racism 0 60 6 13.321146965026855 4.705016613006592 2.770236015319824
, 0 61 1 2.610194444656372 6.256307125091553 0
the 0 62 3 3.644493818283081 7.655477523803711 0
<unk> 0 63 5 2.9067986011505127 8.235245704650879 0
<unk> 0 64 5 3.2302634716033936 8.57127857208252 0
laws 0 65 4 14.271455764770508 8.293633460998535 0.2776451110839844
, 0 66 1 2.555098056793213 6.851334571838379 1.4422988891601562
and 0 67 3 1.911563754081726 7.202103614807129 0
the 0 68 3 1.1412012577056885 5.49705171585083 1.7050518989562988
conditions 0 69 10 12.483458518981934 9.414944648742676 0
of 0 70 2 1.7357149124145508 6.011028289794922 3.403916358947754
contemporary 0 71 12 11.722367286682129 6.015135765075684 0
<unk> 0 72 5 2.487837791442871 8.7105712890625 0
<unk> 0 73 5 3.676349401473999 8.618857383728027 0.09171390533447266
in 0 74 2 6.83381462097168 8.28219985961914 0.3366575241088867
the 0 75 3 1.252258062362671 4.51683235168457 3.7653675079345703
southern 0 76 8 8.80922794342041 7.4659624099731445 0
<unk> 0 77 5 2.8407487869262695 6.103750228881836 1.3622121810913086
<unk> 0 78 5 4.632306098937988 7.806216716766357 0
. 0 79 1 4.052457332611084 8.060340881347656 0
<eos> 0 80 5 0.058160386979579926 0.2421385943889618 7.8182022869586945
<unk> 0 81 5 2.981482982635498 5.745860576629639 0
song 0 82 4 12.691078186035156 7.329568862915039 0
was 0 83 3 3.835181713104248 7.393082141876221 0
recorded 0 84 8 5.121845722198486 8.08633041381836 0
in 0 85 2 1.9125102758407593 4.379073619842529 3.70725679397583
<unk> 0 86 5 0.9628840684890747 3.63038969039917 0.7486839294433594
<unk> 0 87 5 2.511086940765381 4.3385820388793945 0
for 0 88 3 5.6362786293029785 4.295356750488281 0.04322528839111328
the 0 89 3 1.7558919191360474 5.457143783569336 0
<unk> 0 90 5 1.3883814811706543 5.96082067489624 0
of 0 91 2 6.942562580108643 6.568791389465332 0
<unk> 0 92 5 1.6448007822036743 4.152438640594482 2.4163527488708496
and 0 93 3 3.7739460468292236 5.364269733428955 0
re 0 94 2 11.390514373779297 5.884812831878662 0
<unk> 0 95 5 0.007071935571730137 0.07824724912643433 5.806565582752228
recorded 0 96 8 2.5197246074676514 5.429623603820801 0
in 0 97 2 2.3300070762634277 5.1895012855529785 0.24012231826782227
<unk> 0 98 5 0.8437303304672241 3.334770679473877 1.8547306060791016
for 0 99 3 6.302484512329102 3.8545632362365723 0
commercial 0 100 10 10.175312042236328 4.881647109985352 0
release 0 101 7 5.711007118225098 7.8706512451171875 0
. 0 102 1 1.456869125366211 3.5218119621276855 4.348839282989502
<eos> 0 103 5 0.03091006726026535 0.15012052655220032 3.3716914355754852
<unk> 0 104 5 3.0512750148773193 5.097052574157715 0
has 0 105 3 5.921533107757568 6.842803001403809 0
been 0 106 4 2.858229160308838 6.705857276916504 0.1369457244873047
remixed 0 107 7 11.648137092590332 7.819113254547119 0
and 0 108 3 5.219642162322998 4.033476829528809 3.7856364250183105
covered 0 109 7 8.862019538879395 7.8259429931640625 0
by 0 110 2 2.1583380699157715 4.0648512840271 3.761091709136963
a 0 111 1 4.210421562194824 5.953794479370117 0
number 0 112 6 2.4182369709014893 7.5785064697265625 0
of 0 113 2 0.008431357331573963 0.0867345854640007 7.491771884262562
artists 0 114 7 3.999993085861206 7.997954845428467 0
including 0 115 9 3.48313570022583 4.35728120803833 3.6406736373901367
<unk> 0 116 5 0.6117450594902039 3.6029932498931885 0.7542879581451416
<unk> 0 117 5 0.540785014629364 2.6503899097442627 0.9526033401489258
, 0 118 1 0.8333317041397095 1.8830491304397583 0.7673407793045044
<unk> 0 119 5 0.40413859486579895 2.4363527297973633 0
<unk> 0 120 5 0.27690035104751587 1.946750283241272 0.4896024465560913
, 0 121 1 0.45191261172294617 1.2519917488098145 0.6947585344314575
<unk> 0 122 5 0.4055488109588623 1.654036521911621 0
<unk> 0 123 5 0.25471046566963196 1.7922184467315674 0
, 0 124 1 0.39230209589004517 1.1484590768814087 0.6437593698501587
and 0 125 3 2.673887252807617 1.625765085220337 0
<unk> 0 126 5 0.2465653419494629 1.8493980169296265 0
<unk> 0 127 5 0.30577412247657776 2.040449619293213 0
. 0 128 1 0.4141837954521179 1.7125563621520996 0.3278932571411133
<eos> 0 129 5 0.014944667927920818 0.08490373939275742 1.6276526227593422
" 0 130 1 11.440947532653809 5.291395664215088 0
<unk> 0 131 5 2.142956018447876 7.427035808563232 0
<unk> 0 132 5 2.0635826587677 4.439094543457031 2.987941265106201
<unk> 0 133 5 2.4111745357513428 2.8688833713531494 1.5702111721038818
" 0 134 1 0.7323572039604187 2.7517709732055664 0.11711239814758301
is 0 135 2 2.1379644870758057 4.549330711364746 0
regarded 0 136 8 9.049245834350586 4.940482139587402 0
as 0 137 2 0.1175399050116539 0.6171982884407043 4.323283851146698
one 0 138 3 2.341421365737915 3.2153196334838867 0
of 0 139 2 0.008202909491956234 0.08677329123020172 3.128546342253685
<unk> 0 140 5 3.9294402599334717 1.283996343612671 0
<unk> 0 141 5 7.268863201141357 0.9165671467781067 0.3674291968345642
's 0 142 2 0.12184080481529236 0.7929912209510803 0.12357592582702637
best 0 143 4 3.18060040473938 3.755256175994873 0
original 0 144 8 9.569849014282227 5.861621379852295 0
works 0 145 5 5.763174533843994 5.651708126068115 0.2099132537841797
, 0 146 1 1.9485855102539062 3.1926136016845703 2.459094524383545
but 0 147 3 4.353766918182373 5.654169082641602 0
it 0 148 2 2.87489914894104 6.6510772705078125 0
also 0 149 4 5.238873481750488 4.483098983764648 2.167978286743164
drew 0 150 4 9.213606834411621 6.015823841094971 0
controversy 0 151 11 8.887313842773438 5.468175888061523 0.5476479530334473
. 0 152 1 2.683397054672241 4.631886005401611 0.8362898826599121
<eos> 0 153 5 0.01666174829006195 0.09144861996173859 4.540437385439873
<unk> 0 154 5 2.802699565887451 5.127842903137207 0
is 0 155 2 6.491446495056152 6.07706880569458 0
doubt 0 156 5 19.35572624206543 6.958475112915039 0
over 0 157 4 7.3311967849731445 4.588834285736084 2.369640827178955
the 0 158 3 1.0586730241775513 4.438870906829834 0.14996337890625
song 0 159 4 7.157604217529297 9.488311767578125 0
's 0 160 2 0.47175806760787964 2.477888822555542 7.010422945022583
authorship 0 161 10 10.219099998474121 8.256721496582031 0
, 0 162 1 1.794094204902649 4.004133224487305 4.252588272094727
with 0 163 4 3.8141651153564453 6.452092170715332 0
some 0 164 4 5.367093086242676 6.171579360961914 0.28051280975341797
scholars 0 165 8 8.92835807800293 8.186479568481445 0
contending 0 166 10 11.538439750671387 6.870540618896484 1.315938949584961
that 0 167 4 0.27631697058677673 1.5078437328338623 5.362696886062622
<unk> 0 168 5 3.2618050575256348 4.570516586303711 0
<unk> 0 169 5 3.1361682415008545 5.7671074867248535 0
was 0 170 3 3.8488917350769043 6.3188090324401855 0
unlikely 0 171 8 11.095202445983887 6.9247894287109375 0
to 0 172 2 0.13307054340839386 0.9406815767288208 5.984107851982117
have 0 173 4 2.567626714706421 5.81373929977417 0
written 0 174 7 6.075387477874756 6.4007086753845215 0
a 0 175 1 3.244033098220825 6.078710079193115 0.32199859619140625
work 0 176 4 7.170999526977539 7.524041652679443 0
in 0 177 2 3.9407498836517334 4.942704200744629 2.5813374519348145
a 0 178 1 3.8320155143737793 4.700563907623291 0.2421402931213379
genre 0 179 5 7.195249080657959 8.978325843811035 0
new 0 180 3 13.594675064086914 5.343941688537598 3.6343841552734375
to 0 181 2 5.381295680999756 6.9292192459106445 0
him 0 182 3 5.648037910461426 6.885237216949463 0.04398202896118164
without 0 183 7 9.344595909118652 3.1455323696136475 3.7397048473358154
a 0 184 1 3.880124092102051 8.345256805419922 0
collaborator 0 185 12 12.604020118713379 9.674478530883789 0
. 0 186 1 1.0326333045959473 3.57798171043396 6.096496820449829
<eos> 0 187 5 0.021268058568239212 0.11221645027399063 3.4657652601599693
<unk> 0 188 5 2.1213178634643555 5.4653449058532715 0
have 0 189 4 11.256298065185547 6.5780558586120605 0
been 0 190 4 3.334017038345337 6.645094394683838 0
raised 0 191 6 12.023048400878906 7.948045253753662 0
over 0 192 4 6.708238124847412 4.509833335876465 3.4382119178771973
his 0 193 3 4.4611639976501465 4.770777702331543 0
role 0 194 4 8.231210708618164 8.537205696105957 0
in 0 195 2 1.2296565771102905 2.843761682510376 5.693444013595581
the 0 196 3 1.3720653057098389 5.572544097900391 0
<unk> 0 197 5 2.0684807300567627 7.548509120941162 0
<unk> 0 198 5 2.4521286487579346 7.2816338539123535 0.2668752670288086
<unk> 0 199 5 2.62015700340271 7.805424213409424 0
and 0 200 3 4.959070205688477 7.719486713409424 0.0859375
whether 0 201 7 18.672042846679688 5.76247501373291 1.9570116996765137
he 0 202 2 3.0909507274627686 5.727278709411621 0.03519630432128906
and 0 203 3 6.553426265716553 6.731415748596191 0
the 0 204 3 4.599931716918945 2.721489191055298 4.0099265575408936
song 0 205 4 7.710604190826416 6.517823219299316 0
were 0 206 4 3.355780601501465 5.79017448425293 0.7276487350463867
used 0 207 4 7.30589485168457 8.369997024536133 0
to 0 208 2 2.5028977394104004 4.058584690093994 4.311412334442139
further 0 209 7 9.545662879943848 8.339531898498535 0
the 0 210 3 2.9781973361968994 8.021509170532227 0.3180227279663086
party 0 211 5 12.690881729125977 8.564640045166016 0
's 0 212 2 1.0935097932815552 3.355179786682129 5.209460258483887
political 0 213 9 7.323585510253906 9.27331829071045 0
goals 0 214 5 9.418414115905762 8.101466178894043 1.1718521118164062
. 0 215 1 0.6589962244033813 2.488218307495117 5.613247871398926
<eos> 0 216 5 0.005919007118791342 0.038851018995046616 2.4493672885000706
= 0 217 1 4.328338146209717 5.288877964019775 0
= 0 218 1 0.02951219119131565 0.2246333807706833 5.064244583249092
<unk> 0 219 5 5.224691390991211 4.81233024597168 0
and 0 220 3 3.47084641456604 6.030333518981934 0
creation 0 221 8 11.025959014892578 5.922266483306885 0.10806703567504883
= 0 222 1 0.44667065143585205 2.260256767272949 3.6620097160339355
= 0 223 1 2.751719648586004e-06 8.323720248881727e-05 2.2601735300704604
<eos> 0 224 5 20.458791732788086 4.815629005432129 0
<unk> 0 225 5 1.703181266784668 6.536257266998291 0
music 0 226 5 10.723605155944824 5.735745906829834 0.800511360168457
historians 0 227 10 12.716344833374023 6.457768440246582 0
date 0 228 4 11.063720703125 6.303818225860596 0.15395021438598633
the 0 229 3 3.5021018981933594 5.412886142730713 0.8909320831298828
writing 0 230 7 9.124094009399414 8.979491233825684 0
of 0 231 2 0.5670088529586792 2.9540903568267822 6.025400876998901
" 0 232 1 5.106822490692139 4.055325508117676 0
<unk> 0 233 5 1.7280514240264893 7.10850191116333 0
<unk> 0 234 5 1.8877090215682983 4.8160905838012695 2.2924113273620605
<unk> 0 235 5 2.216801404953003 3.140575885772705 1.6755146980285645
" 0 236 1 0.8181750774383545 2.8070504665374756 0.3335254192352295
to 0 237 2 5.163623809814453 4.109844207763672 0
<unk> 0 238 5 2.2172582149505615 5.653632640838623 0
<unk> 0 239 5 0.9891231060028076 4.158017635345459 1.495615005493164
's 0 240 2 2.3212759494781494 3.9289331436157227 0.22908449172973633
<unk> 0 241 5 2.251906394958496 7.128812313079834 0
<unk> 0 242 5 1.5763201713562012 6.136517524719238 0.9922947883605957
trip 0 243 4 14.713531494140625 5.398377895355225 0.7381396293640137
to 0 244 2 2.5116236209869385 5.145707130432129 0.2526707649230957
<unk> 0 245 5 0.6566903591156006 2.5332343578338623 2.6124727725982666
, 0 246 1 2.007047176361084 4.092706680297852 0
<unk> 0 247 5 2.975759267807007 6.0071258544921875 0
, 0 248 1 2.3077595233917236 4.625179767608643 1.381946086883545
when 0 249 4 6.171964645385742 5.8231706619262695 0
he 0 250 2 2.0845205783843994 4.235405921936035 1.5877647399902344
was 0 251 3 2.1583023071289062 7.051200866699219 0
invited 0 252 7 6.373749732971191 8.36253833770752 0
by 0 253 2 2.949678659439087 1.6311944723129272 6.731343865394592
the 0 254 3 1.8556818962097168 4.057716369628906 0
folklorist 0 255 10 14.102412223815918 5.469314098358154 0
<unk> 0 256 5 0.189002126455307 1.2538517713546753 4.215462327003479
<unk> 0 257 5 0.22893770039081573 1.6530625820159912 0
to 0 258 2 0.8454144597053528 2.7148642539978027 0
record 0 259 6 7.419092178344727 7.423079967498779 0
for 0 260 3 6.756844997406006 4.5930914878845215 2.829988479614258
the 0 261 3 1.5303785800933838 5.315855026245117 0
<unk> 0 262 5 1.4839749336242676 6.755316257476807 0
of 0 263 2 6.575369834899902 6.849130153656006 0
<unk> 0 264 5 1.8508676290512085 3.7889037132263184 3.0602264404296875
's 0 265 2 2.9567313194274902 4.724815845489502 0
folk 0 266 4 9.5030517578125 8.189923286437988 0
music 0 267 5 2.030834436416626 6.858232021331787 1.3316912651062012
collection 0 268 10 10.07037353515625 4.222174644470215 2.6360573768615723
. 0 269 1 0.8645609021186829 3.08042311668396 1.1417515277862549
<eos> 0 270 5 0.009465931914746761 0.057303305715322495 3.0231198109686375
<unk> 0 271 5 2.1673638820648193 5.106328964233398 0
the 0 272 3 9.413354873657227 6.386282444000244 0
first 0 273 5 6.4315595626831055 8.344094276428223 0
night 0 274 5 8.952876091003418 7.753850936889648 0.5902433395385742
<unk> 0 275 5 4.567824840545654 5.310957908630371 2.4428930282592773
<unk> 0 276 5 2.620851993560791 7.277097702026367 0
and 0 277 3 5.444050312042236 6.3128862380981445 0.9642114639282227
his 0 278 3 3.5237622261047363 4.295083522796631 2.0178027153015137
wife 0 279 4 3.9651646614074707 8.270936965942383 0
<unk> 0 280 5 1.1312083005905151 3.9671521186828613 4.3037848472595215
spent 0 281 5 9.29207992553711 6.081908702850342 0
in 0 282 2 6.854433059692383 5.445836067199707 0.6360726356506348
the 0 283 3 2.242154359817505 4.115262031555176 1.3305740356445312
city 0 284 4 7.202157497406006 8.298280715942383 0
, 0 285 1 3.2787227630615234 5.08173942565918 3.216541290283203
they 0 286 4 9.206921577453613 6.602206230163574 0
encountered 0 287 11 10.387710571289062 6.987547874450684 0
racially 0 288 8 16.839069366455078 5.603880405426025 1.3836674690246582
discriminatory 0 289 14 11.610359191894531 7.791958808898926 0
<unk> 0 290 5 3.3659660816192627 8.848981857299805 0
<unk> 0 291 5 3.4854347705841064 5.997305870056152 2.8516759872436523
laws 0 292 4 13.195039749145508 5.873698711395264 0.12360715866088867
similar 0 293 7 12.34003734588623 4.291031837463379 1.5826668739318848
to 0 294 2 0.02674124203622341 0.20618464052677155 4.084847196936607
those 0 295 5 2.708042860031128 4.524179458618164 0
found 0 296 5 7.075724124908447 2.9766910076141357 1.5474884510040283
in 0 297 2 0.3297581672668457 1.5850564241409302 1.3916345834732056
their 0 298 5 5.257186412811279 4.224130630493164 0
native 0 299 6 6.276533126831055 8.740408897399902 0
<unk> 0 300 5 1.367863416671753 5.612921237945557 3.1274876594543457
: 0 301 1 7.905120849609375 6.051172256469727 0
most 0 302 4 11.138091087341309 5.312454700469971 0.7387175559997559
hotels 0 303 6 15.917319297790527 5.9457244873046875 0
refused 0 304 7 11.783245086669922 5.33931303024292 0.6064114570617676
to 0 305 2 0.14653465151786804 0.9456639289855957 4.393649101257324
rent 0 306 4 9.425922393798828 8.253677368164062 0
rooms 0 307 5 12.761894226074219 6.171949863433838 2.0817275047302246
to 0 308 2 4.477861404418945 4.278495788574219 1.8934540748596191
<unk> 0 309 5 4.385466575622559 8.239892959594727 0
<unk> 0 310 5 3.2470309734344482 5.774301052093506 2.4655919075012207
and 0 311 3 4.289089202880859 4.914005279541016 0.8602957725524902
the 0 312 3 3.5040667057037354 6.672073841094971 0
few 0 313 3 12.116626739501953 7.989710330963135 0
that 0 314 4 9.138506889343262 8.48573112487793 0
would 0 315 5 4.763736248016357 6.563994407653809 1.921736717224121
were 0 316 4 11.243060111999512 6.885475158691406 0
either 0 317 6 9.8434476852417 9.664005279541016 0
full 0 318 4 10.513607025146484 9.738001823425293 0
or 0 319 2 1.2640615701675415 3.662053346633911 6.075948476791382
refused 0 320 7 10.496262550354004 10.840417861938477 0
to 0 321 2 1.0566695928573608 2.934885025024414 7.9055328369140625
serve 0 322 5 7.963653564453125 8.308233261108398 0
him 0 323 3 7.5079026222229 4.821989059448242 3.4862442016601562
because 0 324 7 7.6102213859558105 3.1598780155181885 1.6621110439300537
he 0 325 2 2.7569851875305176 3.5319697856903076 0
was 0 326 3 2.4950499534606934 6.00886344909668 0
with 0 327 4 9.737433433532715 8.090721130371094 0
a 0 328 1 3.3263096809387207 6.016116619110107 2.0746045112609863
white 0 329 5 9.157759666442871 9.998473167419434 0
man 0 330 3 5.1549763679504395 8.121390342712402 1.8770828247070312
( 0 331 1 6.584383487701416 4.648593425750732 3.47279691696167
<unk> 0 332 5 1.5847430229187012 6.1967453956604 0
) 0 333 1 1.2068766355514526 3.2026138305664062 2.994131565093994
. 0 334 1 1.0198116302490234 3.7350575923919678 0
<eos> 0 335 5 0.0048155514523386955 0.03249778971076012 3.7025598026812077
<unk> 0 336 5 2.204488754272461 5.361175537109375 0
, 0 337 1 4.692249298095703 6.848335266113281 0
in 0 338 2 4.988644123077393 5.462636947631836 1.3856983184814453
some 0 339 4 8.333632469177246 4.7880167961120605 0.6746201515197754
versions 0 340 8 9.38505744934082 4.254920482635498 0.5330963134765625
of 0 341 2 1.4019887447357178 2.097862720489502 2.157057762145996
the 0 342 3 1.405627965927124 4.120298385620117 0
story 0 343 5 6.579728603363037 8.5587797164917 0
described 0 344 9 12.639426231384277 2.1912293434143066 6.367550373077393
as 0 345 2 1.2635606527328491 2.5419859886169434 0
an 0 346 2 4.316409587860107 3.645671844482422 0
unnamed 0 347 7 9.320280075073242 6.85143518447876 0
" 0 348 1 4.420436859130859 7.654754638671875 0
white 0 349 5 7.940979480743408 8.380911827087402 0
friend 0 350 6 7.604160785675049 6.607975006103516 1.7729368209838867
" 0 351 1 0.4481344521045685 1.841767430305481 4.766207575798035
, 0 352 1 0.7154974937438965 2.9144887924194336 0
offered 0 353 7 10.176948547363281 6.623547077178955 0
to 0 354 2 3.2889108657836914 5.654202938079834 0.9693441390991211
let 0 355 3 8.6502046585083 8.155237197875977 0
the 0 356 3 2.2095093727111816 4.933269500732422 3.2219676971435547
couple 0 357 6 9.285089492797852 8.991215705871582 0
stay 0 358 4 6.255802631378174 6.903197288513184 2.0880184173583984
for 0 359 3 5.010063648223877 5.059247016906738 1.8439502716064453
the 0 360 3 2.343329668045044 5.8811187744140625 0
night 0 361 5 8.016793251037598 8.115509033203125 0
in 0 362 2 5.027085781097412 4.226979732513428 3.8885293006896973
his 0 363 3 5.237639427185059 4.790519714355469 0
apartment 0 364 9 5.575897693634033 8.265413284301758 0
near 0 365 4 8.982320785522461 3.505791425704956 4.759621858596802
the 0 366 3 1.8087457418441772 3.0402112007141113 0.4655802249908447
<unk> 0 367 5 1.809948205947876 7.032995223999023 0
<unk> 0 368 5 2.8123085498809814 7.232972621917725 0
<unk> 0 369 5 2.146721839904785 6.729332447052002 0.5036401748657227
. 0 370 1 3.2992517948150635 7.180637359619141 0
<eos> 0 371 5 0.006059448234736919 0.03961606323719025 7.14102129638195
<unk> 0 372 5 2.1204965114593506 5.3770751953125 0
next 0 373 4 12.031352996826172 6.979146957397461 0
morning 0 374 7 11.326991081237793 7.819067478179932 0
, 0 375 1 2.5000388622283936 6.944032669067383 0.8750348091125488
<unk> 0 376 5 1.417526364326477 4.896449565887451 2.0475831031799316
<unk> 0 377 5 2.211073637008667 6.73149299621582 0
awoke 0 378 5 14.605320930480957 6.486600875854492 0.24489212036132812
to 0 379 2 3.080820083618164 5.329514980316162 1.15708589553833
<unk> 0 380 5 2.2103567123413086 6.451470851898193 0
arguing 0 381 7 17.063770294189453 5.0622968673706055 1.389173984527588
with 0 382 4 3.3368184566497803 4.122218608856201 0.9400782585144043
his 0 383 3 3.101367235183716 4.0945024490356445 0.02771615982055664
landlord 0 384 8 11.269258499145508 7.3412556648254395 0
about 0 385 5 8.253767013549805 3.9897301197052 3.3515255451202393
the 0 386 3 2.0920164585113525 5.49371337890625 0
presence 0 387 8 10.07711410522461 9.94494342803955 0
of 0 388 2 0.04138042405247688 0.2995362877845764 9.645407140254974
a 0 389 1 3.3028526306152344 5.361608028411865 0
black 0 390 5 7.7646355628967285 8.888832092285156 0
man 0 391 3 3.252739429473877 7.206507682800293 1.6823244094848633
, 0 392 1 2.649850845336914 4.56914758682251 2.637360095977783
with 0 393 4 6.5998077392578125 6.122442722320557 0
the 0 394 3 3.0276293754577637 5.090534210205078 1.0319085121154785
landlord 0 395 8 11.290396690368652 9.393691062927246 0
threatening 0 396 11 8.736875534057617 7.482824802398682 1.9108662605285645
to 0 397 2 0.8634147644042969 3.7724978923797607 3.710326910018921
call 0 398 4 7.892253398895264 8.703453063964844 0
the 0 399 3 3.310941219329834 4.1734938621521 4.529959201812744
police 0 400 6 6.197539329528809 9.515910148620605 0
. 0 401 1 2.434575319290161 6.489238262176514 3.026671886444092
<eos> 0 402 5 0.00537697970867157 0.035715483129024506 6.453522779047489
<unk> 0 403 5 1.9748891592025757 5.333179950714111 0
in 0 404 2 10.099255561828613 7.500492095947266 0
<unk> 0 405 5 2.225778818130493 5.793886184692383 1.7066059112548828
, 0 406 1 3.366903066635132 7.356363773345947 0
<unk> 0 407 5 1.4676916599273682 5.242177486419678 2.1141862869262695
<unk> 0 408 5 4.685363292694092 6.959619998931885 0
encountered 0 409 11 12.32606029510498 6.4205403327941895 0.5390796661376953
several 0 410 7 6.684499263763428 5.469641208648682 0.9508991241455078
other 0 411 5 4.3036580085754395 8.818824768066406 0
incidents 0 412 9 7.397836685180664 8.757660865783691 0.061163902282714844
of 0 413 2 2.891014575958252 4.926687717437744 3.8309731483459473
segregation 0 414 11 13.716485977172852 8.666303634643555 0
that 0 415 4 5.842459678649902 4.5019121170043945 4.16439151763916
are 0 416 3 10.481654167175293 6.934595584869385 0
believed 0 417 8 6.827589988708496 8.805500984191895 0
to 0 418 2 0.05655337870121002 0.42622125148773193 8.379279732704163
have 0 419 4 0.9225094318389893 2.5650691986083984 0
contributed 0 420 11 6.329550266265869 4.836749076843262 0
to 0 421 2 0.15063205361366272 1.202868938446045 3.633880138397217
the 0 422 3 1.261472225189209 4.5037946701049805 0
impetus 0 423 7 17.004133224487305 9.338916778564453 0
of 0 424 2 2.294135808944702 3.6425204277038574 5.696396350860596
the 0 425 3 1.4013187885284424 5.054407119750977 0
song 0 426 4 7.390801906585693 8.900081634521484 0
. 0 427 1 1.388242483139038 3.4681694507598877 5.431912183761597
<eos> 0 428 5 0.004471662919968367 0.03068009950220585 3.437489351257682
<unk> 0 429 5 2.108027219772339 5.398887634277344 0
instance 0 430 8 24.967409133911133 7.147621154785156 0
, 0 431 1 3.688202381134033 5.726560592651367 1.421060562133789
when 0 432 4 7.232302665710449 7.2168192863464355 0
<unk> 0 433 5 1.8483731746673584 4.737795829772949 2.4790234565734863
<unk> 0 434 5 2.7789053916931152 7.241212368011475 0
, 0 435 1 2.855886220932007 6.970126628875732 0.2710857391357422
<unk> 0 436 5 2.692824363708496 7.634791374206543 0
, 0 437 1 3.0151846408843994 5.28819465637207 2.3465967178344727
and 0 438 3 2.723858594894409 6.906794548034668 0
their 0 439 5 9.18101692199707 3.262186288833618 3.64460825920105
wives 0 440 5 9.076810836791992 7.338833332061768 0
wanted 0 441 6 10.47303581237793 6.042211532592773 1.2966217994689941
to 0 442 2 0.5468015670776367 2.676593065261841 3.3656184673309326
go 0 443 2 5.7644758224487305 8.5336275100708 0
out 0 444 3 4.703318119049072 4.82608699798584 3.707540512084961
to 0 445 2 2.5773539543151855 4.609737396240234 0.21634960174560547
dinner 0 446 6 8.962486267089844 6.658165454864502 0
together 0 447 8 7.611773490905762 4.346498489379883 2.311666965484619
, 0 448 1 2.4587464332580566 3.719146251678467 0.627352237701416
they 0 449 4 7.611240863800049 6.529395580291748 0
discovered 0 450 10 8.848326683044434 7.237983226776123 0
that 0 451 4 1.8249505758285522 4.947279453277588 2.290703773498535
it 0 452 2 5.798104763031006 5.155539035797119 0
was 0 453 3 0.7725679874420166 3.338663101196289 1.81687593460083
impossible 0 454 10 6.825226306915283 7.335258960723877 0
for 0 455 3 2.8267083168029785 1.8098948001861572 5.52536416053772
the 0 456 3 2.488736152648926 6.049476623535156 0
mixed 0 457 5 17.881664276123047 9.116283416748047 0
race 0 458 4 8.830610275268555 8.303389549255371 0.8128938674926758
group 0 459 5 12.179380416870117 3.7188315391540527 4.584558010101318
to 0 460 2 0.5790613889694214 2.7742831707000732 0.9445483684539795
find 0 461 4 6.508530616760254 8.326037406921387 0
a 0 462 1 2.5965514183044434 5.911323547363281 2.4147138595581055
restaurant 0 463 10 10.56215763092041 9.802604675292969 0
that 0 464 4 5.285123348236084 5.112671852111816 4.689932823181152
would 0 465 5 3.044278621673584 6.516197681427002 0
serve 0 466 5 9.323119163513184 6.471848964691162 0.044348716735839844
them 0 467 4 7.559961318969727 4.344973564147949 2.126875400543213
. 0 468 1 2.203122615814209 4.578862190246582 0
<eos> 0 469 5 0.01704404503107071 0.0931246355175972 4.485737554728985
<unk> 0 470 5 1.8518569469451904 5.407968521118164 0
<unk> 0 471 5 2.9822988510131836 7.213860511779785 0
was 0 472 3 4.2185211181640625 6.196669101715088 1.0171914100646973
told 0 473 4 6.352292060852051 8.652121543884277 0
that 0 474 4 1.8060557842254639 4.299722671508789 4.352398872375488
if 0 475 2 6.624664306640625 4.403467655181885 0
he 0 476 2 1.5677030086517334 4.160429000854492 0.24303865432739258
returned 0 477 8 8.873381614685059 5.428321361541748 0
later 0 478 5 11.97194766998291 3.0261614322662354 2.4021599292755127
without 0 479 7 9.680008888244629 3.5893025398254395 0
<unk> 0 480 5 4.301224231719971 7.8801445960998535 0
, 0 481 1 1.2675493955612183 4.629510879516602 3.250633716583252
he 0 482 2 1.0688873529434204 3.9038946628570557 0.7256162166595459
would 0 483 5 1.104180932044983 3.9856414794921875 0
be 0 484 2 2.6923320293426514 6.325558185577393 0
served 0 485 6 13.491148948669434 9.009795188903809 0
. 0 486 1 4.275462627410889 4.372642517089844 4.637152671813965
<eos> 0 487 5 0.014564878307282925 0.08165507018566132 4.290987446904182
<unk> 0 488 5 1.849180817604065 5.080540180206299 0
response 0 489 8 17.87948989868164 7.0490570068359375 0
to 0 490 2 2.402568817138672 6.92736291885376 0.12169408798217773
one 0 491 3 9.709959983825684 4.351644039154053 2.575718879699707
of 0 492 2 1.1533886194229126 6.066137790679932 0
these 0 493 5 5.608275890350342 2.076385498046875 3.9897522926330566
incidents 0 494 9 6.244139671325684 8.573493957519531 0
, 0 495 1 2.193469524383545 5.76367712020874 2.809816837310791
a 0 496 1 4.920734405517578 6.583676815032959 0
friend 0 497 6 9.318122863769531 9.896027565002441 0
of 0 498 2 0.8818691968917847 3.542346715927124 6.353680849075317
<unk> 0 499 5 0.9242953062057495 3.2470993995666504 0.29524731636047363
<unk> 0 500 5 1.7855087518692017 4.219615459442139 0
's 0 501 2 4.33389139175415 3.2557904720306396 0.963824987411499
, 0 502 1 4.737003326416016 8.606943130493164 0
variously 0 503 9 16.785696029663086 7.32769775390625 1.279245376586914
identified 0 504 10 6.733193874359131 7.522202491760254 0
as 0 505 2 1.489254117012024 4.354248523712158 3.1679539680480957
either 0 506 6 9.934294700622559 4.108201026916504 0.2460474967956543
<unk> 0 507 5 2.1431350708007812 5.870051383972168 0
or 0 508 2 0.9386221170425415 3.075268507003784 2.794782876968384
<unk> 0 509 5 0.6845569610595703 3.945624589920044 0
<unk> 0 510 5 3.6606850624084473 3.836183786392212 0.10944080352783203
<unk> 0 511 5 2.773355007171631 3.5741145610809326 0.2620692253112793
joked 0 512 5 19.675460815429688 3.705643653869629 0
that 0 513 4 0.6766292452812195 2.7924506664276123 0.9131929874420166
<unk> 0 514 5 1.941805124282837 4.32484245300293 0
was 0 515 3 2.463974714279175 5.188762664794922 0
a 0 516 1 3.2217867374420166 7.316179275512695 0
" 0 517 1 3.1967406272888184 8.818617820739746 0
bourgeois 0 518 9 11.499401092529297 9.381691932678223 0
town 0 519 4 11.130813598632812 7.548842906951904 1.8328490257263184
. 0 520 1 5.713456153869629 4.044391632080078 3.504451274871826
" 0 521 1 0.15788286924362183 0.48752909898757935 3.556862533092499
<eos> 0 522 5 5.503434294951148e-06 5.916081863688305e-05 0.48746993816894246
<unk> 0 523 5 1.9512202739715576 5.158775806427002 0
<unk> 0 524 5 2.6102797985076904 6.884288787841797 0
<unk> 0 525 5 2.9071288108825684 6.188296794891357 0.6959919929504395
did 0 526 3 8.197566986083984 6.698486804962158 0
not 0 527 3 0.49929580092430115 3.0326247215270996 3.6658620834350586
know 0 528 4 4.6821136474609375 7.795358657836914 0
what 0 529 4 3.034592628479004 5.0001139640808105 2.7952446937561035
the 0 530 3 3.4552154541015625 5.39214563369751 0
word 0 531 4 8.685920715332031 8.222182273864746 0
" 0 532 1 3.654602527618408 5.3757123947143555 2.8464698791503906
bourgeois 0 533 9 14.365460395812988 8.396697044372559 0
" 0 534 1 0.3245601952075958 2.5233378410339355 5.873359203338623
meant 0 535 5 9.89150333404541 6.165823936462402 0
, 0 536 1 3.6514062881469727 5.202935218811035 0.9628887176513672
he 0 537 2 6.367548942565918 4.893406391143799 0.30952882766723633
was 0 538 3 3.785076856613159 6.745308876037598 0
fascinated 0 539 10 11.102198600769043 8.464930534362793 0
by 0 540 2 0.6539357900619507 2.0826735496520996 6.382256984710693
the 0 541 3 1.445459246635437 4.60813045501709 0
sound 0 542 5 9.994409561157227 9.661942481994629 0
of 0 543 2 0.5629144310951233 2.720154285430908 6.941788196563721
it 0 544 2 8.325063705444336 5.642448902130127 0
, 0 545 1 1.918306827545166 4.115047454833984 1.5274014472961426
and 0 546 3 1.6538608074188232 5.511739253997803 0
after 0 547 5 7.67730712890625 7.050774097442627 0
its 0 548 3 7.321882247924805 6.1477370262146 0.9030370712280273
meaning 0 549 7 12.417130470275879 8.994327545166016 0
was 0 550 3 2.4120125770568848 5.557596206665039 3.4367313385009766
explained 0 551 9 10.22995662689209 8.843310356140137 0
to 0 552 2 4.325778961181641 3.3421764373779297 5.501133918762207
him 0 553 3 2.6501121520996094 5.772670269012451 0
he 0 554 2 6.6449198722839355 3.5938024520874023 2.178867816925049
decided 0 555 7 7.511228084564209 6.354805946350098 0
to 0 556 2 0.5299433469772339 2.166537284851074 4.188268661499023
incorporate 0 557 11 8.938409805297852 8.371262550354004 0
it 0 558 2 4.379313945770264 5.146544456481934 3.2247180938720703
into 0 559 4 1.0719499588012695 3.312746047973633 1.8337984085083008
a 0 560 1 1.3713428974151611 3.9640324115753174 0
song 0 561 4 6.955338954925537 8.941529273986816 0
about 0 562 5 6.43678617477417 5.166834831237793 3.7746944427490234
the 0 563 3 1.973137617111206 5.628235340118408 0
trip 0 564 4 12.245464324951172 9.801769256591797 0
. 0 565 1 1.1043020486831665 3.609682321548462 6.192086935043335
<eos> 0 566 5 0.02640558034181595 0.13170626759529114 3.4779760539531708
<unk> 0 567 5 2.163405418395996 5.15238094329834 0
song 0 568 4 15.507500648498535 7.371916770935059 0
came 0 569 4 9.39723014831543 7.67618989944458 0
together 0 570 8 7.760441780090332 4.377017021179199 3.299172878265381
quickly 0 571 7 11.908666610717773 4.882512092590332 0
; 0 572 1 5.901591777801514 4.220388889312744 0.6621232032775879
one 0 573 3 7.831122875213623 5.510823726654053 0
account 0 574 7 9.015448570251465 6.798490524291992 0
claims 0 575 6 9.170533180236816 6.856477737426758 0
that 0 576 4 0.7905423045158386 3.3748769760131836 3.481600761413574
it 0 577 2 3.994508981704712 4.620126247406006 0
only 0 578 4 9.27411937713623 4.604801654815674 0.015324592590332031
took 0 579 4 5.917744159698486 8.707100868225098 0
a 0 580 1 2.814394235610962 5.68325662612915 3.0238442420959473
few 0 581 3 5.390065670013428 8.929352760314941 0
hours 0 582 5 2.8420615196228027 4.279304027557373 4.650048732757568
for 0 583 3 6.037674903869629 5.043328762054443 0
<unk> 0 584 5 3.055504322052002 6.160584926605225 0
<unk> 0 585 5 3.394439458847046 5.198310375213623 0.9622745513916016
to 0 586 2 4.578629493713379 4.5500664710998535 0.6482439041137695
write 0 587 5 5.992002010345459 8.1019926071167 0
it 0 588 2 5.2502217292785645 5.628800392150879 2.4731922149658203
. 0 589 1 1.167393445968628 3.7426064014434814 1.8861939907073975
<eos> 0 590 5 0.05205438658595085 0.22291706502437592 3.5196893364191055
<unk> 0 591 5 1.9718443155288696 5.190467834472656 0
liked 0 592 5 10.834005355834961 7.031443119049072 0
it 0 593 2 4.7890729904174805 4.308973789215088 2.7224693298339844
because 0 594 7 4.68083381652832 4.301433563232422 0.007540225982666016
it 0 595 2 3.232095956802368 3.2516655921936035 1.0497679710388184
was 0 596 3 1.081099510192871 4.416776657104492 0
partly 0 597 6 10.391670227050781 7.299661159515381 0
based 0 598 5 4.965311050415039 7.335737705230713 0
on 0 599 2 0.1178976520895958 0.6714897751808167 6.664247930049896
what 0 600 4 6.41085147857666 5.29206657409668 0
happened 0 601 8 6.047399520874023 4.656558513641357 0.6355080604553223
in 0 602 2 3.5362162590026855 4.280077934265137 0.3764805793762207
his 0 603 3 3.8604533672332764 4.179612159729004 0.10046577453613281
apartment 0 604 9 9.699393272399902 8.259082794189453 0
. 0 605 1 1.4183340072631836 3.910290479660034 4.348792314529419
<eos> 0 606 5 0.025926772505044937 0.12990523874759674 3.7803852409124374
= 0 607 1 4.321460247039795 4.950620174407959 0
= 0 608 1 0.03951750695705414 0.28959763050079346 4.6610225439071655
<unk> 0 609 5 5.334485054016113 4.308786392211914 0
, 0 610 1 5.821637153625488 5.718801975250244 0
themes 0 611 6 13.342220306396484 6.025482177734375 0
and 0 612 3 1.1928963661193848 2.538935422897339 3.486546754837036
music 0 613 5 6.344500541687012 9.25733470916748 0
= 0 614 1 0.10742733627557755 0.8830106258392334 8.374324083328247
= 0 615 1 0.0002448825107421726 0.0035137946251779795 0.8794968312140554
<eos> 0 616 5 16.989151000976562 4.935528755187988 0
" 0 617 1 5.285284042358398 6.617217063903809 0
<unk> 0 618 5 1.6374151706695557 7.335731506347656 0
<unk> 0 619 5 2.1872780323028564 3.7402172088623047 3.5955142974853516
<unk> 0 620 5 2.369685649871826 2.739147663116455 1.0010695457458496
" 0 621 1 0.658379852771759 2.467012643814087 0.27213501930236816
is 0 622 2 2.2465529441833496 4.335245609283447 0
a 0 623 1 1.3667035102844238 4.828147888183594 0
blues 0 624 5 8.480636596679688 8.433581352233887 0
<unk> 0 625 5 2.670490264892578 6.218903541564941 2.2146778106689453
style 0 626 5 3.2891833782196045 5.91337251663208 0.30553102493286133
protest 0 627 7 11.765913963317871 7.1686110496521 0
song 0 628 4 2.4950473308563232 5.955965518951416 1.2126455307006836
that 0 629 4 2.7452778816223145 5.326344013214111 0.6296215057373047
criticizes 0 630 10 11.604700088500977 7.282426357269287 0
the 0 631 3 1.3363560438156128 4.86456298828125 2.417863368988037
culture 0 632 7 11.45333480834961 9.313823699951172 0
of 0 633 2 0.3901144862174988 2.1229333877563477 7.190890312194824
<unk> 0 634 5 2.151611566543579 5.109171390533447 0
, 0 635 1 3.338568687438965 6.054642677307129 0
<unk> 0 636 5 3.4088032245635986 6.572342872619629 0
. 0 637 1 5.485646724700928 3.0427939891815186 3.5295488834381104
<eos> 0 638 5 0.0518176443874836 0.2278575450181961 2.8149364441633224
<unk> 0 639 5 1.5838528871536255 5.648298740386963 0
protests 0 640 8 16.35488510131836 5.83047342300415 0
against 0 641 7 6.341981410980225 5.808862686157227 0.021610736846923828
both 0 642 4 8.401607513427734 5.535437107086182 0.2734255790710449
the 0 643 3 2.1265227794647217 6.7754130363464355 0
city 0 644 4 8.199849128723145 8.89990234375 0
's 0 645 2 1.971609115600586 2.78458833694458 6.11531400680542
<unk> 0 646 5 3.556226968765259 10.056244850158691 0
<unk> 0 647 5 3.995046854019165 4.3797287940979 5.676516056060791
laws 0 648 4 16.2974796295166 5.456118583679199 0
and 0 649 3 0.5534566640853882 2.555302143096924 2.9008164405822754
the 0 650 3 1.476693868637085 6.801818370819092 0
racism 0 651 6 10.6654634475708 9.874382019042969 0
of 0 652 2 0.8621202111244202 3.9055631160736084 5.96881890296936
its 0 653 3 7.063634395599365 4.871188640594482 0
white 0 654 5 11.908206939697266 9.25572681427002 0
population 0 655 10 4.579888343811035 7.069941997528076 2.1857848167419434
. 0 656 1 0.928893506526947 2.8052189350128174 4.264723062515259
<eos> 0 657 5 0.02294936776161194 0.1185382753610611 2.6866806596517563
<unk> 0 658 5 2.640287399291992 5.463991165161133 0
structure 0 659 9 18.402591705322266 5.879246234893799 0
includes 0 660 8 7.700887680053711 7.774265766143799 0
several 0 661 7 5.432974815368652 6.340076923370361 1.4341888427734375
verses 0 662 6 8.213600158691406 8.903529167175293 0
and 0 663 3 3.068990468978882 5.321904182434082 3.581624984741211
a 0 664 1 4.260815143585205 8.723868370056152 0
refrain 0 665 7 9.792409896850586 9.184036254882812 0
that 0 666 4 3.981654167175293 5.133026123046875 4.0510101318359375
declares 0 667 8 11.445119857788086 7.912760257720947 0
that 0 668 4 2.375030994415283 4.770010948181152 3.142749309539795
the 0 669 3 1.4870953559875488 5.050926208496094 0
speaker 0 670 7 13.245363235473633 8.212273597717285 0
is 0 671 2 2.685894250869751 6.177659511566162 2.034614086151123
going 0 672 5 8.7825288772583 7.508979320526123 0
to 0 673 2 0.27664709091186523 1.6185927391052246 5.890386581420898
" 0 674 1 6.811715602874756 7.610562324523926 0
spread 0 675 6 11.326635360717773 9.25088119506836 0
the 0 676 3 2.6222758293151855 6.497032165527344 2.7538490295410156
news 0 677 4 13.168817520141602 10.122129440307617 0
all 0 678 3 11.441019058227539 4.499764919281006 5.622364521026611
around 0 679 6 6.260523319244385 6.6020612716674805 0
" 0 680 1 3.824803352355957 4.4533257484436035 2.148735523223877
about 0 681 5 9.014531135559082 4.748191833496094 0
the 0 682 3 1.9282556772232056 5.242073059082031 0
racial 0 683 6 10.964944839477539 9.702547073364258 0
issues 0 684 6 6.320246696472168 8.244577407836914 1.4579696655273438
<unk> 0 685 5 8.918630599975586 4.210317134857178 4.034260272979736
the 0 686 3 5.306637763977051 7.366062164306641 0
city 0 687 4 8.610458374023438 9.40428352355957 0
. 0 688 1 2.2768852710723877 5.060973644256592 4.3433098793029785
<eos> 0 689 5 0.06016090512275696 0.248341366648674 4.812632277607918
<unk> 0 690 5 2.7653379440307617 5.331854820251465 0
song 0 691 4 12.265897750854492 6.45000696182251 0
, 0 692 1 4.1392011642456055 6.9683709144592285 0
particularly 0 693 12 9.566967010498047 5.733181476593018 1.235189437866211
in 0 694 2 2.7689082622528076 5.902261734008789 0
the 0 695 3 1.3442604541778564 4.813314914703369 1.08894681930542
refrain 0 696 7 13.5281343460083 7.407810211181641 0
, 0 697 1 1.3955304622650146 4.481107711791992 2.9267024993896484
<unk> 0 698 5 6.549594879150391 6.636138439178467 0
race 0 699 4 18.038930892944336 7.496462345123291 0
and 0 700 3 4.133941650390625 7.840669631958008 0
economics 0 701 9 16.598527908325195 8.917235374450684 0
by 0 702 2 6.410609245300293 6.087279319763184 2.8299560546875
referring 0 703 9 11.945685386657715 5.228222846984863 0.8590564727783203
to 0 704 2 0.0348973385989666 0.3228446841239929 4.90537816286087
<unk> 0 705 5 3.190276861190796 4.728291034698486 0
as 0 706 2 3.1545801162719727 4.399249076843262 0.3290419578552246
" 0 707 1 1.7620421648025513 3.8734688758850098 0.525780200958252
bourgeois 0 708 9 15.440792083740234 6.527196884155273 0
" 0 709 1 1.5021073818206787 5.197824001312256 1.3293728828430176
. 0 710 1 1.94185471534729 2.773336410522461 2.424487590789795
<eos> 0 711 5 0.04068971797823906 0.18431785702705383 2.589018553495407
<unk> 0 712 5 2.538626194000244 5.359260559082031 0
first 0 713 5 9.936163902282715 6.2750349044799805 0
two 0 714 3 17.36338996887207 7.143182277679443 0
verses 0 715 6 5.705506324768066 8.49428939819336 0
speak 0 716 5 8.95677661895752 6.58300256729126 1.9112868309020996
of 0 717 2 2.8875062465667725 5.53460693359375 1.0483956336975098
the 0 718 3 1.881677269935608 5.764355182647705 0
segregation 0 719 11 17.91374969482422 9.273663520812988 0
that 0 720 4 5.577969551086426 3.196849822998047 6.076813697814941
<unk> 0 721 5 3.0041792392730713 7.572225570678711 0
<unk> 0 722 5 3.186556577682495 7.862608432769775 0
encountered 0 723 11 12.805520057678223 7.783092975616455 0.07951545715332031
in 0 724 2 2.489370346069336 4.905384063720703 2.877708911895752
<unk> 0 725 5 2.2715964317321777 4.372121810913086 0.5332622528076172
<unk> 0 726 5 3.390258312225342 4.715801239013672 0
: 0 727 1 6.054110050201416 4.386175155639648 0.32962608337402344
the 0 728 3 2.7714040279388428 4.380977630615234 0.0051975250244140625
first 0 729 5 4.843732833862305 8.962233543395996 0
recounts 0 730 8 17.90631103515625 8.034908294677734 0.9273252487182617
the 0 731 3 2.9418087005615234 5.785503387451172 2.2494049072265625
fact 0 732 4 8.237473487854004 9.50072193145752 0
that 0 733 4 0.08555658161640167 0.5749223828315735 8.925799548625946
during 0 734 6 9.78955364227295 4.753111839294434 0
the 0 735 3 0.8891117572784424 3.272991180419922 1.4801206588745117
trip 0 736 4 8.837308883666992 7.718223571777344 0
, 0 737 1 2.1243488788604736 4.8122406005859375 2.9059829711914062
<unk> 0 738 5 2.0401971340179443 4.975927352905273 0
<unk> 0 739 5 2.540701150894165 7.171390533447266 0
was 0 740 3 4.326364040374756 6.8287858963012695 0.3426046371459961
" 0 741 1 4.388617515563965 8.626748085021973 0
turned 0 742 6 10.942892074584961 8.622352600097656 0.004395484924316406
down 0 743 4 3.5541329383850098 4.996804714202881 3.6255478858947754
" 0 744 1 1.950467586517334 4.600137710571289 0.3966670036315918
wherever 0 745 8 13.690975189208984 4.30454158782959 0.2955961227416992
he 0 746 2 0.7788805365562439 3.159717321395874 1.1448242664337158
tried 0 747 5 7.0729570388793945 6.01230001449585 0
to 0 748 2 0.4744299650192261 2.325437545776367 3.6868624687194824
get 0 749 3 4.407484531402588 8.600064277648926 0
served 0 750 6 16.212663650512695 6.324923992156982 2.2751402854919434
due 0 751 3 9.633467674255371 4.152970314025879 2.1719536781311035
to 0 752 2 0.01662587560713291 0.15784448385238647 3.9951258301734924
his 0 753 3 2.163106918334961 5.088734149932861 0
race 0 754 4 12.215567588806152 10.164956092834473 0
, 0 755 1 2.9252970218658447 4.117239952087402 6.04771614074707
while 0 756 5 5.690922260284424 5.8036041259765625 0
the 0 757 3 2.3766543865203857 5.203153610229492 0.6004505157470703
second 0 758 6 7.2466139793396 8.903444290161133 0
recounts 0 759 8 16.904815673828125 7.828292369842529 1.0751519203186035
the 0 760 3 2.043409824371338 5.199473857879639 2.6288185119628906
argument 0 761 8 10.994420051574707 9.866419792175293 0
between 0 762 7 5.057811737060547 4.830080032348633 5.03633975982666
<unk> 0 763 5 1.553976058959961 4.360500812530518 0.46957921981811523
and 0 764 3 0.5412362813949585 2.224332094192505 2.1361687183380127
his 0 765 3 3.9863431453704834 2.458627939224243 0
landlord 0 766 8 12.219306945800781 7.049330711364746 0
over 0 767 4 9.999114990234375 3.2151055335998535 3.8342251777648926
<unk> 0 768 5 3.089050769805908 4.192300796508789 0
<unk> 0 769 5 3.3986096382141113 4.206485748291016 0
staying 0 770 7 16.916343688964844 3.978567600250244 0.22791814804077148
in 0 771 2 1.3775259256362915 4.329719066619873 0
his 0 772 3 4.14370584487915 4.279869079589844 0.0498499870300293
apartment 0 773 9 4.643171310424805 7.906305313110352 0
. 0 774 1 0.6304663419723511 2.626634120941162 5.2796711921691895
<eos> 0 775 5 0.009933835826814175 0.05972881615161896 2.566905304789543
<unk> 0 776 5 1.9825472831726074 5.15191650390625 0
third 0 777 5 17.3364200592041 7.282350540161133 0
verse 0 778 5 7.983111381530762 6.32650899887085 0.9558415412902832
sarcastically 0 779 13 16.189735412597656 6.552063465118408 0
cites 0 780 5 9.075140953063965 7.494685173034668 0
" 0 781 1 4.904455184936523 4.317813873291016 3.1768712997436523
the 0 782 3 2.83996319770813 7.856264591217041 0
home 0 783 4 11.110185623168945 9.612183570861816 0
of 0 784 2 2.007807970046997 4.913746356964111 4.698437213897705
the 0 785 3 1.719170331954956 5.101282596588135 0
brave 0 786 5 13.084769248962402 8.445943832397461 0
, 0 787 1 5.735695838928223 3.427370309829712 5.018573522567749
the 0 788 3 5.083401203155518 7.121976375579834 0
land 0 789 4 11.697697639465332 9.225587844848633 0
of 0 790 2 1.336799144744873 5.073182106018066 4.152405738830566
the 0 791 3 2.2687716484069824 6.929938316345215 0
<unk> 0 792 5 2.7475123405456543 8.898704528808594 0
" 0 793 1 0.45728254318237305 2.8389899730682373 6.0597145557403564
, 0 794 1 0.9327348470687866 3.355211019515991 0
juxtaposed 0 795 10 17.353429794311523 5.275492191314697 0
with 0 796 4 1.3823221921920776 3.577120780944824 1.698371410369873
the 0 797 3 1.6140861511230469 4.400876045227051 0
mistreatment 0 798 12 14.024046897888184 9.424325942993164 0
he 0 799 2 10.043274879455566 0.7664226293563843 8.65790331363678
received 0 800 8 7.3872575759887695 7.7297258377075195 0
at 0 801 2 6.251742839813232 4.542191028594971 3.187534809112549
the 0 802 3 1.086812138557434 4.217333793640137 0.324857234954834
hands 0 803 5 7.996525764465332 6.329254150390625 0
of 0 804 2 0.03567051887512207 0.2662036418914795 6.0630505084991455
white 0 805 5 10.246217727661133 4.280501842498779 0
people 0 806 6 5.580014228820801 7.17493200302124 0
in 0 807 2 3.89052677154541 4.356224060058594 2.8187079429626465
<unk> 0 808 5 2.5612289905548096 4.210731506347656 0.1454925537109375
, 0 809 1 2.0969183444976807 4.18643045425415 0.02430105209350586
<unk> 0 810 5 2.707763671875 5.913291931152344 0
. 0 811 1 2.0689361095428467 4.180856227874756 1.732435703277588
<eos> 0 812 5 0.07671807706356049 0.29900646209716797 3.881849765777588
<unk> 0 813 5 2.0650110244750977 5.255649566650391 0
fourth 0 814 6 19.123947143554688 6.862603187561035 0
verse 0 815 5 6.068321228027344 6.719723224639893 0.14287996292114258
speaks 0 816 6 9.931437492370605 6.8658061027526855 0
of 0 817 2 2.86014986038208 5.1037397384643555 1.76206636428833
the 0 818 3 2.0525317192077637 6.042283058166504 0
racism 0 819 6 12.188902854919434 10.017709732055664 0
of 0 820 2 1.8133010864257812 4.927251815795898 5.090457916259766
the 0 821 3 1.4087374210357666 4.379797458648682 0.5474543571472168
white 0 822 5 8.287047386169434 8.464503288269043 0
population 0 823 10 8.757567405700684 6.994413375854492 1.4700899124145508
of 0 824 2 3.973660469055176 4.200863838195801 2.7935495376586914
the 0 825 3 1.1937782764434814 3.358896255493164 0.8419675827026367
city 0 826 4 5.592337608337402 7.395196914672852 0
, 0 827 1 1.6510443687438965 3.657780647277832 3.7374162673950195
leading 0 828 7 8.361199378967285 6.083057880401611 0
to 0 829 2 0.3338775038719177 1.9109216928482056 4.172136187553406
the 0 830 3 1.575350046157837 5.264848709106445 0
song 0 831 4 6.3285722732543945 9.558759689331055 0
's 0 832 2 1.2271883487701416 4.007977485656738 5.550782203674316
end 0 833 3 8.223099708557129 9.093425750732422 0
, 0 834 1 4.088667392730713 5.4268012046813965 3.6666245460510254
which 0 835 5 4.090156078338623 7.411592960357666 0
suggests 0 836 8 8.384533882141113 7.266611099243164 0.14498186111450195
that 0 837 4 0.7064730525016785 3.1295297145843506 4.1370813846588135
<unk> 0 838 5 2.2448840141296387 4.646004676818848 0
<unk> 0 839 5 3.1335816383361816 6.03176736831665 0
boycott 0 840 7 17.600751876831055 6.55723762512207 0
buying 0 841 6 18.253372192382812 6.9394001960754395 0
homes 0 842 5 12.580159187316895 6.227563381195068 0.7118368148803711
in 0 843 2 2.663144588470459 5.871443748474121 0.35611963272094727
the 0 844 3 1.2876946926116943 4.154391765594482 1.7170519828796387
district 0 845 8 9.259817123413086 7.9789533615112305 0
. 0 846 1 3.088289737701416 5.206759452819824 2.7721939086914062
<eos> 0 847 5 0.04074472561478615 0.18648818135261536 5.020271271467209
<unk> 0 848 5 1.9592703580856323 5.306031227111816 0
song 0 849 4 13.440268516540527 6.951831340789795 0
's 0 850 2 5.276986122131348 7.251981258392334 0
tone 0 851 4 10.001001358032227 9.086766242980957 0
implies 0 852 7 11.99903392791748 6.490725517272949 2.596040725708008
that 0 853 4 1.09831964969635 3.753011703491211 2.7377138137817383
the 0 854 3 1.6872143745422363 4.730790615081787 0
speaker 0 855 7 13.206156730651855 8.760089874267578 0
feels 0 856 5 8.587145805358887 6.2642669677734375 2.4958229064941406
powerless 0 857 9 7.992112159729004 6.357417106628418 0
against 0 858 7 9.41084098815918 3.771794080734253 2.585623025894165
the 0 859 3 1.679699420928955 5.304676055908203 0
discrimination 0 860 14 13.731491088867188 10.121722221374512 0
and 0 861 3 3.387092351913452 5.045793056488037 5.075929164886475
racism 0 862 6 8.98311996459961 9.514225959777832 0
that 0 863 4 4.399649143218994 5.870513439178467 3.6437125205993652
he 0 864 2 2.9869437217712402 7.389944553375244 0
encounters 0 865 10 10.373746871948242 7.094171524047852 0.2957730293273926
; 0 866 1 6.2741827964782715 4.980650424957275 2.113521099090576
despite 0 867 7 8.989322662353516 5.744905948638916 0
this 0 868 4 3.8434407711029053 5.575406551361084 0.16949939727783203
, 0 869 1 0.6654242873191833 4.499107837677002 1.076298713684082
by 0 870 2 9.943873405456543 4.579118728637695 0
" 0 871 1 6.048020362854004 6.192684650421143 0
spreading 0 872 9 15.16191577911377 7.5741400718688965 0
the 0 873 3 2.3138105869293213 7.1315107345581055 0.442629337310791
news 0 874 4 10.838597297668457 10.370816230773926 0
" 0 875 1 2.137145757675171 4.67512321472168 5.695693016052246
of 0 876 2 4.533431053161621 4.667555809020996 0.007567405700683594
his 0 877 3 2.981985092163086 4.592848300933838 0.0747075080871582
poor 0 878 4 12.574135780334473 9.675756454467773 0
treatment 0 879 9 9.018481254577637 8.936761856079102 0.7389945983886719
in 0 880 2 5.556360244750977 3.473193407058716 5.463568449020386
a 0 881 1 4.49973201751709 4.981387138366699 0
song 0 882 4 6.789718151092529 9.547358512878418 0
, 0 883 1 2.0938103199005127 6.124992847442627 3.422365665435791
the 0 884 3 3.0891220569610596 4.395518779754639 1.7294740676879883
speaker 0 885 7 11.686240196228027 8.463129043579102 0
uses 0 886 4 7.764090538024902 7.540049076080322 0.9230799674987793
what 0 887 4 8.492183685302734 5.282815456390381 2.2572336196899414
power 0 888 5 13.642958641052246 4.880366802215576 0.4024486541748047
he 0 889 2 3.5298187732696533 6.4524102210998535 0
has 0 890 3 3.6548171043395996 6.7254791259765625 0
to 0 891 2 3.29770827293396 7.456178665161133 0
tell 0 892 4 7.853304386138916 7.381744384765625 0.07443428039550781
both 0 893 4 9.216486930847168 5.694139003753662 1.687605381011963
southern 0 894 8 15.814544677734375 6.738711357116699 0
<unk> 0 895 5 3.6951448917388916 3.7893166542053223 2.949394702911377
<unk> 0 896 5 5.6804094314575195 2.8256421089172363 0.9636745452880859
and 0 897 3 0.9085596799850464 4.398878574371338 0
northern 0 898 8 11.45620059967041 3.9555389881134033 0.44333958625793457
whites 0 899 6 8.357316970825195 3.9153425693511963 0.04019641876220703
that 0 900 4 6.446671962738037 3.9225542545318604 0
the 0 901 3 4.765442371368408 8.217480659484863 0
status 0 902 6 11.919605255126953 9.33517074584961 0
quo 0 903 3 1.8810361623764038 2.217968702316284 7.117202043533325
is 0 904 2 2.035428285598755 6.075185298919678 0
deeply 0 905 6 10.698097229003906 8.825233459472656 0
flawed 0 906 6 7.807248592376709 8.737482070922852 0.08775138854980469
and 0 907 3 3.8662662506103516 2.3406600952148438 6.396821975708008
that 0 908 4 3.1329846382141113 8.521428108215332 0
something 0 909 9 11.426775932312012 5.517849922180176 3.0035781860351562
needs 0 910 5 10.33899211883545 7.490090847015381 0
to 0 911 2 0.8229259252548218 4.2064528465271 3.2836380004882812
change 0 912 6 7.102052688598633 7.253477096557617 0
. 0 913 1 2.465552806854248 5.6025590896606445 1.6509180068969727
<eos> 0 914 5 0.23504671454429626 0.6176642179489136 4.984894871711731
" 0 915 1 8.88838005065918 5.723845481872559 0
<unk> 0 916 5 2.3548359870910645 7.460387229919434 0
<unk> 0 917 5 2.2377185821533203 5.249344825744629 2.2110424041748047
<unk> 0 918 5 2.014482259750366 4.490657806396484 0.7586870193481445
" 0 919 1 1.540624737739563 4.547976493835449 0
follows 0 920 7 9.471885681152344 4.9732208251953125 0
a 0 921 1 3.4146275520324707 4.14146089553833 0.8317599296569824
traditional 0 922 11 8.577604293823242 9.47962760925293 0
twelve 0 923 6 17.307323455810547 8.832228660583496 0.6473989486694336
<unk> 0 924 5 0.26605719327926636 2.168044090270996 6.6641845703125
bar 0 925 3 8.384636878967285 6.25864839553833 0
blues 0 926 5 8.995908737182617 9.202363014221191 0
format 0 927 6 11.688719749450684 6.98872709274292 2.2136359214782715
. 0 928 1 3.2776894569396973 4.841368675231934 2.1473584175109863
<eos> 0 929 5 0.047918520867824554 0.2098468840122223 4.631521791219711
<unk> 0 930 5 2.1235647201538086 5.467867851257324 0
is 0 931 2 5.292764663696289 6.474859714508057 0
written 0 932 7 9.112890243530273 7.771209239959717 0
in 0 933 2 1.4545025825500488 4.42656135559082 3.3446478843688965
<unk> 0 934 5 3.014890193939209 4.8797688484191895 0
time 0 935 4 12.869736671447754 4.786154747009277 0.09361410140991211
but 0 936 3 7.310311317443848 4.643054008483887 0.14310073852539062
annotated 0 937 9 19.922107696533203 7.522932529449463 0
to 0 938 2 5.304782867431641 5.127288341522217 2.395644187927246
note 0 939 4 11.729825019836426 5.248432636260986 0
that 0 940 4 2.42984676361084 5.748389720916748 0
the 0 941 3 2.0585153102874756 4.718520164489746 1.029869556427002
song 0 942 4 2.7070536613464355 7.661792755126953 0
rhythmically 0 943 12 20.845050811767578 5.054078102111816 2.6077146530151367
should 0 944 6 11.487096786499023 8.506828308105469 0
swing 0 945 5 11.60544204711914 4.982511043548584 3.5243172645568848
at 0 946 2 6.469092845916748 6.671438694000244 0
medium 0 947 6 12.445281028747559 5.070963382720947 1.6004753112792969
shuffle 0 948 7 19.606834411621094 5.861557960510254 0
. 0 949 1 2.2000198364257812 5.65276575088501 0.20879220962524414
<eos> 0 950 5 0.10578177124261856 0.3727004826068878 5.280065268278122
<unk> 0 951 5 2.583951234817505 5.455356121063232 0
song 0 952 4 11.739696502685547 6.59647798538208 0
was 0 953 3 4.4976983070373535 6.61367654800415 0
written 0 954 7 3.2112133502960205 7.210113525390625 0
in 0 955 2 2.865156650543213 3.4653868675231934 3.7447266578674316
<unk> 0 956 5 1.257349967956543 3.664717435836792 0
<unk> 0 957 5 2.9902334213256836 4.058262348175049 0
. 0 958 1 3.4152755737304688 3.652963161468506 0.40529918670654297
<eos> 0 959 5 0.0917535126209259 0.3379842936992645 3.3149788677692413
<unk> 0 960 5 2.7308740615844727 5.369163513183594 0
uses 0 961 4 9.66374397277832 6.524116516113281 0
twelve 0 962 6 12.318278312683105 5.5299882888793945 0.9941282272338867
measures 0 963 8 11.540838241577148 7.871950626373291 0
with 0 964 4 5.913784503936768 5.06072998046875 2.811220645904541
verses 0 965 6 9.526080131530762 6.596275329589844 0
one 0 966 3 11.051040649414062 5.868016242980957 0.7282590866088867
to 0 967 2 3.493175506591797 6.106269359588623 0
four 0 968 4 4.836030960083008 7.1963653564453125 0
repeating 0 969 9 14.89848804473877 5.811097621917725 1.385267734527588
, 0 970 1 4.522546768188477 6.961066722869873 0
followed 0 971 8 8.711812973022461 6.69089412689209 0.2701725959777832
by 0 972 2 0.3297279179096222 1.8953683376312256 4.795525789260864
the 0 973 3 2.531371593475342 6.060013294219971 0
final 0 974 5 7.109059810638428 8.733976364135742 0
two 0 975 3 5.561112403869629 7.428223133087158 1.305753231048584
verses 0 976 6 3.076592206954956 7.199645519256592 0.2285776138305664
and 0 977 3 3.971605062484741 4.245634078979492 2.9540114402770996
a 0 978 1 3.570270299911499 7.887890815734863 0
coda 0 979 4 5.366689682006836 8.352433204650879 0
. 0 980 1 1.5716943740844727 5.05130672454834 3.301126480102539
<eos> 0 981 5 0.03252267464995384 0.15570317208766937 4.8956035524606705
= 0 982 1 5.010332107543945 4.771586894989014 0
= 0 983 1 0.02623484842479229 0.2238089144229889 4.547777980566025
<unk> 0 984 5 7.0475544929504395 3.492966890335083 0
and 0 985 3 2.8180911540985107 5.076481819152832 0
<unk> 0 986 5 1.2798082828521729 6.324507713317871 0
= 0 987 1 0.5444254875183105 3.4548087120056152 2.869699001312256
= 0 988 1 0.002025393070653081 0.025456761941313744 3.4293519500643015
<eos> 0 989 5 17.89837074279785 4.745647430419922 0
<unk> 0 990 5 1.43538498878479 6.247880458831787 0
<unk> 0 991 5 2.011099100112915 5.754421710968018 0.49345874786376953
first 0 992 5 9.188301086425781 5.867684841156006 0
recorded 0 993 8 3.1345419883728027 6.2258381843566895 0
" 0 994 1 4.177709102630615 4.6493024826049805 1.576535701751709
<unk> 0 995 5 1.9300758838653564 7.289644241333008 0
<unk> 0 996 5 2.0385255813598633 4.325427532196045 2.964216709136963
<unk> 0 997 5 2.3331563472747803 2.6826794147491455 1.6427481174468994
" 0 998 1 0.7177841663360596 2.5849013328552246 0.0977780818939209
in 0 999 2 2.1340487003326416 4.166605472564697 0
<unk> 0 1000 5 0.8254424333572388 2.7747013568878174 1.3919041156768799
<unk> 0 1001 5 1.5858479738235474 3.644550085067749 0
in 0 1002 2 3.595001459121704 3.669630527496338 0
<unk> 0 1003 5 0.7741392850875854 2.775207281112671 0.894423246383667
<unk> 0 1004 5 2.254180669784546 3.388583183288574 0
<unk> 0 1005 5 4.949685573577881 3.240980386734009 0.14760279655456543
, 0 1006 1 1.7373466491699219 4.361362457275391 0
for 0 1007 3 7.319276332855225 5.9582672119140625 0
donation 0 1008 8 21.389148712158203 4.907174587249756 1.0510926246643066
to 0 1009 2 2.789553165435791 4.819962978363037 0.08721160888671875
the 0 1010 3 1.9428342580795288 4.393131256103516 0.4268317222595215
<unk> 0 1011 5 1.078716516494751 6.034214496612549 0
of 0 1012 2 6.518628120422363 7.264488220214844 0
<unk> 0 1013 5 1.3925559520721436 3.9482476711273193 3.3162405490875244
. 0 1014 1 2.157289743423462 4.939345836639404 0
<eos> 0 1015 5 0.013978741131722927 0.07974778860807419 4.85959804803133
<unk> 0 1016 5 2.574496269226074 5.126244068145752 0
re 0 1017 2 10.271103858947754 6.944594860076904 0
<unk> 0 1018 5 0.01033823937177658 0.11708454042673111 6.827510319650173
recorded 0 1019 8 1.4465198516845703 4.827307224273682 0
the 0 1020 3 1.3285975456237793 4.452634334564209 0.37467288970947266
song 0 1021 4 0.8412097692489624 3.667593002319336 0.785041332244873
in 0 1022 2 2.469439744949341 4.402907371520996 0
<unk> 0 1023 5 0.6956354379653931 2.8044662475585938 1.5984411239624023
<unk> 0 1024 5 1.675094485282898 3.579676389694214 0
for 0 1025 3 5.143040657043457 3.5457725524902344 0.03390383720397949
<unk> 0 1026 5 2.7095110416412354 4.7762064933776855 0
<unk> 0 1027 5 1.5959548950195312 4.797873497009277 0
, 0 1028 1 2.1141042709350586 3.938446283340454 0.8594272136688232
for 0 1029 3 7.411125659942627 5.59658670425415 0
release 0 1030 7 8.179279327392578 4.710363864898682 0.8862228393554688
the 0 1031 3 7.662563323974609 3.909895181655884 0.8004686832427979
same 0 1032 4 3.3179938793182373 5.971888542175293 0
year 0 1033 4 0.5645736455917358 2.0644545555114746 3.9074339866638184
as 0 1034 2 3.8106017112731934 3.0553064346313477 0
a 0 1035 1 2.5895605087280273 4.466382026672363 0
<unk> 0 1036 5 2.5075716972351074 7.836432933807373 0
rpm 0 1037 3 11.786361694335938 5.684381484985352 2.1520514488220215
record 0 1038 6 5.9686784744262695 6.924756050109863 0
. 0 1039 1 1.005726933479309 3.6758244037628174 3.248931646347046
<eos> 0 1040 5 0.03821872919797897 0.17736144363880157 3.498462960124016
<unk> 0 1041 5 2.8005943298339844 4.998013019561768 0
version 0 1042 7 14.073420524597168 6.748420715332031 0
that 0 1043 4 10.375205993652344 4.512911796569824 2.235508918762207
was 0 1044 3 3.0597944259643555 7.092870235443115 0
commercially 0 1045 12 9.456936836242676 6.778855800628662 0.3140144348144531
released 0 1046 8 3.826399326324463 4.583662509918213 2.195193290710449
features 0 1047 8 13.024558067321777 5.027360916137695 0
<unk> 0 1048 5 3.565185070037842 6.302816867828369 0
<unk> 0 1049 5 1.9311463832855225 6.3955559730529785 0
singing 0 1050 7 7.961722373962402 5.636654853820801 0.7589011192321777
and 0 1051 3 4.0370354652404785 5.958229064941406 0
playing 0 1052 7 6.012479305267334 7.997561454772949 0
the 0 1053 3 2.7668404579162598 5.993505477905273 2.004055976867676
twelve 0 1054 6 13.023581504821777 7.073045253753662 0
<unk> 0 1055 5 2.226411819458008 6.568354606628418 0.5046906471252441
string 0 1056 6 5.022237300872803 5.706539630889893 0.8618149757385254
guitar 0 1057 6 2.077454090118408 5.800449371337891 0
without 0 1058 7 12.561541557312012 5.535688400268555 0.26476097106933594
any 0 1059 3 5.463203430175781 6.942784309387207 0
other 0 1060 5 4.661503314971924 9.118598937988281 0
accompaniment 0 1061 13 7.040602207183838 8.392949104309082 0.7256498336791992
. 0 1062 1 1.2320616245269775 3.7713840007781982 4.621565103530884
<eos> 0 1063 5 0.04045863077044487 0.18356965482234955 3.5878143459558487
<unk> 0 1064 5 2.6398277282714844 4.82595157623291 0
song 0 1065 4 12.078045845031738 6.263009548187256 0
has 0 1066 3 6.346640110015869 6.108097076416016 0.15491247177124023
been 0 1067 4 1.1828609704971313 4.7549872398376465 1.3531098365783691
covered 0 1068 7 5.187199115753174 6.686359405517578 0
and 0 1069 3 6.492908954620361 2.699955701828003 3.986403703689575
reinterpreted 0 1070 13 12.139473915100098 7.191502094268799 0
by 0 1071 2 1.010839819908142 3.0335333347320557 4.157968759536743
a 0 1072 1 5.627115249633789 4.287976264953613 0
variety 0 1073 7 6.4168806076049805 7.697157859802246 0
of 0 1074 2 0.023893069475889206 0.25373467803001404 7.443423181772232
artists 0 1075 7 2.7616891860961914 6.598381042480469 0
including 0 1076 9 3.253636360168457 3.867563009262085 2.730818033218384
<unk> 0 1077 5 0.6349132061004639 3.7479283809661865 0.11963462829589844
<unk> 0 1078 5 0.5294011235237122 2.566951036453247 1.1809773445129395
and 0 1079 3 1.5138216018676758 1.897274374961853 0.669676661491394
<unk> 0 1080 5 0.2513726055622101 1.9277751445770264 0
<unk> 0 1081 5 0.2950121760368347 2.087733745574951 0
. 0 1082 1 0.6942017078399658 2.140719413757324 0
<eos> 0 1083 5 0.023516135290265083 0.12185898423194885 2.0188604295253754
<unk> 0 1084 5 2.6163086891174316 5.217644691467285 0
recorded 0 1085 8 6.847245693206787 6.121959209442139 0
and 0 1086 3 6.858188152313232 4.720236301422119 1.4017229080200195
released 0 1087 8 4.908639430999756 5.066677570343018 0
both 0 1088 4 8.25201416015625 4.758090496063232 0.30858707427978516
live 0 1089 4 7.000094413757324 6.142180919647217 0
and 0 1090 3 2.9326300621032715 5.771798133850098 0.37038278579711914
studio 0 1091 6 8.99636173248291 5.445986747741699 0.32581138610839844
versions 0 1092 8 4.430069446563721 5.958852767944336 0
of 0 1093 2 1.8986388444900513 4.197922229766846 1.7609305381774902
the 0 1094 3 0.8036336302757263 3.226733922958374 0.9711883068084717
song 0 1095 4 2.062267303466797 4.21463680267334 0
on 0 1096 2 3.3073832988739014 4.3339152336120605 0
several 0 1097 7 8.532491683959961 3.400233268737793 0.9336819648742676
of 0 1098 2 3.8790769577026367 5.943373203277588 0
his 0 1099 3 1.3390651941299438 2.3409340381622314 3.6024391651153564
albums 0 1100 6 2.724696397781372 7.04937219619751 0
. 0 1101 1 1.4146825075149536 3.556633472442627 3.492738723754883
<eos> 0 1102 5 0.036275919526815414 0.16926275193691254 3.3873707205057144
<unk> 0 1103 5 2.8742799758911133 5.259730339050293 0
<unk> 0 1104 5 2.1595394611358643 6.477169990539551 0
, 0 1105 1 2.8182454109191895 6.188828945159912 0.28834104537963867
the 0 1106 3 2.707498073577881 5.206147193908691 0.9826817512512207
song 0 1107 4 7.168478012084961 7.47116231918335 0
was 0 1108 3 5.488630771636963 1.7353620529174805 5.735800266265869
reworked 0 1109 8 10.353991508483887 6.27402400970459 0
as 0 1110 2 4.052604675292969 3.6090714931488037 2.664952516555786
" 0 1111 1 3.5102486610412598 3.9992592334747314 0
<unk> 0 1112 5 2.0103394985198975 6.515737533569336 0
<unk> 0 1113 5 1.8566449880599976 4.6888203620910645 1.8269171714782715
" 0 1114 1 0.8890649676322937 3.227879047393799 1.4609413146972656
by 0 1115 2 3.3840653896331787 4.0004987716674805 0
<unk> 0 1116 5 0.5213909149169922 2.8539812564849854 1.1465175151824951
<unk> 0 1117 5 0.8691535592079163 3.886835813522339 0
<unk> 0 1118 5 4.006721019744873 3.647357940673828 0.23947787284851074
, 0 1119 1 1.8958073854446411 4.112372398376465 0
an 0 1120 2 7.003932952880859 5.71655797958374 0
<unk> 0 1121 5 1.8757706880569458 6.644839763641357 0
& 0 1122 1 9.362519264221191 7.240360260009766 0
<unk> 0 1123 5 0.5330280065536499 2.754425048828125 4.485935211181641
band 0 1124 4 5.084176063537598 7.415547847747803 0
. 0 1125 1 3.3244383335113525 6.325131893157959 1.0904159545898438
<eos> 0 1126 5 0.07603283226490021 0.29644954204559326 6.028682351112366
<unk> 0 1127 5 2.778486967086792 4.850652694702148 0
lyrics 0 1128 6 12.1708402633667 6.572186470031738 0
speak 0 1129 5 9.48171615600586 6.694518089294434 0
of 0 1130 2 3.058911085128784 5.005733966827393 1.688784122467041
the 0 1131 3 2.012913942337036 5.887455940246582 0
problems 0 1132 8 11.297587394714355 8.72085952758789 0
faced 0 1133 5 10.261634826660156 5.000648021697998 3.7202115058898926
by 0 1134 2 1.0072625875473022 2.9763588905334473 2.024289131164551
young 0 1135 5 8.77001953125 4.724645614624023 0
<unk> 0 1136 5 2.5097579956054688 6.185332775115967 0
in 0 1137 2 5.286360263824463 5.470576286315918 0.7147564888000488
the 0 1138 3 1.5051013231277466 4.754833221435547 0.7157430648803711
<unk> 0 1139 5 3.0864529609680176 8.384599685668945 0
<unk> 0 1140 5 2.8629703521728516 7.0693278312683105 1.3152718544006348
<unk> 0 1141 5 2.3807573318481445 7.393404960632324 0
in 0 1142 2 8.411507606506348 7.432254791259766 0
the 0 1143 3 1.8524802923202515 4.280953407287598 3.151301383972168
1960s 0 1144 5 6.328839302062988 7.734652996063232 0
. 0 1145 1 1.4944108724594116 2.901459217071533 4.833193778991699
<eos> 0 1146 5 0.10520389676094055 0.3703080117702484 2.531151205301285
<unk> 0 1147 5 2.3866994380950928 5.215308666229248 0
adapted 0 1148 7 13.496668815612793 6.372862339019775 0
the 0 1149 3 1.176943302154541 4.220918655395508 2.1519436836242676
song 0 1150 4 2.5097827911376953 6.851361274719238 0
to 0 1151 2 1.2470613718032837 3.997370719909668 2.8539905548095703
his 0 1152 3 4.474949836730957 5.997488498687744 0
style 0 1153 5 8.541940689086914 8.780816078186035 0
of 0 1154 2 1.979170799255371 4.563077449798584 4.217738628387451
<unk> 0 1155 5 3.4150938987731934 8.350890159606934 0
blues 0 1156 5 9.445133209228516 6.584118843078613 1.7667713165283203
for 0 1157 3 7.069158554077148 4.716716289520264 1.8674025535583496
the 0 1158 3 1.5247198343276978 5.196016311645508 0
album 0 1159 5 4.422787189483643 7.241425037384033 0
<unk> 0 1160 5 5.252958297729492 4.2156500816345215 3.0257749557495117
<unk> 0 1161 5 1.7402594089508057 5.586742401123047 0
in 0 1162 2 5.883970737457275 4.581549167633057 1.0051932334899902
<unk> 0 1163 5 1.1251929998397827 3.5825045108795166 0.99904465675354
. 0 1164 1 1.3099713325500488 3.039809465408325 0.5426950454711914
<eos> 0 1165 5 0.06208435818552971 0.25425979495048523 2.78554967045784
<unk> 0 1166 5 2.3655099868774414 5.375154495239258 0
<unk> 0 1167 5 2.2577595710754395 6.828439235687256 0
, 0 1168 1 2.9092655181884766 6.416679382324219 0.4117598533630371
<unk> 0 1169 5 3.181657075881958 4.972442150115967 1.444237232208252
<unk> 0 1170 5 1.160620093345642 4.545250415802002 0.42719173431396484
reworked 0 1171 8 17.5338191986084 2.8207876682281494 1.7244627475738525
the 0 1172 3 0.4916888475418091 2.445744037628174 0.3750436305999756
song 0 1173 4 1.1575560569763184 4.715377330780029 0
as 0 1174 2 3.487590789794922 4.843636512756348 0
" 0 1175 1 3.5949273109436035 3.913442850112915 0.9301936626434326
<unk> 0 1176 5 1.8492138385772705 6.794042587280273 0
<unk> 0 1177 5 1.8315092325210571 4.725782871246338 2.0682597160339355
<unk> 0 1178 5 2.330261707305908 3.2718710899353027 1.4539117813110352
" 0 1179 1 0.7990562915802002 3.062042474746704 0.20982861518859863
. 0 1180 1 3.3145225048065186 3.762885093688965 0
<eos> 0 1181 5 0.08030341565608978 0.30569982528686523 3.4571852684020996
<unk> 0 1182 5 2.244335174560547 5.090490341186523 0
's 0 1183 2 3.819434642791748 6.315806865692139 0
cover 0 1184 5 7.002570629119873 7.668864727020264 0
is 0 1185 2 4.99458122253418 5.585079193115234 2.0837855339050293
a 0 1186 1 2.859025716781616 7.231190204620361 0
topical 0 1187 7 13.054862976074219 8.231486320495605 0
protest 0 1188 7 12.025447845458984 8.156054496765137 0.07543182373046875
song 0 1189 4 5.237416744232178 5.775162220001221 2.380892276763916
about 0 1190 5 5.664918422698975 5.0576701164245605 0.7174921035766602
the 0 1191 3 1.8666597604751587 5.9663519859313965 0
<unk> 0 1192 5 3.0887300968170166 9.525418281555176 0
<unk> 0 1193 5 2.8495943546295166 8.135885238647461 1.3895330429077148
. 0 1194 1 5.3802666664123535 8.236916542053223 0
<eos> 0 1195 5 0.058749325573444366 0.24397309124469757 7.992943450808525
<unk> 0 1196 5 2.5129101276397705 4.974193572998047 0
one 0 1197 3 13.340933799743652 6.3180975914001465 0
verse 0 1198 5 8.773543357849121 5.466338634490967 0.8517589569091797
, 0 1199 1 3.3964591026306152 7.280384540557861 0
<unk> 0 1200 5 2.432361602783203 4.896883487701416 2.3835010528564453
claims 0 1201 6 12.11833381652832 4.963900566101074 0
that 0 1202 4 1.3712741136550903 3.973621368408203 0.9902791976928711
the 0 1203 3 2.0068352222442627 4.58817195892334 0
<unk> 0 1204 5 3.5415425300598145 6.965351104736328 0
<unk> 0 1205 5 2.990999937057495 8.349496841430664 0
was 0 1206 3 5.792965888977051 8.186079978942871 0.16341686248779297
not 0 1207 3 5.47148323059082 7.0791401863098145 1.1069397926330566
for 0 1208 3 9.56787109375 7.5728864669799805 0
democracy 0 1209 9 19.04110336303711 5.505739212036133 2.0671472549438477
but 0 1210 3 5.5678324699401855 4.227442264556885 1.278296947479248
instead 0 1211 7 7.045342445373535 7.614139556884766 0
was 0 1212 3 5.299350738525391 8.577871322631836 0
to 0 1213 2 7.6739182472229 8.442365646362305 0.13550567626953125
" 0 1214 1 5.339465618133545 7.056541919708252 1.3858237266540527
make 0 1215 4 4.9716057777404785 8.666191101074219 0
the 0 1216 3 2.895519256591797 5.612756252288818 3.0534348487854004
world 0 1217 5 6.081023216247559 9.279914855957031 0
safe 0 1218 4 10.639705657958984 7.582399845123291 1.6975150108337402
for 0 1219 3 5.348049640655518 5.831939220428467 1.7504606246948242
<unk> 0 1220 5 3.47453236579895 6.962093353271484 0
" 0 1221 1 2.3711633682250977 5.825879096984863 1.136214256286621
. 0 1222 1 0.9176305532455444 2.972684383392334 2.8531947135925293
<eos> 0 1223 5 0.04371386766433716 0.19484716653823853 2.7778372168540955
<unk> 0 1224 5 2.286756992340088 5.1246867179870605 0
another 0 1225 7 17.769859313964844 6.510553359985352 0
, 0 1226 1 4.931770324707031 9.1690092086792 0
he 0 1227 2 5.1955132484436035 4.836076259613037 4.332932949066162
takes 0 1228 5 9.766880989074707 7.5072174072265625 0
on 0 1229 2 4.100454330444336 5.415341854095459 2.0918755531311035
the 0 1230 3 1.8294703960418701 5.207485198974609 0.2078566551208496
<unk> 0 1231 5 4.262837886810303 9.130584716796875 0
right 0 1232 5 12.701644897460938 7.453648090362549 1.6769366264343262
, 0 1233 1 3.591933250427246 6.266233444213867 1.1874146461486816
asking 0 1234 6 8.210583686828613 7.516180515289307 0
where 0 1235 5 11.001358985900879 4.9772186279296875 2.538961887359619
the 0 1236 3 3.0729241371154785 4.328841209411621 0.6483774185180664
moderates 0 1237 9 19.290864944458008 9.30244255065918 0
are 0 1238 3 3.055124521255493 7.000229835510254 2.302212715148926
. 0 1239 1 7.346134185791016 9.114526748657227 0
<eos> 0 1240 5 0.14868386089801788 0.469306081533432 8.645220667123795
<unk> 0 1241 5 2.4273383617401123 5.389453887939453 0
, 0 1242 1 4.41982889175415 7.237208366394043 0
<unk> 0 1243 5 2.8963913917541504 5.8288469314575195 1.4083614349365234
<unk> 0 1244 5 3.372206926345825 4.4265289306640625 1.402318000793457
the 0 1245 3 7.851172924041748 3.912177085876465 0.5143518447875977
<unk> 0 1246 5 2.7086663246154785 9.11838150024414 0
<unk> 0 1247 5 3.182302236557007 7.743380069732666 1.3750014305114746
government 0 1248 10 12.959291458129883 7.9147748947143555 0
for 0 1249 3 4.9495849609375 6.515669822692871 1.3991050720214844
not 0 1250 3 8.625919342041016 6.063185214996338 0.4524846076965332
dealing 0 1251 7 7.790467262268066 8.156609535217285 0
with 0 1252 4 0.037673961371183395 0.34217357635498047 7.814435958862305
poverty 0 1253 7 12.771594047546387 5.905559539794922 0
at 0 1254 2 7.474070072174072 4.141127586364746 1.7644319534301758
home 0 1255 4 6.551846981048584 4.307958126068115 0
before 0 1256 6 9.200135231018066 3.828397750854492 0.47956037521362305
going 0 1257 5 6.564244747161865 6.8179144859313965 0
to 0 1258 2 1.7966188192367554 4.191264629364014 2.626649856567383
war 0 1259 3 9.652458190917969 6.269245147705078 0
. 0 1260 1 3.363834857940674 5.319029808044434 0.9502153396606445
<eos> 0 1261 5 0.1292209029197693 0.4311531186103821 4.8878766894340515
= 0 1262 1 3.6506714820861816 5.517308235168457 0
= 0 1263 1 0.014275926165282726 0.12513847649097443 5.392169758677483
<unk> 0 1264 5 7.492334842681885 4.424337387084961 0
= 0 1265 1 1.4985425472259521 5.217042922973633 0
= 0 1266 1 0.0004512119048740715 0.006223850417882204 5.210819072555751
<eos> 0 1267 5 14.362062454223633 4.481691837310791 0
" 0 1268 1 4.81056547164917 6.508059024810791 0
<unk> 0 1269 5 1.758923053741455 7.747689247131348 0
<unk> 0 1270 5 2.259183406829834 3.751281499862671 3.9964077472686768
<unk> 0 1271 5 2.557295322418213 2.673785448074341 1.07749605178833
" 0 1272 1 0.5919506549835205 2.4266390800476074 0.2471463680267334
is 0 1273 2 2.193387031555176 4.11690092086792 0
one 0 1274 3 5.073050498962402 3.6024551391601562 0.5144457817077637
of 0 1275 2 0.020805682986974716 0.19975560903549194 3.4026995301246643
<unk> 0 1276 5 3.9269886016845703 1.664462924003601 0
<unk> 0 1277 5 4.914076805114746 1.906948447227478 0
's 0 1278 2 0.1517079621553421 1.0913563966751099 0.8155920505523682
most 0 1279 4 1.5748769044876099 5.670269966125488 0
famous 0 1280 6 2.5471785068511963 5.491762161254883 0.17850780487060547
songs 0 1281 5 1.7827693223953247 5.879028797149658 0
and 0 1282 3 3.856877326965332 4.4499993324279785 1.4290294647216797
is 0 1283 2 3.5790553092956543 7.708335876464844 0
remembered 0 1284 10 9.677061080932617 6.740866184234619 0.9674696922302246
as 0 1285 2 2.0039114952087402 2.1664443016052246 4.5744218826293945
his 0 1286 3 6.705577373504639 3.3816659450531006 0
most 0 1287 4 3.261172294616699 6.107943058013916 0
" 0 1288 1 6.8128767013549805 7.078763008117676 0
heartfelt 0 1289 9 11.172798156738281 9.029725074768066 0
protest 0 1290 7 12.72047233581543 5.760180473327637 3.2695446014404297
song 0 1291 4 7.464264392852783 2.071699857711792 3.6884806156158447
" 0 1292 1 0.4933701455593109 2.3418326377868652 0
. 0 1293 1 0.730807900428772 2.7444465160369873 0
<eos> 0 1294 5 0.0395340733230114 0.18001657724380493 2.5644299387931824
<unk> 0 1295 5 2.4642086029052734 4.9977946281433105 0
is 0 1296 2 4.234155178070068 6.173375129699707 0
disagreement 0 1297 12 19.43629264831543 6.01428747177124 0.1590876579284668
among 0 1298 5 7.254594326019287 3.204885959625244 2.809401512145996
music 0 1299 5 8.106436729431152 3.7291109561920166 0
scholars 0 1300 8 9.779182434082031 3.009544610977173 0.7195663452148438
as 0 1301 2 6.969316482543945 4.526963233947754 0
to 0 1302 2 7.644672870635986 5.29304313659668 0
its 0 1303 3 5.049765586853027 4.927142143249512 0.36590099334716797
importance 0 1304 10 9.10363483428955 9.61685848236084 0
. 0 1305 1 2.826021671295166 3.8389973640441895 5.77786111831665
<eos> 0 1306 5 0.08902933448553085 0.3295709490776062 3.5094264149665833
<unk> 0 1307 5 1.9766336679458618 5.143616676330566 0
<unk> 0 1308 5 1.3241206407546997 5.433267593383789 0
claims 0 1309 6 10.70903205871582 5.1498332023620605 0.2834343910217285
that 0 1310 4 0.55470871925354 2.4255001544952393 2.7243330478668213
the 0 1311 3 1.7357451915740967 4.54270076751709 0
song 0 1312 4 2.075993061065674 6.255904197692871 0
is 0 1313 2 2.0425662994384766 5.0608601570129395 1.1950440406799316
" 0 1314 1 1.9964654445648193 5.8200578689575195 0
peripheral 0 1315 10 18.817703247070312 7.317908763885498 0
" 0 1316 1 1.1573646068572998 4.673696517944336 2.644212245941162
to 0 1317 2 5.848788738250732 3.335235357284546 1.33846116065979
the 0 1318 3 1.3443374633789062 4.865360260009766 0
wider 0 1319 5 11.081649780273438 7.382400035858154 0
study 0 1320 5 13.992358207702637 7.923298358917236 0
of 0 1321 2 0.4444774389266968 1.9508342742919922 5.972464084625244
the 0 1322 3 1.5744117498397827 5.314144134521484 0
blues 0 1323 5 8.486542701721191 7.712284088134766 0
, 0 1324 1 1.9766392707824707 5.2467498779296875 2.465534210205078
while 0 1325 5 5.137881278991699 5.603385925292969 0
<unk> 0 1326 5 1.7612978219985962 5.670164108276367 0
points 0 1327 6 10.41989803314209 5.652024269104004 0.01813983917236328
to 0 1328 2 5.243770122528076 1.7035433053970337 3.94848096370697
it 0 1329 2 6.626550674438477 6.591431140899658 0
as 0 1330 2 2.5452635288238525 5.64499044418335 0.9464406967163086
a 0 1331 1 2.1040260791778564 4.812265872955322 0.8327245712280273
watershed 0 1332 9 13.159042358398438 8.416814804077148 0
in 0 1333 2 5.285375118255615 6.96668815612793 1.4501266479492188
the 0 1334 3 1.3585033416748047 4.839504241943359 2.1271839141845703
way 0 1335 3 9.361642837524414 8.256098747253418 0
<unk> 0 1336 5 5.388356685638428 4.576635360717773 3.6794633865356445
<unk> 0 1337 5 3.2012288570404053 7.659592628479004 0
see 0 1338 3 12.645378112792969 7.152637481689453 0.5069551467895508
themselves 0 1339 10 8.71670913696289 6.72463846206665 0.42799901962280273
in 0 1340 2 3.61767840385437 4.506450176239014 2.2181882858276367
the 0 1341 3 1.3430910110473633 5.066890239715576 0
fabric 0 1342 6 13.618117332458496 9.064233779907227 0
of 0 1343 2 0.48671916127204895 2.100738048553467 6.96349573135376
the 0 1344 3 1.05500066280365 4.297614574432373 0
<unk> 0 1345 5 2.8759145736694336 8.17556095123291 0
<unk> 0 1346 5 3.118665933609009 7.023643493652344 1.1519174575805664
. 0 1347 1 2.9234602451324463 7.401573181152344 0
<eos> 0 1348 5 0.07924126833677292 0.3054422438144684 7.096130937337875
<unk> 0 1349 5 2.1885204315185547 5.260680198669434 0
is 0 1350 2 5.602263450622559 5.839601993560791 0
debate 0 1351 6 20.228368759155273 7.371384620666504 0
over 0 1352 4 4.162346363067627 3.670051336288452 3.7013332843780518
the 0 1353 3 0.9845607280731201 4.242995738983154 0
relationship 0 1354 12 6.77551794052124 9.506628036499023 0
between 0 1355 7 0.6890367269515991 2.579740047454834 6.9268879890441895
the 0 1356 3 1.5883175134658813 4.189039707183838 0
song 0 1357 4 6.318586349487305 5.843095302581787 0
and 0 1358 3 0.8803337812423706 2.620668888092041 3.222426414489746
radical 0 1359 7 16.662778854370117 4.766270160675049 0
politics 0 1360 8 9.6908540725708 8.355446815490723 0
. 0 1361 1 2.085871696472168 4.277108669281006 4.078338146209717
<eos> 0 1362 5 0.06440957635641098 0.26219937205314636 4.0149092972278595
<unk> 0 1363 5 2.178368091583252 5.172957420349121 0
its 0 1364 3 14.73831844329834 6.242442607879639 0
release 0 1365 7 10.013532638549805 9.071563720703125 0
, 0 1366 1 2.807213544845581 6.330944061279297 2.740619659423828
it 0 1367 2 6.197488307952881 7.187255382537842 0
became 0 1368 6 6.476548671722412 5.925105094909668 1.2621502876281738
popular 0 1369 7 4.571410179138184 5.188718795776367 0.7363862991333008
with 0 1370 4 2.1279454231262207 4.372587203979492 0.816131591796875
left 0 1371 4 16.35819435119629 5.095605850219727 0
<unk> 0 1372 5 0.6895032525062561 4.115137577056885 0.9804682731628418
wing 0 1373 4 1.5927932262420654 4.87582540512085 0
political 0 1374 9 9.60671329498291 7.160872936248779 0
groups 0 1375 6 4.966821670532227 6.510348796844482 0.6505241394042969
. 0 1376 1 2.7553768157958984 3.9544143676757812 2.555934429168701
<eos> 0 1377 5 0.033356454223394394 0.16021797060966492 3.7941963970661163
<unk> 0 1378 5 2.643725633621216 5.811070919036865 0
<unk> 0 1379 5 1.8283214569091797 6.481513023376465 0
was 0 1380 3 4.434589385986328 6.606319427490234 0
invited 0 1381 7 8.214227676391602 7.810776233673096 0
to 0 1382 2 0.3248518705368042 1.5394015312194824 6.271374702453613
perform 0 1383 7 3.887442111968994 6.550415992736816 0
at 0 1384 2 3.695499897003174 5.073577880859375 1.4768381118774414
<unk> 0 1385 5 2.634221076965332 3.0421383380889893 2.0314395427703857
<unk> 0 1386 5 2.3548951148986816 5.657769203186035 0
, 0 1387 1 3.2679882049560547 4.642958164215088 1.0148110389709473
the 0 1388 3 4.791047096252441 5.544037342071533 0
<unk> 0 1389 5 1.670771598815918 7.060279846191406 0
<unk> 0 1390 5 1.86918044090271 6.943854331970215 0.1164255142211914
<unk> 0 1391 5 1.8467180728912354 6.652572154998779 0.29128217697143555
's 0 1392 2 5.604991436004639 6.598782539367676 0.053789615631103516
summer 0 1393 6 9.162467002868652 8.171953201293945 0
retreat 0 1394 7 10.110508918762207 6.9808244705200195 1.1911287307739258
, 0 1395 1 1.6450759172439575 3.753120183944702 3.2277042865753174
and 0 1396 3 1.5050462484359741 4.8936076164245605 0
the 0 1397 3 2.3965096473693848 6.785913944244385 0
<unk> 0 1398 5 1.898848056793213 7.748820781707764 0
subsequently 0 1399 12 14.453495979309082 6.944900035858154 0.8039207458496094
opened 0 1400 6 7.816927909851074 9.123682022094727 0
a 0 1401 1 2.539354085922241 4.452937126159668 4.670744895935059
file 0 1402 4 16.804418563842773 8.756742477416992 0
on 0 1403 2 5.059722900390625 6.357825756072998 2.398916721343994
him 0 1404 3 7.2733941078186035 4.370169162750244 1.987656593322754
in 0 1405 2 3.1731626987457275 3.529883861541748 0.8402853012084961
the 0 1406 3 2.6386678218841553 2.814002752304077 0.7158811092376709
1940s 0 1407 5 9.952616691589355 7.008054256439209 0
. 0 1408 1 0.5710235834121704 2.2355871200561523 4.772467136383057
<eos> 0 1409 5 0.0101594477891922 0.06056845933198929 2.175018660724163
<unk> 0 1410 5 2.4456193447113037 5.2282538414001465 0
led 0 1411 3 10.034571647644043 6.738729953765869 0
to 0 1412 2 4.377715110778809 3.9004335403442383 2.838296413421631
the 0 1413 3 1.596948266029358 4.520232200622559 0
accusations 0 1414 11 14.962323188781738 8.10090160369873 0
that 0 1415 4 2.655302047729492 3.728468418121338 4.372433185577393
the 0 1416 3 2.3131651878356934 4.5565290451049805 0
<unk> 0 1417 5 2.1946306228637695 7.276303291320801 0
were 0 1418 4 3.5691394805908203 8.040180206298828 0
taking 0 1419 6 8.258048057556152 8.802511215209961 0
advantage 0 1420 9 5.282353401184082 6.50372314453125 2.298788070678711
of 0 1421 2 0.0080818310379982 0.0745222195982933 6.429200924932957
him 0 1422 3 9.831991195678711 5.102964878082275 0
and 0 1423 3 3.016986846923828 5.792084693908691 0
using 0 1424 5 10.298454284667969 7.996592044830322 0
him 0 1425 3 6.310826301574707 6.0992655754089355 1.8973264694213867
as 0 1426 2 2.3140664100646973 4.3123674392700195 1.786898136138916
a 0 1427 1 1.3447515964508057 4.40683650970459 0
platform 0 1428 8 11.539916038513184 9.563614845275879 0
. 0 1429 1 2.6480979919433594 4.87335729598999 4.690257549285889
<eos> 0 1430 5 0.01574256271123886 0.0871117115020752 4.786245584487915
<unk> 0 1431 5 2.25138783454895 5.466292858123779 0
party 0 1432 5 14.037659645080566 7.328219413757324 0
claims 0 1433 6 12.814753532409668 7.9555182456970215 0
, 0 1434 1 4.072947025299072 5.22551155090332 2.730006694793701
to 0 1435 2 8.379878044128418 6.547966957092285 0
the 0 1436 3 3.1466798782348633 7.202530384063721 0
contrary 0 1437 8 6.0464558601379395 8.420673370361328 0
, 0 1438 1 0.19085130095481873 1.2572120428085327 7.163461327552795
that 0 1439 4 3.2226715087890625 7.404067039489746 0
they 0 1440 4 4.4144206047058105 4.826825141906738 2.577241897583008
were 0 1441 4 2.2836570739746094 6.748315811157227 0
some 0 1442 4 10.521733283996582 8.325719833374023 0
of 0 1443 2 1.8071978092193604 7.521821022033691 0.803898811340332
the 0 1444 3 0.6234893798828125 2.7471020221710205 4.774718999862671
few 0 1445 3 5.7858662605285645 7.4081830978393555 0
people 0 1446 6 4.28599214553833 8.192218780517578 0
who 0 1447 3 2.140716314315796 5.480241775512695 2.711977005004883
respected 0 1448 9 13.482521057128906 6.209128379821777 0
him 0 1449 3 4.709317207336426 5.122539043426514 1.0865893363952637
and 0 1450 3 4.6918230056762695 4.082574367523193 1.0399646759033203
gave 0 1451 4 7.301026821136475 8.611992835998535 0
him 0 1452 3 2.1504876613616943 4.693390846252441 3.9186019897460938
a 0 1453 1 1.7337543964385986 4.980404853820801 0
chance 0 1454 6 4.087160587310791 9.220375061035156 0
to 0 1455 2 0.2505415976047516 1.2154748439788818 8.004900217056274
perform 0 1456 7 6.346261501312256 8.355986595153809 0
. 0 1457 1 4.282802581787109 5.770321846008301 2.585664749145508
<eos> 0 1458 5 0.060540590435266495 0.24832385778427124 5.5219979882240295
<unk> 0 1459 5 2.1005094051361084 5.470107555389404 0
<unk> 0 1460 5 2.9335920810699463 7.168848991394043 0
<unk> 0 1461 5 3.2379915714263916 6.3476243019104 0.8212246894836426
and 0 1462 3 4.576257705688477 7.006932258605957 0
several 0 1463 7 9.729507446289062 2.697343587875366 4.309588670730591
other 0 1464 5 0.8632538914680481 4.133028030395508 0
writers 0 1465 7 5.528683662414551 6.665971755981445 0
have 0 1466 4 4.3606462478637695 6.62473201751709 0.04123973846435547
suggested 0 1467 9 5.37328577041626 7.53407621383667 0
that 0 1468 4 0.7077195644378662 3.1543755531311035 4.379700660705566
<unk> 0 1469 5 1.8640937805175781 4.642000198364258 0
<unk> 0 1470 5 3.00639009475708 6.169720649719238 0
had 0 1471 3 4.098616123199463 6.376075267791748 0
significant 0 1472 11 13.160605430603027 7.608201503753662 0
help 0 1473 4 11.646824836730957 7.777803897857666 0
with 0 1474 4 5.586709022521973 4.049495220184326 3.72830867767334
its 0 1475 3 8.367700576782227 4.310758590698242 0
authorship 0 1476 10 12.799614906311035 9.27695369720459 0
and 0 1477 3 3.0594213008880615 3.60732364654541 5.66963005065918
claim 0 1478 5 13.774343490600586 9.277743339538574 0
it 0 1479 2 5.803093433380127 3.5387985706329346 5.73894476890564
is 0 1480 2 3.61443829536438 3.645663022994995 0
not 0 1481 3 3.5020580291748047 6.712907791137695 0
a 0 1482 1 2.96340012550354 7.287456512451172 0
genuine 0 1483 7 7.29548454284668 9.260458946228027 0
protest 0 1484 7 10.167977333068848 9.21298599243164 0.04747295379638672
song 0 1485 4 9.463858604431152 3.935441255569458 5.277544736862183
. 0 1486 1 0.8166534304618835 3.076447010040283 0.8589942455291748
<eos> 0 1487 5 0.027346687391400337 0.13594971597194672 2.9404972940683365
<unk> 0 1488 5 2.041238784790039 5.348381996154785 0
theory 0 1489 6 17.053205490112305 6.714568138122559 0
stems 0 1490 5 12.370924949645996 6.96895694732666 0
from 0 1491 4 0.06832251697778702 0.5436142086982727 6.4253427386283875
the 0 1492 3 1.5250484943389893 5.404543876647949 0
idea 0 1493 4 7.29782772064209 9.145182609558105 0
that 0 1494 4 1.207331895828247 1.9215885400772095 7.223594069480896
<unk> 0 1495 5 1.7439727783203125 4.696848392486572 0
<unk> 0 1496 5 2.2879223823547363 6.295755386352539 0
did 0 1497 3 7.957535266876221 6.579970359802246 0
not 0 1498 3 0.29503417015075684 2.106886625289917 4.473083734512329
have 0 1499 4 3.2601306438446045 7.852292537689209 0
a 0 1500 1 1.7176086902618408 5.631230354309082 2.221062183380127
history 0 1501 7 9.133332252502441 9.361994743347168 0
of 0 1502 2 0.7631076574325562 3.3066744804382324 6.0553202629089355
protest 0 1503 7 12.949764251708984 6.493841171264648 0
music 0 1504 5 9.070526123046875 5.317099094390869 1.1767420768737793
before 0 1505 6 7.850165843963623 4.856098651885986 0.4610004425048828
he 0 1506 2 3.4962284564971924 5.489209175109863 0
was 0 1507 3 2.1063637733459473 6.521875381469727 0
discovered 0 1508 10 8.343045234680176 8.845636367797852 0
by 0 1509 2 2.8913779258728027 4.147615909576416 4.6980204582214355
<unk> 0 1510 5 1.529981017112732 4.621952056884766 0
. 0 1511 1 2.0783495903015137 4.706159591674805 0
<eos> 0 1512 5 0.0109628951177001 0.06529532372951508 4.64086426794529
<unk> 0 1513 5 2.000432014465332 5.357985973358154 0
the 0 1514 3 9.540422439575195 6.687891960144043 0
music 0 1515 5 7.32177734375 8.576842308044434 0
that 0 1516 4 6.053299427032471 7.316934585571289 1.2599077224731445
<unk> 0 1517 5 2.685795307159424 7.1586995124816895 0.1582350730895996
recorded 0 1518 8 7.385218620300293 7.662224769592285 0
was 0 1519 3 4.410460472106934 5.505878925323486 2.156345844268799
sold 0 1520 4 10.99282455444336 7.793012619018555 0
to 0 1521 2 2.1301522254943848 4.682065010070801 3.110947608947754
<unk> 0 1522 5 1.4537651538848877 4.72378396987915 0
sympathetic 0 1523 11 20.643783569335938 5.3943915367126465 0
to 0 1524 2 1.2063976526260376 5.089544773101807 0.30484676361083984
<unk> 0 1525 5 1.439994215965271 3.7213873863220215 1.3681573867797852
<unk> 0 1526 5 2.5408949851989746 4.699032306671143 0
, 0 1527 1 1.8919605016708374 4.381403923034668 0.3176283836364746
it 0 1528 2 10.373488426208496 4.8553667068481445 0
has 0 1529 3 6.816975116729736 4.472907066345215 0.3824596405029297
been 0 1530 4 0.8520075678825378 4.198164463043213 0.27474260330200195
suggested 0 1531 9 2.913132905960083 7.130947113037109 0
that 0 1532 4 0.30364155769348145 1.497302770614624 5.633644342422485
<unk> 0 1533 5 1.9313279390335083 4.441592216491699 0
helped 0 1534 6 10.417664527893066 6.346486568450928 0
him 0 1535 3 3.879678249359131 6.85258150100708 0
write 0 1536 5 3.620265007019043 7.473327159881592 0
a 0 1537 1 2.7072958946228027 5.679599285125732 1.7937278747558594
song 0 1538 4 3.3201510906219482 7.519787788391113 0
attractive 0 1539 10 25.54001808166504 5.127414226531982 2.392373561859131
to 0 1540 2 0.7531052231788635 2.8570027351379395 2.270411491394043
a 0 1541 1 5.504981517791748 5.914174556732178 0
white 0 1542 5 11.525315284729004 8.909501075744629 0
audience 0 1543 8 5.394202709197998 6.7473649978637695 2.1621360778808594
. 0 1544 1 1.183568000793457 3.6249208450317383 3.1224441528320312
<eos> 0 1545 5 0.019267484545707703 0.10260225832462311 3.522318586707115
<unk> 0 1546 5 1.8862175941467285 5.2125678062438965 0
<unk> 0 1547 5 2.8373353481292725 7.226356029510498 0
admitted 0 1548 8 10.753801345825195 6.5933451652526855 0.6330108642578125
that 0 1549 4 1.3572072982788086 3.715162754058838 2.8781824111938477
the 0 1550 3 2.5091304779052734 4.015683650970459 0
term 0 1551 4 10.005378723144531 8.620573043823242 0
" 0 1552 1 0.8328748941421509 3.459601402282715 5.160971641540527
bourgeois 0 1553 9 14.548613548278809 7.436540603637695 0
" 0 1554 1 1.375742793083191 6.597689151763916 0.8388514518737793
was 0 1555 3 2.1369118690490723 6.225331783294678 0.3723573684692383
unfamiliar 0 1556 10 15.687541007995605 6.7915778160095215 0
to 0 1557 2 3.354649543762207 2.0067379474639893 4.784839868545532
him 0 1558 3 5.3254828453063965 5.05720853805542 0
, 0 1559 1 1.4952143430709839 3.9860424995422363 1.0711660385131836
and 0 1560 3 1.7594760656356812 4.889247417449951 0
it 0 1561 2 5.168399333953857 6.5370097160339355 0
seems 0 1562 5 7.818068504333496 4.595909595489502 1.9411001205444336
out 0 1563 3 13.928030014038086 3.8556466102600098 0.7402629852294922
of 0 1564 2 0.8053879737854004 2.990673065185547 0.8649735450744629
place 0 1565 5 6.640267848968506 6.671189785003662 0
compared 0 1566 8 14.735770225524902 5.709438800811768 0.9617509841918945
to 0 1567 2 0.2617163360118866 1.2723731994628906 4.437065601348877
the 0 1568 3 1.8410975933074951 4.823117733001709 0
vocabulary 0 1569 10 14.933905601501465 8.658520698547363 0
of 0 1570 2 0.4507349133491516 2.449340343475342 6.2091803550720215
his 0 1571 3 3.8890767097473145 5.527434825897217 0
past 0 1572 4 7.61607027053833 8.435882568359375 0
work 0 1573 4 7.417654514312744 4.69447135925293 3.7414112091064453
. 0 1574 1 0.7180634140968323 3.0231852531433105 1.6712861061096191
<eos> 0 1575 5 0.08834134042263031 0.32951346039772034 2.69367179274559
=========================================================================================
| End of testing | test loss  3.60 | test ppl    36.58
=========================================================================================
