word sentid sentpos wlen surp entropy entred
= 0 0 1 6.295143127441406 7.258259296417236 0
... 0 1 3 16.5228214263916 0.6031642556190491 6.655095040798187
<unk> 0 2 5 2.566887855529785 7.188501358032227 0
<unk> 0 3 5 3.319786548614502 3.3831145763397217 3.805386781692505
<unk> 0 4 5 3.147940158843994 3.19942569732666 0.18368887901306152
= 0 5 1 0.844894289970398 3.2362539768218994 0
<eos> 0 6 5 19.34270477294922 4.530826568603516 0
" 0 7 1 6.828807830810547 3.773369312286377 0.7574572563171387
... 0 8 3 10.209593772888184 5.462278366088867 0
<unk> 0 9 5 2.0415635108947754 6.89035701751709 0
<unk> 0 10 5 1.5911037921905518 4.35382604598999 2.5365309715270996
<unk> 0 11 5 1.4154434204101562 3.5337510108947754 0.8200750350952148
" 0 12 1 1.890429139137268 3.0953917503356934 0.43835926055908203
is 0 13 2 1.5411791801452637 2.3991830348968506 0.6962087154388428
the 0 14 3 1.122551441192627 1.7348403930664062 0.6643426418304443
fifth 0 15 5 3.845515489578247 5.12547492980957 0
episode 0 16 7 0.10239993780851364 0.7225582599639893 4.402916669845581
of 0 17 2 0.03050566464662552 0.22014181315898895 0.5024164468050003
the 0 18 3 0.04075024276971817 0.3057824671268463 0
third 0 19 5 2.7560343742370605 3.8616058826446533 0
season 0 20 6 0.03502390906214714 0.19323205947875977 3.6683738231658936
of 0 21 2 0.021333979442715645 0.15157759189605713 0.04165446758270264
the 0 22 3 0.07705381512641907 0.5088578462600708 0
<unk> 0 23 5 0.23420450091362 1.3085991144180298 0
crime 0 24 5 4.6593403816223145 2.843808889389038 0
<unk> 0 25 5 2.684126377105713 2.833698034286499 0.010110855102539062
thriller 0 26 8 0.2528254985809326 1.0344089269638062 1.7992891073226929
television 0 27 10 0.23713524639606476 1.2626729011535645 0
series 0 28 6 0.03876078128814697 0.2667725384235382 0.9959003627300262
<unk> 0 29 5 2.945449113845825 2.993345022201538 0
. 0 30 1 1.248927116394043 2.8613369464874268 0.13200807571411133
<eos> 0 31 5 0.003590996377170086 0.025549694895744324 2.8357872515916824
<unk> 0 32 5 9.197234153747559 1.2550725936889648 0
premiered 0 33 9 7.474081039428711 3.6041722297668457 0
on 0 34 2 1.314816951751709 2.7014198303222656 0.9027523994445801
the 0 35 3 0.6216691732406616 1.6956837177276611 1.0057361125946045
<unk> 0 36 5 3.3051459789276123 1.2872352600097656 0.4084484577178955
network 0 37 7 3.6482362747192383 3.187122344970703 0
on 0 38 2 0.5975117683410645 1.2659059762954712 1.921216368675232
<unk> 0 39 5 0.3945061266422272 1.173362374305725 0.0925436019897461
<unk> 0 40 5 0.03417094051837921 0.21184195578098297 0.9615204185247421
, 0 41 1 0.0410364493727684 0.23266537487506866 0
<unk> 0 42 5 0.002096835756674409 0.02206517569720745 0.2106001991778612
. 0 43 1 0.7334247827529907 1.6250125169754028 0
<eos> 0 44 5 0.006117162294685841 0.03961874172091484 1.585393775254488
<unk> 0 45 5 5.232016086578369 3.232543706893921 0
episode 0 46 7 10.3860445022583 4.883769989013672 0
was 0 47 3 3.895632743835449 5.054365634918213 0
written 0 48 7 1.2389960289001465 3.8404765129089355 1.2138891220092773
by 0 49 2 0.09466196596622467 0.5409058332443237 3.299570679664612
<unk> 0 50 5 0.4544992446899414 2.327854633331299 0
<unk> 0 51 5 0.2767903506755829 1.7727888822555542 0.5550657510757446
<unk> 0 52 5 4.994758605957031 2.1165850162506104 0
, 0 53 1 2.7421658039093018 2.718621015548706 0
and 0 54 3 1.595236897468567 3.9234306812286377 0
directed 0 55 8 0.7050435543060303 3.1317214965820312 0.7917091846466064
by 0 56 2 0.002283840673044324 0.02556760609149933 3.106153890490532
<unk> 0 57 5 0.35068780183792114 1.9923279285430908 0
<unk> 0 58 5 0.20073266327381134 1.451839804649353 0.5404881238937378
<unk> 0 59 5 5.706689834594727 1.1954975128173828 0.2563422918319702
. 0 60 1 0.590090274810791 1.9383959770202637 0
" 0 61 1 3.004063606262207 0.5550442934036255 1.3833516836166382
<eos> 0 62 5 1.1006847671524156e-05 0.0001552919711684808 0.554889001432457
... 0 63 3 10.546030044555664 7.48817253112793 0
<unk> 0 64 5 2.917355537414551 6.845593452453613 0.6425790786743164
<unk> 0 65 5 2.0841503143310547 4.3025898933410645 2.543003559112549
<unk> 0 66 5 2.4928815364837646 3.5202035903930664 0.782386302947998
" 0 67 1 0.5858004093170166 2.725668430328369 0.7945351600646973
featured 0 68 8 6.0111870765686035 3.786292314529419 0
guest 0 69 5 0.9815394282341003 3.661553382873535 0.12473893165588379
appearances 0 70 11 0.3050888478755951 1.3387088775634766 2.3228445053100586
by 0 71 2 0.09264230728149414 0.41651058197021484 0.9221982955932617
the 0 72 3 5.478545665740967 2.869107723236084 0
members 0 73 7 10.609196662902832 6.289617538452148 0
of 0 74 2 0.09366320818662643 0.6621235609054565 5.627493977546692
the 0 75 3 0.33671724796295166 1.8454821109771729 0
band 0 76 4 11.707293510437012 5.898303985595703 0
<unk> 0 77 5 5.264092922210693 4.281817436218262 1.6164865493774414
, 0 78 1 3.170947313308716 5.386931896209717 0
performing 0 79 10 11.58386516571045 5.2933573722839355 0.09357452392578125
both 0 80 4 6.584035396575928 5.68880033493042 0
as 0 81 2 7.558603286743164 6.4986891746521 0
themselves 0 82 10 8.653209686279297 5.189389228820801 1.3092999458312988
and 0 83 3 0.7760599851608276 2.484222888946533 2.7051663398742676
as 0 84 2 6.45123291015625 6.349416732788086 0
minor 0 85 5 12.452621459960938 5.4916768074035645 0.8577399253845215
characters 0 86 10 1.8411582708358765 5.609895706176758 0
. 0 87 1 1.6083321571350098 4.0526227951049805 1.5572729110717773
<eos> 0 88 5 0.04690850153565407 0.20714154839515686 3.8454812467098236
<unk> 0 89 5 2.6518609523773193 4.716657638549805 0
this 0 90 4 14.207011222839355 5.431051731109619 0
episode 0 91 7 3.0377185344696045 7.035479545593262 0
, 0 92 1 4.824180603027344 5.3522467613220215 1.6832327842712402
<unk> 0 93 5 3.5783839225769043 6.220979690551758 0
<unk> 0 94 5 1.8609431982040405 5.891141891479492 0.3298377990722656
of 0 95 2 5.567282199859619 5.768071174621582 0.12307071685791016
<unk> 0 96 5 1.7646369934082031 2.7365918159484863 3.0314793586730957
agents 0 97 6 14.411065101623535 6.2207183837890625 0
<unk> 0 98 5 1.9505693912506104 5.787191390991211 0.43352699279785156
<unk> 0 99 5 0.4526500999927521 2.928102731704712 2.859088659286499
( 0 100 1 2.8337485790252686 3.231948137283325 0
<unk> 0 101 5 0.25103694200515747 1.7692649364471436 1.4626832008361816
<unk> 0 102 5 0.1988752782344818 1.3431330919265747 0.42613184452056885
) 0 103 1 0.07865802943706512 0.4266888499259949 0.9164442420005798
and 0 104 3 0.6229156851768494 1.5119514465332031 0
<unk> 0 105 5 0.23121897876262665 1.6929632425308228 0
<unk> 0 106 5 0.22278767824172974 1.7342727184295654 0
( 0 107 1 0.10161282867193222 0.6795321702957153 1.05474054813385
<unk> 0 108 5 0.10923781245946884 0.8370060324668884 0
<unk> 0 109 5 0.144941508769989 1.018082857131958 0
) 0 110 1 0.03573108837008476 0.209499329328537 0.808583527803421
investigate 0 111 11 6.124629497528076 6.476931095123291 0
a 0 112 1 3.594107151031494 4.307438850402832 2.169492244720459
series 0 113 6 5.710210800170898 9.602052688598633 0
of 0 114 2 0.04021913930773735 0.3694429099559784 9.232609778642654
murders 0 115 7 3.5309317111968994 8.377972602844238 0
on 0 116 2 5.5606560707092285 5.05194616317749 3.326026439666748
the 0 117 3 1.3675646781921387 4.244558811187744 0.8073873519897461
set 0 118 3 8.659911155700684 6.989938259124756 0
of 0 119 2 2.508357286453247 4.227250099182129 2.762688159942627
a 0 120 1 5.603853702545166 4.972433090209961 0
horror 0 121 6 10.839493751525879 8.586094856262207 0
film 0 122 4 1.4835443496704102 5.310494422912598 3.2756004333496094
— 0 123 1 8.539948463439941 5.946467876434326 0
and 0 124 3 5.1102375984191895 5.702701091766357 0.24376678466796875
realize 0 125 7 13.709172248840332 7.232898712158203 0
that 0 126 4 0.7608471512794495 2.968950033187866 4.263948678970337
the 0 127 3 1.9531933069229126 4.665013313293457 0
production 0 128 10 9.260074615478516 8.696930885314941 0
is 0 129 2 3.9524970054626465 5.557168960571289 3.1397619247436523
based 0 130 5 4.704834461212158 7.560174942016602 0
on 0 131 2 0.18021026253700256 0.984197735786438 6.575977206230164
a 0 132 1 2.754915714263916 4.740114212036133 0
case 0 133 4 11.45952033996582 8.981668472290039 0
<unk> 0 134 5 6.614099025726318 4.727003574371338 4.254664897918701
solved 0 135 6 16.751197814941406 7.998943328857422 0
several 0 136 7 13.776269912719727 4.326260089874268 3.6726832389831543
years 0 137 5 1.1624541282653809 4.198053359985352 0.12820672988891602
earlier 0 138 7 1.5212788581848145 2.6815085411071777 1.5165448188781738
. 0 139 1 0.4211319386959076 1.848233699798584 0.8332748413085938
<eos> 0 140 5 0.01963348314166069 0.10387701541185379 1.7443566843867302
" 0 141 1 11.39379596710205 4.641942501068115 0
... 0 142 3 9.395183563232422 7.581614971160889 0
<unk> 0 143 5 2.3692426681518555 6.502979755401611 1.0786352157592773
<unk> 0 144 5 1.8655288219451904 5.281169891357422 1.2218098640441895
<unk> 0 145 5 1.9791584014892578 6.078119277954102 0
" 0 146 1 2.6616804599761963 6.230623245239258 0
proved 0 147 6 10.190152168273926 5.2817487716674805 0.9488744735717773
a 0 148 1 2.120339870452881 5.056453227996826 0.2252955436706543
difficult 0 149 9 7.423098564147949 7.663583278656006 0
episode 0 150 7 3.1356921195983887 7.660533905029297 0.0030493736267089844
to 0 151 2 3.6985433101654053 4.220078468322754 3.440455436706543
produce 0 152 7 7.528450965881348 7.496942520141602 0
, 0 153 1 3.2982447147369385 6.10529899597168 1.3916435241699219
with 0 154 4 4.384359359741211 4.898817539215088 1.2064814567565918
filming 0 155 7 9.876951217651367 5.672540187835693 0
requiring 0 156 9 13.088287353515625 7.807489395141602 0
a 0 157 1 2.5608341693878174 6.084182262420654 1.7233071327209473
large 0 158 5 6.380334854125977 9.125617027282715 0
number 0 159 6 4.206000804901123 7.295541763305664 1.8300752639770508
of 0 160 2 0.02237136848270893 0.20809650421142578 7.087445259094238
shots 0 161 5 6.827681064605713 7.971033096313477 0
to 0 162 2 3.0477113723754883 4.955512046813965 3.0155210494995117
be 0 163 2 1.6041826009750366 6.53925895690918 0
completed 0 164 9 6.956571578979492 6.6659836769104 0
and 0 165 3 4.298124313354492 3.853367328643799 2.8126163482666016
the 0 166 3 3.294142007827759 8.431188583374023 0
script 0 167 6 5.589493751525879 8.066147804260254 0.36504077911376953
to 0 168 2 8.194138526916504 4.916818618774414 3.14932918548584
be 0 169 2 2.785607099533081 6.652434825897217 0
adjusted 0 170 8 10.76474380493164 7.823681354522705 0
on 0 171 2 7.906408309936523 3.8581526279449463 3.965528726577759
short 0 172 5 13.058996200561523 5.461719036102295 0
notice 0 173 6 5.28411865234375 6.343142509460449 0
. 0 174 1 1.720016360282898 4.879397392272949 1.4637451171875
<eos> 0 175 5 0.03505680710077286 0.16401013731956482 4.715387254953384
<unk> 0 176 5 2.7135133743286133 5.280636787414551 0
has 0 177 3 7.382331848144531 6.121635913848877 0
evoked 0 178 6 16.41045570373535 6.403034687042236 0
mixed 0 179 5 9.291913986206055 6.379846572875977 0.023188114166259766
responses 0 180 9 4.721255302429199 4.678802490234375 1.7010440826416016
from 0 181 4 1.185637354850769 2.9726200103759766 1.7061824798583984
critics 0 182 7 2.8625426292419434 5.3137526512146 0
, 0 183 1 1.334887981414795 3.3933017253875732 1.9204509258270264
although 0 184 8 6.543788433074951 4.585078716278076 0
the 0 185 3 3.058725118637085 5.527237415313721 0
guest 0 186 5 10.462259292602539 7.618100643157959 0
appearances 0 187 11 4.881614685058594 5.866853713989258 1.7512469291687012
by 0 188 2 5.911293983459473 5.542740821838379 0.3241128921508789
the 0 189 3 3.359187126159668 3.6886043548583984 1.8541364669799805
members 0 190 7 10.779748916625977 6.837480068206787 0
of 0 191 2 0.5333113074302673 2.7716453075408936 4.0658347606658936
<unk> 0 192 5 3.4971323013305664 2.1581201553344727 0.6135251522064209
have 0 193 4 5.153348922729492 5.541985511779785 0
been 0 194 4 1.9576798677444458 6.347073554992676 0
more 0 195 4 6.759201526641846 7.4492621421813965 0
universally 0 196 11 10.178534507751465 7.436008453369141 0.01325368881225586
criticized 0 197 10 4.126667499542236 5.362096786499023 2.073911666870117
. 0 198 1 0.7025395631790161 2.2275784015655518 3.1345183849334717
<eos> 0 199 5 0.005577779840677977 0.03683077171444893 2.190747629851103
= 0 200 1 2.726524829864502 4.743924140930176 0
= 0 201 1 0.10350056737661362 0.7097564935684204 4.034167647361755
<unk> 0 202 5 11.922773361206055 0.7276139259338379 0
= 0 203 1 1.6465673446655273 5.141318321228027 0
= 0 204 1 0.0001458339102100581 0.0021960940212011337 5.139122227206826
<eos> 0 205 5 14.50766658782959 4.03783655166626 0
<unk> 0 206 5 1.1379375457763672 5.518240451812744 0
<unk> 0 207 5 1.0263856649398804 4.410189628601074 1.10805082321167
of 0 208 2 8.087142944335938 5.232386589050293 0
<unk> 0 209 5 1.5086978673934937 2.8097751140594482 2.4226114749908447
agents 0 210 6 13.667804718017578 6.7017951011657715 0
<unk> 0 211 5 1.279794454574585 5.716851234436035 0.9849438667297363
<unk> 0 212 5 0.35910260677337646 2.433587074279785 3.28326416015625
( 0 213 1 2.560307025909424 2.7676174640655518 0
<unk> 0 214 5 0.20184722542762756 1.525160789489746 1.2424566745758057
<unk> 0 215 5 0.25648802518844604 1.469746470451355 0.05541431903839111
) 0 216 1 0.11533025652170181 0.5826665163040161 0.8870799541473389
and 0 217 3 0.6657434701919556 1.906112790107727 0
<unk> 0 218 5 0.1840379685163498 1.3257358074188232 0.5803769826889038
<unk> 0 219 5 0.1993182897567749 1.5305745601654053 0
( 0 220 1 0.07727666944265366 0.4998641312122345 1.0307104289531708
<unk> 0 221 5 0.07202626019716263 0.6054167747497559 0
<unk> 0 222 5 0.1471209079027176 0.9848698973655701 0
) 0 223 1 0.048265181481838226 0.2686712145805359 0.7161986827850342
travel 0 224 6 8.964048385620117 5.702486038208008 0
to 0 225 2 1.3506691455841064 4.529350757598877 1.1731352806091309
<unk> 0 226 5 1.6214165687561035 3.9742887020111084 0.5550620555877686
<unk> 0 227 5 3.1197750568389893 5.052041530609131 0
, 0 228 1 1.9640309810638428 4.471043109893799 0.580998420715332
<unk> 0 229 5 1.158342957496643 4.355771541595459 0.11527156829833984
<unk> 0 230 5 4.357381343841553 3.661496877670288 0.6942746639251709
to 0 231 2 5.4753851890563965 3.950991153717041 0
investigate 0 232 11 3.6152968406677246 7.416012763977051 0
the 0 233 3 0.9691525101661682 3.8772435188293457 3.538769245147705
deaths 0 234 6 7.576328277587891 9.566174507141113 0
of 0 235 2 0.08039434254169464 0.5307376384735107 9.035436868667603
film 0 236 4 13.46567440032959 4.987061977386475 0
director 0 237 8 5.376799583435059 7.184658527374268 0
<unk> 0 238 5 0.27294325828552246 1.6206451654434204 5.564013361930847
<unk> 0 239 5 0.20254340767860413 1.5662115812301636 0.054433584213256836
( 0 240 1 2.160853385925293 3.2234253883361816 0
<unk> 0 241 5 0.19658862054347992 1.4325331449508667 1.790892243385315
<unk> 0 242 5 0.19683891534805298 1.3674888610839844 0.06504428386688232
) 0 243 1 0.05934908241033554 0.3318408727645874 1.035647988319397
and 0 244 3 0.8237887024879456 2.2435483932495117 0
<unk> 0 245 5 0.6358873844146729 3.5580170154571533 0
<unk> 0 246 5 0.8095635175704956 2.9761273860931396 0.5818896293640137
, 0 247 1 7.447015285491943 0.2895117998123169 2.6866155862808228
the 0 248 3 2.882780075073242 5.1437859535217285 0
leading 0 249 7 7.4996747970581055 8.19013500213623 0
actress 0 250 7 6.89691162109375 8.2415189743042 0
in 0 251 2 2.9399430751800537 3.538494825363159 4.70302414894104
his 0 252 3 6.3454084396362305 3.1847286224365234 0.35376620292663574
newest 0 253 6 13.897714614868164 8.339093208312988 0
film 0 254 4 1.949435830116272 6.411853790283203 1.9272394180297852
. 0 255 1 2.429918050765991 5.7632060050964355 0.6486477851867676
<eos> 0 256 5 0.022283481433987617 0.11546313762664795 5.647742867469788
<unk> 0 257 5 1.6428072452545166 4.760987281799316 0
the 0 258 3 9.899922370910645 5.790990352630615 0
local 0 259 5 12.191652297973633 7.981968879699707 0
sheriff 0 260 7 8.409586906433105 9.263385772705078 0
guides 0 261 6 15.76895523071289 5.925602912902832 3.337782859802246
<unk> 0 262 5 1.2002381086349487 4.919132232666016 1.0064706802368164
and 0 263 3 3.6406264305114746 5.0614423751831055 0
<unk> 0 264 5 0.6794690489768982 3.4713783264160156 1.5900640487670898
through 0 265 7 9.64086627960205 6.768989562988281 0
the 0 266 3 1.386539340019226 5.043396949768066 1.7255926132202148
murder 0 267 6 9.264543533325195 9.30087947845459 0
scene 0 268 5 5.810977458953857 4.116913795471191 5.183965682983398
, 0 269 1 2.055180311203003 4.277408599853516 0
<unk> 0 270 5 5.435359001159668 6.035671234130859 0
realizes 0 271 8 12.71875286102295 6.18272590637207 0
that 0 272 4 0.6676037311553955 2.747924327850342 3.4348015785217285
the 0 273 3 2.534538507461548 4.337199687957764 0
film 0 274 4 4.421138763427734 9.185508728027344 0
is 0 275 2 2.1039023399353027 5.284721374511719 3.900787353515625
based 0 276 5 5.503169536590576 7.374961853027344 0
on 0 277 2 0.2031487226486206 1.1815229654312134 6.19343888759613
a 0 278 1 2.7000932693481445 5.224285125732422 0
real 0 279 4 6.840321063995361 9.026491165161133 0
murder 0 280 6 11.131741523742676 6.656558036804199 2.3699331283569336
case 0 281 4 6.8640313148498535 6.949726581573486 0
he 0 282 2 8.624110221862793 4.777824401855469 2.1719021797180176
investigated 0 283 12 11.58341121673584 6.884756565093994 0
thirteen 0 284 8 19.69745635986328 4.64138650894165 2.2433700561523438
years 0 285 5 0.32228729128837585 1.3710731267929077 3.2703133821487427
previously 0 286 10 5.760354042053223 2.4054322242736816 0
; 0 287 1 6.786743640899658 2.7203152179718018 0
he 0 288 2 2.6645023822784424 5.208147048950195 0
is 0 289 2 3.5378456115722656 7.502565383911133 0
shocked 0 290 7 8.041067123413086 8.581616401672363 0
to 0 291 2 1.151934266090393 2.8875956535339355 5.694020748138428
learn 0 292 5 2.567692756652832 3.8925559520721436 0
that 0 293 4 0.9254482388496399 3.449643850326538 0.44291210174560547
the 0 294 3 2.467315435409546 4.367812633514404 0
true 0 295 4 10.021594047546387 9.150047302246094 0
story 0 296 5 6.840015411376953 9.794451713562012 0
is 0 297 2 1.905298113822937 5.457305431365967 4.337146282196045
being 0 298 5 6.4640350341796875 7.60512113571167 0
<unk> 0 299 5 5.063159465789795 9.028456687927246 0
for 0 300 3 5.941927433013916 5.233219623565674 3.7952370643615723
the 0 301 3 2.0642898082733154 6.6669416427612305 0
screen 0 302 6 11.535286903381348 8.703315734863281 0
. 0 303 1 1.4676436185836792 5.3644819259643555 3.338833808898926
<eos> 0 304 5 0.01457866933196783 0.08186161518096924 5.282620310783386
<unk> 0 305 5 1.771561622619629 4.899565696716309 0
pair 0 306 4 23.241168975830078 6.747495651245117 0
interview 0 307 9 11.553105354309082 6.988595008850098 0
the 0 308 3 5.142779350280762 5.706775665283203 1.2818193435668945
cast 0 309 4 9.153250694274902 8.403544425964355 0
and 0 310 3 3.686199188232422 6.297561168670654 2.105983257293701
crew 0 311 4 0.956400990486145 5.183218002319336 1.1143431663513184
as 0 312 2 5.750977516174316 6.598920822143555 0
suspects 0 313 8 10.710617065429688 5.585134983062744 1.0137858390808105
, 0 314 1 2.263615131378174 5.1076741218566895 0.4774608612060547
discovering 0 315 11 11.953088760375977 6.18180513381958 0
that 0 316 4 1.1520031690597534 3.9493813514709473 2.232423782348633
many 0 317 4 8.885995864868164 4.630951881408691 0
would 0 318 5 9.217114448547363 5.615597248077393 0
benefit 0 319 7 12.175780296325684 6.865165710449219 0
from 0 320 4 0.7110753059387207 3.2535722255706787 3.61159348487854
either 0 321 6 10.468853950500488 5.654398441314697 0
of 0 322 2 4.9639434814453125 7.023648262023926 0
the 0 323 3 1.1339256763458252 3.5713610649108887 3.452287197113037
deaths 0 324 6 7.770371437072754 9.051126480102539 0
— 0 325 1 9.247540473937988 3.525913715362549 5.52521276473999
producer 0 326 8 14.405512809753418 6.732251167297363 0
<unk> 0 327 5 0.5300202369689941 2.7673442363739014 3.964906930923462
<unk> 0 328 5 0.3242630958557129 2.443990707397461 0.32335352897644043
had 0 329 3 4.942099094390869 5.349823474884033 0
been 0 330 4 2.6761505603790283 7.710638523101807 0
having 0 331 6 9.156773567199707 8.3233003616333 0
an 0 332 2 4.259029388427734 6.226505279541016 2.096795082092285
affair 0 333 6 0.57869553565979 3.4828288555145264 2.7436764240264893
with 0 334 4 0.7110698223114014 2.853724241256714 0.6291046142578125
<unk> 0 335 5 1.0429977178573608 3.917848825454712 0
; 0 336 1 6.691756725311279 4.285700798034668 0
<unk> 0 337 5 2.42787504196167 5.280094623565674 0
<unk> 0 338 5 2.0877909660339355 6.3512187004089355 0
replaced 0 339 8 10.583623886108398 5.777650356292725 0.5735683441162109
<unk> 0 340 5 1.224453091621399 3.3919436931610107 2.385706663131714
as 0 341 2 2.874361276626587 4.277994632720947 0
director 0 342 8 4.281015396118164 5.261322498321533 0
; 0 343 1 6.447734355926514 3.2032532691955566 2.0580692291259766
<unk> 0 344 5 1.5036429166793823 4.901059627532959 0
<unk> 0 345 5 1.8723448514938354 6.083002090454102 0
and 0 346 3 3.8480663299560547 6.071835041046143 0.011167049407958984
<unk> 0 347 5 0.28736236691474915 1.9063771963119507 4.165457844734192
<unk> 0 348 5 0.39549949765205383 2.9472835063934326 0
, 0 349 1 3.848849296569824 6.687857151031494 0
whose 0 350 5 7.49531364440918 5.343863487243652 1.3439936637878418
roles 0 351 5 6.923636436462402 9.602334976196289 0
in 0 352 2 2.3676645755767822 4.864604949951172 4.737730026245117
the 0 353 3 0.7277109026908875 3.503535032272339 1.361069917678833
film 0 354 4 1.1432582139968872 4.453143119812012 0
will 0 355 4 9.517473220825195 4.1279683113098145 0.32517480850219727
expand 0 356 6 10.995920181274414 5.180919647216797 0
without 0 357 7 11.518831253051758 5.625134468078613 0
<unk> 0 358 5 3.3903310298919678 7.707187175750732 0
; 0 359 1 8.613372802734375 5.682960510253906 2.024226665496826
and 0 360 3 3.228135108947754 5.451508522033691 0.23145198822021484
<unk> 0 361 5 1.5320971012115479 5.633073329925537 0
<unk> 0 362 5 1.476230263710022 4.678806304931641 0.9542670249938965
, 0 363 1 1.217941164970398 3.954540252685547 0.7242660522460938
a 0 364 1 3.9159059524536133 5.198057174682617 0
method 0 365 6 14.17630672454834 8.245478630065918 0
actor 0 366 5 12.131426811218262 4.218841552734375 4.026637077331543
<unk> 0 367 5 4.535464286804199 5.478720664978027 0
the 0 368 3 7.613681793212891 3.6400225162506104 1.838698148727417
opportunity 0 369 11 8.76255989074707 8.667899131774902 0
to 0 370 2 0.33904245495796204 1.5251266956329346 7.142772436141968
meet 0 371 4 7.993276119232178 8.265829086303711 0
<unk> 0 372 5 2.6750402450561523 4.879469871520996 3.386359214782715
, 0 373 1 3.8117849826812744 4.883839130401611 0
whose 0 374 5 9.211060523986816 6.988182067871094 0
role 0 375 4 5.113795757293701 9.853862762451172 0
he 0 376 2 6.209707260131836 4.595637321472168 5.258225440979004
plays 0 377 5 7.51285982131958 6.796796798706055 0
. 0 378 1 6.057458877563477 5.863060474395752 0.9337363243103027
<eos> 0 379 5 0.04063470661640167 0.18456120789051056 5.678499266505241
<unk> 0 380 5 1.5868579149246216 4.6743597984313965 0
questioned 0 381 10 14.08771800994873 6.215326309204102 0
is 0 382 2 13.121975898742676 3.9571831226348877 2.258143186569214
<unk> 0 383 5 4.464394569396973 6.871570110321045 0
<unk> 0 384 5 2.196882963180542 4.414937973022461 2.456632137298584
, 0 385 1 2.040438175201416 4.62985897064209 0
the 0 386 3 3.955061674118042 4.469607353210449 0.16025161743164062
man 0 387 3 7.88408088684082 7.849352836608887 0
whose 0 388 5 7.02095365524292 3.813584327697754 4.035768508911133
partner 0 389 7 9.459050178527832 8.885172843933105 0
was 0 390 3 2.5318942070007324 5.048673629760742 3.8364992141723633
murdered 0 391 8 6.823894500732422 7.231908798217773 0
in 0 392 2 2.603349447250366 3.8465027809143066 3.385406017303467
the 0 393 3 1.4531570672988892 3.586263418197632 0.2602393627166748
earlier 0 394 7 10.40842056274414 6.80878210067749 0
case 0 395 4 9.806914329528809 6.916379928588867 0
and 0 396 3 5.238198280334473 3.286397933959961 3.6299819946289062
who 0 397 3 10.626785278320312 7.915539264678955 0
is 0 398 2 4.068151950836182 7.588617324829102 0.3269219398498535
campaigning 0 399 11 16.825990676879883 8.596564292907715 0
against 0 400 7 5.2642621994018555 3.820072889328003 4.776491403579712
what 0 401 4 10.34782600402832 4.321389675140381 0
he 0 402 2 1.398779034614563 4.23854398727417 0.08284568786621094
sees 0 403 4 6.289391994476318 5.918846130371094 0
as 0 404 2 1.0312438011169434 3.5178027153015137 2.40104341506958
a 0 405 1 2.025223731994629 4.331360816955566 0
disrespectful 0 406 13 15.138339042663574 8.42684555053711 0
production 0 407 10 12.595497131347656 9.169090270996094 0
. 0 408 1 1.0171465873718262 4.146535396575928 5.022554874420166
<eos> 0 409 5 0.021218404173851013 0.11046531051397324 4.0360700860619545
<unk> 0 410 5 1.4027385711669922 4.513840675354004 0
production 0 411 10 15.400286674499512 6.531331539154053 0
continues 0 412 9 8.597389221191406 7.844065189361572 0
, 0 413 1 4.828351020812988 3.984891653060913 3.859173536300659
and 0 414 3 1.6681684255599976 5.109942436218262 0
after 0 415 5 6.626952648162842 5.946550369262695 0
the 0 416 3 1.803690791130066 5.557271480560303 0.3892788887023926
filming 0 417 7 5.754662036895752 7.626999855041504 0
of 0 418 2 0.8147189617156982 3.6171205043792725 4.0098793506622314
a 0 419 1 5.013709545135498 3.697742223739624 0
pool 0 420 4 14.628408432006836 8.036069869995117 0
scene 0 421 5 6.205638885498047 5.313223838806152 2.722846031188965
the 0 422 3 7.134642601013184 4.670920372009277 0.642303466796875
crew 0 423 4 6.624406814575195 7.732673168182373 0
gather 0 424 6 11.455500602722168 8.079611778259277 0
in 0 425 2 4.488385200500488 6.722843170166016 1.3567686080932617
catering 0 426 8 19.41531753540039 5.286635398864746 1.4362077713012695
; 0 427 1 6.988985538482666 5.358282089233398 0
<unk> 0 428 5 2.236090898513794 6.022174835205078 0
discovers 0 429 9 8.68649959564209 7.30188512802124 0
a 0 430 1 3.84403657913208 4.359713077545166 2.942172050476074
severed 0 431 7 12.221200942993164 9.88611125946045 0
finger 0 432 6 9.159574508666992 8.352889060974121 1.5332221984863281
in 0 433 2 4.171718597412109 5.2661614418029785 3.0867276191711426
his 0 434 3 3.068910598754883 3.9188573360443115 1.347304105758667
sandwich 0 435 8 20.83379554748535 7.398045063018799 0
, 0 436 1 1.9882032871246338 4.342535495758057 3.055509567260742
recognizing 0 437 11 15.608072280883789 5.75871467590332 0
from 0 438 4 12.372126579284668 4.3428473472595215 1.4158673286437988
its 0 439 3 8.208951950073242 4.332500457763672 0.01034688949584961
ring 0 440 4 13.7902193069458 10.128654479980469 0
that 0 441 4 3.811976194381714 7.489531517028809 2.63912296295166
it 0 442 2 4.360795021057129 5.415888786315918 2.0736427307128906
belonged 0 443 8 10.251176834106445 5.044533729553223 0.3713550567626953
to 0 444 2 0.08582901209592819 0.6670377850532532 4.3774959444999695
<unk> 0 445 5 2.513453483581543 4.58119535446167 0
. 0 446 1 1.3832138776779175 3.885175943374634 0.6960194110870361
<eos> 0 447 5 0.01930057443678379 0.1032814010977745 3.7818945422768593
<unk> 0 448 5 1.6661460399627686 5.010056495666504 0
the 0 449 3 9.349725723266602 6.759761810302734 0
sheriff 0 450 7 10.780635833740234 8.492390632629395 0
shuts 0 451 5 14.936922073364258 6.527389049530029 1.9650015830993652
down 0 452 4 1.7195789813995361 3.7872908115386963 2.740098237991333
production 0 453 10 13.480215072631836 4.157229423522949 0
, 0 454 1 2.9546358585357666 5.583693504333496 0
<unk> 0 455 5 5.51900577545166 6.263091564178467 0
<unk> 0 456 5 3.6142897605895996 6.857088565826416 0
that 0 457 4 9.237552642822266 6.5757317543029785 0.2813568115234375
the 0 458 3 2.7410099506378174 5.939388751983643 0.6363430023193359
killer 0 459 6 8.284310340881348 8.946318626403809 0
may 0 460 3 6.8670525550842285 6.429270267486572 2.5170483589172363
target 0 461 6 13.68581485748291 6.131767749786377 0.2975025177001953
the 0 462 3 2.2055399417877197 5.470081329345703 0.6616864204406738
crew 0 463 4 7.446887493133545 9.830497741699219 0
's 0 464 2 5.244129180908203 4.920602798461914 4.909894943237305
hotel 0 465 5 11.797013282775879 10.672569274902344 0
; 0 466 1 6.08711576461792 6.314024448394775 4.358544826507568
he 0 467 2 3.4444355964660645 5.872983932495117 0.4410405158996582
and 0 468 3 5.367819309234619 7.797094821929932 0
<unk> 0 469 5 0.6520535945892334 3.205650806427002 4.59144401550293
arrive 0 470 6 7.464367389678955 7.694461345672607 0
to 0 471 2 3.256516218185425 4.997299671173096 2.6971616744995117
find 0 472 4 3.862738609313965 7.855421543121338 0
the 0 473 3 2.1924471855163574 5.32224178314209 2.533179759979248
body 0 474 4 8.221675872802734 10.152107238769531 0
of 0 475 2 2.5429203510284424 6.010690689086914 4.141416549682617
the 0 476 3 1.4434421062469482 4.887625694274902 1.1230649948120117
film 0 477 4 6.455700397491455 9.269883155822754 0
's 0 478 2 1.9370474815368652 4.4961066246032715 4.773776531219482
publicist 0 479 9 14.035149574279785 8.501838684082031 0
hanging 0 480 7 17.290103912353516 3.5319254398345947 4.9699132442474365
from 0 481 4 3.240609884262085 5.5684895515441895 0
a 0 482 1 3.2145538330078125 4.0172953605651855 1.551194190979004
rope 0 483 4 10.572653770446777 9.59717082977295 0
. 0 484 1 1.6752499341964722 5.335129737854004 4.262041091918945
<eos> 0 485 5 0.013202705420553684 0.07550575584173203 5.259623982012272
<unk> 0 486 5 2.026662826538086 5.19580078125 0
next 0 487 4 10.617406845092773 7.106626987457275 0
day 0 488 3 6.609243869781494 8.184237480163574 0
, 0 489 1 2.185049057006836 6.1035966873168945 2.0806407928466797
a 0 490 1 4.353753089904785 5.203242301940918 0.9003543853759766
film 0 491 4 6.852175235748291 9.261229515075684 0
extra 0 492 5 13.437143325805664 8.445606231689453 0.8156232833862305
( 0 493 1 8.916277885437012 7.976543426513672 0.46906280517578125
<unk> 0 494 5 1.3359019756317139 6.038972854614258 1.937570571899414
<unk> 0 495 5 2.1244657039642334 3.1133999824523926 2.9255728721618652
) 0 496 1 0.8359458446502686 3.0825743675231934 0.03082561492919922
confesses 0 497 9 14.511529922485352 5.935296535491943 0
to 0 498 2 1.2689114809036255 3.3589725494384766 2.576323986053467
the 0 499 3 2.0426557064056396 4.704643249511719 0
killings 0 500 8 12.86982250213623 9.630976676940918 0
; 0 501 1 7.019404411315918 4.503664493560791 5.127312183380127
<unk> 0 502 5 2.284635543823242 5.0142412185668945 0
<unk> 0 503 5 2.9664254188537598 7.318112373352051 0
holes 0 504 5 18.298437118530273 6.452289581298828 0.8658227920532227
in 0 505 2 2.740482807159424 6.7202372550964355 0
his 0 506 3 3.4416990280151367 4.251995086669922 2.4682421684265137
story 0 507 5 10.140817642211914 8.748981475830078 0
and 0 508 3 2.6620824337005615 5.052651882171631 3.6963295936584473
discovers 0 509 9 11.064857482910156 8.682329177856445 0
he 0 510 2 4.9337239265441895 4.5303850173950195 4.151944160461426
is 0 511 2 2.33829402923584 6.603487014770508 0
not 0 512 3 4.862339019775391 8.539251327514648 0
a 0 513 1 3.3420894145965576 8.203091621398926 0.33615970611572266
credible 0 514 8 9.176898002624512 9.052297592163086 0
perpetrator 0 515 11 8.366865158081055 8.280128479003906 0.7721691131591797
. 0 516 1 1.0431945323944092 2.9923911094665527 5.2877373695373535
<eos> 0 517 5 0.007195836864411831 0.0457148402929306 2.946676269173622
<unk> 0 518 5 1.8075954914093018 5.1319146156311035 0
, 0 519 1 4.31222677230835 6.954626083374023 0
production 0 520 10 13.514294624328613 5.517152309417725 1.4374737739562988
is 0 521 2 8.172346115112305 5.679093360900879 0
resumed 0 522 7 13.777006149291992 8.869431495666504 0
— 0 523 1 8.945672035217285 4.946049213409424 3.92338228225708
and 0 524 3 2.765070915222168 6.668872356414795 0
shortly 0 525 7 10.871131896972656 6.6543121337890625 0.014560222625732422
afterwards 0 526 10 2.6782073974609375 2.0537960529327393 4.600516080856323
, 0 527 1 1.1614097356796265 4.751789093017578 0
several 0 528 7 8.845473289489746 5.3627471923828125 0
crew 0 529 4 8.852744102478027 7.973928928375244 0
members 0 530 7 0.2243974208831787 1.8329918384552002 6.140937089920044
are 0 531 3 3.4836721420288086 6.857493877410889 0
found 0 532 5 5.980323791503906 8.596435546875 0
with 0 533 4 6.957661151885986 5.291835784912109 3.3045997619628906
their 0 534 5 4.702601432800293 6.604198455810547 0
throats 0 535 7 12.600350379943848 9.716287612915039 0
cut 0 536 3 11.569236755371094 4.22224760055542 5.494040012359619
, 0 537 1 4.511751651763916 5.201362133026123 0
while 0 538 5 4.960880756378174 6.582218170166016 0
<unk> 0 539 5 1.9960814714431763 5.578069686889648 1.0041484832763672
's 0 540 2 3.362511157989502 6.602594375610352 0
body 0 541 4 4.466444492340088 9.743546485900879 0
hangs 0 542 5 10.138593673706055 5.989745140075684 3.7538013458251953
nearby 0 543 6 9.901729583740234 5.670501232147217 0.3192439079284668
in 0 544 2 4.029446125030518 4.053540229797363 1.6169610023498535
an 0 545 2 5.08293342590332 4.635623931884766 0
apparent 0 546 8 8.782674789428711 7.014991283416748 0
murder 0 547 6 9.109328269958496 9.598095893859863 0
<unk> 0 548 5 6.187191486358643 5.142413139343262 4.455682754516602
suicide 0 549 7 11.156943321228027 7.412779808044434 0
. 0 550 1 1.847470760345459 5.86951208114624 1.5432677268981934
<eos> 0 551 5 0.003354402491822839 0.023872431367635727 5.8456396497786045
<unk> 0 552 5 1.9529868364334106 5.236194610595703 0
doubts 0 553 6 15.130477905273438 6.659769535064697 0
that 0 554 4 2.248154401779175 4.741725921630859 1.918043613433838
<unk> 0 555 5 1.7049974203109741 4.3261518478393555 0.4155740737915039
is 0 556 2 2.27642560005188 5.576794624328613 0
the 0 557 3 3.846140146255493 7.891457557678223 0
killer 0 558 6 5.135365009307861 7.864619255065918 0.026838302612304688
, 0 559 1 2.140881299972534 5.075255870819092 2.789363384246826
and 0 560 3 1.9923309087753296 4.435978412628174 0.639277458190918
while 0 561 5 9.306992530822754 6.80681037902832 0
<unk> 0 562 5 2.4176523685455322 5.9478440284729 0.8589663505554199
stays 0 563 5 9.974390983581543 6.712327480316162 0
in 0 564 2 1.8424019813537598 4.97295618057251 1.7393712997436523
the 0 565 3 1.547904372215271 4.593830585479736 0.37912559509277344
hotel 0 566 5 6.279571056365967 8.542892456054688 0
, 0 567 1 0.9263838529586792 3.8540170192718506 4.688875436782837
he 0 568 2 1.7090370655059814 4.035105228424072 0
visits 0 569 6 9.927471160888672 7.264159679412842 0
the 0 570 3 2.390498399734497 3.5615458488464355 3.7026138305664062
production 0 571 10 10.851601600646973 9.117844581604004 0
's 0 572 2 6.011452674865723 7.150990962982178 1.9668536186218262
climactic 0 573 9 12.99147891998291 9.897026062011719 0
shoot 0 574 5 6.436629772186279 8.991780281066895 0.9052457809448242
, 0 575 1 2.928992509841919 4.186793804168701 4.804986476898193
set 0 576 3 10.756692886352539 6.390993118286133 0
during 0 577 6 7.820857524871826 5.171818256378174 1.219174861907959
a 0 578 1 2.7043020725250244 2.946491003036499 2.225327253341675
performance 0 579 11 9.379761695861816 9.040886878967285 0
by 0 580 2 3.8495662212371826 4.402106285095215 4.63878059387207
the 0 581 3 2.8683857917785645 3.6451597213745117 0.7569465637207031
band 0 582 4 8.830860137939453 7.403299808502197 0
<unk> 0 583 5 3.515324115753174 4.820095062255859 2.583204746246338
. 0 584 1 1.784530520439148 5.510372161865234 0
<eos> 0 585 5 0.00875327829271555 0.05398784205317497 5.456384319812059
<unk> 0 586 5 1.7093093395233154 4.797463893890381 0
he 0 587 2 13.076102256774902 7.122503280639648 0
looks 0 588 5 9.89008617401123 7.281713008880615 0
around 0 589 6 7.6454572677612305 5.255156517028809 2.0265564918518066
him 0 590 3 3.897085428237915 5.014709949493408 0.2404465675354004
, 0 591 1 1.771755576133728 4.359775066375732 0.6549348831176758
the 0 592 3 6.914550304412842 6.188583850860596 0
sheriff 0 593 7 9.793558120727539 9.071531295776367 0
's 0 594 2 3.5735902786254883 6.610299110412598 2.4612321853637695
body 0 595 4 5.6647562980651855 8.754476547241211 0
is 0 596 2 3.3891422748565674 7.023711681365967 1.7307648658752441
thrown 0 597 6 7.338638782501221 9.019648551940918 0
down 0 598 4 4.44176721572876 5.016229629516602 4.003418922424316
from 0 599 4 5.524624824523926 4.953310966491699 0.06291866302490234
the 0 600 3 1.489214301109314 4.50982666015625 0.4434843063354492
rafters 0 601 7 11.095322608947754 9.396379470825195 0
; 0 602 1 6.268970012664795 3.4908013343811035 5.905578136444092
as 0 603 2 6.497040748596191 5.357031345367432 0
the 0 604 3 2.91646671295166 4.147747993469238 1.2092833518981934
<unk> 0 605 5 3.9374353885650635 9.257651329040527 0
settles 0 606 7 13.973937034606934 9.36263370513916 0
, 0 607 1 2.006748676300049 4.902121067047119 4.460512638092041
<unk> 0 608 5 1.799211025238037 4.352690696716309 0.5494303703308105
realizes 0 609 8 6.676101207733154 7.641570091247559 0
that 0 610 4 0.7987397313117981 2.8659207820892334 4.775649309158325
horror 0 611 6 18.817180633544922 4.152067184448242 0
films 0 612 5 6.81719970703125 5.803628921508789 0
end 0 613 3 11.023968696594238 6.053199291229248 0
with 0 614 4 3.6532390117645264 3.8610589504241943 2.1921403408050537
the 0 615 3 2.1465210914611816 5.586025714874268 0
leading 0 616 7 12.67856216430664 9.662458419799805 0
lady 0 617 4 8.96639633178711 8.929228782653809 0.7332296371459961
being 0 618 5 6.705573081970215 5.331184387207031 3.5980443954467773
targeted 0 619 8 12.384708404541016 8.217827796936035 0
— 0 620 1 10.651246070861816 3.5377416610717773 4.680086135864258
the 0 621 3 3.4382357597351074 6.409321308135986 0
killer 0 622 6 7.62453556060791 9.767492294311523 0
is 0 623 2 2.7814176082611084 7.283290386199951 2.4842019081115723
after 0 624 5 11.882262229919434 8.981729507446289 0
<unk> 0 625 5 3.020048141479492 7.046936988830566 1.9347925186157227
. 0 626 1 3.9296865463256836 7.507171154022217 0
<eos> 0 627 5 0.004532012157142162 0.030924543738365173 7.476246610283852
<unk> 0 628 5 1.6847118139266968 5.1933674812316895 0
back 0 629 4 14.251269340515137 7.287094593048096 0
to 0 630 2 1.0104049444198608 3.8488049507141113 3.4382896423339844
her 0 631 3 6.469797611236572 4.840902805328369 0
hotel 0 632 5 9.199179649353027 8.872430801391602 0
, 0 633 1 2.223111152648926 5.325911045074463 3.5465197563171387
<unk> 0 634 5 2.358506679534912 6.300008773803711 0
discover 0 635 8 15.037163734436035 6.878366470336914 0
<unk> 0 636 5 3.741853952407837 4.055377960205078 2.822988510131836
<unk> 0 637 5 2.9482078552246094 5.34947395324707 0
off 0 638 3 10.514538764953613 5.505224227905273 0
a 0 639 1 4.681070804595947 5.026278018951416 0.4789462089538574
chainsaw 0 640 8 14.785055160522461 9.691343307495117 0
<unk> 0 641 5 4.828243732452393 5.618999481201172 4.072343826293945
wielding 0 642 8 7.988738536834717 6.928962230682373 0
<unk> 0 643 5 2.6262741088867188 9.18169116973877 0
. 0 644 1 2.980422258377075 6.769052982330322 2.4126381874084473
<eos> 0 645 5 0.0030681733042001724 0.022418443113565445 6.746634539216757
<unk> 0 646 5 1.7526558637619019 5.146235466003418 0
is 0 647 2 3.844774007797241 7.341760635375977 0
able 0 648 4 6.092430591583252 8.630183219909668 0
to 0 649 2 0.004639503080397844 0.05189628526568413 8.578286934643984
subdue 0 650 6 12.804401397705078 8.493106842041016 0
<unk> 0 651 5 1.9266940355300903 3.990097999572754 4.503008842468262
after 0 652 5 6.374791622161865 4.406857490539551 0
<unk> 0 653 5 3.299901247024536 6.548784255981445 0
<unk> 0 654 5 4.032135963439941 7.533973693847656 0
the 0 655 3 5.0340118408203125 6.704593658447266 0.8293800354003906
chainsaw 0 656 8 17.179468154907227 9.969503402709961 0
; 0 657 1 6.930752277374268 6.714842319488525 3.2546610832214355
the 0 658 3 3.27237868309021 5.238739967346191 1.476102352142334
actor 0 659 5 7.941001892089844 9.465617179870605 0
then 0 660 4 4.942572116851807 7.926023960113525 1.53959321975708
explains 0 661 8 8.927027702331543 8.784804344177246 0
that 0 662 4 1.559548258781433 4.206317901611328 4.578486442565918
he 0 663 2 1.738476276397705 4.138642311096191 0.06767559051513672
lacked 0 664 6 14.24393367767334 5.9038190841674805 0
<unk> 0 665 5 4.170887470245361 6.291123867034912 0
's 0 666 2 1.2386120557785034 4.6143598556518555 1.6767640113830566
insight 0 667 7 12.342864990234375 9.936348915100098 0
and 0 668 3 4.100675582885742 3.5597403049468994 6.376608610153198
had 0 669 3 7.97861385345459 9.648149490356445 0
to 0 670 2 2.9287476539611816 7.57443904876709 2.0737104415893555
commit 0 671 6 9.664981842041016 8.280305862426758 0
the 0 672 3 3.2786097526550293 5.374285697937012 2.906020164489746
crimes 0 673 6 12.230685234069824 9.799761772155762 0
in 0 674 2 4.532318115234375 5.1536478996276855 4.646113872528076
order 0 675 5 5.219038009643555 5.0305681228637695 0.12307977676391602
to 0 676 2 0.08688842505216599 0.5719076991081238 4.458660423755646
see 0 677 3 7.147541046142578 8.048577308654785 0
through 0 678 7 11.312895774841309 5.6739277839660645 2.3746495246887207
the 0 679 3 1.7208185195922852 5.525649070739746 0.14827871322631836
eyes 0 680 4 9.119258880615234 10.433706283569336 0
of 0 681 2 1.9104039669036865 2.744633674621582 7.689072608947754
a 0 682 1 4.123014450073242 4.549432754516602 0
killer 0 683 6 8.487807273864746 8.923175811767578 0
. 0 684 1 1.0571070909500122 4.587368488311768 4.3358073234558105
<eos> 0 685 5 0.009168778546154499 0.055852197110652924 4.531516291201115
= 0 686 1 5.02427339553833 5.342004299163818 0
= 0 687 1 0.010544667020440102 0.1030116081237793 5.238992691040039
<unk> 0 688 5 8.305890083312988 3.6093862056732178 0
= 0 689 1 1.3451712131500244 5.206122875213623 0
= 0 690 1 0.0006494322442449629 0.009153056889772415 5.196969818323851
<eos> 0 691 5 14.495268821716309 3.855376720428467 0
" 0 692 1 5.078735828399658 5.771176338195801 0
... 0 693 3 10.534367561340332 6.795607566833496 0
<unk> 0 694 5 1.775701642036438 6.7962260246276855 0
<unk> 0 695 5 2.2683465480804443 3.989974021911621 2.8062520027160645
<unk> 0 696 5 2.1555397510528564 4.066925525665283 0
" 0 697 1 0.9413642287254333 3.3346879482269287 0.7322375774383545
is 0 698 2 1.9590749740600586 4.498777389526367 0
the 0 699 3 2.727080821990967 3.2542905807495117 1.2444868087768555
second 0 700 6 3.4767048358917236 5.968155860900879 0
episode 0 701 7 1.1378592252731323 4.536341667175293 1.431814193725586
of 0 702 2 0.3883010149002075 1.8756864070892334 2.6606552600860596
<unk> 0 703 5 4.190703868865967 1.31820809841156 0.5574783086776733
to 0 704 2 6.993111610412598 5.103762149810791 0
have 0 705 4 3.993673801422119 5.6515092849731445 0
been 0 706 4 1.9219913482666016 5.4610395431518555 0.19046974182128906
written 0 707 7 2.8502423763275146 6.555239200592041 0
by 0 708 2 0.6208655834197998 2.5092341899871826 4.046005010604858
<unk> 0 709 5 0.4697795510292053 2.6448354721069336 0
<unk> 0 710 5 0.5507104992866516 2.7022478580474854 0
<unk> 0 711 5 4.372426509857178 2.767383098602295 0
, 0 712 1 2.259169578552246 3.346426248550415 0
who 0 713 3 1.8568884134292603 4.729287147521973 0
had 0 714 3 2.8397719860076904 6.241174697875977 0
previously 0 715 10 0.8848602771759033 3.908600091934204 2.3325746059417725
penned 0 716 6 5.867665767669678 4.39957332611084 0
the 0 717 3 1.085389494895935 3.8164331912994385 0.5831401348114014
second 0 718 6 6.071020603179932 5.9427080154418945 0
season 0 719 6 2.3799660205841064 4.2836503982543945 1.6590576171875
episode 0 720 7 2.0160741806030273 4.068455219268799 0.2151951789855957
" 0 721 1 0.05508396774530411 0.39521169662475586 3.673243522644043
<unk> 0 722 5 1.6166822910308838 6.420197486877441 0
<unk> 0 723 5 2.107185125350952 4.127392292022705 2.2928051948547363
" 0 724 1 0.6998676061630249 2.6163129806518555 1.5110793113708496
, 0 725 1 2.2151145935058594 3.0777976512908936 0
and 0 726 3 2.9354631900787354 5.619616508483887 0
would 0 727 5 7.84281063079834 6.568769454956055 0
provide 0 728 7 8.918378829956055 5.915149211883545 0.6536202430725098
a 0 729 1 2.0386300086975098 5.642056941986084 0.27309226989746094
further 0 730 7 9.064208984375 8.611136436462402 0
three 0 731 5 5.322499752044678 8.388618469238281 0.2225179672241211
scripts 0 732 7 5.542431354522705 6.21304178237915 2.175576686859131
in 0 733 2 6.0435967445373535 3.2990567684173584 2.913985013961792
the 0 734 3 1.308113694190979 4.548448085784912 0
third 0 735 5 5.570944786071777 4.951840877532959 0
season 0 736 6 0.4195578992366791 1.4904636144638062 3.461377263069153
. 0 737 1 0.8582181930541992 2.7511556148529053 0
<eos> 0 738 5 0.08788993954658508 0.3256474733352661 2.425508141517639
<unk> 0 739 5 2.9697840213775635 4.668879985809326 0
episode 0 740 7 12.908059120178223 5.494964599609375 0
was 0 741 3 5.083724498748779 4.794295787811279 0.7006688117980957
directed 0 742 8 4.239713668823242 5.534746170043945 0
by 0 743 2 0.021226709708571434 0.17774297297000885 5.3570031970739365
<unk> 0 744 5 0.3074609935283661 1.8924124240875244 0
<unk> 0 745 5 0.20327526330947876 1.5266938209533691 0.3657186031341553
<unk> 0 746 5 5.052896976470947 2.3152029514312744 0
, 0 747 1 1.3775562047958374 2.9270477294921875 0
who 0 748 3 2.270461082458496 4.388214588165283 0
<unk> 0 749 5 6.496399879455566 6.228062629699707 0
a 0 750 1 7.250838279724121 5.900546073913574 0.3275165557861328
total 0 751 5 10.447369575500488 8.562032699584961 0
of 0 752 2 0.16045281291007996 1.4144681692123413 7.14756453037262
twenty 0 753 6 5.469862937927246 3.7253670692443848 0
<unk> 0 754 5 1.6927907466888428 5.016733646392822 0
six 0 755 3 2.9825479984283447 3.5118625164031982 1.504871129989624
episodes 0 756 8 0.536426305770874 3.267144203186035 0.24471831321716309
across 0 757 6 11.5657958984375 4.5892558097839355 0
all 0 758 3 7.69999361038208 2.369001865386963 2.2202539443969727
three 0 759 5 2.977388381958008 5.28683614730835 0
seasons 0 760 7 2.6444520950317383 4.584006309509277 0.7028298377990723
. 0 761 1 0.9516584277153015 3.118678569793701 1.4653277397155762
<eos> 0 762 5 0.05290182679891586 0.2252517193555832 2.893426850438118
<unk> 0 763 5 2.8797476291656494 4.934616565704346 0
would 0 764 5 7.772435188293457 4.909101486206055 0.025515079498291016
also 0 765 4 3.258507251739502 5.797679424285889 0
go 0 766 2 6.605393886566162 5.825493812561035 0
on 0 767 2 0.8482679128646851 3.21087646484375 2.614617347717285
to 0 768 2 0.13103707134723663 0.9161646366119385 2.2947118282318115
direct 0 769 6 3.7392289638519287 6.397540092468262 0
" 0 770 1 7.328995227813721 4.134341239929199 2.2631988525390625
<unk> 0 771 5 1.9468175172805786 7.094974994659424 0
" 0 772 1 1.328976035118103 4.494727611541748 2.600247383117676
, 0 773 1 2.1119773387908936 4.733393669128418 0
the 0 774 3 4.232634544372559 5.6741557121276855 0
series 0 775 6 5.131241321563721 5.951915264129639 0
' 0 776 1 1.772513747215271 4.497611999511719 1.45430326461792
crossover 0 777 9 8.0861177444458 6.593578338623047 0
episode 0 778 7 2.976097822189331 6.5365471839904785 0.05703115463256836
with 0 779 4 4.069860935211182 3.5874972343444824 2.949049949645996
its 0 780 3 6.4703049659729 4.591071128845215 0
sister 0 781 6 8.05334186553955 7.728033542633057 0
show 0 782 4 9.545808792114258 5.079865455627441 2.6481680870056152
<unk> 0 783 5 2.6408650875091553 5.267517566680908 0
<unk> 0 784 5 1.649573564529419 4.009093761444092 1.2584238052368164
<unk> 0 785 5 4.157472610473633 2.9115281105041504 1.0975656509399414
<unk> 0 786 5 3.308338165283203 3.397374153137207 0
. 0 787 1 1.4001150131225586 3.521439790725708 0
<eos> 0 788 5 0.0651634931564331 0.26361894607543945 3.2578208446502686
<unk> 0 789 5 2.500911235809326 4.881168365478516 0
episode 0 790 7 12.377484321594238 5.881429672241211 0
features 0 791 8 7.6840033531188965 4.8768839836120605 1.0045456886291504
guest 0 792 5 3.4023823738098145 5.429937362670898 0
appearances 0 793 11 0.34295549988746643 1.733420968055725 3.6965163946151733
by 0 794 2 0.42632991075515747 1.2348473072052002 0.4985736608505249
the 0 795 3 4.796187400817871 3.0764758586883545 0
members 0 796 7 10.489509582519531 6.444884777069092 0
of 0 797 2 0.14772352576255798 0.9820757508277893 5.4628090262413025
the 0 798 3 0.4116714298725128 2.1207685470581055 0
band 0 799 4 11.25695514678955 5.78751802444458 0
<unk> 0 800 5 5.015757083892822 4.349278926849365 1.4382390975952148
— 0 801 1 9.732773780822754 5.5506815910339355 0
<unk> 0 802 5 2.261028289794922 6.016778469085693 0
<unk> 0 803 5 0.9207895994186401 4.493082523345947 1.523695945739746
, 0 804 1 1.6146214008331299 3.8493728637695312 0.643709659576416
<unk> 0 805 5 0.40188494324684143 2.3942372798919678 1.4551355838775635
<unk> 0 806 5 0.23964470624923706 1.7863211631774902 0.6079161167144775
, 0 807 1 0.45245203375816345 1.374171495437622 0.41214966773986816
<unk> 0 808 5 0.4995531141757965 1.553465485572815 0
<unk> 0 809 5 0.15885958075523376 1.28272545337677 0.2707400321960449
and 0 810 3 2.6351099014282227 1.212611436843872 0.07011401653289795
<unk> 0 811 5 0.18790416419506073 1.4102100133895874 0
<unk> 0 812 5 0.19032295048236847 1.545674204826355 0
— 0 813 1 2.0985515117645264 2.946389675140381 0
who 0 814 3 3.1349809169769287 6.446056365966797 0
each 0 815 4 9.950225830078125 7.040283203125 0
portray 0 816 7 9.094411849975586 8.706135749816895 0
both 0 817 4 7.062382221221924 4.710761547088623 3.9953742027282715
themselves 0 818 10 8.750898361206055 5.92498254776001 0
and 0 819 3 0.8346221446990967 2.570453643798828 3.3545289039611816
a 0 820 1 5.930934429168701 6.906252384185791 0
small 0 821 5 8.049288749694824 8.98461627960205 0
cameo 0 822 5 8.215917587280273 7.026693820953369 1.9579224586486816
role 0 823 4 7.164846420288086 4.631219863891602 2.3954739570617676
. 0 824 1 1.202175259590149 3.177812099456787 1.4534077644348145
<eos> 0 825 5 0.03922028839588165 0.17938749492168427 2.998424604535103
<unk> 0 826 5 2.6855146884918213 4.980988025665283 0
, 0 827 1 5.006108283996582 5.496840476989746 0
the 0 828 3 3.8932814598083496 5.0630784034729 0.4337620735168457
band 0 829 4 9.91965103149414 7.615719318389893 0
members 0 830 7 7.525176525115967 3.123940944671631 4.491778373718262
insisted 0 831 8 17.53604507446289 5.932462215423584 0
during 0 832 6 10.19223690032959 3.035719156265259 2.896743059158325
filming 0 833 7 8.030071258544922 3.7939798831939697 0
that 0 834 4 2.825712203979492 5.753658294677734 0
their 0 835 5 7.244041442871094 4.861729145050049 0.8919291496276855
roles 0 836 5 7.487791538238525 8.988428115844727 0
be 0 837 2 6.344203472137451 4.935403347015381 4.053024768829346
given 0 838 5 6.992509365081787 8.777700424194336 0
an 0 839 2 7.286238670349121 5.385663032531738 3.3920373916625977
equal 0 840 5 7.417216777801514 8.0198392868042 0
amount 0 841 6 1.7727270126342773 6.509724140167236 1.510115146636963
of 0 842 2 0.2358555942773819 1.212551474571228 5.297172665596008
dialogue 0 843 8 5.9045867919921875 8.320843696594238 0
, 0 844 1 2.3917806148529053 4.045492172241211 4.275351524353027
which 0 845 5 3.9276022911071777 5.89991569519043 0
led 0 846 3 6.907207012176514 6.393298149108887 0
to 0 847 2 0.128733828663826 0.8375176191329956 5.555780529975891
<unk> 0 848 5 3.377542495727539 5.000290393829346 0
being 0 849 5 2.224137306213379 6.3491530418396 0
asked 0 850 5 6.026640892028809 8.430790901184082 0
to 0 851 2 1.469447374343872 4.028791904449463 4.401998996734619
amend 0 852 5 14.814380645751953 7.682713985443115 0
scenes 0 853 6 10.899378776550293 3.376976251602173 4.305737733840942
on 0 854 2 4.86476469039917 4.954260349273682 0
short 0 855 5 14.654985427856445 4.135283470153809 0.818976879119873
notice 0 856 6 4.489150524139404 6.424125671386719 0
and 0 857 3 4.273083686828613 4.102010726928711 2.322114944458008
fax 0 858 3 16.90788459777832 9.302834510803223 0
updated 0 859 7 18.287076950073242 6.686450004577637 2.616384506225586
scripts 0 860 7 9.706450462341309 5.85357141494751 0.832878589630127
to 0 861 2 3.2345383167266846 3.7873785495758057 2.066192865371704
the 0 862 3 3.493842601776123 7.863142967224121 0
shooting 0 863 8 12.817429542541504 7.50565242767334 0.35749053955078125
locations 0 864 9 8.800079345703125 5.465450286865234 2.0402021408081055
; 0 865 1 7.450241565704346 3.2339422702789307 2.2315080165863037
ultimately 0 866 10 10.097740173339844 6.0360565185546875 0
much 0 867 4 12.536190032958984 4.716773986816406 1.3192825317382812
of 0 868 2 0.49735593795776367 3.3832976818084717 1.3334763050079346
this 0 869 4 5.677175045013428 2.0838053226470947 1.299492359161377
additional 0 870 10 13.44628620147705 6.219720363616943 0
material 0 871 8 6.726341724395752 8.11696720123291 0
was 0 872 3 0.8811923265457153 4.148781776428223 3.9681854248046875
filmed 0 873 6 5.249295711517334 7.996690273284912 0
but 0 874 3 10.270678520202637 4.408647060394287 3.588043212890625
not 0 875 3 4.553775787353516 7.647124290466309 0
used 0 876 4 6.800333023071289 8.804877281188965 0
in 0 877 2 2.8630571365356445 4.163854598999023 4.641022682189941
the 0 878 3 1.0627937316894531 4.862112045288086 0
episode 0 879 7 1.7213070392608643 5.756410121917725 0
. 0 880 1 0.6130837202072144 2.462451457977295 3.2939586639404297
<eos> 0 881 5 0.023472143337130547 0.1205323114991188 2.341919146478176
<unk> 0 882 5 2.4931018352508545 5.245601177215576 0
<unk> 0 883 5 1.9637101888656616 6.177908420562744 0
was 0 884 3 3.3398261070251465 5.613694190979004 0.5642142295837402
also 0 885 4 3.8832292556762695 7.347723960876465 0
<unk> 0 886 5 6.782832145690918 7.503491401672363 0
towards 0 887 7 10.663392066955566 5.137240886688232 2.366250514984131
his 0 888 3 5.9117536544799805 4.568974018096924 0.5682668685913086
role 0 889 4 3.6057608127593994 8.045709609985352 0
, 0 890 1 3.9401473999023438 2.7836251258850098 5.262084484100342
and 0 891 3 1.9282996654510498 5.405334949493408 0
requested 0 892 9 10.029142379760742 6.733362197875977 0
to 0 893 2 4.8399882316589355 4.761763572692871 1.9715986251831055
play 0 894 4 4.605768203735352 7.574991226196289 0
a 0 895 1 2.8956897258758545 4.823907852172852 2.7510833740234375
" 0 896 1 5.429153919219971 7.931297779083252 0
<unk> 0 897 5 2.3384687900543213 9.144378662109375 0
<unk> 0 898 5 2.481973886489868 5.154870986938477 3.9895076751708984
pound 0 899 5 13.507567405700684 5.092215538024902 0.06265544891357422
black 0 900 5 10.920516967773438 5.960409641265869 0
man 0 901 3 4.602024555206299 6.485977649688721 0
" 0 902 1 0.477870911359787 2.610677480697632 3.875300168991089
instead 0 903 7 7.5920586585998535 4.939835071563721 0
, 0 904 1 3.6678836345672607 2.085463285446167 2.8543717861175537
wishing 0 905 7 13.190346717834473 6.917606353759766 0
to 0 906 2 0.6396874785423279 2.7502903938293457 4.16731595993042
wear 0 907 4 6.545955657958984 7.8371076583862305 0
a 0 908 1 1.7249751091003418 4.857026100158691 2.980081558227539
fat 0 909 3 11.116381645202637 8.46194839477539 0
suit 0 910 4 7.25264310836792 7.898299217224121 0.5636491775512695
like 0 911 4 7.869568347930908 4.6322832107543945 3.2660160064697266
those 0 912 5 8.006884574890137 5.131180286407471 0
used 0 913 4 5.517357349395752 6.987838268280029 0
in 0 914 2 1.0839804410934448 3.1697676181793213 3.818070650100708
the 0 915 3 0.9843681454658508 4.446672439575195 0
<unk> 0 916 5 5.044607639312744 4.639894962310791 0
<unk> 0 917 5 2.785139322280884 6.835989952087402 0
<unk> 0 918 5 3.187222480773926 6.856324195861816 0
film 0 919 4 3.664987564086914 7.250044822692871 0
<unk> 0 920 5 3.3936386108398438 6.837822437286377 0.41222238540649414
<unk> 0 921 5 2.614386558532715 4.341696739196777 2.4961256980895996
<unk> 0 922 5 2.5724010467529297 3.583559513092041 0.7581372261047363
; 0 923 1 7.077033996582031 3.580258369445801 0.0033011436462402344
he 0 924 2 3.3514809608459473 5.576262950897217 0
was 0 925 3 3.0483415126800537 6.62235164642334 0
eventually 0 926 10 7.751472473144531 7.802216053009033 0
convinced 0 927 9 7.7221808433532715 6.822988986968994 0.9792270660400391
that 0 928 4 0.8569689393043518 2.729768753051758 4.093220233917236
such 0 929 4 9.863018989562988 4.344325065612793 0
a 0 930 1 1.30061674118042 5.4782795906066895 0
suit 0 931 4 12.022420883178711 8.921830177307129 0
would 0 932 5 1.6653975248336792 3.3142385482788086 5.60759162902832
take 0 933 4 7.078423500061035 3.576106548309326 0
too 0 934 3 6.703238487243652 5.249359607696533 0
long 0 935 4 3.3289237022399902 2.7469868659973145 2.5023727416992188
to 0 936 2 1.4279595613479614 3.7223730087280273 0
fabricate 0 937 9 15.699966430664062 6.856401443481445 0
. 0 938 1 3.5706074237823486 5.789352893829346 1.0670485496520996
<eos> 0 939 5 0.026281628757715225 0.13133104145526886 5.658021852374077
<unk> 0 940 5 1.8282774686813354 5.020428657531738 0
has 0 941 3 7.273140907287598 6.259337902069092 0
described 0 942 9 6.201268196105957 6.066324710845947 0.19301319122314453
the 0 943 3 1.021832823753357 3.3674116134643555 2.698913097381592
production 0 944 10 7.004986763000488 7.371870040893555 0
" 0 945 1 8.399958610534668 4.424324035644531 2.9475460052490234
... 0 946 3 6.8401312828063965 8.095165252685547 0
<unk> 0 947 5 3.4869894981384277 6.647196292877197 1.4479689598083496
<unk> 0 948 5 2.3062901496887207 6.10241174697876 0.5447845458984375
<unk> 0 949 5 2.1609578132629395 6.833127975463867 0
" 0 950 1 3.1652016639709473 6.7888102531433105 0.04431772232055664
as 0 951 2 3.088695526123047 5.019878387451172 1.7689318656921387
being 0 952 5 5.847480297088623 4.4554338455200195 0.5644445419311523
" 0 953 1 1.6975746154785156 5.338397026062012 0
one 0 954 3 5.166884422302246 7.656081676483154 0
of 0 955 2 0.03490287810564041 0.36673054099082947 7.289351135492325
the 0 956 3 0.2958129346370697 1.6405779123306274 0
most 0 957 4 1.1643859148025513 4.628217697143555 0
<unk> 0 958 5 5.003953456878662 8.558259963989258 0
" 0 959 1 4.989991188049316 8.252910614013672 0.30534934997558594
of 0 960 2 3.551875114440918 6.502647399902344 1.7502632141113281
the 0 961 3 0.8574394583702087 3.333519458770752 3.169127941131592
series 0 962 6 1.9800457954406738 5.0038676261901855 0
' 0 963 1 4.983683109283447 2.6643497943878174 2.339517831802368
run 0 964 3 9.275365829467773 7.97482442855835 0
, 0 965 1 2.3843233585357666 3.1670162677764893 4.80780816078186
citing 0 966 6 8.071065902709961 5.389241695404053 0
its 0 967 3 4.321113586425781 4.669426441192627 0.7198152542114258
abundance 0 968 9 13.428241729736328 8.993349075317383 0
of 0 969 2 0.6454825401306152 2.743915319442749 6.249433755874634
stunt 0 970 5 12.357344627380371 9.050753593444824 0
work 0 971 4 7.420124053955078 7.7511210441589355 1.2996325492858887
and 0 972 3 2.53731369972229 4.1434783935546875 3.607642650604248
physical 0 973 8 11.273665428161621 9.49490737915039 0
effects 0 974 7 4.231990814208984 9.244203567504883 0.2507038116455078
as 0 975 2 5.20731258392334 3.0542869567871094 6.189916610717773
the 0 976 3 3.1555142402648926 5.885412693023682 0
cause 0 977 5 10.80789852142334 7.955704212188721 0
of 0 978 2 0.5006951689720154 2.320216655731201 5.6354875564575195
this 0 979 4 6.371869087219238 5.195568561553955 0
. 0 980 1 3.3308374881744385 8.154069900512695 0
<eos> 0 981 5 0.03538157045841217 0.16547717154026031 7.988592728972435
<unk> 0 982 5 1.6333260536193848 4.587764739990234 0
praised 0 983 7 6.743133068084717 5.46458625793457 0
<unk> 0 984 5 2.0402510166168213 2.2688565254211426 3.1957297325134277
for 0 985 3 3.32174015045166 3.0170516967773438 0
his 0 986 3 2.2378907203674316 5.136169910430908 0
ability 0 987 7 5.772315502166748 7.761692523956299 0
to 0 988 2 0.05742296949028969 0.41310635209083557 7.348586171865463
direct 0 989 6 10.158625602722168 8.380993843078613 0
the 0 990 3 1.5358394384384155 5.5954484939575195 2.7855453491210938
episode 0 991 7 2.9653165340423584 7.4970221519470215 0
within 0 992 6 10.780725479125977 4.684587478637695 2.812434673309326
the 0 993 3 1.3757827281951904 4.1339545249938965 0.5506329536437988
usual 0 994 5 10.029173851013184 7.487301826477051 0
time 0 995 4 6.390048503875732 8.223739624023438 0
constraints 0 996 11 12.207842826843262 5.168354511260986 3.055385112762451
, 0 997 1 1.9540504217147827 4.358829498291016 0.8095250129699707
as 0 998 2 4.915741443634033 5.76140832901001 0
he 0 999 2 2.5750811100006104 4.0345354080200195 1.7268729209899902
felt 0 1000 4 1.7446098327636719 5.759566783905029 0
the 0 1001 3 2.9057157039642334 3.6426408290863037 2.1169259548187256
number 0 1002 6 9.457221031188965 8.137852668762207 0
of 0 1003 2 0.600057065486908 3.1835920810699463 4.954260587692261
shots 0 1004 5 7.5980916023254395 7.680156230926514 0
involved 0 1005 8 8.913840293884277 6.646348476409912 1.0338077545166016
was 0 1006 3 6.2237067222595215 7.412640571594238 0
more 0 1007 4 4.437108516693115 7.975409030914307 0
akin 0 1008 4 7.667913913726807 8.08039665222168 0
to 0 1009 2 0.018026435747742653 0.14368043839931488 7.936716213822365
a 0 1010 1 3.81077241897583 4.716948509216309 0
feature 0 1011 7 9.399872779846191 8.230940818786621 0
film 0 1012 4 1.4534446001052856 5.288389682769775 2.9425511360168457
than 0 1013 4 3.9647531509399414 4.57896089553833 0.7094287872314453
a 0 1014 1 4.511526107788086 6.593906402587891 0
television 0 1015 10 7.221405506134033 8.836472511291504 0
episode 0 1016 7 4.382577419281006 4.591945648193359 4.2445268630981445
. 0 1017 1 0.753253698348999 3.0995213985443115 1.4924242496490479
<eos> 0 1018 5 0.04714521765708923 0.2068009376525879 2.8927204608917236
<unk> 0 1019 5 1.3469489812850952 4.027080535888672 0
star 0 1020 4 11.050129890441895 4.368920803070068 0
<unk> 0 1021 5 0.9036421775817871 4.025851249694824 0.34306955337524414
<unk> 0 1022 5 0.5896667242050171 2.631086826324463 1.3947644233703613
, 0 1023 1 3.6441690921783447 5.651782989501953 0
who 0 1024 3 1.718586802482605 4.637106418609619 1.014676570892334
played 0 1025 6 4.97316837310791 6.2808451652526855 0
killer 0 1026 6 15.663995742797852 4.451187610626221 1.8296575546264648
<unk> 0 1027 5 1.2335915565490723 5.222127437591553 0
<unk> 0 1028 5 1.2246732711791992 4.374227523803711 0.8478999137878418
, 0 1029 1 1.5711151361465454 4.312171459197998 0.06205606460571289
is 0 1030 2 7.2014875411987305 6.429987907409668 0
the 0 1031 3 4.211921215057373 7.218872547149658 0
husband 0 1032 7 11.741085052490234 7.382740020751953 0
of 0 1033 2 0.40689992904663086 1.9541645050048828 5.42857551574707
actress 0 1034 7 7.986539840698242 3.8056886196136475 0
<unk> 0 1035 5 0.2057298719882965 1.427125334739685 2.3785632848739624
<unk> 0 1036 5 0.22690971195697784 1.7777314186096191 0
, 0 1037 1 1.5636125802993774 3.6038248538970947 0
who 0 1038 3 0.7725927829742432 3.502816677093506 0.10100817680358887
starred 0 1039 7 8.29150676727295 7.051609992980957 0
in 0 1040 2 1.2539405822753906 3.4627482891082764 3.5888617038726807
the 0 1041 3 0.6828784942626953 3.0993945598602295 0.3633537292480469
first 0 1042 5 4.48199987411499 5.805373668670654 0
two 0 1043 3 5.506028652191162 3.45951247215271 2.3458611965179443
seasons 0 1044 7 1.8064123392105103 3.0148441791534424 0.4446682929992676
of 0 1045 2 1.4194897413253784 3.2376091480255127 0
<unk> 0 1046 5 2.7330546379089355 3.2810871601104736 0
as 0 1047 2 6.319523334503174 5.104912281036377 0
<unk> 0 1048 5 1.5124469995498657 4.821190357208252 0.283721923828125
's 0 1049 2 4.087038516998291 4.040219306945801 0.7809710502624512
wife 0 1050 4 5.5257697105407715 8.448166847229004 0
<unk> 0 1051 5 2.584502935409546 2.6751577854156494 5.7730090618133545
. 0 1052 1 1.0459750890731812 2.967153310775757 0
<eos> 0 1053 5 0.055034469813108444 0.23285622894763947 2.7342970818281174
= 0 1054 1 3.004631757736206 4.815366268157959 0
= 0 1055 1 0.11906427890062332 0.7444489002227783 4.070917367935181
<unk> 0 1056 5 8.482085227966309 3.813948392868042 0
and 0 1057 3 3.566633939743042 5.015279293060303 0
reception 0 1058 9 9.685938835144043 4.807638168334961 0.2076411247253418
= 0 1059 1 0.023130981251597404 0.20499448478221893 4.602643683552742
= 0 1060 1 2.751719648586004e-06 3.7663707189494744e-05 0.20495682107502944
<eos> 0 1061 5 17.560970306396484 4.47346830368042 0
" 0 1062 1 4.4048871994018555 6.116674423217773 0
... 0 1063 3 8.269171714782715 7.070342540740967 0
<unk> 0 1064 5 1.9933656454086304 6.865565299987793 0.20477724075317383
<unk> 0 1065 5 1.9366360902786255 4.949987411499023 1.9155778884887695
<unk> 0 1066 5 1.9673948287963867 5.344356536865234 0
" 0 1067 1 1.2253034114837646 4.453807830810547 0.8905487060546875
was 0 1068 3 1.6143295764923096 4.627202987670898 0
first 0 1069 5 6.343044757843018 5.625119209289551 0
broadcast 0 1070 9 0.5185153484344482 2.3216781616210938 3.303441047668457
on 0 1071 2 1.2063028812408447 2.2445294857025146 0.0771486759185791
the 0 1072 3 1.6572909355163574 2.397519588470459 0
<unk> 0 1073 5 2.000725030899048 3.0156755447387695 0
network 0 1074 7 1.0343971252441406 3.1900758743286133 0
on 0 1075 2 1.3851041793823242 2.374497890472412 0.8155779838562012
<unk> 0 1076 5 0.335344135761261 1.2821667194366455 1.0923311710357666
<unk> 0 1077 5 0.1773979365825653 1.0641529560089111 0.21801376342773438
, 0 1078 1 0.1727834939956665 0.7229065299034119 0.34124642610549927
<unk> 0 1079 5 0.0026581212878227234 0.029137566685676575 0.6937689632177353
. 0 1080 1 1.1174002885818481 2.1370346546173096 0
<eos> 0 1081 5 0.02334015443921089 0.11893442273139954 2.01810023188591
<unk> 0 1082 5 4.347557544708252 3.866666316986084 0
episode 0 1083 7 10.571432113647461 5.061646461486816 0
earned 0 1084 6 10.65178108215332 3.860616445541382 1.2010300159454346
a 0 1085 1 1.6795661449432373 3.954033136367798 0
<unk> 0 1086 5 0.2125183492898941 1.3664627075195312 2.5875704288482666
rating 0 1087 6 0.8684738874435425 1.821212649345398 0
of 0 1088 2 0.020519504323601723 0.1600038707256317 1.6612087786197662
<unk> 0 1089 5 0.013290807604789734 0.12170708924531937 0.03829678148031235
<unk> 0 1090 5 0.04980335757136345 0.3499043881893158 0
<eos> 0 1091 5 8.254931162809953e-05 0.0009428446646779776 0.3489615435246378
@ 0 1092 1 0.0 0.0 0.0009428446646779776
<unk> 0 1093 5 0.00027789719752036035 0.0032588273752480745 0
during 0 1094 6 9.328817367553711 2.159475326538086 0
its 0 1095 3 0.7219142913818359 1.4962459802627563 0.6632293462753296
original 0 1096 8 0.2839833199977875 1.2702100276947021 0.2260359525680542
broadcast 0 1097 9 0.4338807165622711 1.1837612390518188 0.0864487886428833
, 0 1098 1 0.6328054666519165 1.7104953527450562 0
meaning 0 1099 7 2.3532426357269287 3.9523556232452393 0
that 0 1100 4 0.08383945375680923 0.4961707592010498 3.4561848640441895
<unk> 0 1101 5 1.7409762144088745 3.1644299030303955 0
<unk> 0 1102 5 0.16131135821342468 0.879137396812439 2.2852925062179565
<eos> 0 1103 5 0.009862096980214119 0.07928473502397537 0.7998526617884636
@ 0 1104 1 0.0 8.599129728281696e-07 0.07928387511100254
<unk> 0 1105 5 0.000968625012319535 0.011436627246439457 0
percent 0 1106 7 0.3136441111564636 0.8321758508682251 0
of 0 1107 2 0.004911880474537611 0.05142901837825775 0.7807468324899673
households 0 1108 10 3.903048515319824 0.8739625811576843 0
in 0 1109 2 1.3962074518203735 3.7750418186187744 0
the 0 1110 3 0.8640215396881104 2.5215606689453125 1.253481149673462
<unk> 0 1111 5 4.009710788726807 1.1338287591934204 1.387731909751892
<unk> 0 1112 5 4.248260498046875 3.755523920059204 0
viewed 0 1113 6 10.43166446685791 3.028805732727051 0.7267181873321533
the 0 1114 3 1.6964011192321777 3.7350401878356934 0
episode 0 1115 7 0.09264779090881348 0.6051714420318604 3.129868745803833
. 0 1116 1 2.4555599689483643 4.2747368812561035 0
<eos> 0 1117 5 0.041735339909791946 0.18820035457611084 4.086536526679993
<unk> 0 1118 5 5.379007816314697 2.879286527633667 0
represented 0 1119 11 13.967693328857422 2.2632126808166504 0.6160738468170166
approximately 0 1120 13 10.756576538085938 2.522106647491455 0
<unk> 0 1121 5 0.2869165539741516 1.529780626296997 0.992326021194458
<unk> 0 1122 5 0.37868645787239075 2.0325934886932373 0
<eos> 0 1123 5 0.4579141139984131 0.979938805103302 1.0526546835899353
@ 0 1124 1 2.751719648586004e-06 3.112852209596895e-05 0.979907676581206
<unk> 0 1125 5 0.00047889217967167497 0.006092330440878868 0
million 0 1126 7 0.055100519210100174 0.2965323030948639 0
households 0 1127 10 1.9662131071090698 1.818325400352478 0
. 0 1128 1 2.852501392364502 3.9619760513305664 0
<eos> 0 1129 5 0.09193780273199081 0.33525022864341736 3.626725822687149
" 0 1130 1 10.798480033874512 4.012181282043457 0
... 0 1131 3 9.501221656799316 7.539629936218262 0
<unk> 0 1132 5 1.7486714124679565 6.772462368011475 0.7671675682067871
<unk> 0 1133 5 0.8874126076698303 4.397948741912842 2.374513626098633
<unk> 0 1134 5 1.1148122549057007 4.450556755065918 0
" 0 1135 1 2.261347532272339 4.297061920166016 0.15349483489990234
received 0 1136 8 2.1840999126434326 4.42400598526001 0
mixed 0 1137 5 2.765489339828491 3.6786766052246094 0.7453293800354004
reviews 0 1138 7 0.3849852681159973 1.2109355926513672 2.467741012573242
from 0 1139 4 0.15018081665039062 0.7798397541046143 0.43109583854675293
critics 0 1140 7 0.643300473690033 1.7441127300262451 0
. 0 1141 1 0.7279020547866821 1.753670573234558 0
<eos> 0 1142 5 0.006263064220547676 0.041033606976270676 1.7126369662582874
<unk> 0 1143 5 0.9850918650627136 3.5656936168670654 0
<unk> 0 1144 5 0.46199220418930054 2.749673366546631 0.8160202503204346
<eos> 0 1145 5 8.88644027709961 2.0517938137054443 0.6978795528411865
<unk> 0 1146 5 5.099926948547363 0.7852474451065063 1.266546368598938
's 0 1147 2 6.838028907775879 3.7881171703338623 0
<unk> 0 1148 5 1.1525768041610718 5.044877529144287 0
<unk> 0 1149 5 0.41027355194091797 2.525251865386963 2.519625663757324
rated 0 1150 5 2.3305492401123047 5.26206111907959 0
the 0 1151 3 0.5840860605239868 1.8627755641937256 3.3992855548858643
episode 0 1152 7 0.04510622099041939 0.3609909117221832 1.5017846524715424
a 0 1153 1 1.394314169883728 3.6884679794311523 0
" 0 1154 1 2.5358633995056152 3.8495044708251953 0
<unk> 0 1155 5 3.6418936252593994 2.280853748321533 1.568650722503662
" 0 1156 1 1.120572805404663 3.0699996948242188 0
. 0 1157 1 2.8581674098968506 2.668180465698242 0.40181922912597656
<eos> 0 1158 5 0.007836907170712948 0.04887363314628601 2.619306832551956
<unk> 0 1159 5 1.3652616739273071 3.6019577980041504 0
felt 0 1160 4 6.553233623504639 3.6533291339874268 0
that 0 1161 4 0.4262721836566925 1.6204338073730469 2.03289532661438
the 0 1162 3 0.8660674095153809 3.0856010913848877 0
episode 0 1163 7 0.9483701586723328 4.730559825897217 0
's 0 1164 2 2.950326681137085 4.764580726623535 0
comedic 0 1165 7 9.656011581420898 7.834924221038818 0
slant 0 1166 5 16.353483200073242 8.05423355102539 0
was 0 1167 3 1.4433237314224243 4.93025541305542 3.1239781379699707
necessary 0 1168 9 11.952398300170898 5.579042911529541 0
within 0 1169 6 11.604019165039062 3.33724308013916 2.241799831390381
the 0 1170 3 0.7432637214660645 3.342348098754883 0
wider 0 1171 5 11.535418510437012 6.689767360687256 0
series 0 1172 6 5.8599443435668945 7.065133094787598 0
, 0 1173 1 1.317431092262268 3.8483238220214844 3.2168092727661133
as 0 1174 2 4.9600348472595215 5.098583221435547 0
he 0 1175 2 3.657737970352173 4.732091426849365 0.36649179458618164
considered 0 1176 10 5.56095027923584 4.632317066192627 0.09977436065673828
<unk> 0 1177 5 3.7348742485046387 3.8474905490875244 0.7848265171051025
's 0 1178 2 2.137072801589966 4.9045329093933105 0
dark 0 1179 4 13.570518493652344 8.621867179870605 0
tone 0 1180 4 6.650413513183594 8.581778526306152 0.040088653564453125
to 0 1181 2 2.0916998386383057 5.466282367706299 3.1154961585998535
be 0 1182 2 0.0708514079451561 0.5255764722824097 4.940705895423889
prone 0 1183 5 15.976696968078613 5.156196117401123 0
to 0 1184 2 0.0329023078083992 0.24028067290782928 4.915915444493294
unintentional 0 1185 13 12.921191215515137 8.179417610168457 0
comedy 0 1186 6 7.58702278137207 9.725105285644531 0
and 0 1187 3 2.9712162017822266 4.3040971755981445 5.421008110046387
that 0 1188 4 6.576637268066406 8.813813209533691 0
a 0 1189 1 6.949587821960449 5.344338417053223 3.4694747924804688
comic 0 1190 5 8.157373428344727 8.871696472167969 0
episode 0 1191 7 8.529608726501465 5.690783500671387 3.180912971496582
provided 0 1192 8 12.519200325012207 6.128618240356445 0
an 0 1193 2 4.386142253875732 6.679859161376953 0
outlet 0 1194 6 11.047688484191895 7.3292951583862305 0
for 0 1195 3 0.9339373111724854 3.1706039905548096 4.158691167831421
this 0 1196 4 8.562192916870117 5.190031051635742 0
. 0 1197 1 3.742619037628174 6.633183479309082 0
<eos> 0 1198 5 0.07802226394414902 0.29897695779800415 6.334206521511078
<unk> 0 1199 5 1.230124592781067 4.0888519287109375 0
found 0 1200 5 9.126194953918457 3.883340358734131 0.20551156997680664
the 0 1201 3 1.3941036462783813 3.3880443572998047 0.49529600143432617
script 0 1202 6 6.934301853179932 6.546454906463623 0
to 0 1203 2 1.9624100923538208 4.936466693878174 1.6099882125854492
be 0 1204 2 0.06751084327697754 0.4907171130180359 4.445749580860138
at 0 1205 2 10.844338417053223 4.6854987144470215 0
its 0 1206 3 5.7241010665893555 4.884675979614258 0
strongest 0 1207 9 4.920870780944824 6.359808444976807 0
when 0 1208 4 9.728158950805664 6.5192952156066895 0
<unk> 0 1209 5 2.626433849334717 5.196435928344727 1.322859287261963
the 0 1210 3 8.0907564163208 6.752774238586426 0
character 0 1211 9 5.54850959777832 8.184404373168945 0
of 0 1212 2 3.834097385406494 6.7256999015808105 1.4587044715881348
<unk> 0 1213 5 0.6948127150535583 3.23380446434021 3.4918954372406006
<unk> 0 1214 5 1.4903686046600342 4.534399032592773 0
, 0 1215 1 1.4259605407714844 4.129266262054443 0.4051327705383301
but 0 1216 3 4.198873996734619 5.63822603225708 0
admitted 0 1217 8 9.355198860168457 6.8488006591796875 0
that 0 1218 4 0.5887585878372192 2.422147750854492 4.426652908325195
it 0 1219 2 2.2477030754089355 3.902327537536621 0
" 0 1220 1 3.24645733833313 3.513540267944336 0.38878726959228516
falls 0 1221 5 10.713469505310059 7.293672561645508 0
apart 0 1222 5 6.026594161987305 6.324244976043701 0.9694275856018066
" 0 1223 1 1.2953925132751465 3.939497947692871 2.38474702835083
when 0 1224 4 6.384061813354492 4.271205425262451 0
attempting 0 1225 10 12.104680061340332 4.849127292633057 0
to 0 1226 2 0.09398777037858963 0.701755166053772 4.147372126579285
send 0 1227 4 10.597270011901855 8.37324047088623 0
up 0 1228 2 7.4660749435424805 5.15838623046875 3.2148542404174805
other 0 1229 5 10.571782112121582 4.829818248748779 0.3285679817199707
subjects 0 1230 8 10.747291564941406 7.881526470184326 0
; 0 1231 1 7.297061443328857 4.474899768829346 3.4066267013549805
he 0 1232 2 2.504920482635498 5.887384414672852 0
also 0 1233 4 3.4750523567199707 7.280629634857178 0
felt 0 1234 4 5.522113800048828 8.071367263793945 0
that 0 1235 4 0.6875728368759155 2.6896893978118896 5.381677865982056
the 0 1236 3 1.5028505325317383 4.311956405639648 0
guest 0 1237 5 10.84466552734375 7.7406721115112305 0
appearance 0 1238 10 3.808488368988037 6.1816487312316895 1.559023380279541
by 0 1239 2 6.8178324699401855 4.7737345695495605 1.407914161682129
<unk> 0 1240 5 0.7907859086990356 3.4954833984375 1.2782511711120605
felt 0 1241 4 9.160734176635742 4.880590915679932 0
unnecessary 0 1242 11 11.369032859802246 4.759116172790527 0.1214747428894043
and 0 1243 3 3.4391536712646484 3.681102991104126 1.0780131816864014
contrived 0 1244 9 10.799198150634766 8.126314163208008 0
. 0 1245 1 1.4139037132263184 3.935009241104126 4.191304922103882
<eos> 0 1246 5 0.17094796895980835 0.5084009766578674 3.4266082644462585
<unk> 0 1247 5 1.328231692314148 4.199455738067627 0
<unk> 0 1248 5 0.9575250744819641 4.425293445587158 0
and 0 1249 3 5.190834045410156 3.1337718963623047 1.2915215492248535
<unk> 0 1250 5 0.1694895476102829 1.2133078575134277 1.920464038848877
<unk> 0 1251 5 0.38124021887779236 2.2801012992858887 0
, 0 1252 1 1.5259127616882324 4.788492202758789 0
in 0 1253 2 0.9921857118606567 4.139255523681641 0.6492366790771484
their 0 1254 5 0.23232781887054443 1.234614372253418 2.9046411514282227
book 0 1255 4 0.037797607481479645 0.35469233989715576 0.8799220323562622
<unk> 0 1256 5 10.592848777770996 0.23435434699058533 0.12033799290657043
to 0 1257 2 6.18262243270874 5.111109256744385 0
<unk> 0 1258 5 0.9490306377410889 3.4772236347198486 1.6338856220245361
: 0 1259 1 3.687305212020874 4.299259662628174 0
<unk> 0 1260 5 2.828312397003174 3.7519218921661377 0.5473377704620361
<unk> 0 1261 5 3.2220840454101562 5.521689414978027 0
<unk> 0 1262 5 4.615309715270996 2.872598886489868 2.649090528488159
to 0 1263 2 8.534788131713867 2.1785426139831543 0.6940562725067139
<unk> 0 1264 5 1.5027885437011719 4.916499614715576 0
<unk> 0 1265 5 2.7176451683044434 2.5182790756225586 2.3982205390930176
<unk> 0 1266 5 5.169142246246338 2.2753219604492188 0.24295711517333984
<unk> 0 1267 5 4.383857250213623 2.367128372192383 0
, 0 1268 1 0.30949175357818604 1.4734320640563965 0.8936963081359863
<unk> 0 1269 5 4.035506725311279 5.619083404541016 0
& 0 1270 1 10.820199966430664 4.13039493560791 1.4886884689331055
<unk> 0 1271 5 0.25591015815734863 1.783941626548767 2.346453309059143
<unk> 0 1272 5 4.55328893661499 4.315364837646484 0
<unk> 0 1273 5 3.6459412574768066 4.334142208099365 0
, 0 1274 1 1.8895196914672852 4.56782865524292 0
rated 0 1275 5 5.7204484939575195 6.346375942230225 0
" 0 1276 1 5.650455474853516 1.6850972175598145 4.66127872467041
... 0 1277 3 10.243547439575195 5.739869594573975 0
<unk> 0 1278 5 1.9991648197174072 6.421786308288574 0
<unk> 0 1279 5 1.6927825212478638 5.628405570983887 0.7933807373046875
<unk> 0 1280 5 1.4815466403961182 4.646161079406738 0.9822444915771484
" 0 1281 1 1.6380164623260498 4.441837310791016 0.20432376861572266
one 0 1282 3 5.119163990020752 4.66999626159668 0
star 0 1283 4 7.235785007476807 1.3541851043701172 3.3158111572265625
out 0 1284 3 2.249054193496704 3.4026713371276855 0
of 0 1285 2 0.017077017575502396 0.14841777086257935 3.254253566265106
five 0 1286 4 0.8287141919136047 2.270832061767578 0
. 0 1287 1 1.3200838565826416 2.1857244968414307 0.08510756492614746
<eos> 0 1288 5 0.010852801613509655 0.06456154584884644 2.1211629509925842
<unk> 0 1289 5 1.1706293821334839 3.9321398735046387 0
felt 0 1290 4 6.477881908416748 3.8811724185943604 0.05096745491027832
that 0 1291 4 0.42508333921432495 1.6282966136932373 2.252875804901123
the 0 1292 3 0.8932256102561951 3.1571738719940186 0
episode 0 1293 7 1.144295573234558 5.0901408195495605 0
had 0 1294 3 4.814014434814453 4.765705585479736 0.3244352340698242
the 0 1295 3 4.95833158493042 5.413175106048584 0
potential 0 1296 9 4.750250339508057 7.072119235992432 0
to 0 1297 2 0.3132203221321106 1.7683255672454834 5.303793668746948
be 0 1298 2 2.3447976112365723 7.028787612915039 0
much 0 1299 4 8.926197052001953 7.831791877746582 0
better 0 1300 6 2.816521406173706 4.823218822479248 3.008573055267334
, 0 1301 1 4.629767417907715 3.70322322845459 1.1199955940246582
but 0 1302 3 1.722916603088379 4.463185787200928 0
that 0 1303 4 2.574111223220825 6.180426120758057 0
" 0 1304 1 3.100309133529663 3.7866735458374023 2.3937525749206543
the 0 1305 3 2.1256422996520996 6.0228047370910645 0
whole 0 1306 5 7.045973777770996 8.906685829162598 0
concept 0 1307 7 8.920781135559082 6.132845401763916 2.7738404273986816
drowns 0 1308 6 20.699663162231445 5.389404296875 0.743441104888916
in 0 1309 2 2.681063652038574 6.4014458656311035 0
<unk> 0 1310 5 3.9357802867889404 5.446175575256348 0.9552702903747559
" 0 1311 1 4.590853691101074 6.024003982543945 0
. 0 1312 1 0.7701382637023926 2.3160593509674072 3.707944631576538
<eos> 0 1313 5 0.01670832931995392 0.09107957035303116 2.224979780614376
<unk> 0 1314 5 1.2101854085922241 3.932727336883545 0
considered 0 1315 10 8.734762191772461 3.837280750274658 0.09544658660888672
the 0 1316 3 0.9304413199424744 3.2872474193573 0.5500333309173584
episode 0 1317 7 1.2045005559921265 5.389200687408447 0
's 0 1318 2 3.302121877670288 4.1390767097473145 1.2501239776611328
characters 0 1319 10 7.989210605621338 8.360928535461426 0
to 0 1320 2 1.3604789972305298 4.506258487701416 3.8546700477600098
too 0 1321 3 17.44002914428711 0.5218209028244019 3.984437584877014
shallow 0 1322 7 9.924832344055176 8.403861045837402 0
and 0 1323 3 2.1326935291290283 5.380423069000244 3.023437976837158
its 0 1324 3 10.6270112991333 9.917607307434082 0
commentary 0 1325 10 13.986390113830566 9.628867149353027 0.2887401580810547
to 0 1326 2 5.9000630378723145 6.166037559509277 3.46282958984375
be 0 1327 2 1.744420051574707 6.49343729019165 0
too 0 1328 3 6.192547798156738 8.382246017456055 0
heavy 0 1329 5 8.695104598999023 7.89937162399292 0.48287439346313477
<unk> 0 1330 5 7.635110855102539 3.586104154586792 4.313267469406128
handed 0 1331 6 8.327445030212402 6.915573596954346 0
to 0 1332 2 4.26779317855835 4.649327278137207 2.2662463188171387
fully 0 1333 5 13.611432075500488 5.526792049407959 0
execute 0 1334 7 12.544859886169434 9.667146682739258 0
anything 0 1335 8 9.781603813171387 5.180696964263916 4.486449718475342
meaningful 0 1336 10 11.076072692871094 6.409937858581543 0
; 0 1337 1 5.796976566314697 3.5388829708099365 2.8710548877716064
criticism 0 1338 9 14.736629486083984 5.793735027313232 0
was 0 1339 3 1.7267471551895142 4.413039684295654 1.3806953430175781
also 0 1340 4 4.333470344543457 7.033562183380127 0
levelled 0 1341 8 9.304558753967285 6.937843322753906 0.0957188606262207
at 0 1342 2 5.015247821807861 4.555215835571289 2.382627487182617
the 0 1343 3 1.0927090644836426 4.728709697723389 0
guest 0 1344 5 10.721731185913086 7.976675033569336 0
roles 0 1345 5 8.45842170715332 6.469005584716797 1.507669448852539
by 0 1346 2 7.279362678527832 3.6200528144836426 2.8489527702331543
the 0 1347 3 2.634913206100464 3.193641424179077 0.42641139030456543
members 0 1348 7 10.238615989685059 6.700625896453857 0
of 0 1349 2 0.6637623310089111 2.3460211753845215 4.354604721069336
<unk> 0 1350 5 4.143564224243164 1.6012572050094604 0.744763970375061
. 0 1351 1 2.3512463569641113 4.313764572143555 0
<eos> 0 1352 5 0.01330733671784401 0.07624785602092743 4.237516716122627
=========================================================================================
| End of testing | test loss  3.31 | test ppl    27.36
=========================================================================================
