word sentid sentpos wlen surp entropy entred
= 0 0 1 4.504707336425781 7.623613357543945 0
<unk> 0 1 5 3.6562368869781494 1.0870999097824097 6.536513447761536
<unk> 0 2 5 0.9915170669555664 4.940589427947998 0
<unk> 0 3 5 2.6515281200408936 3.464470148086548 1.4761192798614502
<unk> 0 4 5 2.727973699569702 2.8209786415100098 0.6434915065765381
= 0 5 1 0.7362658977508545 2.6514852046966553 0.1694934368133545
<eos> 0 6 5 16.912939071655273 2.0527286529541016 0.5987565517425537
= 0 7 1 11.813657760620117 1.1799579858779907 0.8727706670761108
<unk> 0 8 5 1.7174104452133179 1.6629115343093872 0
<unk> 0 9 5 0.38467836380004883 2.424185037612915 0
<unk> 0 10 5 1.4440696239471436 3.1334571838378906 0
<unk> 0 11 5 2.135031223297119 2.761343240737915 0.3721139430999756
= 0 12 1 1.9870668649673462 2.9988443851470947 0
<eos> 0 13 5 16.912559509277344 2.0485634803771973 0.9502809047698975
<unk> 0 14 5 0.16509513556957245 1.2499133348464966 0.7986501455307007
<unk> 0 15 5 0.5103317499160767 2.998483896255493 0
is 0 16 2 5.286486625671387 2.8326401710510254 0.16584372520446777
a 0 17 1 1.027498722076416 1.8292429447174072 1.0033972263336182
state 0 18 5 8.183772087097168 6.202493667602539 0
highway 0 19 7 4.701883316040039 4.295149803161621 1.907343864440918
in 0 20 2 1.5328800678253174 4.711346626281738 0
the 0 21 3 1.074987769126892 2.27683162689209 2.4345149993896484
southern 0 22 8 5.418603897094727 4.094399452209473 0
part 0 23 4 0.7871853113174438 2.730264902114868 1.3641345500946045
of 0 24 2 0.0009658751077950001 0.010843242518603802 2.7194216595962644
the 0 25 3 1.1179120540618896 1.8538306951522827 0
<unk> 0 26 5 2.0047452449798584 4.517498970031738 0
state 0 27 5 1.448113203048706 4.664083003997803 0
of 0 28 2 0.2138749212026596 1.323323369026184 3.3407596349716187
<unk> 0 29 5 0.2414086014032364 1.3556667566299438 0
<unk> 0 30 5 6.537529945373535 1.9150028228759766 0
. 0 31 1 0.9673899412155151 3.0636658668518066 0
<eos> 0 32 5 0.05642686411738396 0.24743066728115082 2.816235199570656
<unk> 0 33 5 2.7251641750335693 6.031427383422852 0
runs 0 34 4 11.997587203979492 7.453036785125732 0
<unk> 0 35 5 4.312308311462402 5.976133823394775 1.476902961730957
<unk> 0 36 5 2.734279155731201 5.924613952636719 0.05151987075805664
<eos> 0 37 5 1.0480470657348633 3.2632992267608643 2.6613147258758545
@ 0 38 1 3.577194729587063e-05 0.0005452539189718664 3.2627539728418924
<unk> 0 39 5 0.0005806685076095164 0.007517519406974316 0
mi 0 40 2 6.146547317504883 4.610236644744873 0
( 0 41 1 0.04640780761837959 0.36230772733688354 4.2479289174079895
<unk> 0 42 5 0.0007759489817544818 0.010214095003902912 0.35209363233298063
<unk> 0 43 5 0.049541983753442764 0.2748144865036011 0
<eos> 0 44 5 0.011081172153353691 0.06761029362678528 0.2072041928768158
@ 0 45 1 0.0 0.0 0.06761029362678528
<unk> 0 46 5 0.0001073131788871251 0.001479495782405138 0
km 0 47 2 0.004889769945293665 0.0374075323343277 0
) 0 48 1 0.0028563819359987974 0.024206822738051414 0.013200709596276283
from 0 49 4 2.4843761920928955 5.0487284660339355 0
an 0 50 2 6.734185695648193 3.558478593826294 1.4902498722076416
intersection 0 51 12 1.5809621810913086 5.076635360717773 0
with 0 52 4 0.2727451026439667 1.4498757123947144 3.626759648323059
<unk> 0 53 5 1.155624270439148 3.964853286743164 0
<unk> 0 54 5 0.71662837266922 2.5829172134399414 1.3819360733032227
<unk> 0 55 5 5.462752342224121 4.422879695892334 0
( 0 56 1 3.8774960041046143 5.277865409851074 0
<unk> 0 57 5 1.0651464462280273 4.824751853942871 0.4531135559082031
<unk> 0 58 5 1.2838903665542603 3.777217388153076 1.047534465789795
) 0 59 1 0.5476807355880737 2.2002928256988525 1.5769245624542236
and 0 60 3 3.4604036808013916 4.13903284072876 0
the 0 61 3 3.7388367652893066 5.836561679840088 0
<unk> 0 62 5 1.5456589460372925 6.160275459289551 0
<unk> 0 63 5 2.428765058517456 6.521817207336426 0
<unk> 0 64 5 1.9125957489013672 6.3199687004089355 0.20184850692749023
in 0 65 2 8.139669418334961 6.535885810852051 0
<unk> 0 66 5 1.2908687591552734 3.889688730239868 2.6461970806121826
<unk> 0 67 5 3.6264922618865967 5.055802345275879 0
, 0 68 1 2.9593398571014404 4.2750654220581055 0.7807369232177734
<unk> 0 69 5 2.4737749099731445 5.925102233886719 0
<unk> 0 70 5 1.9955201148986816 4.685776710510254 1.2393255233764648
<unk> 0 71 5 2.469857931137085 5.136049747467041 0
to 0 72 2 3.814419746398926 5.673465728759766 0
an 0 73 2 7.3168768882751465 4.202836990356445 1.4706287384033203
intersection 0 74 12 0.811791181564331 1.9325530529022217 2.2702839374542236
with 0 75 4 0.0891282856464386 0.6100109219551086 1.322542130947113
<unk> 0 76 5 1.223542332649231 3.692068099975586 0
<unk> 0 77 5 0.39994922280311584 1.8351444005966187 1.8569236993789673
and 0 78 3 4.424339294433594 3.8355212211608887 0
<unk> 0 79 5 1.095353364944458 4.493476867675781 0
<unk> 0 80 5 0.25762996077537537 1.6357626914978027 2.8577141761779785
<unk> 0 81 5 5.255648136138916 4.225274562835693 0
( 0 82 1 4.633213996887207 4.470517635345459 0
<unk> 0 83 5 1.337348222732544 5.1278910636901855 0
<unk> 0 84 5 1.2093325853347778 3.702845335006714 1.4250457286834717
) 0 85 1 0.45906710624694824 2.0810184478759766 1.6218268871307373
in 0 86 2 2.784327507019043 3.430307149887085 0
<unk> 0 87 5 1.0262905359268188 3.1622846126556396 0.2680225372314453
<unk> 0 88 5 4.822170734405518 3.454230546951294 0
<unk> 0 89 5 4.693175315856934 3.19830322265625 0.25592732429504395
, 0 90 1 2.9254908561706543 4.0244832038879395 0
<unk> 0 91 5 2.246389150619507 5.440094470977783 0
<unk> 0 92 5 2.3624610900878906 4.200402736663818 1.2396917343139648
. 0 93 1 1.7947531938552856 3.7868266105651855 0.4135761260986328
<eos> 0 94 5 0.06085982918739319 0.2630612552165985 3.523765355348587
<unk> 0 95 5 2.713122606277466 6.047459125518799 0
route 0 96 5 12.853031158447266 7.447203636169434 0
, 0 97 1 11.130544662475586 0.4643913209438324 6.982812315225601
which 0 98 5 3.8598382472991943 6.779827117919922 0
is 0 99 2 2.5706701278686523 6.59154748916626 0.1882796287536621
mostly 0 100 6 8.554167747497559 7.297690391540527 0
a 0 101 1 4.360386371612549 8.158143997192383 0
two 0 102 3 5.872029781341553 8.786266326904297 0
<unk> 0 103 5 0.08355610072612762 0.7632381916046143 8.023028135299683
lane 0 104 4 0.2402803748846054 1.474073886871338 0
undivided 0 105 9 3.757194757461548 4.612855911254883 0
road 0 106 4 0.7930574417114258 2.5428292751312256 2.0700266361236572
, 0 107 1 0.8442890644073486 3.410156726837158 0
passes 0 108 6 5.402317523956299 5.22479772567749 0
through 0 109 7 1.0118083953857422 4.038208961486816 1.1865887641906738
mostly 0 110 6 7.318962574005127 5.100169658660889 0
rural 0 111 5 1.2125024795532227 3.1265690326690674 1.9736006259918213
areas 0 112 5 0.727123498916626 3.3632047176361084 0
of 0 113 2 3.3075594902038574 3.983130693435669 0
<unk> 0 114 5 2.175302505493164 5.381640911102295 0
and 0 115 3 3.255218744277954 4.01633358001709 1.365307331085205
<unk> 0 116 5 1.50819993019104 5.9504828453063965 0
<unk> 0 117 5 5.512837886810303 4.156836032867432 1.7936468124389648
counties 0 118 8 5.455341815948486 4.469790935516357 0
as 0 119 2 5.371483325958252 2.7191271781921387 1.7506637573242188
well 0 120 4 2.0038399696350098 3.891961097717285 0
as 0 121 2 0.08841834217309952 0.48066264390945435 3.411298453807831
the 0 122 3 2.3791351318359375 6.303019046783447 0
communities 0 123 11 7.451574802398682 6.856231689453125 0
of 0 124 2 0.19624461233615875 1.3205041885375977 5.535727500915527
<unk> 0 125 5 0.4954228699207306 2.7751224040985107 0
, 0 126 1 2.059168815612793 1.8004748821258545 0.9746475219726562
<unk> 0 127 5 0.1539698988199234 1.1371495723724365 0.663325309753418
<unk> 0 128 5 6.486616134643555 1.2237130403518677 0
, 0 129 1 0.5905113220214844 1.5210251808166504 0
<unk> 0 130 5 1.1625475883483887 2.073763132095337 0
<unk> 0 131 5 2.3611979484558105 3.2380459308624268 0
, 0 132 1 0.386944442987442 1.3122092485427856 1.9258366823196411
and 0 133 3 1.2808483839035034 2.1487038135528564 0
<unk> 0 134 5 0.3556656539440155 2.319822311401367 0
<unk> 0 135 5 0.36836764216423035 2.1258435249328613 0.19397878646850586
. 0 136 1 0.5887558460235596 2.384612798690796 0
<eos> 0 137 5 0.05993522331118584 0.26014354825019836 2.1244692504405975
<unk> 0 138 5 2.7305727005004883 6.058666706085205 0
<unk> 0 139 5 2.3914284706115723 7.447318077087402 0
intersects 0 140 10 10.500273704528809 6.237819194793701 1.2094988822937012
several 0 141 7 7.716265678405762 4.305612564086914 1.932206630706787
roads 0 142 5 2.9130985736846924 7.085155963897705 0
, 0 143 1 2.090332269668579 4.5517377853393555 2.5334181785583496
including 0 144 9 1.7949403524398804 5.696748733520508 0
<unk> 0 145 5 1.798642635345459 4.961810111999512 0.7349386215209961
<unk> 0 146 5 0.7989956736564636 3.1947455406188965 1.7670645713806152
in 0 147 2 4.7854790687561035 3.827481508255005 0
<unk> 0 148 5 0.8409594297409058 3.172532320022583 0.6549491882324219
, 0 149 1 1.5464541912078857 3.6685874462127686 0
<unk> 0 150 5 1.2205829620361328 4.248739719390869 0
<unk> 0 151 5 2.0170345306396484 4.272792339324951 0
in 0 152 2 3.854909896850586 3.5806210041046143 0.6921713352203369
<unk> 0 153 5 0.5263770818710327 2.343834161758423 1.2367868423461914
<unk> 0 154 5 4.689320087432861 3.118595838546753 0
, 0 155 1 1.1107354164123535 3.311525344848633 0
and 0 156 3 1.1894347667694092 3.1292388439178467 0.18228650093078613
<unk> 0 157 5 0.6302270293235779 3.181096076965332 0
<unk> 0 158 5 0.2628253400325775 1.6981925964355469 1.4829034805297852
and 0 159 3 7.178121089935303 3.058737277984619 0
the 0 160 3 2.9314510822296143 4.2199883460998535 0
<unk> 0 161 5 1.6324840784072876 6.110579490661621 0
<unk> 0 162 5 2.2831220626831055 5.979170799255371 0.13140869140625
<unk> 0 163 5 2.059133291244507 6.336998462677002 0
in 0 164 2 4.84382963180542 6.766935348510742 0
<unk> 0 165 5 0.7445115447044373 2.50742769241333 4.259507656097412
<unk> 0 166 5 3.767784833908081 3.574833869934082 0
. 0 167 1 0.8249911665916443 3.3310999870300293 0.24373388290405273
<eos> 0 168 5 0.06138553097844124 0.26408761739730835 3.067012369632721
<unk> 0 169 5 2.726321220397949 6.0514702796936035 0
portion 0 170 7 19.126815795898438 7.450735569000244 0
of 0 171 2 0.46766215562820435 2.967007637023926 4.483727931976318
current 0 172 7 12.69149398803711 2.947258472442627 0.019749164581298828
<unk> 0 173 5 1.8772786855697632 6.553417682647705 0
<unk> 0 174 5 0.7723479270935059 4.187056541442871 2.366361141204834
between 0 175 7 6.002584934234619 6.446685791015625 0
<unk> 0 176 5 0.7477667331695557 3.135657548904419 3.311028242111206
and 0 177 3 0.7534188628196716 2.880326271057129 0.25533127784729004
<unk> 0 178 5 0.3238116502761841 1.8610877990722656 1.0192384719848633
received 0 179 8 10.437836647033691 5.254699230194092 0
funding 0 180 7 9.25881290435791 6.169497966766357 0
in 0 181 2 4.8516926765441895 3.9875333309173584 2.181964635848999
<unk> 0 182 5 1.0960811376571655 3.680992603302002 0.30654072761535645
to 0 183 2 5.493073463439941 3.641641855239868 0.03935074806213379
become 0 184 6 6.746364593505859 7.157311916351318 0
a 0 185 1 1.6981842517852783 3.6807985305786133 3.476513385772705
spur 0 186 4 7.858766555786133 7.401463508605957 0
of 0 187 2 1.7568976879119873 4.423954963684082 2.977508544921875
the 0 188 3 1.941510796546936 4.486602306365967 0
<unk> 0 189 5 1.5799288749694824 5.54073429107666 0
<unk> 0 190 5 2.065272331237793 5.375143051147461 0.16559123992919922
. 0 191 1 3.9207656383514404 5.658534526824951 0
<eos> 0 192 5 0.05468495935201645 0.2434394359588623 5.415095090866089
<unk> 0 193 5 2.716104030609131 5.999831676483154 0
<unk> 0 194 5 2.386894941329956 7.4423909187316895 0
, 0 195 1 2.694826364517212 6.218667507171631 1.2237234115600586
what 0 196 4 13.154080390930176 5.8505964279174805 0.3680710792541504
is 0 197 2 2.323960304260254 5.848920822143555 0.0016756057739257812
now 0 198 3 0.8031480312347412 3.6213788986206055 2.227541923522949
<unk> 0 199 5 1.625179648399353 4.738279342651367 0
<unk> 0 200 5 1.2541470527648926 4.085308074951172 0.6529712677001953
was 0 201 3 7.394575595855713 4.092254161834717 0
designated 0 202 10 4.269389629364014 7.508861541748047 0
a 0 203 1 3.921473979949951 3.745284080505371 3.763577461242676
part 0 204 4 4.755706787109375 7.52653169631958 0
of 0 205 2 0.045224566012620926 0.3495580852031708 7.176973611116409
pre 0 206 3 10.628959655761719 3.3026914596557617 0
<unk> 0 207 5 0.0017005936242640018 0.022043496370315552 3.280647963285446
<unk> 0 208 5 0.9900256991386414 3.54292631149292 0
<unk> 0 209 5 1.7363739013671875 4.183948040008545 0
<unk> 0 210 5 1.2453813552856445 3.9922642707824707 0.19168376922607422
, 0 211 1 1.1654162406921387 4.234726428985596 0
a 0 212 1 5.760627746582031 5.762451648712158 0
route 0 213 5 5.694337368011475 8.135737419128418 0
that 0 214 4 2.429938793182373 5.242750644683838 2.89298677444458
was 0 215 3 1.9688050746917725 5.919964790344238 0
to 0 216 2 4.271446228027344 7.016711235046387 0
run 0 217 3 3.0500173568725586 4.758326053619385 2.258385181427002
from 0 218 4 2.042123317718506 4.987880229949951 0
<unk> 0 219 5 0.9714983105659485 3.464160442352295 1.5237197875976562
<unk> 0 220 5 2.8772175312042236 4.220743179321289 0
to 0 221 2 1.535975694656372 4.402130126953125 0
<unk> 0 222 5 0.755614697933197 3.1127870082855225 1.2893431186676025
<unk> 0 223 5 1.7063649892807007 4.142186164855957 0
<unk> 0 224 5 5.258794784545898 3.8376364707946777 0.3045496940612793
. 0 225 1 2.364637613296509 4.573884963989258 0
<eos> 0 226 5 0.06362812221050262 0.27205634117126465 4.301828622817993
<unk> 0 227 5 2.728854179382324 6.048598766326904 0
<unk> 0 228 5 2.4091176986694336 7.459094047546387 0
was 0 229 3 3.9340853691101074 6.232142925262451 1.2269511222839355
designated 0 230 10 7.818390369415283 8.04686164855957 0
onto 0 231 4 7.680356979370117 3.7885377407073975 4.258323907852173
its 0 232 3 5.539294242858887 3.408414363861084 0.3801233768463135
current 0 233 7 0.9554337859153748 4.283979892730713 0
alignment 0 234 9 0.5267044305801392 2.3237411975860596 1.9602386951446533
in 0 235 2 1.9286959171295166 4.360660552978516 0
<unk> 0 236 5 0.38328465819358826 1.6705235242843628 2.690137028694153
, 0 237 1 1.9292380809783936 3.6521713733673096 0
replacing 0 238 9 4.221721649169922 4.844058513641357 0
this 0 239 4 8.112933158874512 4.539608478546143 0.30445003509521484
portion 0 240 7 3.6697893142700195 5.9793219566345215 0
of 0 241 2 0.18103575706481934 1.1331647634506226 4.846157193183899
pre 0 242 3 11.064471244812012 3.896186590194702 0
<unk> 0 243 5 0.002724211197346449 0.03304266557097435 3.863143924623728
<unk> 0 244 5 0.9242608547210693 3.133138656616211 0
<unk> 0 245 5 3.2953526973724365 2.9599061012268066 0.1732325553894043
<unk> 0 246 5 1.6031423807144165 5.066043376922607 0
. 0 247 1 2.4385461807250977 5.498011589050293 0
<eos> 0 248 5 0.06366662681102753 0.27110135555267334 5.22691023349762
<unk> 0 249 5 2.7079851627349854 6.0480732917785645 0
<unk> 0 250 5 2.4080777168273926 7.462255477905273 0
, 0 251 1 2.7129533290863037 6.231188774108887 1.2310667037963867
a 0 252 1 2.8391969203948975 5.8448896408081055 0.38629913330078125
freeway 0 253 7 15.79744815826416 8.287896156311035 0
was 0 254 3 8.081806182861328 8.209673881530762 0.07822227478027344
proposed 0 255 8 6.489354133605957 6.984485149383545 1.2251887321472168
for 0 256 3 3.5221002101898193 4.277984619140625 2.70650053024292
<unk> 0 257 5 2.712719440460205 4.757867813110352 0
<unk> 0 258 5 1.7180516719818115 5.272974014282227 0
, 0 259 1 1.8182885646820068 4.653406143188477 0.61956787109375
running 0 260 7 9.345205307006836 5.384391784667969 0
from 0 261 4 3.137436866760254 5.513027667999268 0
the 0 262 3 2.3030993938446045 3.440098762512207 2.0729289054870605
<unk> 0 263 5 2.019502878189087 6.586243629455566 0
<unk> 0 264 5 2.8246347904205322 6.616064548492432 0
<unk> 0 265 5 2.748769760131836 6.772035121917725 0
in 0 266 2 6.649424076080322 6.780542373657227 0
<unk> 0 267 5 0.6704047918319702 2.5892837047576904 4.191258668899536
<unk> 0 268 5 4.713679790496826 3.006844997406006 0
to 0 269 2 0.6016613245010376 2.6290087699890137 0.3778362274169922
<unk> 0 270 5 1.2148854732513428 3.7619106769561768 0
<unk> 0 271 5 1.0337424278259277 3.9434094429016113 0
in 0 272 2 2.5390169620513916 4.368368148803711 0
<unk> 0 273 5 0.5361922979354858 2.105409860610962 2.262958288192749
<unk> 0 274 5 4.600300312042236 3.3710453510284424 0
. 0 275 1 1.1526249647140503 3.2464191913604736 0.12462615966796875
<eos> 0 276 5 0.06101398169994354 0.2634114921092987 2.983007699251175
<unk> 0 277 5 2.7148218154907227 6.0407257080078125 0
proposal 0 278 8 18.8939208984375 7.46213436126709 0
was 0 279 3 2.2401607036590576 6.86834192276001 0.5937924385070801
canceled 0 280 8 9.629443168640137 8.463078498840332 0
by 0 281 2 3.5654067993164062 4.697718143463135 3.7653603553771973
the 0 282 3 1.481431007385254 3.5313363075256348 1.1663818359375
mid 0 283 3 8.354676246643066 6.894083023071289 0
<unk> 0 284 5 0.016059113666415215 0.16915568709373474 6.724927335977554
1970s 0 285 5 3.3781919479370117 5.165491580963135 0
due 0 286 3 7.425780296325684 3.78174090385437 1.3837506771087646
to 0 287 2 0.055130813270807266 0.4711945652961731 3.310546338558197
financial 0 288 9 5.5410237312316895 6.310082912445068 0
and 0 289 3 8.319354057312012 3.705169439315796 2.6049134731292725
environmental 0 290 13 5.259963035583496 5.043728828430176 0
concerns 0 291 8 2.8566675186157227 4.725066184997559 0.3186626434326172
as 0 292 2 7.999953269958496 3.3916330337524414 1.3334331512451172
well 0 293 4 2.574693202972412 5.902437686920166 0
as 0 294 2 0.6267488598823547 1.4897867441177368 4.412650942802429
lack 0 295 4 10.079475402832031 7.700489521026611 0
of 0 296 2 0.02302367426455021 0.20246568322181702 7.498023837804794
traffic 0 297 7 9.296019554138184 7.847929000854492 0
. 0 298 1 1.6433753967285156 4.783194541931152 3.06473445892334
<eos> 0 299 5 0.06383183598518372 0.271657794713974 4.511536747217178
<unk> 0 300 5 2.743291139602661 6.042752742767334 0
interchange 0 301 11 18.393091201782227 7.4938063621521 0
between 0 302 7 5.704558372497559 6.339130401611328 1.1546759605407715
<unk> 0 303 5 0.7970694303512573 3.222010850906372 3.117119550704956
<unk> 0 304 5 2.1344752311706543 3.5339205265045166 0
and 0 305 3 0.5582970380783081 2.7570765018463135 0.7768440246582031
the 0 306 3 4.164005279541016 2.109640121459961 0.6474363803863525
<unk> 0 307 5 0.9836279153823853 4.972687244415283 0
<unk> 0 308 5 2.530184030532837 6.584350109100342 0
<unk> 0 309 5 2.160736322402954 6.755961894989014 0
was 0 310 3 5.701156139373779 7.041080474853516 0
reconstructed 0 311 13 6.990571975708008 6.553081512451172 0.48799896240234375
into 0 312 4 6.2990007400512695 4.354734420776367 2.1983470916748047
a 0 313 1 1.6779741048812866 3.332533597946167 1.0222008228302002
full 0 314 4 7.716495513916016 7.754197120666504 0
interchange 0 315 11 4.950684547424316 4.822108268737793 2.932088851928711
, 0 316 1 4.139856338500977 4.089811325073242 0.7322969436645508
with 0 317 4 2.6898720264434814 5.439049243927002 0
completion 0 318 10 9.153144836425781 4.7807393074035645 0.6583099365234375
in 0 319 2 3.168789863586426 5.7206010818481445 0
<unk> 0 320 5 0.747799813747406 2.4553935527801514 3.265207529067993
<unk> 0 321 5 2.6614232063293457 4.290921688079834 0
. 0 322 1 0.6819511651992798 2.823453903198242 1.4674677848815918
<eos> 0 323 5 0.05614617466926575 0.24702727794647217 2.57642662525177
= 0 324 1 3.8477485179901123 6.04572868347168 0
= 0 325 1 0.09437573701143265 0.62815260887146 5.41757607460022
<unk> 0 326 5 5.553264617919922 5.6504998207092285 0
description 0 327 11 10.523579597473145 7.020711421966553 0
= 0 328 1 0.05826511234045029 0.400514155626297 6.620197266340256
= 0 329 1 5.503434294951148e-06 0.00010404575004940853 0.4004101098762476
<eos> 0 330 5 20.858203887939453 4.443158149719238 0
<unk> 0 331 5 2.5428032875061035 5.610771656036377 0
<unk> 0 332 5 1.0565154552459717 5.24789571762085 0.36287593841552734
begins 0 333 6 11.044553756713867 5.34313440322876 0
at 0 334 2 4.611275672912598 4.832569599151611 0.5105648040771484
an 0 335 2 3.724332571029663 3.5917961597442627 1.2407734394073486
intersection 0 336 12 1.9256360530853271 4.370375633239746 0
with 0 337 4 0.06753004342317581 0.4813136160373688 3.8890620172023773
<unk> 0 338 5 0.6119253635406494 2.791440010070801 0
<unk> 0 339 5 0.40052691102027893 1.893648624420166 0.8977913856506348
in 0 340 2 2.1990389823913574 4.05385160446167 0
the 0 341 3 2.0473005771636963 2.7365942001342773 1.3172574043273926
<unk> 0 342 5 3.1725008487701416 5.518364906311035 0
section 0 343 7 9.933042526245117 5.37855339050293 0.13981151580810547
of 0 344 2 0.13119380176067352 0.8492867946624756 4.529266595840454
<unk> 0 345 5 1.5788557529449463 3.143533945083618 0
<unk> 0 346 5 1.9944897890090942 4.43048095703125 0
, 0 347 1 2.796823263168335 4.298515796661377 0.13196516036987305
<unk> 0 348 5 3.701202869415283 5.361592769622803 0
<unk> 0 349 5 3.1822872161865234 3.572061061859131 1.7895317077636719
<unk> 0 350 5 5.216145992279053 3.1272995471954346 0.4447615146636963
, 0 351 1 2.1142115592956543 3.7323665618896484 0
heading 0 352 7 9.086296081542969 4.894436836242676 0
to 0 353 2 4.073724269866943 4.695382118225098 0.19905471801757812
the 0 354 3 0.5602232217788696 2.278801441192627 2.4165806770324707
north 0 355 5 2.887932777404785 3.4131600856781006 0
on 0 356 2 5.632643699645996 4.478534698486328 0
a 0 357 1 4.113437175750732 3.312039852142334 1.1664948463439941
two 0 358 3 4.477067470550537 8.100078582763672 0
<unk> 0 359 5 0.07565034925937653 0.5194997191429138 7.580578863620758
lane 0 360 4 0.1348482072353363 0.776597797870636 0
undivided 0 361 9 2.3256676197052 4.7217512130737305 0
road 0 362 4 0.8513718843460083 3.4562366008758545 1.265514612197876
. 0 363 1 1.990532636642456 4.78779935836792 0
<eos> 0 364 5 0.06308331340551376 0.2690950036048889 4.518704354763031
<unk> 0 365 5 2.7153899669647217 6.0523762702941895 0
the 0 366 3 9.749126434326172 7.453582286834717 0
southern 0 367 8 11.848836898803711 9.524162292480469 0
terminus 0 368 8 5.0003557205200195 8.216385841369629 1.3077764511108398
, 0 369 1 4.66563606262207 3.1033945083618164 5.1129913330078125
a 0 370 1 4.755540370941162 6.807135105133057 0
ramp 0 371 4 9.208518028259277 8.647348403930664 0
provides 0 372 8 13.495529174804688 5.481650352478027 3.1656980514526367
access 0 373 6 1.1167453527450562 4.2000956535339355 1.2815546989440918
to 0 374 2 0.2793630361557007 1.370516061782837 2.8295795917510986
and 0 375 3 9.622176170349121 3.6235904693603516 0
from 0 376 4 1.8432948589324951 5.887335777282715 0
the 0 377 3 1.3000292778015137 4.145367622375488 1.7419681549072266
southbound 0 378 10 5.801266670227051 7.212225437164307 0
<unk> 0 379 5 5.082437992095947 4.522724151611328 2.6895012855529785
<unk> 0 380 5 1.2190583944320679 5.214141845703125 0
<unk> 0 381 5 4.030670642852783 6.424778938293457 0
. 0 382 1 5.87719202041626 7.065966606140137 0
<eos> 0 383 5 0.06678163260221481 0.28114911913871765 6.784817487001419
<unk> 0 384 5 2.7228198051452637 6.054834842681885 0
road 0 385 4 11.886519432067871 7.457911968231201 0
heads 0 386 5 7.1530680656433105 6.571972846984863 0.8859391212463379
north 0 387 5 2.52166485786438 4.66537618637085 1.9065966606140137
through 0 388 7 2.990657329559326 4.711768627166748 0
mostly 0 389 6 8.93456745147705 4.5839924812316895 0.1277761459350586
rural 0 390 5 1.3818984031677246 3.17818284034729 1.4058096408843994
wooded 0 391 6 9.101510047912598 3.549947500228882 0
areas 0 392 5 0.30225470662117004 1.7559964656829834 1.7939510345458984
with 0 393 4 3.316631555557251 3.984300374984741 0
some 0 394 4 4.579303741455078 6.791479110717773 0
buildings 0 395 9 8.87753963470459 5.178303241729736 1.613175868988037
. 0 396 1 2.740522861480713 3.918347120285034 1.2599561214447021
<eos> 0 397 5 0.058215394616127014 0.25436028838157654 3.6639868319034576
<unk> 0 398 5 2.739046573638916 6.083305835723877 0
intersects 0 399 10 15.857063293457031 7.453403472900391 0
<unk> 0 400 5 1.6538923978805542 3.9870498180389404 3.46635365486145
<unk> 0 401 5 1.683877944946289 5.102007865905762 0
in 0 402 2 3.7221503257751465 4.493405342102051 0.6086025238037109
<unk> 0 403 5 0.783492386341095 2.9800570011138916 1.5133483409881592
before 0 404 6 7.03555965423584 4.159602642059326 0
coming 0 405 6 5.1051249504089355 5.687342643737793 0
to 0 406 2 0.7724745869636536 2.891597032546997 2.795745611190796
a 0 407 1 1.9350663423538208 3.269681930541992 0
junction 0 408 8 2.3187966346740723 6.629873275756836 0
with 0 409 4 0.034663472324609756 0.2737954556941986 6.356077820062637
<unk> 0 410 5 1.8866442441940308 3.6686768531799316 0
<unk> 0 411 5 0.49961915612220764 1.9247992038726807 1.743877649307251
. 0 412 1 2.340859889984131 3.98130202293396 0
<eos> 0 413 5 0.05975653603672981 0.2603186070919037 3.7209834158420563
<unk> 0 414 5 2.725076198577881 6.019921779632568 0
, 0 415 1 4.482824325561523 7.43390417098999 0
<unk> 0 416 5 1.7953227758407593 5.843137264251709 1.5907669067382812
<unk> 0 417 5 2.7443628311157227 4.274282932281494 1.5688543319702148
<unk> 0 418 5 2.908878803253174 3.6567015647888184 0.6175813674926758
<unk> 0 419 5 2.518153667449951 3.8937690258026123 0
<unk> 0 420 5 1.2810932397842407 3.703364372253418 0.19040465354919434
in 0 421 2 8.519416809082031 3.119042158126831 0.5843222141265869
an 0 422 2 7.644262790679932 3.9123148918151855 0
area 0 423 4 6.551405429840088 7.218713760375977 0
of 0 424 2 1.4097059965133667 5.861820697784424 1.3568930625915527
marshland 0 425 9 13.82515811920166 6.552486896514893 0
. 0 426 1 2.9964027404785156 5.016056537628174 1.5364303588867188
<eos> 0 427 5 0.058664120733737946 0.2552729547023773 4.7607835829257965
<unk> 0 428 5 2.7235915660858154 6.087250232696533 0
this 0 429 4 14.043283462524414 7.467805862426758 0
crossing 0 430 8 13.903886795043945 9.592429161071777 0
, 0 431 1 2.835212469100952 6.139171123504639 3.4532580375671387
the 0 432 3 3.3904714584350586 7.163232803344727 0
road 0 433 4 7.3660759925842285 8.699175834655762 0
runs 0 434 4 4.910981178283691 7.2856316566467285 1.4135441780090332
closely 0 435 7 11.648378372192383 5.401076793670654 1.8845548629760742
parallel 0 436 8 4.936507701873779 4.550500869750977 0.8505759239196777
to 0 437 2 0.6988577842712402 2.8324854373931885 1.718015432357788
a 0 438 1 4.9400763511657715 3.372844696044922 0
<unk> 0 439 5 3.878324270248413 8.32011604309082 0
<unk> 0 440 5 1.25863778591156 5.712851047515869 2.607264995574951
<unk> 0 441 5 3.187899351119995 5.092611312866211 0.6202397346496582
<unk> 0 442 5 1.9939640760421753 6.525865077972412 0
railroad 0 443 8 10.651068687438965 4.83431339263916 1.691551685333252
line 0 444 4 1.8196011781692505 5.484560966491699 0
before 0 445 6 7.310591697692871 4.924550533294678 0.5600104331970215
entering 0 446 8 3.9616615772247314 5.243153095245361 0
<unk> 0 447 5 2.106484889984131 3.4873383045196533 1.755814790725708
, 0 448 1 3.551356554031372 4.588289260864258 0
where 0 449 5 3.0843589305877686 6.381242752075195 0
it 0 450 2 1.0669474601745605 2.9243369102478027 3.4569058418273926
splits 0 451 6 6.54278564453125 5.340577602386475 0
from 0 452 4 2.948814630508423 4.015814781188965 1.3247628211975098
the 0 453 3 1.748518705368042 4.428265571594238 0
railroad 0 454 8 8.57343864440918 6.500518798828125 0
tracks 0 455 6 6.206844329833984 5.605751991271973 0.8947668075561523
and 0 456 3 3.783045768737793 3.7526497840881348 1.853102207183838
comes 0 457 5 6.6706085205078125 7.342477798461914 0
to 0 458 2 0.8233510255813599 2.939823627471924 4.40265417098999
a 0 459 1 1.9883519411087036 3.353963851928711 0
<unk> 0 460 5 5.980912685394287 5.349335670471191 0
with 0 461 4 7.018884181976318 5.7013258934021 0
<unk> 0 462 5 2.032548666000366 5.08548641204834 0.6158394813537598
<unk> 0 463 5 1.1785571575164795 5.01231050491333 0.07317590713500977
. 0 464 1 2.5729458332061768 5.4993157386779785 0
<eos> 0 465 5 0.06272554397583008 0.2685054540634155 5.230810284614563
<unk> 0 466 5 2.7317819595336914 6.05501651763916 0
leaving 0 467 7 17.062471389770508 7.439942359924316 0
<unk> 0 468 5 1.9167782068252563 5.170675754547119 2.2692666053771973
, 0 469 1 3.864935874938965 7.267571449279785 0
<unk> 0 470 5 1.8613173961639404 6.457719802856445 0.8098516464233398
<unk> 0 471 5 4.242473602294922 3.2675368785858154 3.19018292427063
turns 0 472 5 15.210844993591309 3.3626129627227783 0
to 0 473 2 3.0678374767303467 5.632059097290039 0
the 0 474 3 1.330038070678711 5.118986129760742 0.5130729675292969
north 0 475 5 2.8320205211639404 6.19618558883667 0
again 0 476 5 9.191496849060059 3.752570629119873 2.443614959716797
and 0 477 3 2.850790023803711 3.2919206619262695 0.4606499671936035
crosses 0 478 7 7.98397970199585 7.144287109375 0
over 0 479 4 3.5254077911376953 3.456183433532715 3.688103675842285
the 0 480 3 1.0332374572753906 3.7454044818878174 0
<unk> 0 481 5 1.1621322631835938 5.252831935882568 0
<unk> 0 482 5 3.718432664871216 4.393656253814697 0.8591756820678711
<unk> 0 483 5 2.6541876792907715 5.865248680114746 0
<unk> 0 484 5 3.429025888442993 6.806157112121582 0
railroad 0 485 8 5.3494720458984375 6.528098106384277 0.2780590057373047
line 0 486 4 3.46331787109375 5.441118240356445 1.086979866027832
, 0 487 1 2.959840774536133 4.650900840759277 0.790217399597168
intersecting 0 488 12 6.444210529327393 5.881861686706543 0
<unk> 0 489 5 1.4865548610687256 4.1551690101623535 1.7266926765441895
<unk> 0 490 5 0.7339668273925781 2.7471861839294434 1.4079828262329102
. 0 491 1 2.9231603145599365 4.478297710418701 0
<eos> 0 492 5 0.061102014034986496 0.2649446427822113 4.21335306763649
<unk> 0 493 5 2.734210252761841 6.030407428741455 0
continues 0 494 9 10.932056427001953 7.420524597167969 0
to 0 495 2 0.7124814391136169 3.425497531890869 3.9950270652770996
<unk> 0 496 5 4.950432777404785 8.482526779174805 0
and 0 497 3 3.536334753036499 6.275580883026123 2.2069458961486816
comes 0 498 5 8.981745719909668 8.755535125732422 0
to 0 499 2 1.1377683877944946 3.4546291828155518 5.30090594291687
<unk> 0 500 5 3.221067190170288 6.340401649475098 0
<unk> 0 501 5 3.8067712783813477 5.06581974029541 1.2745819091796875
. 0 502 1 4.362224578857422 4.5502848625183105 0.5155348777770996
<eos> 0 503 5 0.0674968883395195 0.2815822958946228 4.268702566623688
<unk> 0 504 5 2.683487892150879 6.000694751739502 0
this 0 505 4 14.0900239944458 7.4425530433654785 0
intersection 0 506 12 12.479375839233398 9.609310150146484 0
, 0 507 1 3.3788881301879883 4.9758501052856445 4.63346004486084
the 0 508 3 4.0147905349731445 6.769791603088379 0
route 0 509 5 5.174609661102295 7.837146282196045 0
meets 0 510 5 5.860966682434082 6.387632846832275 1.4495134353637695
<unk> 0 511 5 1.4514096975326538 4.660378932952881 1.7272539138793945
<unk> 0 512 5 0.6690481901168823 2.7835803031921387 1.8767986297607422
and 0 513 3 2.5434720516204834 4.19797945022583 0
<unk> 0 514 5 2.4585649967193604 5.846888542175293 0
<unk> 0 515 5 0.3226092755794525 1.9606009721755981 3.886287569999695
. 0 516 1 2.643422842025757 5.506124496459961 0
<eos> 0 517 5 0.05989678204059601 0.2601335048675537 5.245990991592407
<unk> 0 518 5 2.735536813735962 6.050422668457031 0
<unk> 0 519 5 2.3798298835754395 7.435140132904053 0
forms 0 520 5 13.010547637939453 6.2297234535217285 1.2054166793823242
a 0 521 1 1.3252791166305542 3.4907002449035645 2.739023208618164
concurrency 0 522 11 4.849236488342285 9.213168144226074 0
with 0 523 4 0.13540399074554443 0.8408815264701843 8.37228661775589
<unk> 0 524 5 1.537965178489685 4.128334045410156 0
<unk> 0 525 5 0.4722864031791687 1.9962561130523682 2.132077932357788
and 0 526 3 3.1186068058013916 4.406794548034668 0
the 0 527 3 3.6074283123016357 5.580507278442383 0
two 0 528 3 6.309677600860596 6.555303573608398 0
routes 0 529 6 1.5312674045562744 4.517254829406738 2.03804874420166
head 0 530 4 9.086322784423828 6.718310356140137 0
north 0 531 5 3.8664891719818115 5.711850166320801 1.006460189819336
and 0 532 3 4.199596405029297 4.690454483032227 1.0213956832885742
encounter 0 533 9 13.132926940917969 7.160511493682861 0
the 0 534 3 3.225621223449707 6.496774673461914 0.6637368202209473
eastern 0 535 7 5.814715385437012 6.502713680267334 0
terminus 0 536 8 1.3378545045852661 3.4734292030334473 3.0292844772338867
of 0 537 2 0.25772908329963684 1.358710527420044 2.1147186756134033
<unk> 0 538 5 1.9800212383270264 3.894770622253418 0
<unk> 0 539 5 0.18216396868228912 1.1821852922439575 2.7125853300094604
before 0 540 6 6.485604763031006 4.108704566955566 0
leaving 0 541 7 6.075822353363037 4.718972206115723 0
<unk> 0 542 5 1.6186100244522095 4.041611671447754 0.6773605346679688
. 0 543 1 2.666139841079712 5.080549716949463 0
<eos> 0 544 5 0.06328414380550385 0.27143624424934387 4.809113472700119
<unk> 0 545 5 2.7599968910217285 6.0602593421936035 0
far 0 546 3 16.677053451538086 7.425320148468018 0
after 0 547 5 9.267170906066895 7.041022300720215 0.38429784774780273
<unk> 0 548 5 2.153313636779785 6.388676643371582 0.6523456573486328
<unk> 0 549 5 3.515995502471924 7.1094465255737305 0
, 0 550 1 2.636794090270996 6.551225185394287 0.5582213401794434
the 0 551 3 2.6473097801208496 6.012493133544922 0.5387320518493652
road 0 552 4 9.260082244873047 8.961463928222656 0
crosses 0 553 7 4.803519248962402 6.8256659507751465 2.1357979774475098
the 0 554 3 1.2827566862106323 4.323672771453857 2.501993179321289
<unk> 0 555 5 0.94675213098526 4.629134654998779 0
<unk> 0 556 5 4.428510665893555 3.24758243560791 1.3815522193908691
into 0 557 4 7.630698204040527 5.2878522872924805 0
<unk> 0 558 5 1.4656925201416016 3.197608470916748 2.0902438163757324
<unk> 0 559 5 4.7565202713012695 4.376240253448486 0
, 0 560 1 2.1417081356048584 4.662586688995361 0
<unk> 0 561 5 3.5154685974121094 5.555051803588867 0
<unk> 0 562 5 4.016801834106445 4.141376495361328 1.413675308227539
. 0 563 1 2.756314992904663 4.211004734039307 0
<eos> 0 564 5 0.062450360506772995 0.26807504892349243 3.942929685115814
<unk> 0 565 5 2.7160189151763916 6.05317497253418 0
<unk> 0 566 5 2.3900609016418457 7.443536281585693 0
<unk> 0 567 5 2.765559434890747 6.232245445251465 1.2112908363342285
, 0 568 1 3.1557579040527344 6.449478626251221 0
it 0 569 2 10.334270477294922 6.06714391708374 0.38233470916748047
heads 0 570 5 10.538809776306152 5.549389839172363 0.517754077911377
into 0 571 4 4.1955952644348145 5.217691421508789 0.3316984176635742
residential 0 572 11 7.574008464813232 3.776862859725952 1.440828561782837
areas 0 573 5 1.0432329177856445 3.208789348602295 0.5680735111236572
, 0 574 1 1.6705514192581177 4.1268391609191895 0
with 0 575 4 4.551640510559082 7.188589096069336 0
<unk> 0 576 5 2.67856502532959 5.871708393096924 1.316880702972412
<unk> 0 577 5 0.5193518996238708 3.268845319747925 2.602863073348999
looping 0 578 7 12.891075134277344 5.943423748016357 0
to 0 579 2 4.152350425720215 5.792646884918213 0.15077686309814453
the 0 580 3 0.3787195086479187 2.155240297317505 3.637406587600708
west 0 581 4 2.7840800285339355 2.989976406097412 0
of 0 582 2 3.5654726028442383 3.673982858657837 0
the 0 583 3 1.215936541557312 3.2424769401550293 0.4315059185028076
route 0 584 5 7.233727931976318 6.500280380249023 0
. 0 585 1 1.1551181077957153 3.91984486579895 2.5804355144500732
<eos> 0 586 5 0.06075809523463249 0.26219651103019714 3.657648354768753
<unk> 0 587 5 2.7114028930664062 6.0622687339782715 0
<unk> 0 588 5 2.399291515350342 7.4642438888549805 0
and 0 589 3 4.838795185089111 6.23648738861084 1.2277565002441406
<unk> 0 590 5 0.5245939493179321 3.163684129714966 3.072803258895874
<unk> 0 591 5 0.37635448575019836 2.9705116748809814 0.19317245483398438
continue 0 592 8 10.236539840698242 6.966770172119141 0
northwest 0 593 9 9.295812606811523 4.073457717895508 2.893312454223633
and 0 594 3 3.928658962249756 5.2680768966674805 0
intersect 0 595 9 4.880743980407715 7.507547378540039 0
<unk> 0 596 5 1.988647699356079 5.155522346496582 2.352025032043457
<unk> 0 597 5 0.4835381805896759 2.318967342376709 2.836555004119873
, 0 598 1 3.245758295059204 4.878727912902832 0
where 0 599 5 3.2714731693267822 4.985289096832275 0
the 0 600 3 2.5315957069396973 2.292254686355591 2.6930344104766846
road 0 601 4 3.0250303745269775 5.204015254974365 0
turns 0 602 5 3.5897154808044434 4.458278656005859 0.7457365989685059
north 0 603 5 2.8189964294433594 4.585712909698486 0
into 0 604 4 4.8637518882751465 4.556939125061035 0.028773784637451172
more 0 605 4 7.400187969207764 4.308338165283203 0.24860095977783203
forested 0 606 8 5.050684452056885 5.179276943206787 0
areas 0 607 5 0.4306555688381195 2.095150947570801 3.0841259956359863
. 0 608 1 0.7827109098434448 2.7930591106414795 0
<eos> 0 609 5 0.06092594563961029 0.2629344165325165 2.530124694108963
<unk> 0 610 5 2.7321412563323975 6.0929484367370605 0
the 0 611 3 9.700685501098633 7.457807540893555 0
junction 0 612 8 15.476780891418457 9.532353401184082 0
with 0 613 4 2.194528818130493 5.140125751495361 4.392227649688721
<unk> 0 614 5 1.2305208444595337 3.7981619834899902 1.341963768005371
<unk> 0 615 5 1.173587679862976 4.6068034172058105 0
, 0 616 1 2.89810848236084 5.751358509063721 0
the 0 617 3 3.6757164001464844 6.0790886878967285 0
route 0 618 5 5.314630031585693 7.2480974197387695 0
turns 0 619 5 5.475752830505371 6.913974285125732 0.3341231346130371
to 0 620 2 3.538588523864746 4.373764991760254 2.5402092933654785
the 0 621 3 0.5617752075195312 2.8385300636291504 1.5352349281311035
northeast 0 622 9 2.4317824840545654 2.948958396911621 0
and 0 623 3 2.140127420425415 3.5833659172058105 0
enters 0 624 6 3.522932529449463 5.829672336578369 0
<unk> 0 625 5 1.7763440608978271 3.7020456790924072 2.127626657485962
<unk> 0 626 5 5.40092658996582 3.9841060638427734 0
, 0 627 1 3.110896587371826 4.709105014801025 0
becoming 0 628 8 8.880315780639648 5.263179779052734 0
<unk> 0 629 5 4.5398688316345215 3.4920833110809326 1.7710964679718018
<unk> 0 630 5 1.2781916856765747 3.4256582260131836 0.06642508506774902
. 0 631 1 1.1740747690200806 4.110222816467285 0
<eos> 0 632 5 0.06331722438335419 0.2710645794868469 3.8391582369804382
<unk> 0 633 5 2.7377519607543945 6.052047252655029 0
<unk> 0 634 5 2.3876242637634277 7.441310882568359 0
splits 0 635 6 12.576621055603027 6.226497650146484 1.214813232421875
from 0 636 4 2.0398435592651367 4.940845012664795 1.2856526374816895
<unk> 0 637 5 1.8485589027404785 4.220346450805664 0.7204985618591309
<unk> 0 638 5 0.9049864411354065 3.92181658744812 0.29852986335754395
by 0 639 2 7.473917484283447 5.097092628479004 0
heading 0 640 7 2.791261911392212 5.18402099609375 0
northwest 0 641 9 4.694432735443115 4.986113548278809 0.1979074478149414
on 0 642 2 4.831867694854736 4.696654796600342 0.2894587516784668
<unk> 0 643 5 1.6079895496368408 4.248475074768066 0.4481797218322754
<unk> 0 644 5 2.1877074241638184 4.051762104034424 0.19671297073364258
<unk> 0 645 5 3.372636318206787 4.465019226074219 0
and 0 646 3 3.216796636581421 4.542178630828857 0
<unk> 0 647 5 4.082352161407471 6.676537990570068 0
<unk> 0 648 5 0.3408834636211395 2.2120373249053955 4.464500665664673
heads 0 649 5 6.537759304046631 6.331137657165527 0
through 0 650 7 4.1814374923706055 4.334937572479248 1.9962000846862793
some 0 651 4 10.263274192810059 4.516119480133057 0
agricultural 0 652 12 10.043002128601074 6.630258560180664 0
<unk> 0 653 5 6.965789794921875 4.078447341918945 2.5518112182617188
concurrent 0 654 10 14.874967575073242 4.927952766418457 0
with 0 655 4 1.4023053646087646 4.475502967834473 0.4524497985839844
<unk> 0 656 5 2.0681092739105225 5.7282514572143555 0
<unk> 0 657 5 0.8333728909492493 3.135439157485962 2.5928122997283936
<unk> 0 658 5 4.016068458557129 4.4178032875061035 0
, 0 659 1 3.1622188091278076 4.835874080657959 0
passing 0 660 7 5.462192535400391 6.1551337242126465 0
to 0 661 2 5.2726263999938965 4.263189315795898 1.891944408416748
the 0 662 3 0.4223316013813019 2.491410493850708 1.7717788219451904
west 0 663 4 2.5464329719543457 3.077707052230835 0
of 0 664 2 0.24722029268741608 1.2878004312515259 1.789906620979309
the 0 665 3 1.234818935394287 3.3979694843292236 0
<unk> 0 666 5 1.737442970275879 6.184175491333008 0
<unk> 0 667 5 3.061218500137329 6.65010929107666 0
<unk> 0 668 5 2.791468381881714 7.1679534912109375 0
, 0 669 1 6.528985500335693 7.4110260009765625 0
which 0 670 5 4.065718173980713 6.4654154777526855 0.945610523223877
is 0 671 2 1.8578611612319946 5.816623210906982 0.6487922668457031
known 0 672 5 5.478233337402344 5.895444869995117 0
as 0 673 2 0.519761860370636 1.9723206758499146 3.9231241941452026
a 0 674 1 4.605876922607422 3.316176176071167 0
breeding 0 675 8 18.690256118774414 7.346973419189453 0
ground 0 676 6 2.408172607421875 6.859975337982178 0.4869980812072754
for 0 677 3 3.9455957412719727 3.277818202972412 3.5821571350097656
several 0 678 7 6.574950218200684 4.826031684875488 0
species 0 679 7 6.2580952644348145 7.358989238739014 0
of 0 680 2 1.5883078575134277 2.2855052947998047 5.073483943939209
birds 0 681 5 5.374441146850586 6.53480339050293 0
. 0 682 1 0.6813236474990845 2.7713370323181152 3.7634663581848145
<eos> 0 683 5 0.05946197360754013 0.2576645016670227 2.5136725306510925
<unk> 0 684 5 2.724630355834961 6.060551643371582 0
route 0 685 5 12.899887084960938 7.468259811401367 0
intersects 0 686 10 14.273785591125488 0.4676518142223358 7.000607997179031
<unk> 0 687 5 1.7318789958953857 4.7270612716674805 0
<unk> 0 688 5 0.4994294047355652 2.026622772216797 2.7004384994506836
, 0 689 1 2.65315842628479 4.351487159729004 0
turning 0 690 7 9.975879669189453 4.734415054321289 0
to 0 691 2 3.730559825897217 4.845137596130371 0
the 0 692 3 0.37596502900123596 2.089308977127075 2.755828619003296
northeast 0 693 9 2.8254849910736084 2.9447362422943115 0
. 0 694 1 2.791006088256836 4.199601173400879 0
<eos> 0 695 5 0.05322110280394554 0.23743025958538055 3.9621709138154984
<unk> 0 696 5 2.7260544300079346 6.046845436096191 0
passing 0 697 7 16.957672119140625 7.449767112731934 0
some 0 698 4 11.03160572052002 6.75339412689209 0.6963729858398438
homes 0 699 5 8.924171447753906 8.240594863891602 0
and 0 700 3 2.4752485752105713 5.429388523101807 2.811206340789795
<unk> 0 701 5 3.3673956394195557 7.493673324584961 0
<unk> 0 702 5 2.774045705795288 8.143987655639648 0
, 0 703 1 4.751656532287598 6.64235258102417 1.5016350746154785
the 0 704 3 3.9856951236724854 6.740301609039307 0
road 0 705 4 7.698294162750244 8.53347396850586 0
turns 0 706 5 5.859899044036865 7.226202011108398 1.307271957397461
to 0 707 2 3.151550531387329 4.6881794929504395 2.538022518157959
the 0 708 3 0.5826139450073242 3.180129289627075 1.5080502033233643
north 0 709 5 2.47876238822937 2.997831344604492 0.182297945022583
and 0 710 3 1.8200056552886963 3.6242852210998535 0
passes 0 711 6 3.8215465545654297 6.295870780944824 0
to 0 712 2 4.705577373504639 5.017175674438477 1.2786951065063477
the 0 713 3 0.4031907320022583 2.3397116661071777 2.677464008331299
west 0 714 4 2.4570541381835938 3.0665361881256104 0
of 0 715 2 0.35465577244758606 1.6227277517318726 1.4438084363937378
<unk> 0 716 5 1.5668472051620483 3.4659504890441895 0
<unk> 0 717 5 3.1762747764587402 5.131443500518799 0
<unk> 0 718 5 4.376065254211426 4.445725440979004 0.6857180595397949
<unk> 0 719 5 3.449143648147583 5.230205059051514 0
. 0 720 1 2.321547031402588 5.281018257141113 0
<eos> 0 721 5 0.06001771241426468 0.2603016495704651 5.020716607570648
<unk> 0 722 5 2.721674919128418 6.046764373779297 0
route 0 723 5 12.831914901733398 7.443365573883057 0
crosses 0 724 7 15.25246810913086 0.46484971046447754 6.978515863418579
the 0 725 3 2.8429627418518066 6.564405918121338 0
<unk> 0 726 5 1.2033199071884155 6.090601921081543 0.4738039970397949
<unk> 0 727 5 2.98880672454834 6.507935047149658 0
into 0 728 4 7.819737434387207 6.929535865783691 0
<unk> 0 729 5 1.724155068397522 3.4776031970977783 3.451932668685913
<unk> 0 730 5 4.234719276428223 4.48498010635376 0
, 0 731 1 2.0830235481262207 4.83162260055542 0
passing 0 732 7 6.142836570739746 5.6834716796875 0
the 0 733 3 4.068662166595459 4.1202497482299805 1.5632219314575195
residential 0 734 11 7.875184535980225 6.384377479553223 0
community 0 735 9 3.806644916534424 6.084897518157959 0.29947996139526367
of 0 736 2 0.3438359200954437 2.0534160137176514 4.031481504440308
<unk> 0 737 5 0.5198388695716858 2.5233631134033203 0
to 0 738 2 5.349356651306152 4.452908515930176 0
the 0 739 3 1.3986151218414307 5.074082374572754 0
east 0 740 4 2.5038444995880127 3.8675763607025146 1.2065060138702393
and 0 741 3 2.5213263034820557 3.3855702877044678 0.4820060729980469
meeting 0 742 7 7.276489734649658 6.649362564086914 0
<unk> 0 743 5 3.804938793182373 4.912206172943115 1.7371563911437988
<unk> 0 744 5 1.2326065301895142 4.882673263549805 0.029532909393310547
. 0 745 1 2.2986209392547607 5.124484539031982 0
<eos> 0 746 5 0.061759620904922485 0.26599037647247314 4.858494162559509
<unk> 0 747 5 2.725640296936035 6.042695045471191 0
soon 0 748 4 10.269221305847168 7.447308540344238 0
enters 0 749 6 10.446044921875 8.251325607299805 0
<unk> 0 750 5 1.7137094736099243 3.4366865158081055 4.814639091491699
<unk> 0 751 5 5.163111686706543 4.859640121459961 0
, 0 752 1 1.9099154472351074 4.989401817321777 0
where 0 753 5 1.4372493028640747 5.018731117248535 0
the 0 754 3 3.2283811569213867 3.2669177055358887 1.7518134117126465
name 0 755 4 10.028437614440918 9.526914596557617 0
of 0 756 2 2.889253616333008 4.548974514007568 4.977940082550049
the 0 757 3 1.212443232536316 3.4224045276641846 1.1265699863433838
road 0 758 4 9.534896850585938 8.313704490661621 0
becomes 0 759 7 4.225650787353516 5.594599723815918 2.719104766845703
<unk> 0 760 5 2.8096985816955566 6.277659893035889 0
<unk> 0 761 5 0.9682430624961853 3.6628782749176025 2.614781618118286
and 0 762 3 3.650465250015259 4.212949752807617 0
it 0 763 2 7.0579833984375 5.831011772155762 0
comes 0 764 5 5.145291805267334 5.030315399169922 0.8006963729858398
to 0 765 2 0.6999419927597046 2.7151620388031006 2.3151533603668213
a 0 766 1 1.6284749507904053 2.882133960723877 0
junction 0 767 8 1.955445408821106 6.3703460693359375 0
with 0 768 4 0.03806178644299507 0.2988065481185913 6.071539521217346
<unk> 0 769 5 1.797821283340454 3.8199946880340576 0
<unk> 0 770 5 0.5774379372596741 2.093057870864868 1.7269368171691895
( 0 771 1 2.559602737426758 3.6037344932556152 0
<unk> 0 772 5 0.7168924808502197 3.8407180309295654 0
<unk> 0 773 5 3.7033092975616455 3.0672035217285156 0.7735145092010498
) 0 774 1 0.38985028862953186 1.8119111061096191 1.2552924156188965
. 0 775 1 1.185882329940796 3.6869330406188965 0
<eos> 0 776 5 0.061729464679956436 0.26566755771636963 3.421265482902527
<unk> 0 777 5 2.716552734375 6.063926696777344 0
<unk> 0 778 5 2.394082546234131 7.447673797607422 0
<unk> 0 779 5 2.761749744415283 6.243441581726074 1.2042322158813477
heads 0 780 5 12.551705360412598 6.4522786140441895 0
to 0 781 2 2.0850489139556885 5.281083106994629 1.1711955070495605
the 0 782 3 0.8694822788238525 3.6714422702789307 1.6096408367156982
west 0 783 4 3.2693488597869873 5.090588092803955 0
on 0 784 2 6.429039001464844 4.2666473388671875 0.8239407539367676
<unk> 0 785 5 2.1989784240722656 3.9668266773223877 0.2998206615447998
<unk> 0 786 5 2.290978193283081 4.473679542541504 0
at 0 787 2 6.384158134460449 4.137207508087158 0.3364720344543457
this 0 788 4 7.650081157684326 3.9064881801605225 0.23071932792663574
point 0 789 5 1.3242828845977783 3.2174434661865234 0.689044713973999
while 0 790 5 9.541058540344238 3.595155954360962 0
<unk> 0 791 5 2.8029513359069824 5.909422397613525 0
<unk> 0 792 5 0.4446452558040619 2.8637068271636963 3.045715570449829
heads 0 793 5 4.679510116577148 5.728575706481934 0
east 0 794 4 3.2466609477996826 4.114160060882568 1.6144156455993652
on 0 795 2 4.946559429168701 4.6461381912231445 0
<unk> 0 796 5 1.663396954536438 4.400403022766113 0.24573516845703125
<unk> 0 797 5 2.486747980117798 4.025943279266357 0.37445974349975586
, 0 798 1 2.110034465789795 4.331753730773926 0
and 0 799 3 4.334397315979004 5.975788116455078 0
<unk> 0 800 5 3.263289451599121 6.630198001861572 0
<unk> 0 801 5 0.6936073303222656 3.75612211227417 2.8740758895874023
continues 0 802 9 2.314459800720215 5.341022491455078 0
north 0 803 5 2.6040236949920654 4.566478729248047 0.7745437622070312
. 0 804 1 3.194221258163452 4.533127784729004 0.03335094451904297
<eos> 0 805 5 0.05278908461332321 0.2353956252336502 4.297732159495354
<unk> 0 806 5 2.735151529312134 6.044345378875732 0
<unk> 0 807 5 2.3873090744018555 7.437118053436279 0
and 0 808 3 4.869773864746094 6.23069953918457 1.206418514251709
<unk> 0 809 5 0.5286953449249268 3.1671130657196045 3.063586473464966
<unk> 0 810 5 0.37851858139038086 2.9843413829803467 0.1827716827392578
follow 0 811 6 12.4113187789917 6.986645698547363 0
the 0 812 3 1.4575461149215698 5.097227096557617 1.889418601989746
<unk> 0 813 5 2.7673425674438477 9.457751274108887 0
<unk> 0 814 5 2.5968430042266846 8.52433967590332 0.9334115982055664
, 0 815 1 4.19782829284668 7.9961256980896 0.5282139778137207
a 0 816 1 3.5615475177764893 5.846336841583252 2.1497888565063477
two 0 817 3 7.686909198760986 8.908119201660156 0
<unk> 0 818 5 0.057398177683353424 0.6240217685699463 8.28409743309021
lane 0 819 4 5.726835250854492 6.492964267730713 0
undivided 0 820 9 6.4547438621521 7.95065975189209 0
road 0 821 4 1.8989787101745605 4.946009635925293 3.004650115966797
, 0 822 1 3.567222833633423 4.842330455780029 0.10367918014526367
turning 0 823 7 10.162643432617188 6.364413261413574 0
to 0 824 2 2.9422736167907715 5.358829975128174 1.0055832862854004
the 0 825 3 0.5541611909866333 2.7751855850219727 2.583644390106201
northeast 0 826 9 3.17985463142395 2.949458122253418 0
and 0 827 3 2.4937703609466553 3.7709362506866455 0
crossing 0 828 8 3.0288565158843994 6.107148170471191 0
the 0 829 3 0.9170747995376587 3.518700361251831 2.5884478092193604
<unk> 0 830 5 0.7671718597412109 4.094022274017334 0
<unk> 0 831 5 3.9324865341186523 3.6247897148132324 0.46923255920410156
<unk> 0 832 5 2.797943115234375 5.535526275634766 0
<unk> 0 833 5 3.9664840698242188 6.869418621063232 0
. 0 834 1 4.3952741622924805 6.996217250823975 0
<eos> 0 835 5 0.06346584856510162 0.27107542753219604 6.725141823291779
<unk> 0 836 5 2.7251064777374268 6.040999412536621 0
passing 0 837 7 16.985532760620117 7.435750961303711 0
over 0 838 4 6.07588005065918 6.763227462768555 0.6725234985351562
the 0 839 3 0.9820429086685181 3.7912213802337646 2.97200608253479
river 0 840 5 4.2280144691467285 6.967670917510986 0
, 0 841 1 3.795248508453369 5.713985443115234 1.253685474395752
enters 0 842 6 12.371479988098145 6.7034077644348145 0
<unk> 0 843 5 1.8261255025863647 3.9734885692596436 2.729919195175171
<unk> 0 844 5 4.759464263916016 4.415768623352051 0
and 0 845 3 2.9221339225769043 4.809913635253906 0
turns 0 846 5 4.426968097686768 6.276409149169922 0
north 0 847 5 2.8439600467681885 4.73432731628418 1.5420818328857422
, 0 848 1 3.9887096881866455 5.0043487548828125 0
encountering 0 849 12 9.325309753417969 6.355230808258057 0
<unk> 0 850 5 3.1191928386688232 5.356774806976318 0.9984560012817383
<unk> 0 851 5 1.4387710094451904 5.161130905151367 0.19564390182495117
before 0 852 6 6.6156415939331055 5.4222798347473145 0
passing 0 853 7 4.453670978546143 4.900500297546387 0.5217795372009277
over 0 854 4 3.666339874267578 4.2756547927856445 0.6248455047607422
an 0 855 2 6.697816371917725 4.156072616577148 0.1195821762084961
abandoned 0 856 9 7.007789611816406 4.345579624176025 0
railroad 0 857 8 4.8619771003723145 7.688693523406982 0
line 0 858 4 1.233825445175171 4.423196315765381 3.2654972076416016
and 0 859 3 4.005033016204834 3.928004026412964 0.495192289352417
heading 0 860 7 4.9573516845703125 6.588478088378906 0
into 0 861 4 2.6773900985717773 4.866947174072266 1.7215309143066406
the 0 862 3 1.3858087062835693 3.652252435684204 1.2146947383880615
downtown 0 863 8 6.616062641143799 6.3083696365356445 0
area 0 864 4 0.8476873636245728 3.879708766937256 2.4286608695983887
of 0 865 2 1.7617379426956177 2.9000673294067383 0.9796414375305176
<unk> 0 866 5 1.3326412439346313 4.025852680206299 0
<unk> 0 867 5 4.577907085418701 3.7450366020202637 0.28081607818603516
. 0 868 1 1.1117234230041504 3.9180562496185303 0
<eos> 0 869 5 0.05894184112548828 0.2564693093299866 3.6615869402885437
<unk> 0 870 5 2.718653678894043 6.042325496673584 0
, 0 871 1 4.499410152435303 7.434937477111816 0
the 0 872 3 3.9952752590179443 5.855940341949463 1.5789971351623535
road 0 873 4 11.692731857299805 9.137636184692383 0
crosses 0 874 7 6.016541957855225 7.614673614501953 1.5229625701904297
<unk> 0 875 5 3.284059524536133 4.480626583099365 3.134047031402588
<unk> 0 876 5 2.092200756072998 4.852565288543701 0
, 0 877 1 2.620366096496582 5.704227924346924 0
and 0 878 3 3.2645926475524902 6.356568336486816 0
<unk> 0 879 5 3.7914814949035645 6.437794208526611 0
<unk> 0 880 5 0.7134335041046143 3.678942918777466 2.7588512897491455
splits 0 881 6 6.100589275360107 6.332700252532959 0
from 0 882 4 1.8804115056991577 3.623323678970337 2.709376573562622
<unk> 0 883 5 2.0162405967712402 4.3473801612854 0
<unk> 0 884 5 1.001640796661377 3.920043468475342 0.4273366928100586
by 0 885 2 8.076597213745117 4.755021095275879 0
turning 0 886 7 4.785408973693848 4.6502580642700195 0.10476303100585938
east 0 887 4 3.450073719024658 4.783609867095947 0
along 0 888 5 4.50856351852417 4.79359245300293 0
that 0 889 4 9.525065422058105 3.7281436920166016 1.0654487609863281
road 0 890 4 3.5996007919311523 6.390876770019531 0
. 0 891 1 0.8003962635993958 3.1067633628845215 3.2841134071350098
<eos> 0 892 5 0.06640457361936569 0.28009873628616333 2.826664626598358
<unk> 0 893 5 2.716153621673584 6.063140869140625 0
, 0 894 1 4.511974811553955 7.459132671356201 0
<unk> 0 895 5 1.8021416664123535 5.846019744873047 1.6131129264831543
<unk> 0 896 5 2.7552804946899414 4.269806385040283 1.5762133598327637
continues 0 897 9 12.697929382324219 3.651270627975464 0.6185357570648193
north 0 898 5 4.102736949920654 5.11715030670166 0
on 0 899 2 5.358456611633301 4.858776569366455 0.2583737373352051
<unk> 0 900 5 1.7412294149398804 4.222570896148682 0.6362056732177734
<unk> 0 901 5 2.574307918548584 3.7197213172912598 0.5028495788574219
<unk> 0 902 5 3.454465389251709 4.115877151489258 0
, 0 903 1 1.5430200099945068 4.251958847045898 0
passing 0 904 7 4.114240646362305 6.188854694366455 0
through 0 905 7 1.2583378553390503 4.3195481300354 1.8693065643310547
developed 0 906 9 15.200254440307617 3.8144569396972656 0.5050911903381348
areas 0 907 5 1.069473385810852 4.58241081237793 0
. 0 908 1 3.3262503147125244 4.539070129394531 0.04334068298339844
<eos> 0 909 5 0.05918138101696968 0.2567131817340851 4.282356947660446
<unk> 0 910 5 2.7419826984405518 6.089831352233887 0
leaves 0 911 6 11.395637512207031 7.4688239097595215 0
<unk> 0 912 5 1.8839777708053589 5.084072589874268 2.384751319885254
<unk> 0 913 5 4.019197463989258 5.48301887512207 0
and 0 914 3 3.5618886947631836 5.026593208312988 0.45642566680908203
heads 0 915 5 9.198898315429688 7.481513500213623 0
into 0 916 4 2.82114839553833 4.909323215484619 2.572190284729004
back 0 917 4 12.84287166595459 3.6563282012939453 1.2529950141906738
into 0 918 4 6.0635552406311035 4.679937362670898 0
forests 0 919 7 15.811651229858398 3.863731622695923 0.8162057399749756
. 0 920 1 1.6489654779434204 4.26042366027832 0
<eos> 0 921 5 0.05552423372864723 0.24466070532798767 4.015762954950333
<unk> 0 922 5 2.7274179458618164 6.077324867248535 0
route 0 923 5 12.880837440490723 7.468657493591309 0
turns 0 924 5 14.56680965423584 0.47123783826828003 6.997419655323029
to 0 925 2 3.031055450439453 5.506285190582275 0
the 0 926 3 0.6992731690406799 3.3867363929748535 2.119548797607422
northeast 0 927 9 2.2101614475250244 2.970008373260498 0.41672801971435547
, 0 928 1 1.8333488702774048 4.014442443847656 0
passing 0 929 7 2.872904062271118 5.961180210113525 0
near 0 930 4 5.743207931518555 4.858564376831055 1.1026158332824707
the 0 931 3 0.9398369789123535 3.3826069831848145 1.4759573936462402
<unk> 0 932 5 2.362496852874756 6.618159294128418 0
<unk> 0 933 5 3.4533565044403076 6.938937187194824 0
<unk> 0 934 5 3.0379538536071777 7.444690227508545 0
residential 0 935 11 10.817769050598145 7.582481384277344 0
development 0 936 11 7.791156768798828 4.549007415771484 3.0334739685058594
, 0 937 1 2.9779140949249268 5.559709548950195 0
before 0 938 6 6.097651481628418 6.348185062408447 0
coming 0 939 6 4.188591957092285 5.302178859710693 1.046006202697754
to 0 940 2 0.6963536739349365 2.705308675765991 2.596870183944702
an 0 941 2 1.8790439367294312 3.3024117946624756 0
interchange 0 942 11 1.6868525743484497 1.4771828651428223 1.8252289295196533
with 0 943 4 0.05059317126870155 0.3835335671901703 1.093649297952652
<unk> 0 944 5 1.9248050451278687 3.871297836303711 0
<unk> 0 945 5 0.3906262218952179 1.6585263013839722 2.2127715349197388
( 0 946 1 2.1695404052734375 3.8166017532348633 0
<unk> 0 947 5 0.6436030864715576 3.516939878463745 0.29966187477111816
<unk> 0 948 5 3.77516770362854 3.1970019340515137 0.31993794441223145
<unk> 0 949 5 4.327801704406738 1.9676803350448608 1.2293215990066528
) 0 950 1 0.646030068397522 2.483001947402954 0
. 0 951 1 1.5495470762252808 3.866300344467163 0
<eos> 0 952 5 0.06382064521312714 0.27205875515937805 3.594241589307785
<unk> 0 953 5 2.7146401405334473 6.0518598556518555 0
this 0 954 4 14.05467700958252 7.441200256347656 0
interchange 0 955 11 11.77859878540039 9.594744682312012 0
, 0 956 1 3.078082323074341 5.407621383666992 4.1871232986450195
<unk> 0 957 5 5.3787407875061035 6.609345436096191 0
<unk> 0 958 5 1.500783920288086 5.531330585479736 1.078014850616455
widens 0 959 6 10.3922758102417 5.550524711608887 0
to 0 960 2 1.6321042776107788 4.440720081329346 1.109804630279541
a 0 961 1 2.0190982818603516 4.254814147949219 0.18590593338012695
four 0 962 4 1.7687933444976807 4.373005390167236 0
<unk> 0 963 5 0.3728061020374298 1.1766245365142822 3.196380853652954
lane 0 964 4 0.018120018765330315 0.13903650641441345 1.0375880300998688
divided 0 965 7 0.5140658020973206 1.6820399761199951 0
highway 0 966 7 0.21389701962471008 1.2825520038604736 0.3994879722595215
and 0 967 3 3.3182497024536133 4.506830215454102 0
reaches 0 968 7 6.044460773468018 6.105012893676758 0
a 0 969 1 3.1741585731506348 3.6705408096313477 2.43447208404541
full 0 970 4 7.381231307983398 6.375831604003906 0
interchange 0 971 11 2.6186106204986572 3.917227268218994 2.458604335784912
with 0 972 4 0.23146115243434906 1.3671361207962036 2.5500911474227905
the 0 973 3 3.1339833736419678 4.001248836517334 0
<unk> 0 974 5 1.8111039400100708 5.9598164558410645 0
<unk> 0 975 5 2.3601934909820557 6.29474401473999 0
<unk> 0 976 5 2.5037455558776855 6.473289966583252 0
. 0 977 1 5.233346939086914 6.31072473526001 0.1625652313232422
<eos> 0 978 5 0.05838337540626526 0.25628095865249634 6.054443776607513
<unk> 0 979 5 2.7189645767211914 6.015595436096191 0
route 0 980 5 12.763421058654785 7.4179182052612305 0
becomes 0 981 7 15.904885292053223 0.45119011402130127 6.966728091239929
a 0 982 1 2.13744854927063 5.51401948928833 0
two 0 983 3 5.633229732513428 7.705855369567871 0
<unk> 0 984 5 0.11207498610019684 0.6311101913452148 7.074745178222656
lane 0 985 4 0.043722040951251984 0.3223046064376831 0.30880558490753174
undivided 0 986 9 1.64677095413208 2.978707790374756 0
road 0 987 4 0.5289663672447205 1.9287339448928833 1.0499738454818726
again 0 988 5 7.679022789001465 4.674622535705566 0
and 0 989 3 2.902090311050415 5.355579853057861 0
continues 0 990 9 2.804730176925659 5.721123695373535 0
through 0 991 7 3.488603353500366 4.636845111846924 1.0842785835266113
inhabited 0 992 9 17.178695678710938 4.643468379974365 0
areas 0 993 5 0.6154201030731201 3.0138275623321533 1.629640817642212
, 0 994 1 3.902710199356079 4.146172046661377 0
crossing 0 995 8 4.222057342529297 5.883529186248779 0
into 0 996 4 3.6720497608184814 4.414368629455566 1.469160556793213
<unk> 0 997 5 1.7158516645431519 4.078753471374512 0.3356151580810547
<unk> 0 998 5 5.253076553344727 3.584787130355835 0.49396634101867676
, 0 999 1 2.7892558574676514 4.570021629333496 0
where 0 1000 5 2.5413105487823486 5.411616802215576 0
there 0 1001 5 7.26571798324585 2.400940418243408 3.010676383972168
is 0 1002 2 0.9769358038902283 2.447575092315674 0
an 0 1003 2 3.064772129058838 4.0207037925720215 0
intersection 0 1004 12 1.9804338216781616 3.592473030090332 0.42823076248168945
with 0 1005 4 0.175042524933815 0.9708817601203918 2.62159126996994
<unk> 0 1006 5 1.1978193521499634 3.9315290451049805 0
<unk> 0 1007 5 0.6099715828895569 2.329153537750244 1.6023755073547363
. 0 1008 1 1.5967695713043213 3.828066110610962 0
<eos> 0 1009 5 0.05794034153223038 0.2537049651145935 3.5743611454963684
<unk> 0 1010 5 2.7054576873779297 6.016175746917725 0
short 0 1011 5 14.802580833435059 7.434338092803955 0
distance 0 1012 8 9.446805953979492 7.130636215209961 0.30370187759399414
later 0 1013 5 10.9279146194458 9.40298080444336 0
, 0 1014 1 4.17410135269165 8.71702766418457 0.6859531402587891
the 0 1015 3 2.5583698749542236 6.2284746170043945 2.488553047180176
road 0 1016 4 4.917381763458252 8.174908638000488 0
crosses 0 1017 7 3.535440444946289 5.051778316497803 3.1231303215026855
<unk> 0 1018 5 2.617544412612915 4.078747272491455 0.9730310440063477
<unk> 0 1019 5 1.9520305395126343 4.849454402923584 0
<unk> 0 1020 5 3.837198495864868 5.436558723449707 0
 0 1021 1 12.492279052734375 5.9884562492370605 0
s 0 1022 1 0.024061033502221107 0.23191490769386292 5.756541341543198
<unk> 0 1023 5 3.0863044261932373 8.288986206054688 0
<unk> 0 1024 5 2.8957557678222656 6.823060035705566 1.465926170349121
<unk> 0 1025 5 2.3743622303009033 6.854312896728516 0
near 0 1026 4 9.712303161621094 7.566293716430664 0
the 0 1027 3 2.0877621173858643 3.59385347366333 3.972440242767334
<unk> 0 1028 5 1.5941567420959473 6.085876941680908 0
<unk> 0 1029 5 2.949758291244507 6.685168743133545 0
<unk> 0 1030 5 2.406902551651001 6.885661602020264 0
<unk> 0 1031 5 3.6290485858917236 7.145171165466309 0
and 0 1032 3 5.45568323135376 6.823825359344482 0.32134580612182617
enters 0 1033 6 4.952838897705078 5.885395050048828 0.9384303092956543
<unk> 0 1034 5 1.5159045457839966 3.595367431640625 2.290027618408203
<unk> 0 1035 5 4.975009441375732 4.35620641708374 0
<unk> 0 1036 5 3.614424467086792 4.7395920753479 0
, 0 1037 1 3.2692112922668457 5.425322532653809 0
turning 0 1038 7 8.555876731872559 5.9002299308776855 0
into 0 1039 4 4.876932621002197 5.062196254730225 0.8380336761474609
<unk> 0 1040 5 2.808842658996582 3.4948482513427734 1.5673480033874512
<unk> 0 1041 5 3.8330612182617188 4.569720268249512 0
. 0 1042 1 1.513960599899292 4.317413330078125 0.2523069381713867
<eos> 0 1043 5 0.06193575635552406 0.26605531573295593 4.051358014345169
<unk> 0 1044 5 2.7304763793945312 6.054647922515869 0
block 0 1045 5 16.348909378051758 7.448460578918457 0
after 0 1046 5 12.252847671508789 7.263481616973877 0.18497896194458008
the 0 1047 3 1.774872064590454 5.867293357849121 1.3961882591247559
railroad 0 1048 8 12.030593872070312 8.424243927001953 0
crossing 0 1049 8 7.352599620819092 7.9143781661987305 0.5098657608032227
, 0 1050 1 3.538515567779541 4.2272725105285645 3.687105655670166
<unk> 0 1051 5 2.431344985961914 4.990338325500488 0
<unk> 0 1052 5 1.795302152633667 6.661820411682129 0
ends 0 1053 4 8.036225318908691 6.83746862411499 0
at 0 1054 2 1.4516518115997314 3.896544933319092 2.9409236907958984
an 0 1055 2 3.08889102935791 4.00291633605957 0
intersection 0 1056 12 0.7654796838760376 1.4428298473358154 2.560086488723755
with 0 1057 4 0.052128538489341736 0.38918203115463257 1.0536478161811829
<unk> 0 1058 5 1.104822039604187 3.4932124614715576 0
<unk> 0 1059 5 0.5945839881896973 2.155791997909546 1.3374204635620117
and 0 1060 3 3.80838942527771 3.880103826522827 0
<unk> 0 1061 5 1.654367208480835 5.396936416625977 0
<unk> 0 1062 5 0.3491275906562805 1.902871012687683 3.4940654039382935
( 0 1063 1 4.590338230133057 4.5878987312316895 0
<unk> 0 1064 5 1.154969334602356 4.663223743438721 0
<unk> 0 1065 5 2.55631160736084 3.6233417987823486 1.039881944656372
<unk> 0 1066 5 4.394781589508057 1.8671623468399048 1.7561794519424438
) 0 1067 1 0.687636137008667 2.8165435791015625 0
, 0 1068 1 2.9691319465637207 3.9796345233917236 0
with 0 1069 4 4.2601518630981445 5.986361980438232 0
<unk> 0 1070 5 2.5680091381073 4.668749809265137 1.3176121711730957
<unk> 0 1071 5 0.9601584672927856 4.236052989959717 0.4326968193054199
continuing 0 1072 10 3.2605791091918945 6.61037540435791 0
north 0 1073 5 3.135199546813965 5.114391803741455 1.495983600616455
on 0 1074 2 4.758208274841309 4.846956253051758 0.26743555068969727
<unk> 0 1075 5 1.739184856414795 4.628440856933594 0.21851539611816406
<unk> 0 1076 5 3.278104782104492 3.5846683979034424 1.0437724590301514
at 0 1077 2 6.30436372756958 4.412259101867676 0
this 0 1078 4 7.7424468994140625 4.211787700653076 0.2004714012145996
point 0 1079 5 0.9783501029014587 3.0907678604125977 1.1210198402404785
. 0 1080 1 0.6264598965644836 2.642125368118286 0.4486424922943115
<eos> 0 1081 5 0.07915612310171127 0.31861618161201477 2.3235091865062714
<unk> 0 1082 5 2.7079410552978516 6.065338611602783 0
<unk> 0 1083 5 2.4001500606536865 7.45590877532959 0
is 0 1084 2 5.337596893310547 6.241305351257324 1.2146034240722656
an 0 1085 2 4.651152610778809 6.614055156707764 0
important 0 1086 9 4.144763946533203 8.21435260772705 0
route 0 1087 5 9.017394065856934 9.018502235412598 0
linking 0 1088 7 8.733513832092285 4.82500696182251 4.193495273590088
the 0 1089 3 1.2920122146606445 4.547843933105469 0.277163028717041
<unk> 0 1090 5 2.008061408996582 7.750743389129639 0
<unk> 0 1091 5 3.093052864074707 6.883922100067139 0.8668212890625
<unk> 0 1092 5 2.32629656791687 6.542484283447266 0.34143781661987305
with 0 1093 4 3.91231369972229 7.014639377593994 0
the 0 1094 3 1.7362487316131592 4.704334735870361 2.310304641723633
<unk> 0 1095 5 1.2327399253845215 6.513408184051514 0
<unk> 0 1096 5 1.9218345880508423 6.711329936981201 0
resorts 0 1097 7 17.637866973876953 6.269807815551758 0.44152212142944336
in 0 1098 2 4.32894229888916 5.386581897735596 0.8832259178161621
<unk> 0 1099 5 0.9278504848480225 3.0565364360809326 2.330045461654663
<unk> 0 1100 5 4.4267096519470215 3.438845157623291 0
<unk> 0 1101 5 3.2894420623779297 4.106870651245117 0
, 0 1102 1 2.1030890941619873 4.673980712890625 0
serving 0 1103 7 11.383084297180176 4.868554592132568 0
as 0 1104 2 1.715216040611267 4.567357540130615 0.3011970520019531
an 0 1105 2 3.9810914993286133 3.8352880477905273 0.7320694923400879
alternate 0 1106 9 6.328339576721191 7.774947643280029 0
to 0 1107 2 6.314224720001221 5.799307346343994 1.9756402969360352
more 0 1108 4 12.621543884277344 4.878281593322754 0.9210257530212402
congested 0 1109 9 13.167792320251465 8.117683410644531 0
routes 0 1110 6 5.576566219329834 8.62601089477539 0
. 0 1111 1 1.8911378383636475 4.639465808868408 3.9865450859069824
<eos> 0 1112 5 0.0654744803905487 0.27788642048835754 4.361579388380051
<unk> 0 1113 5 2.739743947982788 6.0712409019470215 0
also 0 1114 4 5.635162830352783 7.474632263183594 0
serves 0 1115 6 9.88907241821289 9.058918952941895 0
as 0 1116 2 0.49771639704704285 2.5038647651672363 6.555054187774658
evacuation 0 1117 10 17.11435317993164 4.288690567016602 0
route 0 1118 5 7.697599411010742 8.564311027526855 0
from 0 1119 4 5.163052558898926 5.26881217956543 3.295498847961426
<unk> 0 1120 5 0.9707938432693481 3.513239622116089 1.7555725574493408
<unk> 0 1121 5 3.1606338024139404 4.084211349487305 0
<unk> 0 1122 5 3.4566848278045654 3.6465578079223633 0.4376535415649414
to 0 1123 2 0.9514960050582886 3.70261287689209 0
inland 0 1124 6 14.756584167480469 2.091412305831909 1.6112005710601807
areas 0 1125 5 7.034123420715332 5.603488922119141 0
in 0 1126 2 3.701974630355835 4.008636474609375 1.5948524475097656
the 0 1127 3 1.9486156702041626 3.4241814613342285 0.5844550132751465
event 0 1128 5 12.840777397155762 5.95492696762085 0
of 0 1129 2 0.22283174097537994 0.9926890134811401 4.9622379541397095
a 0 1130 1 2.2273197174072266 7.056574821472168 0
hurricane 0 1131 9 5.45522928237915 9.41759967803955 0
. 0 1132 1 1.6580158472061157 5.448573112487793 3.969026565551758
<eos> 0 1133 5 0.055546246469020844 0.24465271830558777 5.203920394182205
= 0 1134 1 3.7977676391601562 6.069487571716309 0
= 0 1135 1 0.09311818331480026 0.6224831938743591 5.4470043778419495
<unk> 0 1136 5 5.562034606933594 5.633990287780762 0
= 0 1137 1 1.8964953422546387 7.024667263031006 0
= 0 1138 1 0.00039069168269634247 0.005921576172113419 7.018745686858892
<eos> 0 1139 5 17.66332244873047 5.160468578338623 0
<unk> 0 1140 5 2.779418468475342 5.084996223449707 0.07547235488891602
portion 0 1141 7 17.985998153686523 5.5909929275512695 0
of 0 1142 2 0.3127650022506714 2.004929304122925 3.5860636234283447
current 0 1143 7 13.020721435546875 2.6114389896392822 0
<unk> 0 1144 5 1.1273119449615479 5.561568260192871 0
<unk> 0 1145 5 0.5837516784667969 3.6084489822387695 1.9531192779541016
between 0 1146 7 6.15648078918457 6.023173809051514 0
<unk> 0 1147 5 0.6416466236114502 2.8308942317962646 3.192279577255249
and 0 1148 3 0.7970722317695618 2.7878475189208984 0.04304671287536621
<unk> 0 1149 5 0.2998579442501068 1.7754700183868408 1.0123775005340576
received 0 1150 8 10.666936874389648 5.26300048828125 0
funding 0 1151 7 9.801360130310059 6.110500812530518 0
to 0 1152 2 3.7360520362854004 3.771545171737671 2.3389556407928467
become 0 1153 6 7.857536315917969 7.183638095855713 0
a 0 1154 1 1.4723711013793945 4.199984073638916 2.983654022216797
spur 0 1155 4 7.671982288360596 7.697213649749756 0
of 0 1156 2 1.864660620689392 4.773592472076416 2.92362117767334
the 0 1157 3 1.8298898935317993 4.380642890930176 0.39294958114624023
<unk> 0 1158 5 1.5213847160339355 5.454367637634277 0
<unk> 0 1159 5 1.9439363479614258 5.393355846405029 0.06101179122924805
in 0 1160 2 5.751493453979492 5.573459625244141 0
<unk> 0 1161 5 0.3590255081653595 1.6007177829742432 3.9727418422698975
. 0 1162 1 0.8871580362319946 2.8922252655029297 0
<eos> 0 1163 5 0.060829658061265945 0.2621689736843109 2.6300562918186188
<unk> 0 1164 5 2.7200253009796143 6.052071571350098 0
modern 0 1165 6 16.69266700744629 7.469547748565674 0
<unk> 0 1166 5 2.2373828887939453 8.951225280761719 0
day 0 1167 3 4.936747074127197 7.282323360443115 1.6689019203186035
alignment 0 1168 9 15.021903038024902 6.485093116760254 0.7972302436828613
of 0 1169 2 4.402065277099609 6.380532741546631 0.10456037521362305
<unk> 0 1170 5 1.3295552730560303 4.091878414154053 2.288654327392578
<unk> 0 1171 5 0.32372358441352844 2.1235780715942383 1.9683003425598145
was 0 1172 3 2.822603940963745 5.9162774085998535 0
legislated 0 1173 10 7.188343524932861 6.770537376403809 0
as 0 1174 2 1.7849735021591187 3.7540335655212402 3.0165038108825684
part 0 1175 4 2.427581787109375 3.5012741088867188 0.2527594566345215
of 0 1176 2 0.00328559591434896 0.034988995641469955 3.466285113245249
pre 0 1177 3 9.479963302612305 3.4224183559417725 0
<unk> 0 1178 5 0.0015135130379348993 0.01941579580307007 3.4030025601387024
<unk> 0 1179 5 0.8217083215713501 2.838423013687134 0
<unk> 0 1180 5 2.171750068664551 3.1544065475463867 0
<unk> 0 1181 5 1.1876598596572876 4.184491157531738 0
in 0 1182 2 3.673072099685669 4.759527206420898 0
<unk> 0 1183 5 0.3514830470085144 1.757448673248291 3.0020785331726074
, 0 1184 1 2.3246688842773438 2.8167648315429688 0
a 0 1185 1 5.4168620109558105 5.981653690338135 0
route 0 1186 5 4.281842231750488 7.531619071960449 0
that 0 1187 4 1.630835771560669 4.7602949142456055 2.7713241577148438
was 0 1188 3 1.6040065288543701 5.33009147644043 0
to 0 1189 2 3.792024850845337 6.972095489501953 0
run 0 1190 3 2.809109687805176 4.823040008544922 2.1490554809570312
from 0 1191 4 2.0523555278778076 4.86644172668457 0
<unk> 0 1192 5 0.9629789590835571 3.465693950653076 1.4007477760314941
<unk> 0 1193 5 2.9662301540374756 3.9673097133636475 0
to 0 1194 2 1.4192835092544556 4.215616226196289 0
<unk> 0 1195 5 0.6923443078994751 2.9554388523101807 1.2601773738861084
<unk> 0 1196 5 1.8347164392471313 3.807950496673584 0
<unk> 0 1197 5 5.623772144317627 3.546933174133301 0.2610173225402832
. 0 1198 1 2.233405113220215 4.3410115242004395 0
<eos> 0 1199 5 0.06322076916694641 0.2710558772087097 4.06995564699173
<unk> 0 1200 5 2.7337522506713867 6.047325611114502 0
the 0 1201 3 9.744396209716797 7.453200340270996 0
<unk> 0 1202 5 2.548004150390625 9.512565612792969 0
<unk> 0 1203 5 3.4797303676605225 9.163046836853027 0.3495187759399414
<unk> 0 1204 5 2.401618003845215 8.246199607849121 0.9168472290039062
state 0 1205 5 10.591989517211914 8.703166007995605 0
highway 0 1206 7 4.332211494445801 8.401992797851562 0.30117321014404297
renumbering 0 1207 11 7.465535640716553 5.946499824523926 2.4554929733276367
, 0 1208 1 2.347254991531372 5.475367546081543 0.4711322784423828
the 0 1209 3 4.661705017089844 6.20639705657959 0
portion 0 1210 7 7.513153076171875 6.8829755783081055 0
of 0 1211 2 0.26959171891212463 1.7998716831207275 5.083103895187378
pre 0 1212 3 11.725443840026855 3.4830565452575684 0
<unk> 0 1213 5 0.0013786419294774532 0.017208728939294815 3.4658478163182735
<unk> 0 1214 5 0.627648651599884 2.8950717449188232 0
<unk> 0 1215 5 3.2324509620666504 1.8854553699493408 1.0096163749694824
<unk> 0 1216 5 1.475414514541626 4.626269817352295 0
between 0 1217 7 4.099196910858154 5.835190296173096 0
<unk> 0 1218 5 0.7286754846572876 2.78790283203125 3.0472874641418457
and 0 1219 3 0.3832654058933258 1.5549702644348145 1.2329325675964355
<unk> 0 1220 5 0.3195657432079315 1.759688138961792 0
<unk> 0 1221 5 4.729148864746094 4.168446063995361 0
<unk> 0 1222 5 4.301635265350342 4.154356479644775 0.014089584350585938
was 0 1223 3 4.342682838439941 4.503357410430908 0
designated 0 1224 10 2.5743298530578613 5.994069576263428 0
as 0 1225 2 1.1516783237457275 3.9876832962036133 2.0063862800598145
<unk> 0 1226 5 2.90883469581604 4.226247310638428 0
<unk> 0 1227 5 0.17120933532714844 1.185761570930481 3.0404857397079468
, 0 1228 1 2.962702512741089 3.8428313732147217 0
the 0 1229 3 4.001858711242676 5.545124530792236 0
highest 0 1230 7 7.652066707611084 6.477839469909668 0
state 0 1231 5 5.825525760650635 5.813655376434326 0.6641840934753418
route 0 1232 5 1.9823105335235596 3.980120897293091 1.8335344791412354
number 0 1233 6 15.820859909057617 4.195373058319092 0
assigned 0 1234 8 9.028059959411621 4.332082748413086 0
in 0 1235 2 2.3869307041168213 3.6669580936431885 0.6651246547698975
the 0 1236 3 0.9066898226737976 2.234239101409912 1.4327189922332764
renumbering 0 1237 11 11.083181381225586 3.7805047035217285 0
. 0 1238 1 2.2075061798095703 2.1556203365325928 1.6248843669891357
<eos> 0 1239 5 0.0647754892706871 0.273845374584198 1.8817749619483948
<unk> 0 1240 5 2.71744966506958 6.0510783195495605 0
<unk> 0 1241 5 2.4144604206085205 7.480221748352051 0
retained 0 1242 8 13.169157028198242 6.224993705749512 1.255228042602539
its 0 1243 3 4.703175067901611 4.348851203918457 1.8761425018310547
current 0 1244 7 7.784809589385986 8.806841850280762 0
routing 0 1245 7 5.476444721221924 7.4107489585876465 1.3960928916931152
in 0 1246 2 3.4484105110168457 5.246957778930664 2.1637911796569824
the 0 1247 3 1.640344500541687 3.6206674575805664 1.6262903213500977
<unk> 0 1248 5 2.9749531745910645 6.7218756675720215 0
<unk> 0 1249 5 3.6266627311706543 6.393457889556885 0.3284177780151367
<unk> 0 1250 5 3.1660547256469727 6.764131546020508 0
state 0 1251 5 4.7350664138793945 6.910558700561523 0
highway 0 1252 7 2.405167579650879 5.694020748138428 1.2165379524230957
renumbering 0 1253 11 1.4483416080474854 2.819113254547119 2.8749074935913086
. 0 1254 1 2.118281364440918 3.649125814437866 0
<eos> 0 1255 5 0.06049111485481262 0.2612999677658081 3.387825846672058
<unk> 0 1256 5 2.729429244995117 6.054943084716797 0
freeway 0 1257 7 16.96624755859375 7.472528457641602 0
was 0 1258 3 2.726219415664673 7.104665279388428 0.36786317825317383
proposed 0 1259 8 7.0832624435424805 6.645796775817871 0.45886850357055664
for 0 1260 3 4.065730571746826 3.8358962535858154 2.8099005222320557
<unk> 0 1261 5 2.521448850631714 4.551949977874756 0
<unk> 0 1262 5 1.2234336137771606 4.651519775390625 0
around 0 1263 6 10.4012451171875 4.291475772857666 0.360044002532959
<unk> 0 1264 5 0.6154201030731201 2.0470781326293945 2.2443976402282715
, 0 1265 1 1.7167997360229492 3.8682031631469727 0
running 0 1266 7 9.870644569396973 5.280353546142578 0
from 0 1267 4 3.345482110977173 5.846627235412598 0
the 0 1268 3 2.2310993671417236 3.4475345611572266 2.399092674255371
<unk> 0 1269 5 2.1487650871276855 6.766191005706787 0
<unk> 0 1270 5 2.9794933795928955 6.848233699798584 0
<unk> 0 1271 5 2.7507028579711914 6.7763285636901855 0.07190513610839844
in 0 1272 2 7.283963203430176 6.732596397399902 0.0437321662902832
<unk> 0 1273 5 0.850161075592041 2.957103729248047 3.7754926681518555
<unk> 0 1274 5 4.649824619293213 3.100370407104492 0
north 0 1275 5 8.533086776733398 2.681699752807617 0.418670654296875
to 0 1276 2 0.163741335272789 0.9681863784790039 1.7135133743286133
<unk> 0 1277 5 0.9401177763938904 3.3004062175750732 0
<unk> 0 1278 5 2.366129159927368 5.125257968902588 0
in 0 1279 2 2.6915574073791504 4.500259876251221 0.6249980926513672
<unk> 0 1280 5 0.6163941621780396 2.3413174152374268 2.158942461013794
<unk> 0 1281 5 4.280056476593018 3.468874454498291 0
. 0 1282 1 1.182750940322876 3.3462162017822266 0.12265825271606445
<eos> 0 1283 5 0.06265950947999954 0.268627792596817 3.0775884091854095
<unk> 0 1284 5 2.715831756591797 6.052029609680176 0
proposed 0 1285 8 10.608664512634277 7.462368965148926 0
freeway 0 1286 7 17.027023315429688 5.0245280265808105 2.4378409385681152
was 0 1287 3 9.366241455078125 8.45095443725586 0
intended 0 1288 8 8.4053373336792 7.7845635414123535 0.6663908958435059
to 0 1289 2 0.3962674140930176 1.6670749187469482 6.117488622665405
provide 0 1290 7 5.171367168426514 6.719604969024658 0
economic 0 1291 8 10.027325630187988 6.792843341827393 0
development 0 1292 11 3.3446319103240967 7.370734691619873 0
to 0 1293 2 2.6951138973236084 4.23146390914917 3.139270782470703
the 0 1294 3 1.4354207515716553 6.258505821228027 0
region 0 1295 6 6.872100830078125 7.977442741394043 0
as 0 1296 2 4.606705188751221 4.288856506347656 3.6885862350463867
well 0 1297 4 3.152071952819824 5.176856994628906 0
as 0 1298 2 0.38982272148132324 1.3133251667022705 3.8635318279266357
provide 0 1299 7 10.443108558654785 8.125094413757324 0
a 0 1300 1 3.1240649223327637 8.020336151123047 0.10475826263427734
better 0 1301 6 7.075867176055908 9.249051094055176 0
route 0 1302 5 5.380683422088623 8.9507417678833 0.298309326171875
to 0 1303 2 1.9884110689163208 3.9387078285217285 5.012033939361572
the 0 1304 3 1.2410502433776855 5.385807991027832 0
<unk> 0 1305 5 2.854585886001587 7.701162815093994 0
<unk> 0 1306 5 3.1148617267608643 7.258772850036621 0.44238996505737305
resorts 0 1307 7 14.969449996948242 7.152651786804199 0.10612106323242188
of 0 1308 2 4.051728248596191 5.16050910949707 1.992142677307129
<unk> 0 1309 5 1.257142186164856 3.300778865814209 1.8597302436828613
<unk> 0 1310 5 4.3129987716674805 2.8597054481506348 0.4410734176635742
<unk> 0 1311 5 2.8556454181671143 3.63088321685791 0
for 0 1312 3 8.434989929199219 4.3030242919921875 0
travelers 0 1313 9 10.221805572509766 6.614820957183838 0
from 0 1314 4 4.961512088775635 5.495739936828613 1.1190810203552246
the 0 1315 3 1.6647783517837524 4.307882785797119 1.1878571510314941
<unk> 0 1316 5 2.2904129028320312 6.885121822357178 0
<unk> 0 1317 5 3.895045280456543 7.106100082397461 0
. 0 1318 1 3.8157706260681152 6.868710517883301 0.23738956451416016
<eos> 0 1319 5 0.06634675711393356 0.2799915075302124 6.588719010353088
<unk> 0 1320 5 2.7210681438446045 6.048856735229492 0
, 0 1321 1 4.530120849609375 7.471959590911865 0
this 0 1322 4 10.003173828125 5.843285083770752 1.6286745071411133
freeway 0 1323 7 13.162035942077637 8.97632884979248 0
was 0 1324 3 2.510099411010742 6.468121528625488 2.508207321166992
canceled 0 1325 8 9.760174751281738 7.167533874511719 0
by 0 1326 2 4.244218349456787 4.665522575378418 2.502011299133301
the 0 1327 3 1.5809388160705566 3.104663133621216 1.5608594417572021
mid 0 1328 3 5.0918684005737305 6.457521438598633 0
<unk> 0 1329 5 0.026295477524399757 0.2383669763803482 6.219154462218285
1970s 0 1330 5 2.7099759578704834 4.126899242401123 0
due 0 1331 3 7.16748571395874 3.166213035583496 0.960686206817627
to 0 1332 2 0.06449493765830994 0.5140764117240906 2.6521366238594055
financial 0 1333 9 7.685589790344238 5.459723472595215 0
and 0 1334 3 7.15468168258667 4.115572929382324 1.3441505432128906
environmental 0 1335 13 3.1106390953063965 5.714206218719482 0
concerns 0 1336 8 2.679542064666748 4.993007183074951 0.7211990356445312
as 0 1337 2 7.671710014343262 3.1630256175994873 1.8299815654754639
well 0 1338 4 2.36272931098938 5.413698196411133 0
as 0 1339 2 0.6342967748641968 1.421364426612854 3.992333769798279
lack 0 1340 4 10.39190673828125 7.1983323097229 0
of 0 1341 2 0.017693497240543365 0.16141793131828308 7.036914378404617
traffic 0 1342 7 7.383894920349121 7.562310218811035 0
along 0 1343 5 7.157356262207031 4.604434967041016 2.9578752517700195
<unk> 0 1344 5 4.317221164703369 3.142198085784912 1.4622368812561035
<unk> 0 1345 5 3.091042995452881 4.576437473297119 0
. 0 1346 1 2.0409882068634033 4.867971897125244 0
<eos> 0 1347 5 0.06471776962280273 0.27423495054244995 4.593736946582794
<unk> 0 1348 5 2.7133302688598633 6.043379783630371 0
<unk> 0 1349 5 2.415881633758545 7.470828533172607 0
<unk> 0 1350 5 2.7737815380096436 6.235897064208984 1.234931468963623
, 0 1351 1 3.134551763534546 6.444317817687988 0
<unk> 0 1352 5 2.7951653003692627 6.064616680145264 0.3797011375427246
, 0 1353 1 3.1977202892303467 4.873533725738525 1.1910829544067383
construction 0 1354 12 14.597724914550781 4.530578136444092 0.3429555892944336
began 0 1355 5 5.9182024002075195 4.73579216003418 0
on 0 1356 2 2.527545213699341 4.300118923187256 0.43567323684692383
making 0 1357 6 16.764474868774414 1.8792635202407837 2.420855402946472
the 0 1358 3 2.2970070838928223 5.945218563079834 0
interchange 0 1359 11 11.582509994506836 9.06639289855957 0
with 0 1360 4 1.3069279193878174 4.271061897277832 4.795331001281738
the 0 1361 3 2.3339476585388184 3.6449484825134277 0.6261134147644043
<unk> 0 1362 5 1.4366273880004883 6.106314182281494 0
<unk> 0 1363 5 2.3151438236236572 6.759706497192383 0
<unk> 0 1364 5 2.029797077178955 6.397581100463867 0.3621253967285156
a 0 1365 1 9.456159591674805 6.829779624938965 0
full 0 1366 4 9.958773612976074 5.694883346557617 1.1348962783813477
interchange 0 1367 11 5.859864234924316 5.922766208648682 0
as 0 1368 2 7.898414611816406 4.58167839050293 1.341087818145752
part 0 1369 4 2.8337209224700928 4.476177215576172 0.10550117492675781
of 0 1370 2 0.0012685020919889212 0.015199449844658375 4.4609777657315135
a 0 1371 1 2.982027769088745 2.751777172088623 0
series 0 1372 6 7.1342973709106445 7.353896141052246 0
of 0 1373 2 0.051996491849422455 0.48223212361335754 6.8716640174388885
improvements 0 1374 12 5.648402690887451 8.30709457397461 0
set 0 1375 3 11.95240592956543 4.24710750579834 4.0599870681762695
for 0 1376 3 4.111353874206543 4.114933967590332 0.1321735382080078
the 0 1377 3 1.6494677066802979 6.039279460906982 0
<unk> 0 1378 5 2.3740265369415283 7.395646095275879 0
<unk> 0 1379 5 2.314502716064453 6.319208145141602 1.0764379501342773
<unk> 0 1380 5 2.0367534160614014 6.02335262298584 0.2958555221557617
. 0 1381 1 4.153433322906494 6.593864440917969 0
<eos> 0 1382 5 0.06251639872789383 0.26798707246780396 6.325877368450165
<unk> 0 1383 5 2.7299177646636963 6.036914348602295 0
project 0 1384 7 16.513050079345703 7.45098876953125 0
was 0 1385 3 3.333907127380371 8.498418807983398 0
completed 0 1386 9 4.974761962890625 8.18375015258789 0.3146686553955078
on 0 1387 2 2.6018552780151367 3.303462505340576 4.8802876472473145
<unk> 0 1388 5 0.20608757436275482 0.9934238195419312 2.310038685798645
<unk> 0 1389 5 0.14455898106098175 0.6203197240829468 0.3731040954589844
, 0 1390 1 0.9231505393981934 1.4584953784942627 0
<unk> 0 1391 5 0.04121245816349983 0.3286731541156769 1.1298222243785858
. 0 1392 1 1.5932087898254395 2.528292179107666 0
<eos> 0 1393 5 0.05664697289466858 0.24866363406181335 2.2796285450458527
= 0 1394 1 3.794826030731201 6.063809871673584 0
= 0 1395 1 0.09206995368003845 0.6172569990158081 5.446552872657776
<unk> 0 1396 5 5.551473617553711 5.635451793670654 0
intersections 0 1397 13 11.807489395141602 7.026589393615723 0
= 0 1398 1 0.03737116605043411 0.2734467387199402 6.7531426548957825
= 0 1399 1 2.751719648586004e-06 6.500797462649643e-05 0.2733817307453137
<eos> 0 1400 5 21.092357635498047 2.7532358169555664 0
=========================================================================================
| End of testing | test loss  2.69 | test ppl    14.79
=========================================================================================
