word sentid sentpos wlen surp entropy entred
<unk> 0 0 5 2.6966495513916016 7.623613357543945 0
<unk> 0 1 5 2.6609609127044678 7.266751766204834 0.35686159133911133
who 0 2 3 8.936811447143555 6.029821872711182 1.2369298934936523
won 0 3 3 7.4909257888793945 7.809639930725098 0
the 0 4 3 0.9854453802108765 3.992555618286133 3.817084312438965
<unk> 0 5 5 1.7767528295516968 6.709541320800781 0
<unk> 0 6 5 2.012502431869507 6.5945563316345215 0.11498498916625977
beauty 0 7 6 14.054625511169434 6.361357688903809 0.2331986427307129
pageant 0 8 7 2.426419258117676 4.392579078674316 1.9687786102294922
in 0 9 2 2.99983549118042 4.588496685028076 0
<unk> 0 10 5 0.45627132058143616 2.275186061859131 2.3133106231689453
<unk> 0 11 5 3.468539237976074 2.9731907844543457 0
<eos> 0 12 5 7.754840850830078 2.9475653171539307 0.02562546730041504
<unk> 0 13 5 4.215360641479492 1.7407599687576294 1.2068053483963013
<unk> 0 14 5 3.3024466037750244 4.6679911613464355 0
- 0 15 1 11.621803283691406 4.830781936645508 0
one 0 16 3 8.073019981384277 4.912997245788574 0
of 0 17 2 0.6580277681350708 3.7249178886413574 1.1880793571472168
the 0 18 3 0.7903689742088318 2.8713085651397705 0.8536093235015869
victims 0 19 7 9.54473876953125 6.76778507232666 0
of 0 20 2 1.1556503772735596 4.74919319152832 2.01859188079834
the 0 21 3 1.1435526609420776 3.9927823543548584 0.7564108371734619
<unk> 0 22 5 1.7636544704437256 8.234025955200195 0
civil 0 23 5 7.345929145812988 8.065265655517578 0.1687602996826172
rights 0 24 6 8.552913665771484 0.42696261405944824 7.63830304145813
workers 0 25 7 12.763840675354004 2.87337327003479 0
murders 0 26 7 12.179256439208984 5.6351094245910645 0
in 0 27 2 3.4055590629577637 4.958712577819824 0.6763968467712402
<unk> 0 28 5 0.7824288606643677 3.004972457885742 1.953740119934082
<unk> 0 29 5 3.2368180751800537 3.728771924972534 0
<eos> 0 30 5 7.868389129638672 3.8442962169647217 0
<unk> 0 31 5 2.490696668624878 3.402292251586914 0.4420039653778076
and 0 32 3 4.831376552581787 5.191177845001221 0
<unk> 0 33 5 1.037048578262329 5.322123050689697 0
<unk> 0 34 5 0.7802398800849915 4.082974910736084 1.2391481399536133
, 0 35 1 2.527447462081909 4.407451152801514 0
known 0 36 5 9.45734691619873 6.597662448883057 0
as 0 37 2 0.8453456163406372 2.6797845363616943 3.9178779125213623
" 0 38 1 2.52125883102417 3.597829580307007 0
<unk> 0 39 5 1.5224096775054932 5.684535503387451 0
<unk> 0 40 5 2.2168467044830322 4.451381683349609 1.2331538200378418
<unk> 0 41 5 2.2439444065093994 3.081157922744751 1.3702237606048584
" 0 42 1 0.6606458425521851 2.8163094520568848 0.2648484706878662
- 0 43 1 10.752020835876465 3.2624454498291016 0
holders 0 44 7 18.626903533935547 6.640588760375977 0
of 0 45 2 0.07173451781272888 0.614017128944397 6.02657163143158
the 0 46 3 1.0233463048934937 5.061407566070557 0
world 0 47 5 7.438793182373047 7.900302410125732 0
flight 0 48 6 13.497457504272461 7.442099094390869 0.4582033157348633
endurance 0 49 9 13.761604309082031 7.2568464279174805 0.18525266647338867
record 0 50 6 9.980630874633789 8.271527290344238 0
- 0 51 1 8.477744102478027 6.188962936401367 2.082564353942871
are 0 52 3 9.126774787902832 7.064444065093994 0
<unk> 0 53 5 3.746244430541992 8.041704177856445 0
natives 0 54 7 12.995084762573242 6.144190311431885 1.8975138664245605
. 0 55 1 3.3318405151367188 4.932957172393799 1.211233139038086
<eos> 0 56 5 0.06326208263635635 0.2700052559375763 4.6629519164562225
<unk> 0 57 5 2.7312839031219482 6.084042549133301 0
<unk> 0 58 5 2.401806592941284 7.470465660095215 0
is 0 59 2 5.353468894958496 6.240063190460205 1.2304024696350098
also 0 60 4 4.247679710388184 6.6240715980529785 0
a 0 61 1 2.821049213409424 6.739104270935059 0
former 0 62 6 7.004302978515625 9.343622207641602 0
mayor 0 63 5 8.142946243286133 7.969020366668701 1.3746018409729004
of 0 64 2 0.9906585216522217 2.9850664138793945 4.983953952789307
the 0 65 3 2.3174304962158203 2.144155263900757 0.8409111499786377
city 0 66 4 2.9551076889038086 5.850294589996338 0
. 0 67 1 2.82435941696167 3.070688247680664 2.779606342315674
<eos> 0 68 5 0.0546245202422142 0.24154578149318695 2.829142466187477
<unk> 0 69 5 2.7233617305755615 6.073309898376465 0
<unk> 0 70 5 2.3928756713867188 7.462062835693359 0
, 0 71 1 2.7231595516204834 6.234350204467773 1.227712631225586
leader 0 72 6 9.801860809326172 5.839929103851318 0.3944211006164551
of 0 73 2 0.052888065576553345 0.4176940321922302 5.422235071659088
the 0 74 3 0.3349093794822693 1.786529541015625 0
<unk> 0 75 5 1.0797607898712158 6.16857385635376 0
<unk> 0 76 5 2.6727893352508545 8.059170722961426 0
<unk> 0 77 5 2.3564045429229736 6.972392559051514 1.086778163909912
, 0 78 1 2.3764355182647705 7.6042938232421875 0
<eos> 0 79 5 15.363642692565918 8.016766548156738 0
= 0 80 1 8.406647682189941 6.199825286865234 1.816941261291504
= 0 81 1 0.1111200675368309 0.7027952671051025 5.497030019760132
<unk> 0 82 5 4.989304542541504 4.916874885559082 0
popular 0 83 7 11.299123764038086 7.128042697906494 0
culture 0 84 7 2.4743072986602783 7.661306381225586 0
= 0 85 1 0.10952956229448318 0.7487068176269531 6.912599563598633
= 0 86 1 1.926192817336414e-05 0.00034392430097796023 0.7483628933259752
<eos> 0 87 5 21.422021865844727 4.996349334716797 0
= 0 88 1 1.3518221378326416 5.137694835662842 0
= 0 89 1 0.027305342257022858 0.22795607149600983 4.909738764166832
= 0 90 1 0.31115099787712097 2.2942023277282715 0
<unk> 0 91 5 2.197312355041504 8.873059272766113 0
characters 0 92 10 11.879791259765625 6.181310176849365 2.691749095916748
= 0 93 1 0.12641413509845734 0.8573497533798218 5.3239604234695435
= 0 94 1 1.926192817336414e-05 0.0003700591914821416 0.8569796941883396
= 0 95 1 2.751696047198493e-05 0.00046599769848398864 0
<eos> 0 96 5 21.356046676635742 5.183669090270996 0
<unk> 0 97 5 2.4004430770874023 6.143733501434326 0
<unk> 0 98 5 1.1715168952941895 5.403707981109619 0.740025520324707
, 0 99 1 3.1601991653442383 5.716244697570801 0
the 0 100 3 2.987586259841919 5.209622383117676 0.506622314453125
protagonist 0 101 11 4.726002216339111 8.336871147155762 0
of 0 102 2 0.3650103807449341 1.8897035121917725 6.447167634963989
the 0 103 3 0.7525726556777954 2.9270436763763428 0
<unk> 0 104 5 1.5822087526321411 6.716060161590576 0
series 0 105 6 3.961489677429199 7.064216136932373 0
<unk> 0 106 5 3.8790700435638428 4.060575008392334 3.003641128540039
on 0 107 2 9.818802833557129 5.13947868347168 0
<unk> 0 108 5 1.7646740674972534 4.177448749542236 0.9620299339294434
, 0 109 1 2.1056647300720215 5.00463342666626 0
hails 0 110 5 16.727182388305664 6.046248435974121 0
from 0 111 4 1.4624674320220947 4.406399250030518 1.6398491859436035
<unk> 0 112 5 1.8743728399276733 3.8700761795043945 0.536323070526123
, 0 113 1 2.686340093612671 5.261637210845947 0
<unk> 0 114 5 1.8719184398651123 5.574310779571533 0
, 0 115 1 1.314466118812561 3.849757671356201 1.724553108215332
where 0 116 5 4.952435493469238 5.286116123199463 0
he 0 117 2 1.3118562698364258 3.242368221282959 2.043747901916504
was 0 118 3 4.93665885925293 6.889575481414795 0
a 0 119 1 4.335623264312744 8.75098991394043 0
tobacco 0 120 7 18.097187042236328 9.065420150756836 0
farmer 0 121 6 6.843138694763184 7.97694730758667 1.088472843170166
and 0 122 3 3.2397308349609375 3.9713964462280273 4.005550861358643
later 0 123 5 6.916594505310059 8.298562049865723 0
a 0 124 1 5.923921585083008 9.042398452758789 0
<unk> 0 125 5 3.662235736846924 9.05730152130127 0
soldier 0 126 7 7.424839019775391 7.568094253540039 1.4892072677612305
during 0 127 6 8.46450424194336 3.677973747253418 3.890120506286621
the 0 128 3 0.7366883754730225 2.768307685852051 0.9096660614013672
<unk> 0 129 5 2.0467476844787598 7.157829284667969 0
<unk> 0 130 5 3.219534397125244 5.939487457275391 1.2183418273925781
<unk> 0 131 5 2.1713924407958984 6.715684413909912 0
. 0 132 1 5.801527976989746 4.121118068695068 2.5945663452148438
<eos> 0 133 5 0.053369611501693726 0.23695634305477142 3.884161725640297
<unk> 0 134 5 2.7098467350006104 6.0232439041137695 0
<unk> 0 135 5 2.391273021697998 7.457004070281982 0
, 0 136 1 2.700925588607788 6.224379062652588 1.2326250076293945
one 0 137 3 6.94570779800415 5.8400492668151855 0.38432979583740234
of 0 138 2 0.10667331516742706 0.9634792804718018 4.876569986343384
the 0 139 3 0.5852857828140259 2.1793482303619385 0
characters 0 140 10 8.656576156616211 8.31203556060791 0
of 0 141 2 3.3340582847595215 5.077805995941162 3.234229564666748
the 0 142 3 1.502734899520874 3.065655469894409 2.012150526046753
<unk> 0 143 5 2.0906143188476562 7.444614410400391 0
<unk> 0 144 5 2.703110456466675 7.409646987915039 0.03496742248535156
<unk> 0 145 5 2.439077138900757 6.623910903930664 0.785736083984375
winning 0 146 7 15.064351081848145 6.931950569152832 0
novel 0 147 5 10.046809196472168 8.309593200683594 0
<unk> 0 148 5 2.9318928718566895 5.068086624145508 3.241506576538086
<unk> 0 149 5 1.6520652770996094 5.089987754821777 0
a 0 150 1 10.68060302734375 3.575552463531494 1.5144352912902832
<unk> 0 151 5 1.7985382080078125 7.802806854248047 0
( 0 152 1 4.8529157638549805 5.08696985244751 2.715837001800537
<unk> 0 153 5 0.5774654746055603 3.544238805770874 1.5427310466766357
) 0 154 1 0.2682681381702423 1.2706230878829956 2.2736157178878784
, 0 155 1 0.355126291513443 2.018378734588623 0
is 0 156 2 3.1246440410614014 5.538623332977295 0
from 0 157 4 8.8786039352417 6.572275638580322 0
<unk> 0 158 5 1.3114159107208252 3.410604953765869 3.161670684814453
, 0 159 1 2.7620413303375244 4.564005374908447 0
which 0 160 5 4.963153839111328 5.733834743499756 0
is 0 161 2 1.9446725845336914 6.271041393280029 0
mentioned 0 162 9 8.40377426147461 7.5248589515686035 0
throughout 0 163 10 8.11451530456543 2.01641845703125 5.5084404945373535
when 0 164 4 15.2953462600708 2.41955304145813 0
referencing 0 165 11 18.078523635864258 3.9884414672851562 0
<unk> 0 166 5 2.31665301322937 3.8913352489471436 0.0971062183380127
's 0 167 2 2.107846975326538 4.893899917602539 0
home 0 168 4 9.991381645202637 9.429770469665527 0
. 0 169 1 3.139324426651001 6.960776329040527 2.468994140625
<eos> 0 170 5 0.06810516119003296 0.2838194668292999 6.676956862211227
=========================================================================================
| End of testing | test loss  3.24 | test ppl    25.56
=========================================================================================
