word sentid sentpos wlen surp entropy entred
= 0 0 1 4.922719955444336 6.920167922973633 0
<unk> 0 1 5 3.587589740753174 1.486359715461731 5.433808207511902
<unk> 0 2 5 1.1710394620895386 5.611918926239014 0
<unk> 0 3 5 2.423243761062622 3.6703286170959473 1.9415903091430664
= 0 4 1 0.851590633392334 3.628356456756592 0.04197216033935547
<eos> 0 5 5 17.776430130004883 1.184971570968628 2.443384885787964
" 0 6 1 7.835931301116943 1.5919852256774902 0
<unk> 0 7 5 0.5006318092346191 3.0631356239318848 0
<unk> 0 8 5 2.102351665496826 2.4533543586730957 0.6097812652587891
<unk> 0 9 5 2.6220171451568604 2.1074471473693848 0.34590721130371094
" 0 10 1 0.6452541351318359 2.3264753818511963 0
is 0 11 2 2.2099907398223877 3.820936441421509 0
a 0 12 1 0.7004894614219666 1.6577831506729126 2.163153290748596
blues 0 13 5 10.453843116760254 6.410433292388916 0
song 0 14 4 3.5728514194488525 5.303737163543701 1.1066961288452148
by 0 15 2 2.0519564151763916 4.645660400390625 0.6580767631530762
<unk> 0 16 5 0.7159885764122009 3.2759859561920166 1.3696744441986084
folk 0 17 4 9.179696083068848 4.983938217163086 0
and 0 18 3 8.356529235839844 3.6546990871429443 1.3292391300201416
blues 0 19 5 5.127655982971191 6.99889612197876 0
musician 0 20 8 5.682939529418945 3.999950885772705 2.9989452362060547
, 0 21 1 4.898006916046143 1.661684274673462 2.338266611099243
<unk> 0 22 5 0.8545047044754028 4.353659629821777 0
<unk> 0 23 5 0.7924520373344421 3.754195213317871 0.5994644165039062
. 0 24 1 1.2914493083953857 2.3936269283294678 1.3605682849884033
<eos> 0 25 5 0.06298963725566864 0.2670997083187103 2.1265272200107574
<unk> 0 26 5 2.692944049835205 6.100679397583008 0
was 0 27 3 3.7386276721954346 7.444967746734619 0
written 0 28 7 9.860967636108398 8.522186279296875 0
in 0 29 2 3.2375032901763916 4.622867107391357 3.8993191719055176
<unk> 0 30 5 1.6143269538879395 4.3383049964904785 0.2845621109008789
<unk> 0 31 5 3.335875988006592 4.7794413566589355 0
in 0 32 2 3.90087890625 4.23405122756958 0.5453901290893555
response 0 33 8 8.980509757995605 2.9255733489990234 1.3084778785705566
to 0 34 2 0.041341815143823624 0.2773780822753906 2.648195266723633
the 0 35 3 1.6218527555465698 5.624725818634033 0
discrimination 0 36 14 13.425827026367188 9.880682945251465 0
and 0 37 3 4.104312419891357 4.284543514251709 5.596139430999756
segregation 0 38 11 10.586952209472656 9.961153030395508 0
that 0 39 4 5.8664093017578125 2.383737564086914 7.577415466308594
<unk> 0 40 5 3.3281409740448 7.365035057067871 0
<unk> 0 41 5 4.027947902679443 7.507542610168457 0
faced 0 42 5 8.67658519744873 7.487542629241943 0.019999980926513672
during 0 43 6 4.6974005699157715 4.268322467803955 3.2192201614379883
a 0 44 1 5.002646446228027 3.0476233959198 1.2206990718841553
visit 0 45 5 5.011620998382568 9.009725570678711 0
to 0 46 2 0.3560895025730133 1.7321486473083496 7.277576923370361
<unk> 0 47 5 0.6079161167144775 2.317378282546997 0
, 0 48 1 2.879944324493408 3.9539644718170166 0
<unk> 0 49 5 2.4118571281433105 5.655314922332764 0
to 0 50 2 6.147332668304443 3.5643067359924316 2.091008186340332
record 0 51 6 8.99879264831543 7.971090316772461 0
for 0 52 3 7.160254001617432 5.10168981552124 2.8694005012512207
<unk> 0 53 5 2.7712156772613525 5.758679389953613 0
<unk> 0 54 5 2.005112648010254 5.761401653289795 0
. 0 55 1 2.700669765472412 4.8827128410339355 0.8786888122558594
<eos> 0 56 5 0.06550192832946777 0.2754497826099396 4.607263058423996
<unk> 0 57 5 2.6877710819244385 6.078205108642578 0
rails 0 58 5 18.088321685791016 7.455739498138428 0
against 0 59 7 9.237808227539062 6.98063325881958 0.47510623931884766
racism 0 60 6 14.924674034118652 4.992100715637207 1.988532543182373
, 0 61 1 2.248732328414917 5.492862224578857 0
the 0 62 3 4.355953216552734 8.197800636291504 0
<unk> 0 63 5 2.513829231262207 10.28091812133789 0
<unk> 0 64 5 3.035277843475342 8.569451332092285 1.7114667892456055
laws 0 65 4 14.0383882522583 7.697020053863525 0.8724312782287598
, 0 66 1 1.3830859661102295 4.907698154449463 2.7893218994140625
and 0 67 3 0.7739604711532593 3.961547374725342 0.9461507797241211
the 0 68 3 0.9302541017532349 5.081900119781494 0
conditions 0 69 10 13.437254905700684 8.377680778503418 0
of 0 70 2 1.085660457611084 4.599863052368164 3.777817726135254
contemporary 0 71 12 12.724536895751953 6.263124465942383 0
<unk> 0 72 5 2.855287551879883 9.760323524475098 0
<unk> 0 73 5 3.892331838607788 8.128266334533691 1.6320571899414062
in 0 74 2 5.534749984741211 7.695137977600098 0.43312835693359375
the 0 75 3 1.5250734090805054 5.340856552124023 2.354281425476074
southern 0 76 8 8.296832084655762 8.132330894470215 0
<unk> 0 77 5 2.2402541637420654 5.935713768005371 2.1966171264648438
<unk> 0 78 5 4.702284812927246 7.056253433227539 0
. 0 79 1 3.5237417221069336 7.690333366394043 0
<eos> 0 80 5 0.07100532203912735 0.29187145829200745 7.3984619081020355
<unk> 0 81 5 2.7006216049194336 6.0898966789245605 0
song 0 82 4 14.438413619995117 7.459980010986328 0
was 0 83 3 4.29817533493042 6.3135271072387695 1.1464529037475586
recorded 0 84 8 4.621941566467285 7.012897968292236 0
in 0 85 2 2.1185152530670166 4.102442741394043 2.9104552268981934
<unk> 0 86 5 1.217694878578186 3.7684714794158936 0.3339712619781494
<unk> 0 87 5 2.6471335887908936 4.424442291259766 0
for 0 88 3 6.455574989318848 3.7508699893951416 0.673572301864624
the 0 89 3 1.6890841722488403 5.528830051422119 0
<unk> 0 90 5 2.336944341659546 6.767035484313965 0
of 0 91 2 7.8526506423950195 6.490611553192139 0.27642393112182617
<unk> 0 92 5 1.2099049091339111 3.7210991382598877 2.769512414932251
and 0 93 3 3.6458559036254883 4.850500583648682 0
re 0 94 2 10.185853958129883 5.797902584075928 0
<unk> 0 95 5 0.012963421642780304 0.12148719280958176 5.676415391266346
recorded 0 96 8 1.7256600856781006 4.868441581726074 0
in 0 97 2 3.0461361408233643 5.360879421234131 0
<unk> 0 98 5 0.8240198493003845 3.017284870147705 2.343594551086426
for 0 99 3 6.478411674499512 3.658423900604248 0
commercial 0 100 10 11.197623252868652 5.356613636016846 0
release 0 101 7 5.9779558181762695 7.161988258361816 0
. 0 102 1 1.0532464981079102 3.1398165225982666 4.02217173576355
<eos> 0 103 5 0.06604121625423431 0.27697089314460754 2.862845629453659
<unk> 0 104 5 2.6952736377716064 6.10673189163208 0
has 0 105 3 6.173453330993652 7.455124378204346 0
been 0 106 4 2.73249888420105 7.175881385803223 0.27924299240112305
remixed 0 107 7 13.925459861755371 8.417961120605469 0
and 0 108 3 3.563051223754883 4.3096418380737305 4.108319282531738
covered 0 109 7 9.802559852600098 6.509771823883057 0
by 0 110 2 1.3868955373764038 3.676923990249634 2.832847833633423
a 0 111 1 4.5968098640441895 5.3204240798950195 0
number 0 112 6 4.052780628204346 8.27436637878418 0
of 0 113 2 0.012435118667781353 0.12198178470134735 8.152384594082832
artists 0 114 7 4.107738018035889 7.90873384475708 0
including 0 115 9 3.1397318840026855 4.415033340454102 3.4937005043029785
<unk> 0 116 5 0.5531402826309204 3.3122544288635254 1.1027789115905762
<unk> 0 117 5 0.5265971422195435 2.846879005432129 0.4653754234313965
, 0 118 1 0.878058135509491 2.280348539352417 0.5665304660797119
<unk> 0 119 5 0.32680976390838623 2.352994918823242 0
<unk> 0 120 5 0.29283273220062256 2.068457841873169 0.28453707695007324
, 0 121 1 0.36368414759635925 1.0873819589614868 0.9810758829116821
<unk> 0 122 5 0.42500069737434387 1.7501150369644165 0
<unk> 0 123 5 0.2903122305870056 2.0959906578063965 0
, 0 124 1 0.34570708870887756 1.069288969039917 1.0267016887664795
and 0 125 3 2.5930967330932617 1.631176233291626 0
<unk> 0 126 5 0.21800796687602997 1.7228196859359741 0
<unk> 0 127 5 0.3159774839878082 2.1341395378112793 0
. 0 128 1 0.3817876875400543 1.565131425857544 0.5690081119537354
<eos> 0 129 5 0.07376272231340408 0.30013006925582886 1.265001356601715
" 0 130 1 13.071866989135742 6.099681377410889 0
<unk> 0 131 5 2.238002061843872 8.18575668334961 0
<unk> 0 132 5 2.0548651218414307 5.3368144035339355 2.848942279815674
<unk> 0 133 5 2.1939826011657715 4.927326202392578 0.4094882011413574
" 0 134 1 1.2510499954223633 4.486856937408447 0.44046926498413086
is 0 135 2 2.625199556350708 5.098845958709717 0
regarded 0 136 8 9.76128101348877 5.25267219543457 0
as 0 137 2 0.22711880505084991 1.021373987197876 4.231298208236694
one 0 138 3 3.15046763420105 3.3763985633850098 0
of 0 139 2 0.012190249748528004 0.13348905742168427 3.2429095059633255
<unk> 0 140 5 3.971548557281494 1.679879069328308 0
<unk> 0 141 5 5.458713054656982 1.1680254936218262 0.5118535757064819
's 0 142 2 0.2547323703765869 1.4833498001098633 0
best 0 143 4 2.4919776916503906 4.998548984527588 0
original 0 144 8 10.537248611450195 6.604083061218262 0
works 0 145 5 5.22794246673584 6.448765277862549 0.1553177833557129
, 0 146 1 1.7978792190551758 3.557121753692627 2.891643524169922
but 0 147 3 3.448129653930664 5.488283634185791 0
it 0 148 2 3.100642204284668 6.717259883880615 0
also 0 149 4 5.2134175300598145 4.524935722351074 2.192324161529541
drew 0 150 4 7.419473171234131 7.814123153686523 0
controversy 0 151 11 9.071533203125 6.073488712310791 1.7406344413757324
. 0 152 1 2.755607843399048 4.629631996154785 1.4438567161560059
<eos> 0 153 5 0.06841600686311722 0.2836214005947113 4.346010595560074
<unk> 0 154 5 2.6935908794403076 6.1034626960754395 0
is 0 155 2 5.293576717376709 7.47017765045166 0
doubt 0 156 5 19.750368118286133 7.791482925415039 0
over 0 157 4 8.406937599182129 5.844340801239014 1.9471421241760254
the 0 158 3 1.3712960481643677 5.15363883972168 0.690701961517334
song 0 159 4 9.18726634979248 10.544622421264648 0
's 0 160 2 0.9924059510231018 3.439483880996704 7.105138540267944
authorship 0 161 10 11.420023918151855 8.743443489074707 0
, 0 162 1 1.434544563293457 3.4421136379241943 5.301329851150513
with 0 163 4 5.180943012237549 5.676255702972412 0
some 0 164 4 5.343986511230469 5.4646430015563965 0.21161270141601562
scholars 0 165 8 6.032984733581543 7.897972106933594 0
contending 0 166 10 12.336922645568848 6.942224025726318 0.9557480812072754
that 0 167 4 0.47238269448280334 2.4789528846740723 4.463271141052246
<unk> 0 168 5 2.727243185043335 4.963712692260742 0
<unk> 0 169 5 3.330064296722412 5.686463832855225 0
was 0 170 3 3.284567356109619 6.048379421234131 0
unlikely 0 171 8 10.57356071472168 6.909959316253662 0
to 0 172 2 0.21487373113632202 1.4120447635650635 5.497914552688599
have 0 173 4 2.3682122230529785 6.344534397125244 0
written 0 174 7 4.873099327087402 7.403158187866211 0
a 0 175 1 2.456660509109497 5.573849201202393 1.8293089866638184
work 0 176 4 8.106866836547852 8.24071216583252 0
in 0 177 2 3.402523994445801 5.515336990356445 2.725375175476074
a 0 178 1 4.482126712799072 4.626912593841553 0.8884243965148926
genre 0 179 5 10.002665519714355 9.44494342803955 0
new 0 180 3 11.153999328613281 5.473902225494385 3.971041202545166
to 0 181 2 6.574497699737549 7.681506633758545 0
him 0 182 3 7.261096477508545 5.944698810577393 1.7368078231811523
without 0 183 7 10.754059791564941 3.1935858726501465 2.751112937927246
a 0 184 1 3.9540090560913086 8.282078742980957 0
collaborator 0 185 12 14.118631362915039 10.013328552246094 0
. 0 186 1 1.212876796722412 4.226659774780273 5.78666877746582
<eos> 0 187 5 0.07018270343542099 0.2899327576160431 3.9367270171642303
<unk> 0 188 5 2.6902449131011963 6.093180179595947 0
have 0 189 4 10.238532066345215 7.43557071685791 0
been 0 190 4 2.736034870147705 7.536223411560059 0
raised 0 191 6 9.41097354888916 8.842759132385254 0
over 0 192 4 6.1228132247924805 4.899111747741699 3.9436473846435547
his 0 193 3 7.717878341674805 5.430600643157959 0
role 0 194 4 8.312825202941895 8.80014419555664 0
in 0 195 2 1.4549732208251953 3.028878688812256 5.771265506744385
the 0 196 3 1.3341395854949951 6.466861248016357 0
<unk> 0 197 5 2.458834409713745 9.132784843444824 0
<unk> 0 198 5 2.81306791305542 8.648780822753906 0.48400402069091797
<unk> 0 199 5 1.7958221435546875 7.428705215454102 1.2200756072998047
and 0 200 3 5.761772632598877 7.5920000076293945 0
whether 0 201 7 14.509515762329102 6.222707748413086 1.3692922592163086
he 0 202 2 2.9021177291870117 5.896027565002441 0.32668018341064453
and 0 203 3 8.389025688171387 6.131803512573242 0
the 0 204 3 4.121446132659912 3.149223804473877 2.9825797080993652
song 0 205 4 13.235301971435547 7.2093634605407715 0
were 0 206 4 2.7735133171081543 6.14105749130249 1.0683059692382812
used 0 207 4 5.918733596801758 8.66482925415039 0
to 0 208 2 2.719475030899048 3.8920843601226807 4.77274489402771
further 0 209 7 9.083253860473633 8.621960639953613 0
the 0 210 3 4.239028453826904 8.374391555786133 0.24756908416748047
party 0 211 5 10.949385643005371 9.109214782714844 0
's 0 212 2 1.6476103067398071 4.45517635345459 4.654038429260254
political 0 213 9 6.532525539398193 10.116656303405762 0
goals 0 214 5 10.282190322875977 8.277153968811035 1.8395023345947266
. 0 215 1 0.9133544564247131 3.1537559032440186 5.123398065567017
<eos> 0 216 5 0.06891404092311859 0.28607630729675293 2.8676795959472656
= 0 217 1 3.839293956756592 6.097877502441406 0
= 0 218 1 0.09667349606752396 0.6710118055343628 5.4268656969070435
<unk> 0 219 5 5.672934532165527 5.692508220672607 0
and 0 220 3 4.012179374694824 7.0408501625061035 0
creation 0 221 8 12.86081314086914 7.739100933074951 0
= 0 222 1 0.24034370481967926 1.2263649702072144 6.512735962867737
= 0 223 1 3.026862941624131e-05 0.000513276900164783 1.2258516933070496
<eos> 0 224 5 19.804685592651367 5.022940158843994 0
<unk> 0 225 5 2.7333450317382812 5.590183258056641 0
music 0 226 5 11.463859558105469 6.561697959899902 0
historians 0 227 10 12.844254493713379 7.210833549499512 0
date 0 228 4 12.261577606201172 5.622685432434082 1.5881481170654297
the 0 229 3 2.734808921813965 5.325881004333496 0.29680442810058594
writing 0 230 7 9.489041328430176 8.99320125579834 0
of 0 231 2 1.0246766805648804 4.055350303649902 4.9378509521484375
" 0 232 1 4.3386077880859375 4.233572959899902 0
<unk> 0 233 5 2.113168716430664 8.32463264465332 0
<unk> 0 234 5 1.885625958442688 4.694256782531738 3.630375862121582
<unk> 0 235 5 1.8538684844970703 3.1846320629119873 1.509624719619751
" 0 236 1 0.7557164430618286 2.611926555633545 0.5727055072784424
to 0 237 2 5.335829257965088 4.321455001831055 0
<unk> 0 238 5 2.6230533123016357 6.242640495300293 0
<unk> 0 239 5 1.0747663974761963 4.473262786865234 1.7693777084350586
's 0 240 2 2.6808998584747314 4.05183219909668 0.4214305877685547
<unk> 0 241 5 1.7267210483551025 7.517578601837158 0
<unk> 0 242 5 1.700041651725769 6.7610907554626465 0.7564878463745117
trip 0 243 4 15.868690490722656 5.370680332183838 1.3904104232788086
to 0 244 2 3.0965118408203125 4.943301677703857 0.42737865447998047
<unk> 0 245 5 0.8295686841011047 3.214296579360962 1.7290050983428955
, 0 246 1 2.27634859085083 4.1130571365356445 0
<unk> 0 247 5 2.4466705322265625 5.821043968200684 0
, 0 248 1 1.5287084579467773 3.6062545776367188 2.214789390563965
when 0 249 4 7.194141387939453 5.133274078369141 0
he 0 250 2 2.0278680324554443 4.7649407386779785 0.3683333396911621
was 0 251 3 2.2227518558502197 7.282321929931641 0
invited 0 252 7 6.275278091430664 8.66666030883789 0
by 0 253 2 2.779085636138916 1.7889022827148438 6.877758026123047
the 0 254 3 2.0909581184387207 4.360426902770996 0
folklorist 0 255 10 13.81907844543457 6.073861598968506 0
<unk> 0 256 5 0.24925656616687775 1.6096973419189453 4.4641642570495605
<unk> 0 257 5 0.25146058201789856 1.7381407022476196 0
to 0 258 2 1.5306895971298218 3.581918716430664 0
record 0 259 6 6.567105293273926 7.867043495178223 0
for 0 260 3 7.2210917472839355 5.012020111083984 2.8550233840942383
the 0 261 3 2.0504157543182373 5.4634623527526855 0
<unk> 0 262 5 1.9598138332366943 8.242250442504883 0
of 0 263 2 5.539858341217041 7.486090183258057 0.7561602592468262
<unk> 0 264 5 1.6947170495986938 4.573968410491943 2.9121217727661133
's 0 265 2 3.862638235092163 4.840679168701172 0
folk 0 266 4 10.885163307189941 9.516613006591797 0
music 0 267 5 2.0725326538085938 6.477746963500977 3.0388660430908203
collection 0 268 10 8.493218421936035 5.677431106567383 0.8003158569335938
. 0 269 1 1.1456218957901 3.717761754989624 1.9596693515777588
<eos> 0 270 5 0.06354007869958878 0.2694253623485565 3.4483363926410675
<unk> 0 271 5 2.697937250137329 6.108783721923828 0
the 0 272 3 9.919890403747559 7.47318696975708 0
first 0 273 5 7.319555282592773 9.514636039733887 0
night 0 274 5 9.626959800720215 8.851119995117188 0.6635160446166992
<unk> 0 275 5 5.065872669219971 6.989021301269531 1.8620986938476562
<unk> 0 276 5 3.7312116622924805 7.760043144226074 0
and 0 277 3 5.68293571472168 7.6596856117248535 0.1003575325012207
his 0 278 3 3.8505609035491943 5.55879020690918 2.100895404815674
wife 0 279 4 2.8673195838928223 8.050164222717285 0
<unk> 0 280 5 1.7087619304656982 5.662420272827148 2.3877439498901367
spent 0 281 5 9.092676162719727 6.754725933074951 0
in 0 282 2 7.714090347290039 5.6267290115356445 1.1279969215393066
the 0 283 3 1.7575554847717285 5.583203315734863 0.04352569580078125
city 0 284 4 5.820250511169434 8.740755081176758 0
, 0 285 1 3.186387300491333 5.586071968078613 3.1546831130981445
they 0 286 4 8.598772048950195 6.8256096839904785 0
encountered 0 287 11 8.795907974243164 8.08986759185791 0
racially 0 288 8 17.821718215942383 7.057155609130859 1.0327119827270508
discriminatory 0 289 14 10.399592399597168 7.905483722686768 0
<unk> 0 290 5 4.3893327713012695 9.3599214553833 0
<unk> 0 291 5 4.1074700355529785 7.330488204956055 2.029433250427246
laws 0 292 4 11.102373123168945 6.711770057678223 0.618718147277832
similar 0 293 7 11.79275131225586 4.325148582458496 2.3866214752197266
to 0 294 2 0.033378466963768005 0.24559056758880615 4.07955801486969
those 0 295 5 1.4147005081176758 4.1853108406066895 0
found 0 296 5 5.597726821899414 3.98245906829834 0.2028517723083496
in 0 297 2 0.5076185464859009 2.179563283920288 1.8028957843780518
their 0 298 5 5.424314975738525 3.688472032546997 0
native 0 299 6 4.947830677032471 8.807424545288086 0
<unk> 0 300 5 1.1254806518554688 5.246086597442627 3.561337947845459
: 0 301 1 9.59261417388916 5.756778240203857 0
most 0 302 4 9.322566986083984 5.596197605133057 0.16058063507080078
hotels 0 303 6 15.377402305603027 4.9325690269470215 0.6636285781860352
refused 0 304 7 13.320554733276367 5.289193630218506 0
to 0 305 2 0.3694601058959961 2.002960205078125 3.286233425140381
rent 0 306 4 10.455232620239258 8.178496360778809 0
rooms 0 307 5 12.563984870910645 6.70247220993042 1.4760241508483887
to 0 308 2 5.094222545623779 4.417755603790283 2.2847166061401367
<unk> 0 309 5 3.825444459915161 7.5452656745910645 0
<unk> 0 310 5 3.2793869972229004 5.535637378692627 2.0096282958984375
and 0 311 3 3.7102890014648438 5.125723838806152 0.4099135398864746
the 0 312 3 3.0898308753967285 6.706973075866699 0
few 0 313 3 12.701119422912598 8.715858459472656 0
that 0 314 4 10.474702835083008 8.490333557128906 0.22552490234375
would 0 315 5 4.850657939910889 6.9521002769470215 1.5382332801818848
were 0 316 4 11.848655700683594 5.79528284072876 1.1568174362182617
either 0 317 6 8.829113006591797 9.41148567199707 0
full 0 318 4 9.10413932800293 8.916155815124512 0.4953298568725586
or 0 319 2 2.162747859954834 2.9866340160369873 5.929521799087524
refused 0 320 7 12.092367172241211 9.14145565032959 0
to 0 321 2 1.3303642272949219 3.738516330718994 5.402939319610596
serve 0 322 5 7.596078872680664 7.824122428894043 0
him 0 323 3 9.43063735961914 4.729565620422363 3.0945568084716797
because 0 324 7 8.993572235107422 3.5895485877990723 1.140017032623291
he 0 325 2 6.158878803253174 3.7243709564208984 0
was 0 326 3 2.6466658115386963 5.820323467254639 0
with 0 327 4 10.49636459350586 8.199774742126465 0
a 0 328 1 3.052216053009033 6.7346272468566895 1.4651474952697754
white 0 329 5 9.217845916748047 9.494174003601074 0
man 0 330 3 5.557095050811768 7.954593658447266 1.5395803451538086
( 0 331 1 6.717451095581055 4.397377967834473 3.557215690612793
<unk> 0 332 5 1.9526675939559937 6.724367618560791 0
) 0 333 1 1.562751293182373 3.812901735305786 2.911465883255005
. 0 334 1 1.063719630241394 3.7334682941436768 0.07943344116210938
<eos> 0 335 5 0.06092594563961029 0.2606060206890106 3.472862273454666
<unk> 0 336 5 2.681919574737549 6.08224630355835 0
, 0 337 1 4.528023719787598 7.45106840133667 0
in 0 338 2 5.216595649719238 5.804314136505127 1.646754264831543
some 0 339 4 7.471535682678223 5.310818195343018 0.4934959411621094
versions 0 340 8 7.858041286468506 6.712032794952393 0
of 0 341 2 1.5325677394866943 3.2377185821533203 3.4743142127990723
the 0 342 3 0.9421884417533875 4.362034320831299 0
story 0 343 5 5.883608818054199 8.774216651916504 0
described 0 344 9 11.934961318969727 3.8745193481445312 4.899697303771973
as 0 345 2 2.209655284881592 3.0966386795043945 0.7778806686401367
an 0 346 2 4.577512264251709 4.937196254730225 0
unnamed 0 347 7 11.162026405334473 5.966746807098389 0
" 0 348 1 4.201786518096924 8.948115348815918 0
white 0 349 5 9.55766773223877 9.885086059570312 0
friend 0 350 6 13.614835739135742 6.736394882202148 3.148691177368164
" 0 351 1 0.31008338928222656 1.323068380355835 5.4133265018463135
, 0 352 1 0.6563656330108643 2.9195146560668945 0
offered 0 353 7 9.598143577575684 7.714029312133789 0
to 0 354 2 2.937192678451538 5.59762716293335 2.1164021492004395
let 0 355 3 8.937880516052246 8.480901718139648 0
the 0 356 3 2.199594736099243 5.015594005584717 3.4653077125549316
couple 0 357 6 9.924460411071777 8.621834754943848 0
stay 0 358 4 7.66726016998291 7.798173427581787 0.8236613273620605
for 0 359 3 7.37135648727417 5.099116325378418 2.699057102203369
the 0 360 3 2.6909382343292236 6.452320098876953 0
night 0 361 5 6.052834510803223 7.221065044403076 0
in 0 362 2 4.752663612365723 4.300393581390381 2.9206714630126953
his 0 363 3 5.469866752624512 4.488613605499268 0
apartment 0 364 9 4.247727870941162 8.301249504089355 0
near 0 365 4 9.408052444458008 3.5874433517456055 4.71380615234375
the 0 366 3 2.007721424102783 3.126021385192871 0.4614219665527344
<unk> 0 367 5 2.8650617599487305 8.28691291809082 0
<unk> 0 368 5 3.6731696128845215 7.4449005126953125 0.8420124053955078
<unk> 0 369 5 2.435600519180298 6.861188888549805 0.5837116241455078
. 0 370 1 3.424445629119873 7.509944438934326 0
<eos> 0 371 5 0.07221079617738724 0.29651325941085815 7.213431179523468
<unk> 0 372 5 2.6925342082977295 6.09769868850708 0
next 0 373 4 12.254044532775879 7.462225437164307 0
morning 0 374 7 15.919498443603516 8.398004531860352 0
, 0 375 1 3.0368847846984863 8.18087100982666 0.2171335220336914
<unk> 0 376 5 2.1565303802490234 6.6319122314453125 1.5489587783813477
<unk> 0 377 5 2.0885751247406006 6.635442733764648 0
awoke 0 378 5 16.002668380737305 5.592221736907959 1.0432209968566895
to 0 379 2 2.295152425765991 5.0854315757751465 0.5067901611328125
<unk> 0 380 5 2.7260680198669434 7.40025520324707 0
arguing 0 381 7 17.297849655151367 5.430261611938477 1.9699935913085938
with 0 382 4 5.648515701293945 3.1322312355041504 2.298030376434326
his 0 383 3 3.1530778408050537 5.100133895874023 0
landlord 0 384 8 13.72840404510498 9.386838912963867 0
about 0 385 5 7.788681507110596 4.540534019470215 4.846304893493652
the 0 386 3 1.8781042098999023 5.201570510864258 0
presence 0 387 8 9.210274696350098 10.258376121520996 0
of 0 388 2 0.07787659764289856 0.52068030834198 9.737695813179016
a 0 389 1 2.5174999237060547 5.340195655822754 0
black 0 390 5 8.384330749511719 9.371678352355957 0
man 0 391 3 3.68084979057312 7.769313335418701 1.6023650169372559
, 0 392 1 2.70906925201416 5.059586048126221 2.7097272872924805
with 0 393 4 6.289120674133301 6.135704040527344 0
the 0 394 3 2.7414474487304688 5.477668285369873 0.6580357551574707
landlord 0 395 8 14.437359809875488 9.473379135131836 0
threatening 0 396 11 9.202174186706543 7.960057258605957 1.513321876525879
to 0 397 2 1.4876196384429932 5.274535179138184 2.6855220794677734
call 0 398 4 8.584044456481934 8.812671661376953 0
the 0 399 3 2.8740668296813965 4.84851598739624 3.964155673980713
police 0 400 6 4.774302959442139 9.740766525268555 0
. 0 401 1 2.5371086597442627 6.585353851318359 3.1554126739501953
<eos> 0 402 5 0.06565608084201813 0.27556103467941284 6.3097928166389465
<unk> 0 403 5 2.684468984603882 6.090037822723389 0
in 0 404 2 9.021249771118164 7.444236755371094 0
<unk> 0 405 5 1.6073663234710693 4.922019004821777 2.5222177505493164
, 0 406 1 2.774165391921997 7.293448448181152 0
<unk> 0 407 5 1.665697455406189 6.211740970611572 1.08170747756958
<unk> 0 408 5 2.6599085330963135 6.287449836730957 0
encountered 0 409 11 14.237774848937988 5.9263200759887695 0.3611297607421875
several 0 410 7 6.978665351867676 6.090031623840332 0
other 0 411 5 3.836630344390869 9.333761215209961 0
incidents 0 412 9 9.438982963562012 9.379524230957031 0
of 0 413 2 3.7477757930755615 4.911538600921631 4.4679856300354
segregation 0 414 11 13.283086776733398 9.037047386169434 0
that 0 415 4 5.565752029418945 4.2473859786987305 4.789661407470703
are 0 416 3 7.689180374145508 7.572856903076172 0
believed 0 417 8 6.647037506103516 9.058167457580566 0
to 0 418 2 0.11324712634086609 0.824958860874176 8.23320859670639
have 0 419 4 1.4835580587387085 2.689854145050049 0
contributed 0 420 11 5.837937355041504 5.695465087890625 0
to 0 421 2 0.13926467299461365 1.1468288898468018 4.548636198043823
the 0 422 3 1.175368070602417 5.6675639152526855 0
impetus 0 423 7 16.68984031677246 9.72298526763916 0
of 0 424 2 1.6856129169464111 3.342803478240967 6.380181789398193
the 0 425 3 1.4050211906433105 6.1263604164123535 0
song 0 426 4 11.259689331054688 8.980517387390137 0
. 0 427 1 1.8710707426071167 4.1409010887146 4.839616298675537
<eos> 0 428 5 0.06115707382559776 0.261386513710022 3.8795145750045776
<unk> 0 429 5 2.6967649459838867 6.099423408508301 0
instance 0 430 8 23.524763107299805 7.455384731292725 0
, 0 431 1 3.8940353393554688 7.21613073348999 0.23925399780273438
when 0 432 4 8.409368515014648 7.247758865356445 0
<unk> 0 433 5 2.1701033115386963 6.333394527435303 0.9143643379211426
<unk> 0 434 5 2.2210500240325928 7.485945701599121 0
, 0 435 1 2.901022434234619 6.670281887054443 0.8156638145446777
<unk> 0 436 5 2.68727445602417 7.312465190887451 0
, 0 437 1 2.9784629344940186 4.516536712646484 2.795928478240967
and 0 438 3 2.134568929672241 6.357353687286377 0
their 0 439 5 9.611907005310059 3.7537028789520264 2.6036508083343506
wives 0 440 5 8.263238906860352 8.760895729064941 0
wanted 0 441 6 10.741456985473633 7.395498752593994 1.3653969764709473
to 0 442 2 0.5533150434494019 2.6769461631774902 4.718552589416504
go 0 443 2 6.353804111480713 8.287248611450195 0
out 0 444 3 4.8786468505859375 5.140626430511475 3.1466221809387207
to 0 445 2 3.1901915073394775 4.54379940032959 0.5968270301818848
dinner 0 446 6 7.8334245681762695 7.268134117126465 0
together 0 447 8 7.027301788330078 4.250858783721924 3.017275333404541
, 0 448 1 2.2915079593658447 3.979809522628784 0.27104926109313965
they 0 449 4 6.78140115737915 6.08872127532959 0
discovered 0 450 10 9.311344146728516 7.91868782043457 0
that 0 451 4 1.3622690439224243 4.5953497886657715 3.323338031768799
it 0 452 2 4.961428642272949 5.055171489715576 0
was 0 453 3 1.0598863363265991 3.510561227798462 1.5446102619171143
impossible 0 454 10 7.547003269195557 7.383070945739746 0
for 0 455 3 2.929387331008911 1.5589401721954346 5.8241307735443115
the 0 456 3 2.600465774536133 5.986536979675293 0
mixed 0 457 5 15.403965950012207 9.432862281799316 0
race 0 458 4 11.007383346557617 8.723536491394043 0.7093257904052734
group 0 459 5 14.151921272277832 3.460796594619751 5.262739896774292
to 0 460 2 0.780563235282898 3.2624640464782715 0.1983325481414795
find 0 461 4 7.326799392700195 7.937297344207764 0
a 0 462 1 2.542576313018799 6.478002071380615 1.4592952728271484
restaurant 0 463 10 9.338476181030273 10.309538841247559 0
that 0 464 4 4.371918678283691 4.637561798095703 5.6719770431518555
would 0 465 5 2.6296753883361816 6.457608699798584 0
serve 0 466 5 8.242042541503906 6.4596333503723145 0
them 0 467 4 5.555456638336182 4.524831771850586 1.9348015785217285
. 0 468 1 1.2829864025115967 4.14350700378418 0.38132476806640625
<eos> 0 469 5 0.07327289879322052 0.29951605200767517 3.8439909517765045
<unk> 0 470 5 2.68821120262146 6.083004951477051 0
<unk> 0 471 5 2.385139226913452 7.447103977203369 0
was 0 472 3 3.9551992416381836 6.259640216827393 1.1874637603759766
told 0 473 4 11.256861686706543 7.976591110229492 0
that 0 474 4 1.7145445346832275 4.321234703063965 3.6553564071655273
if 0 475 2 7.624808311462402 4.900201320648193 0
he 0 476 2 2.5448174476623535 5.188346862792969 0
returned 0 477 8 9.326417922973633 5.425365924835205 0
later 0 478 5 11.790398597717285 3.182123899459839 2.243242025375366
without 0 479 7 9.639932632446289 3.629115104675293 0
<unk> 0 480 5 3.9299397468566895 7.148690223693848 0
, 0 481 1 1.103687047958374 4.351348400115967 2.797341823577881
he 0 482 2 1.2596118450164795 3.736311674118042 0.6150367259979248
would 0 483 5 1.5182902812957764 4.8880615234375 0
be 0 484 2 2.6509130001068115 6.745866775512695 0
served 0 485 6 12.970111846923828 8.70229434967041 0
. 0 486 1 5.708303451538086 4.077454090118408 4.624840259552002
<eos> 0 487 5 0.06376025825738907 0.26952579617500305 3.807928293943405
<unk> 0 488 5 2.6944479942321777 6.092533588409424 0
response 0 489 8 16.559873580932617 7.444902420043945 0
to 0 490 2 3.013148307800293 6.764116287231445 0.6807861328125
one 0 491 3 10.040108680725098 4.727893352508545 2.0362229347229004
of 0 492 2 1.6994953155517578 7.3768134117126465 0
these 0 493 5 5.016973495483398 2.57193660736084 4.804876804351807
incidents 0 494 9 7.192697048187256 10.34803295135498 0
, 0 495 1 4.621211051940918 5.639124870300293 4.7089080810546875
a 0 496 1 5.192216873168945 7.170936584472656 0
friend 0 497 6 10.79808521270752 10.188125610351562 0
of 0 498 2 1.1750433444976807 3.8569631576538086 6.331162452697754
<unk> 0 499 5 1.1393120288848877 3.5271167755126953 0.3298463821411133
<unk> 0 500 5 1.8039536476135254 4.42457914352417 0
's 0 501 2 4.655805587768555 3.315103769302368 1.1094753742218018
, 0 502 1 6.001492977142334 8.93542766571045 0
variously 0 503 9 17.273801803588867 6.889225959777832 2.046201705932617
identified 0 504 10 6.246273517608643 8.712892532348633 0
as 0 505 2 4.099697589874268 5.1126909255981445 3.6002016067504883
either 0 506 6 10.13390064239502 5.103435039520264 0.00925588607788086
<unk> 0 507 5 2.4717564582824707 6.232746124267578 0
or 0 508 2 1.2869832515716553 3.8660874366760254 2.3666586875915527
<unk> 0 509 5 0.8020679354667664 4.47896146774292 0
<unk> 0 510 5 2.6105053424835205 4.803536891937256 0
<unk> 0 511 5 2.3452296257019043 4.753410816192627 0.050126075744628906
joked 0 512 5 20.624391555786133 4.808239936828613 0
that 0 513 4 1.287682294845581 3.9103622436523438 0.8978776931762695
<unk> 0 514 5 2.4644522666931152 5.03977632522583 0
was 0 515 3 2.4518203735351562 5.670809268951416 0
a 0 516 1 3.137509822845459 7.292920112609863 0
" 0 517 1 2.5021328926086426 8.726929664611816 0
bourgeois 0 518 9 11.718256950378418 9.869847297668457 0
town 0 519 4 10.708281517028809 7.469897747039795 2.399949550628662
. 0 520 1 6.148956298828125 2.386402130126953 5.083495616912842
" 0 521 1 4.472104549407959 0.28566044569015503 2.100741684436798
<eos> 0 522 5 0.0 1.977786814677529e-05 0.28564066782200825
<unk> 0 523 5 2.0185563564300537 6.3390278816223145 0
<unk> 0 524 5 1.603644609451294 6.431870460510254 0
<unk> 0 525 5 3.7942192554473877 4.437176704406738 1.9946937561035156
did 0 526 3 9.658588409423828 6.081786632537842 0
not 0 527 3 0.7427352666854858 4.086228847503662 1.9955577850341797
know 0 528 4 5.017194747924805 7.880955219268799 0
what 0 529 4 2.622976303100586 4.578207969665527 3.3027472496032715
the 0 530 3 3.401276111602783 6.602107048034668 0
word 0 531 4 6.574721813201904 9.682404518127441 0
" 0 532 1 3.0011000633239746 5.72180700302124 3.960597515106201
bourgeois 0 533 9 15.800104141235352 7.942389965057373 0
" 0 534 1 0.6519930362701416 4.176567554473877 3.765822410583496
meant 0 535 5 7.1058197021484375 5.185407638549805 0
, 0 536 1 6.284790992736816 4.938935279846191 0.24647235870361328
he 0 537 2 7.511312007904053 6.466659069061279 0
was 0 538 3 2.5295305252075195 7.096363067626953 0
fascinated 0 539 10 10.506587982177734 8.553034782409668 0
by 0 540 2 0.40019944310188293 1.3950278759002686 7.158006906509399
the 0 541 3 1.231500267982483 4.505141735076904 0
sound 0 542 5 9.856224060058594 10.094216346740723 0
of 0 543 2 0.6366302967071533 2.894441604614258 7.199774742126465
it 0 544 2 8.211636543273926 6.101747512817383 0
, 0 545 1 1.4537158012390137 3.9845638275146484 2.1171836853027344
and 0 546 3 1.7330293655395508 5.7247796058654785 0
after 0 547 5 8.359390258789062 7.844269752502441 0
its 0 548 3 6.851198673248291 6.785011291503906 1.0592584609985352
meaning 0 549 7 13.045019149780273 8.957968711853027 0
was 0 550 3 3.930978536605835 5.4396796226501465 3.518289089202881
explained 0 551 9 9.835282325744629 8.866836547851562 0
to 0 552 2 4.819418907165527 3.3165695667266846 5.550266981124878
him 0 553 3 4.760738372802734 6.222687244415283 0
he 0 554 2 8.250696182250977 4.275855541229248 1.9468317031860352
decided 0 555 7 7.550160884857178 7.240290641784668 0
to 0 556 2 0.6313964128494263 2.4977142810821533 4.742576360702515
incorporate 0 557 11 7.5699005126953125 8.13984489440918 0
it 0 558 2 4.483844757080078 6.100234031677246 2.0396108627319336
into 0 559 4 1.169503927230835 3.6622061729431152 2.438027858734131
a 0 560 1 1.9014731645584106 4.704723834991455 0
song 0 561 4 5.075806617736816 9.141698837280273 0
about 0 562 5 5.44212007522583 5.269496917724609 3.872201919555664
the 0 563 3 2.2598533630371094 5.886105060577393 0
trip 0 564 4 12.83536148071289 9.75456428527832 0
. 0 565 1 1.2228199243545532 3.7148234844207764 6.039740800857544
<eos> 0 566 5 0.06682005524635315 0.27890270948410034 3.435920774936676
<unk> 0 567 5 2.6996655464172363 6.106349468231201 0
song 0 568 4 14.43099308013916 7.461942195892334 0
came 0 569 4 10.51730728149414 6.309953212738037 1.1519889831542969
together 0 570 8 6.556445121765137 4.578700542449951 1.731252670288086
quickly 0 571 7 11.121391296386719 4.858156681060791 0
; 0 572 1 6.246462345123291 3.8038883209228516 1.0542683601379395
one 0 573 3 7.733638763427734 5.968650817871094 0
account 0 574 7 12.642757415771484 5.685359954833984 0.2832908630371094
claims 0 575 6 12.22390365600586 5.352827072143555 0.3325328826904297
that 0 576 4 0.5932109355926514 2.645655632019043 2.7071714401245117
it 0 577 2 4.020254135131836 4.997583866119385 0
only 0 578 4 9.273063659667969 4.480193614959717 0.517390251159668
took 0 579 4 6.0542378425598145 8.256546974182129 0
a 0 580 1 3.3987362384796143 5.770834445953369 2.4857125282287598
few 0 581 3 3.8810582160949707 8.113237380981445 0
hours 0 582 5 2.8071956634521484 3.551546096801758 4.5616912841796875
for 0 583 3 6.102148056030273 4.552537441253662 0
<unk> 0 584 5 3.0395331382751465 6.140800952911377 0
<unk> 0 585 5 3.656813383102417 4.925107955932617 1.2156929969787598
to 0 586 2 3.8590099811553955 4.541595458984375 0.3835124969482422
write 0 587 5 5.677927494049072 8.359307289123535 0
it 0 588 2 5.55871057510376 5.771634578704834 2.587672710418701
. 0 589 1 1.3986289501190186 4.348041534423828 1.4235930442810059
<eos> 0 590 5 0.06942042708396912 0.2876209318637848 4.060420602560043
<unk> 0 591 5 2.689772844314575 6.085540294647217 0
liked 0 592 5 12.047467231750488 7.442922115325928 0
it 0 593 2 5.131461143493652 4.8734917640686035 2.569430351257324
because 0 594 7 4.399233818054199 5.03631591796875 0
it 0 595 2 2.784553289413452 4.1197309494018555 0.9165849685668945
was 0 596 3 1.1549750566482544 4.732716083526611 0
partly 0 597 6 10.332444190979004 7.4417853355407715 0
based 0 598 5 4.761142730712891 7.621697902679443 0
on 0 599 2 0.15950629115104675 0.7653498649597168 6.856348037719727
what 0 600 4 6.703645706176758 6.077964782714844 0
happened 0 601 8 6.233367919921875 6.318723678588867 0
in 0 602 2 2.6307923793792725 4.524833679199219 1.7938899993896484
his 0 603 3 4.6070451736450195 4.160177707672119 0.3646559715270996
apartment 0 604 9 10.207383155822754 8.464437484741211 0
. 0 605 1 2.1799681186676025 5.041061878204346 3.4233756065368652
<eos> 0 606 5 0.0713743045926094 0.2929237186908722 4.7481381595134735
= 0 607 1 3.826348304748535 6.094995021820068 0
= 0 608 1 0.09858312457799911 0.6817749738693237 5.413220047950745
<unk> 0 609 5 5.6641740798950195 5.6992387771606445 0
, 0 610 1 6.267320156097412 7.040642261505127 0
themes 0 611 6 14.900659561157227 5.682862758636475 1.3577795028686523
and 0 612 3 0.8486696481704712 2.3050990104675293 3.3777637481689453
music 0 613 5 8.005874633789062 9.582547187805176 0
= 0 614 1 0.08123082667589188 0.7067161798477173 8.875831007957458
= 0 615 1 2.751719648586004e-06 8.031366451177746e-05 0.7066358661832055
<eos> 0 616 5 21.90717315673828 5.6839213371276855 0
" 0 617 1 8.124255180358887 6.371609210968018 0
<unk> 0 618 5 1.928422212600708 7.00695276260376 0
<unk> 0 619 5 2.013801336288452 4.727180480957031 2.2797722816467285
<unk> 0 620 5 2.2929909229278564 4.485761642456055 0.24141883850097656
" 0 621 1 1.134385108947754 3.9937026500701904 0.49205899238586426
is 0 622 2 2.3959081172943115 4.91597318649292 0
a 0 623 1 1.4657517671585083 4.3192901611328125 0.5966830253601074
blues 0 624 5 10.979239463806152 8.375628471374512 0
<unk> 0 625 5 2.39658522605896 5.8099799156188965 2.5656485557556152
style 0 626 5 5.38543176651001 5.413022041320801 0.3969578742980957
protest 0 627 7 15.427082061767578 5.55175256729126 0
song 0 628 4 4.554055213928223 6.155874252319336 0
that 0 629 4 2.849881887435913 4.546304225921631 1.609570026397705
criticizes 0 630 10 12.613701820373535 7.101212024688721 0
the 0 631 3 1.0109649896621704 4.388647079467773 2.7125649452209473
culture 0 632 7 10.265470504760742 9.365580558776855 0
of 0 633 2 0.542609453201294 2.363530158996582 7.002050399780273
<unk> 0 634 5 2.7643954753875732 6.102390766143799 0
, 0 635 1 3.5384936332702637 6.206337928771973 0
<unk> 0 636 5 2.6857376098632812 7.015385627746582 0
. 0 637 1 6.39532470703125 3.088083028793335 3.927302598953247
<eos> 0 638 5 0.06919488310813904 0.28621143102645874 2.801871597766876
<unk> 0 639 5 2.6715853214263916 6.119452476501465 0
protests 0 640 8 15.469463348388672 7.468733787536621 0
against 0 641 7 3.5933492183685303 6.845763683319092 0.6229701042175293
both 0 642 4 8.501326560974121 5.387915134429932 1.4578485488891602
the 0 643 3 2.166553497314453 7.811567306518555 0
city 0 644 4 7.583115577697754 9.348722457885742 0
's 0 645 2 3.681218385696411 2.0136449337005615 7.335077524185181
<unk> 0 646 5 2.991558313369751 9.944866180419922 0
<unk> 0 647 5 4.313056468963623 4.978414535522461 4.966451644897461
laws 0 648 4 14.27708911895752 5.512513160705566 0
and 0 649 3 0.5002493858337402 2.1996662616729736 3.3128468990325928
the 0 650 3 1.0915875434875488 5.408698558807373 0
racism 0 651 6 14.11781120300293 8.963201522827148 0
of 0 652 2 1.2720826864242554 4.876386642456055 4.086814880371094
its 0 653 3 7.527313232421875 5.205113410949707 0
white 0 654 5 10.29784107208252 9.816927909851074 0
population 0 655 10 6.428639888763428 8.468365669250488 1.348562240600586
. 0 656 1 1.24220871925354 3.0365731716156006 5.431792497634888
<eos> 0 657 5 0.06794831901788712 0.2828846573829651 2.7536885142326355
<unk> 0 658 5 2.7015557289123535 6.091770172119141 0
structure 0 659 9 16.633155822753906 7.4539666175842285 0
includes 0 660 8 8.443991661071777 6.984515190124512 0.4694514274597168
several 0 661 7 6.493956089019775 6.749486446380615 0.23502874374389648
verses 0 662 6 11.682540893554688 9.876483917236328 0
and 0 663 3 2.861739158630371 4.90132474899292 4.975159168243408
a 0 664 1 3.9457428455352783 9.233736991882324 0
refrain 0 665 7 9.375701904296875 9.346213340759277 0
that 0 666 4 4.7578630447387695 5.09620475769043 4.250008583068848
declares 0 667 8 11.641054153442383 7.643268585205078 0
that 0 668 4 2.0290732383728027 4.922905921936035 2.720362663269043
the 0 669 3 1.6552215814590454 5.131399154663086 0
speaker 0 670 7 10.066173553466797 9.93485164642334 0
is 0 671 2 2.142641067504883 6.357861518859863 3.5769901275634766
going 0 672 5 8.784557342529297 8.628097534179688 0
to 0 673 2 0.25723373889923096 1.6385170221328735 6.989580512046814
" 0 674 1 7.589962959289551 7.701849460601807 0
spread 0 675 6 12.431921005249023 9.052976608276367 0
the 0 676 3 2.942324638366699 6.13693380355835 2.9160428047180176
news 0 677 4 11.59784984588623 10.533071517944336 0
all 0 678 3 9.534029006958008 5.495521545410156 5.03754997253418
around 0 679 6 6.084691047668457 7.089938640594482 0
" 0 680 1 3.3538970947265625 5.21184778213501 1.8780908584594727
about 0 681 5 10.178454399108887 3.8987503051757812 1.3130974769592285
the 0 682 3 1.729691505432129 5.668442726135254 0
racial 0 683 6 13.100798606872559 10.511665344238281 0
issues 0 684 6 5.441928386688232 8.853948593139648 1.6577167510986328
<unk> 0 685 5 8.57850170135498 4.2359395027160645 4.618009090423584
the 0 686 3 4.741718769073486 7.934934139251709 0
city 0 687 4 8.227639198303223 9.934035301208496 0
. 0 688 1 1.2545886039733887 3.791215419769287 6.142819881439209
<eos> 0 689 5 0.07232072204351425 0.2963152229785919 3.494900196790695
<unk> 0 690 5 2.683500289916992 6.095664024353027 0
song 0 691 4 14.41954231262207 7.462158203125 0
, 0 692 1 4.153364658355713 6.321727275848389 1.1404309272766113
particularly 0 693 12 11.772982597351074 5.003457546234131 1.3182697296142578
in 0 694 2 3.565213918685913 7.028866291046143 0
the 0 695 3 1.6072880029678345 5.3259782791137695 1.702888011932373
refrain 0 696 7 11.6973876953125 8.595720291137695 0
, 0 697 1 1.6261330842971802 3.515054702758789 5.080665588378906
<unk> 0 698 5 5.329438209533691 5.867992401123047 0
race 0 699 4 18.24522590637207 6.971393585205078 0
and 0 700 3 4.383902549743652 7.016936779022217 0
economics 0 701 9 17.53724479675293 8.795479774475098 0
by 0 702 2 8.350479125976562 6.701037883758545 2.0944418907165527
referring 0 703 9 7.47405481338501 8.063128471374512 0
to 0 704 2 0.16923919320106506 1.1165738105773926 6.946554660797119
<unk> 0 705 5 2.8879945278167725 4.776094913482666 0
as 0 706 2 3.363276243209839 5.132542610168457 0
" 0 707 1 1.9473540782928467 4.5186309814453125 0.6139116287231445
bourgeois 0 708 9 12.563519477844238 7.1523284912109375 0
" 0 709 1 1.4139080047607422 5.073106288909912 2.0792222023010254
. 0 710 1 1.0869923830032349 2.8467931747436523 2.2263131141662598
<eos> 0 711 5 0.06829774379730225 0.2831922173500061 2.5636009573936462
<unk> 0 712 5 2.6895499229431152 6.109697341918945 0
first 0 713 5 9.767324447631836 7.449302673339844 0
two 0 714 3 13.738648414611816 8.062553405761719 0
verses 0 715 6 11.740142822265625 8.501117706298828 0
speak 0 716 5 9.684834480285645 6.662557125091553 1.8385605812072754
of 0 717 2 3.356584072113037 5.89281702041626 0.769740104675293
the 0 718 3 1.9972275495529175 5.686514377593994 0.20630264282226562
segregation 0 719 11 18.978837966918945 9.865681648254395 0
that 0 720 4 5.503754615783691 3.6415345668792725 6.224147081375122
<unk> 0 721 5 2.674246311187744 7.878892421722412 0
<unk> 0 722 5 3.3897409439086914 8.385063171386719 0
encountered 0 723 11 13.174393653869629 7.746729850769043 0.6383333206176758
in 0 724 2 2.2501604557037354 4.752911567687988 2.9938182830810547
<unk> 0 725 5 2.018724203109741 4.449648857116699 0.30326271057128906
<unk> 0 726 5 3.337491273880005 4.769246578216553 0
: 0 727 1 5.300516128540039 4.235666275024414 0.5335803031921387
the 0 728 3 2.890289545059204 5.634776592254639 0
first 0 729 5 5.456117630004883 9.930079460144043 0
recounts 0 730 8 15.869379997253418 8.337653160095215 1.5924263000488281
the 0 731 3 3.4312727451324463 5.61488151550293 2.722771644592285
fact 0 732 4 8.048215866088867 9.990166664123535 0
that 0 733 4 0.16479232907295227 1.0561261177062988 8.934040546417236
during 0 734 6 9.760740280151367 5.010315418243408 0
the 0 735 3 1.0401097536087036 3.6389544010162354 1.3713610172271729
trip 0 736 4 9.198354721069336 8.506453514099121 0
, 0 737 1 1.6011171340942383 4.706111431121826 3.800342082977295
<unk> 0 738 5 1.5315192937850952 4.762135982513428 0
<unk> 0 739 5 3.0357537269592285 7.634697914123535 0
was 0 740 3 4.632047176361084 6.678071975708008 0.9566259384155273
" 0 741 1 6.144813537597656 8.910717010498047 0
turned 0 742 6 11.235361099243164 8.598875999450684 0.3118410110473633
down 0 743 4 2.9249625205993652 5.159945964813232 3.438930034637451
" 0 744 1 1.3557214736938477 4.508988857269287 0.6509571075439453
wherever 0 745 8 14.712416648864746 4.963944911956787 0
he 0 746 2 0.6963880658149719 2.6726605892181396 2.2912843227386475
tried 0 747 5 7.178424835205078 6.810410022735596 0
to 0 748 2 0.23165640234947205 1.5607984066009521 5.2496116161346436
get 0 749 3 4.371140003204346 8.772445678710938 0
served 0 750 6 16.841188430786133 6.214930534362793 2.5575151443481445
due 0 751 3 10.371482849121094 4.695839881896973 1.5190906524658203
to 0 752 2 0.021501902490854263 0.19837099313735962 4.497468888759613
his 0 753 3 1.53249192237854 4.797432899475098 0
race 0 754 4 11.783370971679688 10.33402156829834 0
, 0 755 1 2.8019771575927734 4.0097246170043945 6.324296951293945
while 0 756 5 5.5861945152282715 5.657925605773926 0
the 0 757 3 3.0220420360565186 4.698985576629639 0.9589400291442871
second 0 758 6 7.351842880249023 8.785974502563477 0
recounts 0 759 8 18.574426651000977 8.233275413513184 0.552699089050293
the 0 760 3 2.578742265701294 6.224134922027588 2.0091404914855957
argument 0 761 8 10.40691089630127 10.246082305908203 0
between 0 762 7 5.258119106292725 4.648494243621826 5.597588062286377
<unk> 0 763 5 1.5488110780715942 4.753610610961914 0
and 0 764 3 0.4535292387008667 2.025970458984375 2.727640151977539
his 0 765 3 3.3925063610076904 2.8134541511535645 0
landlord 0 766 8 13.164091110229492 7.391848564147949 0
over 0 767 4 10.425823211669922 3.461447238922119 3.93040132522583
<unk> 0 768 5 3.7460944652557373 4.050744533538818 0
<unk> 0 769 5 3.286034107208252 4.196719169616699 0
staying 0 770 7 17.584436416625977 4.163910865783691 0.03280830383300781
in 0 771 2 2.2344136238098145 5.2932209968566895 0
his 0 772 3 4.579344749450684 4.511072158813477 0.7821488380432129
apartment 0 773 9 3.7411551475524902 7.208680152893066 0
. 0 774 1 0.9007267951965332 3.2655656337738037 3.9431145191192627
<eos> 0 775 5 0.07404883205890656 0.30145975947380066 2.964105874300003
<unk> 0 776 5 2.7005858421325684 6.088369846343994 0
third 0 777 5 16.387008666992188 7.452784061431885 0
verse 0 778 5 11.90442180633545 7.599273681640625 0
sarcastically 0 779 13 18.650970458984375 7.588180065155029 0.011093616485595703
cites 0 780 5 10.956621170043945 7.801225185394287 0
" 0 781 1 5.120502948760986 4.597073554992676 3.2041516304016113
the 0 782 3 2.4302566051483154 7.391523838043213 0
home 0 783 4 11.401542663574219 10.031655311584473 0
of 0 784 2 1.1426458358764648 4.865157127380371 5.166498184204102
the 0 785 3 1.637427568435669 4.808579921722412 0.056577205657958984
brave 0 786 5 13.007615089416504 8.413284301757812 0
, 0 787 1 4.105067729949951 6.692396640777588 1.7208876609802246
the 0 788 3 3.516087532043457 7.738979816436768 0
land 0 789 4 13.171257019042969 8.668886184692383 0
of 0 790 2 2.268726348876953 5.791953086853027 2.8769330978393555
the 0 791 3 1.703516960144043 5.7048845291137695 0.08706855773925781
<unk> 0 792 5 1.829020380973816 8.135470390319824 0
" 0 793 1 1.37507963180542 5.431911945343018 2.7035584449768066
, 0 794 1 1.356846809387207 3.519575357437134 1.9123365879058838
juxtaposed 0 795 10 16.459239959716797 5.386432647705078 0
with 0 796 4 0.5316218137741089 2.422471523284912 2.963961124420166
the 0 797 3 1.9686977863311768 5.792357921600342 0
mistreatment 0 798 12 16.508628845214844 9.12774658203125 0
he 0 799 2 10.370908737182617 1.1949243545532227 7.932822227478027
received 0 800 8 6.646213054656982 7.633982181549072 0
at 0 801 2 6.2604546546936035 4.675614833831787 2.958367347717285
the 0 802 3 0.9937432408332825 3.679934501647949 0.9956803321838379
hands 0 803 5 7.5647077560424805 6.065023899078369 0
of 0 804 2 0.012547989375889301 0.10562209784984589 5.959401801228523
white 0 805 5 11.395971298217773 4.017208099365234 0
people 0 806 6 6.197455406188965 6.1064910888671875 0
in 0 807 2 3.9861888885498047 3.501098394393921 2.6053926944732666
<unk> 0 808 5 1.4476535320281982 4.112802982330322 0
, 0 809 1 2.1646878719329834 3.4627206325531006 0.6500823497772217
<unk> 0 810 5 2.0612685680389404 5.516096115112305 0
. 0 811 1 1.7581167221069336 3.189260721206665 2.3268353939056396
<eos> 0 812 5 0.06925815343856812 0.2862926423549652 2.9029680788517
<unk> 0 813 5 2.686659336090088 6.1052327156066895 0
fourth 0 814 6 18.42026710510254 7.46305513381958 0
verse 0 815 5 11.95895767211914 7.391984939575195 0.07107019424438477
speaks 0 816 6 11.532339096069336 7.548148155212402 0
of 0 817 2 3.120384454727173 5.487122535705566 2.061025619506836
the 0 818 3 1.8824381828308105 5.148665428161621 0.3384571075439453
racism 0 819 6 13.412027359008789 10.156087875366211 0
of 0 820 2 1.2361948490142822 4.150813579559326 6.005274295806885
the 0 821 3 1.754152774810791 5.1447529792785645 0
white 0 822 5 8.66214656829834 8.138971328735352 0
population 0 823 10 10.412651062011719 6.724380016326904 1.4145913124084473
of 0 824 2 3.491769313812256 4.1962738037109375 2.528106212615967
the 0 825 3 1.434154987335205 3.4748709201812744 0.7214028835296631
city 0 826 4 4.486276149749756 7.34721040725708 0
, 0 827 1 1.742691993713379 3.737558603286743 3.609651803970337
leading 0 828 7 9.094740867614746 5.7580647468566895 0
to 0 829 2 0.44681084156036377 2.1186399459838867 3.6394248008728027
the 0 830 3 1.8231948614120483 5.031803607940674 0
song 0 831 4 11.144242286682129 9.236369132995605 0
's 0 832 2 1.3382906913757324 4.005651950836182 5.230717182159424
end 0 833 3 6.9214253425598145 9.31950855255127 0
, 0 834 1 3.4614219665527344 4.936435222625732 4.383073329925537
which 0 835 5 3.3096837997436523 6.479841709136963 0
suggests 0 836 8 8.708587646484375 7.431629180908203 0
that 0 837 4 0.7419289946556091 3.104905128479004 4.326724052429199
<unk> 0 838 5 2.3595566749572754 4.998145580291748 0
<unk> 0 839 5 3.2910916805267334 6.2874064445495605 0
boycott 0 840 7 18.72538948059082 6.060833930969238 0.22657251358032227
buying 0 841 6 17.641756057739258 7.478733062744141 0
homes 0 842 5 12.379067420959473 6.938643455505371 0.5400896072387695
in 0 843 2 3.6412415504455566 6.28427791595459 0.6543655395507812
the 0 844 3 1.5337097644805908 4.101235866546631 2.183042049407959
district 0 845 8 8.007343292236328 7.595207691192627 0
. 0 846 1 3.7482943534851074 6.453685760498047 1.14152193069458
<eos> 0 847 5 0.07047705352306366 0.28871485590934753 6.164970904588699
<unk> 0 848 5 2.6834988594055176 6.092894077301025 0
song 0 849 4 14.435219764709473 7.448967456817627 0
's 0 850 2 5.797265529632568 6.312697887420654 1.1362695693969727
tone 0 851 4 10.937159538269043 8.668118476867676 0
implies 0 852 7 10.65449047088623 6.9359517097473145 1.7321667671203613
that 0 853 4 0.7192368507385254 3.065505266189575 3.8704464435577393
the 0 854 3 1.8057861328125 5.0226593017578125 0
speaker 0 855 7 12.786585807800293 9.411139488220215 0
feels 0 856 5 8.86357593536377 6.474277019500732 2.9368624687194824
powerless 0 857 9 9.556638717651367 7.701399803161621 0
against 0 858 7 8.066475868225098 4.367288589477539 3.334111213684082
the 0 859 3 1.5421946048736572 5.661197662353516 0
discrimination 0 860 14 14.179837226867676 10.722607612609863 0
and 0 861 3 3.856016159057617 5.013321876525879 5.709285736083984
racism 0 862 6 9.656785011291504 9.92575454711914 0
that 0 863 4 3.6689114570617676 4.221486568450928 5.704267978668213
he 0 864 2 4.385534286499023 7.904369354248047 0
encounters 0 865 10 9.933511734008789 7.194857120513916 0.7095122337341309
; 0 866 1 6.256351947784424 5.810586452484131 1.3842706680297852
despite 0 867 7 8.704988479614258 6.383177757263184 0
this 0 868 4 4.1250176429748535 6.12864875793457 0.2545289993286133
, 0 869 1 0.7239367961883545 4.688042163848877 1.4406065940856934
by 0 870 2 9.5909423828125 4.684906959533691 0.003135204315185547
" 0 871 1 7.763925552368164 6.323775291442871 0
spreading 0 872 9 14.989176750183105 8.207551956176758 0
the 0 873 3 3.1668403148651123 8.349315643310547 0
news 0 874 4 9.513741493225098 10.82179069519043 0
" 0 875 1 2.297333240509033 5.727403163909912 5.094387531280518
of 0 876 2 3.6211979389190674 5.239875316619873 0.48752784729003906
his 0 877 3 3.210277795791626 5.326898574829102 0
poor 0 878 4 10.64217758178711 10.015120506286621 0
treatment 0 879 9 7.631978988647461 9.092141151428223 0.9229793548583984
in 0 880 2 5.032047271728516 3.1964590549468994 5.895682096481323
a 0 881 1 4.634973526000977 5.212375640869141 0
song 0 882 4 9.26527214050293 9.349797248840332 0
, 0 883 1 1.454552173614502 5.188510894775391 4.161286354064941
the 0 884 3 3.1940770149230957 4.477402210235596 0.7111086845397949
speaker 0 885 7 10.159210205078125 9.43124771118164 0
uses 0 886 4 7.711137771606445 7.635618209838867 1.7956295013427734
what 0 887 4 8.443782806396484 5.889698505401611 1.7459197044372559
power 0 888 5 12.329840660095215 5.463531970977783 0.4261665344238281
he 0 889 2 3.4209563732147217 7.096235752105713 0
has 0 890 3 4.047443866729736 6.799553394317627 0.29668235778808594
to 0 891 2 5.225589752197266 7.851472854614258 0
tell 0 892 4 7.564614295959473 8.0628662109375 0
both 0 893 4 10.105581283569336 5.869847774505615 2.1930184364318848
southern 0 894 8 13.414663314819336 7.576808452606201 0
<unk> 0 895 5 2.5075881481170654 4.9606170654296875 2.6161913871765137
<unk> 0 896 5 5.203929424285889 4.835365295410156 0.12525177001953125
and 0 897 3 1.034457802772522 4.143690586090088 0.6916747093200684
northern 0 898 8 11.109570503234863 4.620053768157959 0
whites 0 899 6 9.430276870727539 3.953230381011963 0.6668233871459961
that 0 900 4 6.946888446807861 3.198976755142212 0.754253625869751
the 0 901 3 3.5379555225372314 6.400304317474365 0
status 0 902 6 12.189943313598633 9.759571075439453 0
quo 0 903 3 0.7840042114257812 1.593047857284546 8.166523218154907
is 0 904 2 2.0274360179901123 6.049173831939697 0
deeply 0 905 6 12.062315940856934 8.36455249786377 0
flawed 0 906 6 6.887155532836914 8.499189376831055 0
and 0 907 3 3.715540647506714 2.872715950012207 5.626473426818848
that 0 908 4 3.4431076049804688 8.690317153930664 0
something 0 909 9 11.569304466247559 5.940330982208252 2.749986171722412
needs 0 910 5 12.75797176361084 7.666579246520996 0
to 0 911 2 1.4941413402557373 6.230789661407471 1.4357895851135254
change 0 912 6 7.682407379150391 4.4052734375 1.8255162239074707
. 0 913 1 2.2253687381744385 5.943698883056641 0
<eos> 0 914 5 0.0662091076374054 0.2769768536090851 5.6667220294475555
" 0 915 1 13.091676712036133 6.08559513092041 0
<unk> 0 916 5 2.23962140083313 8.19827938079834 0
<unk> 0 917 5 2.059877395629883 5.318831443786621 2.8794479370117188
<unk> 0 918 5 2.2003142833709717 4.929862976074219 0.38896846771240234
" 0 919 1 1.2477326393127441 4.486271858215332 0.4435911178588867
follows 0 920 7 8.580124855041504 5.073683738708496 0
a 0 921 1 3.0218753814697266 4.039929389953613 1.0337543487548828
traditional 0 922 11 9.125467300415039 9.554059028625488 0
twelve 0 923 6 14.208824157714844 9.281098365783691 0.2729606628417969
<unk> 0 924 5 0.28520506620407104 2.4501287937164307 6.830969572067261
bar 0 925 3 9.656685829162598 6.091923236846924 0
blues 0 926 5 8.736577033996582 8.627259254455566 0
format 0 927 6 9.747574806213379 7.487484931945801 1.1397743225097656
. 0 928 1 2.833641290664673 4.87202787399292 2.615457057952881
<eos> 0 929 5 0.06352081894874573 0.26849716901779175 4.603530704975128
<unk> 0 930 5 2.705171585083008 6.105082988739014 0
is 0 931 2 5.262827396392822 7.448199272155762 0
written 0 932 7 10.397222518920898 7.772453308105469 0
in 0 933 2 2.487109899520874 4.784027099609375 2.9884262084960938
<unk> 0 934 5 2.816302537918091 4.916444778442383 0
time 0 935 4 11.745424270629883 5.194895267486572 0
but 0 936 3 7.221330165863037 4.247338771820068 0.9475564956665039
annotated 0 937 9 16.76853370666504 7.003673553466797 0
to 0 938 2 5.491615295410156 5.137275695800781 1.8663978576660156
note 0 939 4 10.842328071594238 6.374846458435059 0
that 0 940 4 2.4504129886627197 5.473638534545898 0.9012079238891602
the 0 941 3 1.9927904605865479 4.936191082000732 0.537447452545166
song 0 942 4 7.232040882110596 9.659594535827637 0
rhythmically 0 943 12 21.22756576538086 5.127176284790039 4.532418251037598
should 0 944 6 10.991896629333496 9.326810836791992 0
swing 0 945 5 12.246119499206543 5.4611711502075195 3.8656396865844727
at 0 946 2 7.107513427734375 6.503247261047363 0
medium 0 947 6 13.197799682617188 5.034442901611328 1.4688043594360352
shuffle 0 948 7 19.112321853637695 6.872195720672607 0
. 0 949 1 2.418250799179077 6.529326915740967 0.3428688049316406
<eos> 0 950 5 0.07436803728342056 0.3027273118495941 6.226599603891373
<unk> 0 951 5 2.6982812881469727 6.109724998474121 0
song 0 952 4 14.4006986618042 7.4534912109375 0
was 0 953 3 4.307250499725342 6.288597106933594 1.1648941040039062
written 0 954 7 4.396503925323486 6.996261119842529 0
in 0 955 2 3.3491156101226807 3.375065326690674 3.6211957931518555
<unk> 0 956 5 1.54947829246521 4.288116931915283 0
<unk> 0 957 5 3.1977944374084473 4.476736545562744 0
. 0 958 1 2.9312283992767334 3.90816068649292 0.5685758590698242
<eos> 0 959 5 0.07204017043113708 0.2951296269893646 3.6130310595035553
<unk> 0 960 5 2.697794198989868 6.110875129699707 0
uses 0 961 4 10.564640045166016 7.450825214385986 0
twelve 0 962 6 12.904881477355957 5.593197345733643 1.8576278686523438
measures 0 963 8 11.348072052001953 9.374398231506348 0
with 0 964 4 6.030094146728516 4.317327976226807 5.057070255279541
verses 0 965 6 13.926627159118652 6.884157180786133 0
one 0 966 3 11.34214973449707 5.470464706420898 1.4136924743652344
to 0 967 2 1.6317521333694458 5.313110828399658 0.15735387802124023
four 0 968 4 3.215855360031128 5.988285064697266 0
repeating 0 969 9 14.833690643310547 5.402757167816162 0.5855278968811035
, 0 970 1 4.861723899841309 6.23176383972168 0
followed 0 971 8 9.536888122558594 6.52146053314209 0
by 0 972 2 0.351095050573349 1.8883211612701416 4.633139371871948
the 0 973 3 2.6959023475646973 5.414488792419434 0
final 0 974 5 6.863994121551514 9.76244831085205 0
two 0 975 3 6.102053165435791 8.064918518066406 1.6975297927856445
verses 0 976 6 4.585781097412109 8.098013877868652 0
and 0 977 3 3.775583267211914 4.661536693572998 3.4364771842956543
a 0 978 1 3.4145145416259766 7.910463809967041 0
coda 0 979 4 6.462099552154541 8.824389457702637 0
. 0 980 1 1.2997430562973022 4.33916711807251 4.485222339630127
<eos> 0 981 5 0.06918930262327194 0.287328839302063 4.051838278770447
= 0 982 1 3.84731388092041 6.115248680114746 0
= 0 983 1 0.09605157375335693 0.6646302342414856 5.4506184458732605
<unk> 0 984 5 5.662922382354736 5.683865547180176 0
and 0 985 3 4.014802932739258 7.040274620056152 0
<unk> 0 986 5 1.6482088565826416 7.730555534362793 0
= 0 987 1 1.0559651851654053 5.7084879875183105 2.0220675468444824
= 0 988 1 4.402688500704244e-05 0.0006520108436234295 5.707835976674687
<eos> 0 989 5 18.95269775390625 4.834596157073975 0
<unk> 0 990 5 2.741640090942383 5.405378341674805 0
<unk> 0 991 5 2.514777183532715 6.552040100097656 0
first 0 992 5 10.18919563293457 5.890096187591553 0.6619439125061035
recorded 0 993 8 7.8143839836120605 7.285987377166748 0
" 0 994 1 4.959229946136475 5.8220415115356445 1.4639458656311035
<unk> 0 995 5 2.3970417976379395 8.867477416992188 0
<unk> 0 996 5 2.425746440887451 4.169182777404785 4.698294639587402
<unk> 0 997 5 2.4835588932037354 3.0274951457977295 1.1416876316070557
" 0 998 1 0.6382827758789062 2.656045436859131 0.37144970893859863
in 0 999 2 2.3511595726013184 4.233636379241943 0
<unk> 0 1000 5 1.0592259168624878 3.2990128993988037 0.9346234798431396
<unk> 0 1001 5 1.7268049716949463 3.8041536808013916 0
in 0 1002 2 3.867422103881836 3.87255597114563 0
<unk> 0 1003 5 1.1088947057724 3.5705771446228027 0.30197882652282715
<unk> 0 1004 5 2.370584011077881 3.7811508178710938 0
<unk> 0 1005 5 4.309382915496826 3.548651933670044 0.2324988842010498
, 0 1006 1 2.0595719814300537 4.635469913482666 0
for 0 1007 3 8.204852104187012 5.712142467498779 0
donation 0 1008 8 18.698577880859375 4.968716621398926 0.7434258460998535
to 0 1009 2 2.4560084342956543 5.489309310913086 0
the 0 1010 3 1.8141390085220337 5.817816734313965 0
<unk> 0 1011 5 1.5489845275878906 7.320481300354004 0
of 0 1012 2 6.396986961364746 7.4912824630737305 0
<unk> 0 1013 5 1.1168086528778076 4.036272048950195 3.455010414123535
. 0 1014 1 1.858992099761963 4.45371675491333 0
<eos> 0 1015 5 0.06445349007844925 0.2720271646976471 4.181689590215683
<unk> 0 1016 5 2.6829307079315186 6.096662521362305 0
re 0 1017 2 11.952032089233398 7.45060396194458 0
<unk> 0 1018 5 0.018175214529037476 0.18974041938781738 7.260863542556763
recorded 0 1019 8 4.2413811683654785 7.338834285736084 0
the 0 1020 3 1.6624846458435059 4.621734619140625 2.717099666595459
song 0 1021 4 1.2907698154449463 5.042792797088623 0
in 0 1022 2 2.4234859943389893 4.128518104553223 0.9142746925354004
<unk> 0 1023 5 1.3676197528839111 3.749110698699951 0.3794074058532715
<unk> 0 1024 5 2.0308427810668945 4.008996963500977 0
for 0 1025 3 5.530858993530273 3.7048568725585938 0.3041400909423828
<unk> 0 1026 5 3.2492971420288086 5.287863731384277 0
<unk> 0 1027 5 1.6921923160552979 5.403129577636719 0
, 0 1028 1 2.132798194885254 4.370448589324951 1.0326809883117676
for 0 1029 3 8.393052101135254 5.820438385009766 0
release 0 1030 7 9.538579940795898 4.856924533843994 0.9635138511657715
the 0 1031 3 5.394898891448975 4.500959396362305 0.35596513748168945
same 0 1032 4 5.5239715576171875 7.0075273513793945 0
year 0 1033 4 1.880126714706421 3.9703218936920166 3.037205457687378
as 0 1034 2 3.567957639694214 3.366594076156616 0.6037278175354004
a 0 1035 1 2.9983770847320557 3.908057451248169 0
<unk> 0 1036 5 3.1337673664093018 7.796611785888672 0
rpm 0 1037 3 12.439255714416504 6.396312713623047 1.400299072265625
record 0 1038 6 7.06937313079834 6.379589080810547 0.0167236328125
. 0 1039 1 1.356502890586853 4.374427795410156 2.0051612854003906
<eos> 0 1040 5 0.06572772562503815 0.27570638060569763 4.098721414804459
<unk> 0 1041 5 2.693699598312378 6.096925258636475 0
version 0 1042 7 16.0623779296875 7.446288585662842 0
that 0 1043 4 10.043829917907715 4.506126403808594 2.940162181854248
was 0 1044 3 3.057499408721924 8.06607723236084 0
commercially 0 1045 12 9.728099822998047 6.967983245849609 1.0980939865112305
released 0 1046 8 3.721057891845703 2.821092128753662 4.146891117095947
features 0 1047 8 15.1032133102417 4.407721996307373 0
<unk> 0 1048 5 4.398890972137451 6.301644325256348 0
<unk> 0 1049 5 2.0052311420440674 6.250668048858643 0.05097627639770508
singing 0 1050 7 16.870800018310547 5.16646671295166 1.0842013359069824
and 0 1051 3 3.491543769836426 5.712656497955322 0
playing 0 1052 7 8.977381706237793 6.852048873901367 0
the 0 1053 3 3.141106367111206 6.6677398681640625 0.1843090057373047
twelve 0 1054 6 16.711360931396484 6.8890910148620605 0
<unk> 0 1055 5 1.589207649230957 6.9593000411987305 0
string 0 1056 6 7.029599666595459 5.937307357788086 1.0219926834106445
guitar 0 1057 6 2.3295600414276123 6.829145431518555 0
without 0 1058 7 12.371430397033691 6.387641906738281 0.44150352478027344
any 0 1059 3 5.2549147605896 7.491308212280273 0
other 0 1060 5 4.116745948791504 9.5233154296875 0
accompaniment 0 1061 13 8.85998249053955 8.988216400146484 0.5350990295410156
. 0 1062 1 1.218582272529602 3.9352307319641113 5.052985668182373
<eos> 0 1063 5 0.07403510808944702 0.30173537135124207 3.6334953606128693
<unk> 0 1064 5 2.7091064453125 6.110852241516113 0
song 0 1065 4 14.417524337768555 7.451743125915527 0
has 0 1066 3 6.7531585693359375 6.31259822845459 1.1391448974609375
been 0 1067 4 1.559025526046753 5.277876377105713 1.034721851348877
covered 0 1068 7 5.776474952697754 7.278152942657471 0
and 0 1069 3 4.79630708694458 3.686687469482422 3.591465473175049
reinterpreted 0 1070 13 13.09443187713623 7.484805107116699 0
by 0 1071 2 1.315488338470459 3.5709187984466553 3.913886308670044
a 0 1072 1 6.407568454742432 4.778932094573975 0
variety 0 1073 7 4.057118892669678 7.690396785736084 0
of 0 1074 2 0.008857890963554382 0.09976145625114441 7.59063532948494
artists 0 1075 7 1.503750205039978 6.167970657348633 0
including 0 1076 9 2.426504611968994 3.6338441371917725 2.5341265201568604
<unk> 0 1077 5 0.6219813823699951 3.4180994033813477 0.2157447338104248
<unk> 0 1078 5 0.5432506799697876 2.9601995944976807 0.457899808883667
and 0 1079 3 2.0624117851257324 2.3548529148101807 0.6053466796875
<unk> 0 1080 5 0.26715657114982605 2.0327768325805664 0.32207608222961426
<unk> 0 1081 5 0.31241685152053833 2.244500160217285 0
. 0 1082 1 0.6941686868667603 2.1969497203826904 0.04755043983459473
<eos> 0 1083 5 0.07207321375608444 0.2954351603984833 1.9015145599842072
<unk> 0 1084 5 2.692202568054199 6.098856449127197 0
recorded 0 1085 8 9.955350875854492 7.44771671295166 0
and 0 1086 3 7.599719524383545 5.098931789398193 2.348784923553467
released 0 1087 8 5.557488441467285 7.1552324295043945 0
both 0 1088 4 9.571523666381836 5.207059860229492 1.9481725692749023
live 0 1089 4 8.185559272766113 6.894814491271973 0
and 0 1090 3 3.7490620613098145 5.587400436401367 1.3074140548706055
studio 0 1091 6 10.078064918518066 3.676616907119751 1.9107835292816162
versions 0 1092 8 6.467683792114258 6.184509754180908 0
of 0 1093 2 1.6038469076156616 3.829406976699829 2.355102777481079
the 0 1094 3 0.9095075726509094 3.8612732887268066 0
song 0 1095 4 2.19541072845459 4.955690860748291 0
on 0 1096 2 2.621742010116577 4.223692893981934 0.7319979667663574
several 0 1097 7 9.202653884887695 2.486457347869873 1.7372355461120605
of 0 1098 2 6.991549015045166 5.423586845397949 0
his 0 1099 3 4.103408336639404 3.0787010192871094 2.34488582611084
albums 0 1100 6 2.616832971572876 6.758823871612549 0
. 0 1101 1 1.6113288402557373 3.833733320236206 2.9250905513763428
<eos> 0 1102 5 0.06718338280916214 0.2802676856517792 3.553465634584427
<unk> 0 1103 5 2.6958515644073486 6.113249778747559 0
<unk> 0 1104 5 2.3819363117218018 7.452956199645996 0
, 0 1105 1 2.8222572803497314 6.264575481414795 1.1883807182312012
the 0 1106 3 2.9847452640533447 5.533360004425049 0.7312154769897461
song 0 1107 4 9.324440002441406 8.500577926635742 0
was 0 1108 3 5.80768346786499 1.8884761333465576 6.612101793289185
reworked 0 1109 8 11.340959548950195 6.965112209320068 0
as 0 1110 2 4.03143310546875 4.206591606140137 2.7585206031799316
" 0 1111 1 4.084909915924072 4.20068359375 0.005908012390136719
<unk> 0 1112 5 1.9123508930206299 7.318568229675293 0
<unk> 0 1113 5 2.1654059886932373 4.262640476226807 3.0559277534484863
" 0 1114 1 0.8436697721481323 3.2554402351379395 1.0072002410888672
by 0 1115 2 2.89520001411438 4.0852179527282715 0
<unk> 0 1116 5 0.5698486566543579 3.0767226219177246 1.0084953308105469
<unk> 0 1117 5 0.9620750546455383 3.996635675430298 0
<unk> 0 1118 5 4.012228965759277 3.863386631011963 0.13324904441833496
, 0 1119 1 2.0224883556365967 4.327358722686768 0
an 0 1120 2 7.004964828491211 5.429708957672119 0
<unk> 0 1121 5 2.5901193618774414 7.480230331420898 0
& 0 1122 1 9.47193717956543 7.610620975494385 0
<unk> 0 1123 5 0.5867758989334106 3.344883918762207 4.265737056732178
band 0 1124 4 3.9787402153015137 7.981033802032471 0
. 0 1125 1 2.920069932937622 6.751148223876953 1.2298855781555176
<eos> 0 1126 5 0.06680642813444138 0.279499351978302 6.471648871898651
<unk> 0 1127 5 2.695042371749878 6.096253395080566 0
lyrics 0 1128 6 17.084304809570312 7.450300693511963 0
speak 0 1129 5 9.255574226379395 6.525909423828125 0.9243912696838379
of 0 1130 2 4.16215181350708 6.104640483856201 0.42126893997192383
the 0 1131 3 2.1220431327819824 6.043598175048828 0.06104230880737305
problems 0 1132 8 11.456221580505371 9.870856285095215 0
faced 0 1133 5 10.89928913116455 4.573179244995117 5.297677040100098
by 0 1134 2 0.6595934629440308 2.1321489810943604 2.441030263900757
young 0 1135 5 9.790947914123535 5.1447434425354 0
<unk> 0 1136 5 3.061690330505371 6.679778575897217 0
in 0 1137 2 5.692155361175537 5.676340579986572 1.0034379959106445
the 0 1138 3 1.6793967485427856 5.4455246925354 0.23081588745117188
<unk> 0 1139 5 2.903054714202881 8.99577808380127 0
<unk> 0 1140 5 2.902575969696045 7.530378341674805 1.4653997421264648
<unk> 0 1141 5 2.6726186275482178 7.618677139282227 0
in 0 1142 2 6.806169509887695 8.207472801208496 0
the 0 1143 3 2.178779363632202 4.158135890960693 4.049336910247803
1960s 0 1144 5 6.42112922668457 7.651524543762207 0
. 0 1145 1 1.5905011892318726 2.9719412326812744 4.679583311080933
<eos> 0 1146 5 0.07103298604488373 0.2919040322303772 2.680037200450897
<unk> 0 1147 5 2.704096794128418 6.110264301300049 0
adapted 0 1148 7 13.843512535095215 7.463573932647705 0
the 0 1149 3 1.6987415552139282 5.345951557159424 2.1176223754882812
song 0 1150 4 4.908995628356934 9.20588493347168 0
to 0 1151 2 2.267712116241455 4.6803131103515625 4.525571823120117
his 0 1152 3 5.8252739906311035 5.570383071899414 0
style 0 1153 5 10.606517791748047 8.292383193969727 0
of 0 1154 2 1.8801156282424927 4.395280838012695 3.8971023559570312
<unk> 0 1155 5 3.0371077060699463 8.183483123779297 0
blues 0 1156 5 10.352690696716309 6.685799598693848 1.4976835250854492
for 0 1157 3 7.308869361877441 4.961111068725586 1.7246885299682617
the 0 1158 3 1.9849013090133667 5.920738220214844 0
album 0 1159 5 3.3364551067352295 7.589679718017578 0
<unk> 0 1160 5 5.785283088684082 3.6412434577941895 3.9484362602233887
<unk> 0 1161 5 2.316683292388916 6.526693344116211 0
in 0 1162 2 5.882414817810059 5.240870475769043 1.285822868347168
<unk> 0 1163 5 1.0709208250045776 3.920401096343994 1.3204693794250488
. 0 1164 1 1.208520770072937 3.102890968322754 0.8175101280212402
<eos> 0 1165 5 0.06891682744026184 0.28548815846443176 2.817402809858322
<unk> 0 1166 5 2.6979551315307617 6.11259651184082 0
<unk> 0 1167 5 2.381218194961548 7.461942195892334 0
, 0 1168 1 2.827878952026367 6.270861625671387 1.1910805702209473
<unk> 0 1169 5 2.6889116764068604 5.5334343910217285 0.7374272346496582
<unk> 0 1170 5 1.3619004487991333 4.514717102050781 1.0187172889709473
reworked 0 1171 8 20.549161911010742 3.219540596008301 1.2951765060424805
the 0 1172 3 1.004582405090332 4.218369960784912 0
song 0 1173 4 4.836724281311035 8.267533302307129 0
as 0 1174 2 3.9604108333587646 4.446413993835449 3.8211193084716797
" 0 1175 1 2.61680006980896 4.223474502563477 0.22293949127197266
<unk> 0 1176 5 1.8977487087249756 7.279729843139648 0
<unk> 0 1177 5 2.035987138748169 4.784074306488037 2.4956555366516113
<unk> 0 1178 5 1.904578447341919 4.041610240936279 0.7424640655517578
" 0 1179 1 1.2152761220932007 3.727001667022705 0.3146085739135742
. 0 1180 1 1.8774176836013794 3.707529306411743 0.019472360610961914
<eos> 0 1181 5 0.07028721272945404 0.29035723209381104 3.417172074317932
<unk> 0 1182 5 2.7064290046691895 6.088963985443115 0
's 0 1183 2 3.7210440635681152 7.444910049438477 0
cover 0 1184 5 11.038387298583984 10.363018035888672 0
is 0 1185 2 5.436154365539551 5.016998767852783 5.346019268035889
a 0 1186 1 3.873863935470581 8.393303871154785 0
topical 0 1187 7 13.82486343383789 8.995438575744629 0
protest 0 1188 7 12.634319305419922 8.559821128845215 0.43561744689941406
song 0 1189 4 8.63554573059082 5.749472141265869 2.8103489875793457
about 0 1190 5 4.968262195587158 5.191235542297363 0.5582365989685059
the 0 1191 3 2.0300211906433105 6.585052013397217 0
<unk> 0 1192 5 3.1358959674835205 10.009214401245117 0
<unk> 0 1193 5 3.444765567779541 8.78188705444336 1.2273273468017578
. 0 1194 1 4.754112243652344 8.205399513244629 0.5764875411987305
<eos> 0 1195 5 0.06555155664682388 0.2756880521774292 7.9297114610672
<unk> 0 1196 5 2.6861886978149414 6.095341205596924 0
one 0 1197 3 14.028851509094238 7.45469856262207 0
verse 0 1198 5 13.415651321411133 7.832301616668701 0
, 0 1199 1 2.8869378566741943 7.203901290893555 0.6284003257751465
<unk> 0 1200 5 3.1982195377349854 6.524964809417725 0.6789364814758301
claims 0 1201 6 11.38673210144043 6.4150848388671875 0.10987997055053711
that 0 1202 4 1.664046287536621 4.408671855926514 2.006412982940674
the 0 1203 3 2.4176907539367676 5.001152515411377 0
<unk> 0 1204 5 3.0139243602752686 9.618142127990723 0
<unk> 0 1205 5 3.2619881629943848 8.757630348205566 0.8605117797851562
was 0 1206 3 5.048333168029785 8.198542594909668 0.5590877532958984
not 0 1207 3 4.710277557373047 7.892286777496338 0.3062558174133301
for 0 1208 3 8.2506103515625 7.900002479553223 0
democracy 0 1209 9 13.399820327758789 6.444025993347168 1.4559764862060547
but 0 1210 3 4.915214538574219 3.99499249458313 2.449033498764038
instead 0 1211 7 7.410552024841309 7.543882846832275 0
was 0 1212 3 4.58388090133667 8.347390174865723 0
to 0 1213 2 6.018981456756592 8.680401802062988 0
" 0 1214 1 6.07341194152832 7.419559478759766 1.2608423233032227
make 0 1215 4 5.990190029144287 9.284029006958008 0
the 0 1216 3 3.171847105026245 6.798631191253662 2.4853978157043457
world 0 1217 5 5.107334613800049 9.698614120483398 0
safe 0 1218 4 9.23314094543457 8.157322883605957 1.5412912368774414
for 0 1219 3 3.4981849193573 5.058681011199951 3.098641872406006
<unk> 0 1220 5 4.025060176849365 7.601118564605713 0
" 0 1221 1 2.248805284500122 6.207273483276367 1.3938450813293457
. 0 1222 1 0.8095374703407288 2.5150272846221924 3.692246198654175
<eos> 0 1223 5 0.0627724677324295 0.2666647434234619 2.2483625411987305
<unk> 0 1224 5 2.692030668258667 6.093002796173096 0
another 0 1225 7 17.38459587097168 7.449265480041504 0
, 0 1226 1 5.030649662017822 9.795892715454102 0
he 0 1227 2 5.283239364624023 6.934208393096924 2.8616843223571777
takes 0 1228 5 9.429935455322266 8.291402816772461 0
on 0 1229 2 5.417940616607666 5.866443157196045 2.424959659576416
the 0 1230 3 2.065660238265991 5.322402477264404 0.5440406799316406
<unk> 0 1231 5 3.4017796516418457 10.44515609741211 0
right 0 1232 5 11.342823028564453 8.103340148925781 2.341815948486328
, 0 1233 1 3.214801549911499 6.323051452636719 1.7802886962890625
asking 0 1234 6 10.089981079101562 6.416357040405273 0
where 0 1235 5 10.098978042602539 4.54446268081665 1.871894359588623
the 0 1236 3 3.4376800060272217 4.493764400482178 0.050698280334472656
moderates 0 1237 9 16.214405059814453 9.699746131896973 0
are 0 1238 3 3.419070243835449 7.373573303222656 2.3261728286743164
. 0 1239 1 6.982956409454346 9.256998062133789 0
<eos> 0 1240 5 0.0676867663860321 0.2817988991737366 8.975199162960052
<unk> 0 1241 5 2.6797070503234863 6.093656063079834 0
, 0 1242 1 4.520854473114014 7.460568904876709 0
<unk> 0 1243 5 1.7723747491836548 5.791598796844482 1.6689701080322266
<unk> 0 1244 5 2.86826753616333 4.160499095916748 1.6310997009277344
the 0 1245 3 9.214251518249512 3.3340768814086914 0.8264222145080566
<unk> 0 1246 5 2.301335573196411 9.559030532836914 0
<unk> 0 1247 5 2.7477970123291016 8.700213432312012 0.8588171005249023
government 0 1248 10 10.342041015625 7.146327495574951 1.5538859367370605
for 0 1249 3 6.961441993713379 6.688797950744629 0.45752954483032227
not 0 1250 3 10.271123886108398 7.591090679168701 0
dealing 0 1251 7 10.11406421661377 8.747418403625488 0
with 0 1252 4 0.1520519107580185 1.2447155714035034 7.502702832221985
poverty 0 1253 7 10.650459289550781 6.975438594818115 0
at 0 1254 2 6.84684944152832 4.127499103546143 2.8479394912719727
home 0 1255 4 6.361474514007568 4.839761257171631 0
before 0 1256 6 9.24514102935791 3.706435441970825 1.1333258152008057
going 0 1257 5 8.532781600952148 6.798515319824219 0
to 0 1258 2 1.6507762670516968 4.583765506744385 2.214749813079834
war 0 1259 3 7.582974910736084 5.915966033935547 0
. 0 1260 1 1.3677587509155273 3.9304301738739014 1.9855358600616455
<eos> 0 1261 5 0.06469573825597763 0.2720499336719513 3.65838024020195
= 0 1262 1 3.840895414352417 6.077340602874756 0
= 0 1263 1 0.09788970649242401 0.6773535013198853 5.399987101554871
<unk> 0 1264 5 5.659748077392578 5.699248313903809 0
= 0 1265 1 2.0328927040100098 7.041380882263184 0
= 0 1266 1 0.00012382218847051263 0.001771537004970014 7.039609345258214
<eos> 0 1267 5 16.693111419677734 4.865960121154785 0
" 0 1268 1 9.896142959594727 5.545654773712158 0
<unk> 0 1269 5 1.9516370296478271 7.276088714599609 0
<unk> 0 1270 5 1.9590667486190796 4.960068225860596 2.3160204887390137
<unk> 0 1271 5 2.1931612491607666 4.057266712188721 0.902801513671875
" 0 1272 1 1.0913262367248535 3.8079631328582764 0.24930357933044434
is 0 1273 2 2.317723274230957 5.1284894943237305 0
one 0 1274 3 5.615725994110107 3.593386650085449 1.5351028442382812
of 0 1275 2 0.007201312575489283 0.08256959915161133 3.510817050933838
<unk> 0 1276 5 3.809708833694458 2.648825168609619 0
<unk> 0 1277 5 3.6397693157196045 2.727882146835327 0
's 0 1278 2 0.6280160546302795 3.170313596725464 0
most 0 1279 4 2.478660821914673 7.417117595672607 0
famous 0 1280 6 2.826007843017578 6.26542854309082 1.151689052581787
songs 0 1281 5 3.6239840984344482 8.052038192749023 0
and 0 1282 3 4.912569999694824 3.707549571990967 4.344488620758057
is 0 1283 2 3.8618290424346924 8.092479705810547 0
remembered 0 1284 10 9.7855806350708 6.559473991394043 1.533005714416504
as 0 1285 2 2.247678518295288 2.145256280899048 4.414217710494995
his 0 1286 3 7.8911237716674805 3.748141050338745 0
most 0 1287 4 5.290944576263428 7.157994747161865 0
" 0 1288 1 7.112451076507568 7.211334228515625 0
heartfelt 0 1289 9 10.943909645080566 9.439202308654785 0
protest 0 1290 7 13.138943672180176 6.242478847503662 3.196723461151123
song 0 1291 4 9.202964782714844 1.9320255517959595 4.310453295707703
" 0 1292 1 0.21713842451572418 1.2307289838790894 0.7012965679168701
. 0 1293 1 0.6686739921569824 2.708644151687622 0
<eos> 0 1294 5 0.07255739718675613 0.2969324588775635 2.4117116928100586
<unk> 0 1295 5 2.7043280601501465 6.095767974853516 0
is 0 1296 2 5.2728753089904785 7.444613456726074 0
disagreement 0 1297 12 21.08171844482422 7.791973114013672 0
among 0 1298 5 5.021446228027344 4.5750861167907715 3.2168869972229004
music 0 1299 5 10.631701469421387 5.662212371826172 0
scholars 0 1300 8 6.420764446258545 4.193167209625244 1.4690451622009277
as 0 1301 2 6.568450927734375 4.1223978996276855 0.0707693099975586
to 0 1302 2 6.90220832824707 5.981952667236328 0
its 0 1303 3 7.074916362762451 5.766948699951172 0.21500396728515625
importance 0 1304 10 6.257064342498779 9.867486953735352 0
. 0 1305 1 2.8410515785217285 3.9132277965545654 5.954259157180786
<eos> 0 1306 5 0.06775569170713425 0.2822696268558502 3.630958169698715
<unk> 0 1307 5 2.697728157043457 6.094428062438965 0
<unk> 0 1308 5 2.3828415870666504 7.449484348297119 0
claims 0 1309 6 11.402005195617676 6.254655361175537 1.194828987121582
that 0 1310 4 0.6263208389282227 2.7814297676086426 3.4732255935668945
the 0 1311 3 2.09002947807312 4.990602493286133 0
song 0 1312 4 6.65054178237915 10.256205558776855 0
is 0 1313 2 2.2314610481262207 4.80717658996582 5.449028968811035
" 0 1314 1 2.0189647674560547 6.1399359703063965 0
peripheral 0 1315 10 16.574268341064453 7.739583969116211 0
" 0 1316 1 1.9767740964889526 5.408511638641357 2.3310723304748535
to 0 1317 2 4.385448932647705 4.066758155822754 1.3417534828186035
the 0 1318 3 2.162710666656494 5.876772403717041 0
wider 0 1319 5 11.438613891601562 8.338295936584473 0
study 0 1320 5 15.52955436706543 8.90220832824707 0
of 0 1321 2 0.49753332138061523 2.232121706008911 6.670086622238159
the 0 1322 3 1.7812587022781372 6.320184230804443 0
blues 0 1323 5 9.814380645751953 8.729494094848633 0
, 0 1324 1 2.4999053478240967 6.073301792144775 2.6561923027038574
while 0 1325 5 4.505248069763184 5.842161178588867 0.2311406135559082
<unk> 0 1326 5 1.6799499988555908 5.358332633972168 0.4838285446166992
points 0 1327 6 10.60068416595459 6.466768264770508 0
to 0 1328 2 7.677993297576904 0.9988959431648254 5.467872321605682
it 0 1329 2 8.062298774719238 5.760985374450684 0
as 0 1330 2 3.1798958778381348 6.06119441986084 0
a 0 1331 1 1.8921902179718018 4.737889289855957 1.3233051300048828
watershed 0 1332 9 15.384778022766113 7.7760772705078125 0
in 0 1333 2 5.291402816772461 7.298623085021973 0.47745418548583984
the 0 1334 3 1.4153155088424683 5.791049480438232 1.5075736045837402
way 0 1335 3 7.8293023109436035 9.047261238098145 0
<unk> 0 1336 5 4.733323097229004 3.9645113945007324 5.082749843597412
<unk> 0 1337 5 3.200983762741089 7.454519271850586 0
see 0 1338 3 12.962525367736816 7.072473049163818 0.3820462226867676
themselves 0 1339 10 9.763778686523438 5.747444152832031 1.325028896331787
in 0 1340 2 3.489452362060547 4.816155910491943 0.9312882423400879
the 0 1341 3 1.3374072313308716 5.217503070831299 0
fabric 0 1342 6 14.978062629699707 8.92300796508789 0
of 0 1343 2 1.14998459815979 3.264561653137207 5.658446311950684
the 0 1344 3 0.9932492971420288 4.7065749168396 0
<unk> 0 1345 5 2.9475157260894775 9.393704414367676 0
<unk> 0 1346 5 3.7344188690185547 6.668271064758301 2.725433349609375
. 0 1347 1 1.975596308708191 6.635583400726318 0.03268766403198242
<eos> 0 1348 5 0.07106589525938034 0.29234495759010315 6.343238443136215
<unk> 0 1349 5 2.695491075515747 6.104070663452148 0
is 0 1350 2 5.279183387756348 7.462429046630859 0
debate 0 1351 6 20.551183700561523 7.792821407318115 0
over 0 1352 4 5.45870304107666 5.190694808959961 2.6021265983581543
the 0 1353 3 1.4286447763442993 5.558664798736572 0
relationship 0 1354 12 7.430539131164551 10.612919807434082 0
between 0 1355 7 0.3936559855937958 1.7905977964401245 8.822322010993958
the 0 1356 3 2.0700669288635254 4.771700859069824 0
song 0 1357 4 11.359418869018555 7.2584357261657715 0
and 0 1358 3 0.49781689047813416 1.9658215045928955 5.292614221572876
radical 0 1359 7 16.097787857055664 4.569869041442871 0
politics 0 1360 8 8.861540794372559 8.234106063842773 0
. 0 1361 1 1.6113371849060059 3.8795957565307617 4.354510307312012
<eos> 0 1362 5 0.0654882863163948 0.27539676427841187 3.60419899225235
<unk> 0 1363 5 2.6954495906829834 6.103508949279785 0
its 0 1364 3 16.406536102294922 7.4488630294799805 0
release 0 1365 7 8.120920181274414 10.866103172302246 0
, 0 1366 1 2.5553250312805176 5.741121292114258 5.124981880187988
it 0 1367 2 5.968056678771973 7.440237522125244 0
became 0 1368 6 6.1402788162231445 5.16933012008667 2.270907402038574
popular 0 1369 7 6.657317638397217 4.513846397399902 0.6554837226867676
with 0 1370 4 2.004401445388794 3.9090545177459717 0.6047918796539307
left 0 1371 4 15.000871658325195 5.397472381591797 0
<unk> 0 1372 5 0.785981297492981 4.805066108703613 0.5924062728881836
wing 0 1373 4 1.6480560302734375 4.099642753601074 0.7054233551025391
political 0 1374 9 10.233125686645508 8.550374984741211 0
groups 0 1375 6 4.034759998321533 6.362555980682373 2.187819004058838
. 0 1376 1 2.4578990936279297 4.293966770172119 2.068589210510254
<eos> 0 1377 5 0.06391969323158264 0.26972195506095886 4.02424481511116
<unk> 0 1378 5 2.6921145915985107 6.097370624542236 0
<unk> 0 1379 5 2.378960132598877 7.455246925354004 0
was 0 1380 3 3.954779624938965 6.26383113861084 1.191415786743164
invited 0 1381 7 9.694845199584961 7.982315540313721 0
to 0 1382 2 0.5175495147705078 2.0945956707000732 5.8877198696136475
perform 0 1383 7 4.85240364074707 7.013376235961914 0
at 0 1384 2 2.8122191429138184 4.95904541015625 2.054330825805664
<unk> 0 1385 5 2.371461868286133 2.6311769485473633 2.3278684616088867
<unk> 0 1386 5 2.6961073875427246 5.213520050048828 0
, 0 1387 1 3.814578056335449 4.828425884246826 0.38509416580200195
the 0 1388 3 4.161532878875732 5.570094108581543 0
<unk> 0 1389 5 1.9029688835144043 7.342975616455078 0
<unk> 0 1390 5 2.0198123455047607 7.536304473876953 0
<unk> 0 1391 5 2.4355454444885254 7.20657205581665 0.32973241806030273
's 0 1392 2 7.016626358032227 6.763920783996582 0.44265127182006836
summer 0 1393 6 8.420581817626953 7.701906204223633 0
retreat 0 1394 7 14.340301513671875 6.860581398010254 0.8413248062133789
, 0 1395 1 2.1306557655334473 5.359367370605469 1.5012140274047852
and 0 1396 3 1.7515732049942017 5.293277740478516 0.06608963012695312
the 0 1397 3 1.918818712234497 6.347259521484375 0
<unk> 0 1398 5 1.686673879623413 7.512145042419434 0
subsequently 0 1399 12 16.211458206176758 7.301048755645752 0.21109628677368164
opened 0 1400 6 7.318662643432617 9.419242858886719 0
a 0 1401 1 4.898902416229248 4.797373294830322 4.6218695640563965
file 0 1402 4 17.24703598022461 8.855911254882812 0
on 0 1403 2 3.2904670238494873 6.0123114585876465 2.843599796295166
him 0 1404 3 9.522321701049805 3.3493916988372803 2.662919759750366
in 0 1405 2 3.76961612701416 4.3090105056762695 0
the 0 1406 3 2.152486801147461 3.420010566711426 0.8889999389648438
1940s 0 1407 5 10.92711353302002 7.844802379608154 0
. 0 1408 1 0.6720530986785889 2.7256972789764404 5.119105100631714
<eos> 0 1409 5 0.06736493110656738 0.2811570465564728 2.4445402324199677
<unk> 0 1410 5 2.7014167308807373 6.097185134887695 0
led 0 1411 3 9.311141967773438 7.455565929412842 0
to 0 1412 2 4.5773539543151855 3.6318202018737793 3.8237457275390625
the 0 1413 3 1.550734519958496 5.202683925628662 0
accusations 0 1414 11 12.19766616821289 9.49461555480957 0
that 0 1415 4 2.053913116455078 3.7851786613464355 5.709436893463135
the 0 1416 3 2.141228199005127 4.702993392944336 0
<unk> 0 1417 5 2.0218210220336914 9.009819984436035 0
were 0 1418 4 3.7608284950256348 8.424029350280762 0.5857906341552734
taking 0 1419 6 7.9175238609313965 9.264760971069336 0
advantage 0 1420 9 3.823084831237793 6.9084882736206055 2.3562726974487305
of 0 1421 2 0.024206992238759995 0.20011210441589355 6.708376169204712
him 0 1422 3 8.697356224060059 5.279750823974609 0
and 0 1423 3 3.362720251083374 6.578632354736328 0
using 0 1424 5 12.904001235961914 8.269074440002441 0
him 0 1425 3 5.298545837402344 6.360007286071777 1.909067153930664
as 0 1426 2 1.9464832544326782 4.5763020515441895 1.783705234527588
a 0 1427 1 1.118499517440796 4.748569011688232 0
platform 0 1428 8 11.102144241333008 9.917221069335938 0
. 0 1429 1 3.8407275676727295 7.822214126586914 2.0950069427490234
<eos> 0 1430 5 0.06585966795682907 0.27617111802101135 7.546043008565903
<unk> 0 1431 5 2.6846532821655273 6.095711708068848 0
party 0 1432 5 14.44739055633545 7.456380844116211 0
claims 0 1433 6 11.5762939453125 8.32425594329834 0
, 0 1434 1 5.708764553070068 3.0451316833496094 5.2791242599487305
to 0 1435 2 7.530905723571777 6.059277534484863 0
the 0 1436 3 2.7603394985198975 8.002490043640137 0
contrary 0 1437 8 6.28018045425415 7.904881000518799 0.09760904312133789
, 0 1438 1 0.3921947777271271 2.124560832977295 5.780320167541504
that 0 1439 4 4.607320308685303 7.898378849029541 0
they 0 1440 4 5.00851583480835 6.0067596435546875 1.8916192054748535
were 0 1441 4 3.262017011642456 6.538001537322998 0
some 0 1442 4 10.666683197021484 8.759090423583984 0
of 0 1443 2 0.947302520275116 5.5574421882629395 3.201648235321045
the 0 1444 3 0.48478466272354126 2.1361641883850098 3.4212779998779297
few 0 1445 3 6.1925435066223145 8.052331924438477 0
people 0 1446 6 5.4422383308410645 9.442235946655273 0
who 0 1447 3 1.7845854759216309 4.962780952453613 4.47945499420166
respected 0 1448 9 11.598587989807129 6.321188449859619 0
him 0 1449 3 4.659417152404785 5.008205413818359 1.3129830360412598
and 0 1450 3 3.64919114112854 4.027235507965088 0.9809699058532715
gave 0 1451 4 8.187690734863281 8.239879608154297 0
him 0 1452 3 1.88408362865448 4.571768283843994 3.6681113243103027
a 0 1453 1 2.122177839279175 6.0639543533325195 0
chance 0 1454 6 4.517868518829346 9.42517375946045 0
to 0 1455 2 0.6752204298973083 2.385362386703491 7.039811372756958
perform 0 1456 7 8.229928016662598 8.506966590881348 0
. 0 1457 1 3.3171958923339844 6.200974941253662 2.3059916496276855
<eos> 0 1458 5 0.06811615079641342 0.28292056918144226 5.91805437207222
<unk> 0 1459 5 2.689880132675171 6.096285343170166 0
<unk> 0 1460 5 2.3842382431030273 7.455254554748535 0
<unk> 0 1461 5 2.669104814529419 6.2663254737854 1.1889290809631348
and 0 1462 3 4.894007205963135 6.512622356414795 0
several 0 1463 7 9.561261177062988 3.0771610736846924 3.4354612827301025
other 0 1464 5 1.39850652217865 5.481351852416992 0
writers 0 1465 7 7.063183307647705 8.759050369262695 0
have 0 1466 4 4.011176109313965 6.538514137268066 2.220536231994629
suggested 0 1467 9 4.057652950286865 7.473197937011719 0
that 0 1468 4 0.6893393993377686 3.2579498291015625 4.215248107910156
<unk> 0 1469 5 2.1361896991729736 5.4858717918396 0
<unk> 0 1470 5 2.8814826011657715 6.276869773864746 0
had 0 1471 3 5.070743560791016 6.104034900665283 0.1728348731994629
significant 0 1472 11 12.715593338012695 7.3455400466918945 0
help 0 1473 4 11.22806167602539 9.171943664550781 0
with 0 1474 4 6.717958927154541 2.6551289558410645 6.516814708709717
its 0 1475 3 7.906620502471924 4.8112664222717285 0
authorship 0 1476 10 12.82469654083252 10.490724563598633 0
and 0 1477 3 3.297858238220215 4.16248083114624 6.328243732452393
claim 0 1478 5 9.972411155700684 9.605167388916016 0
it 0 1479 2 6.226904392242432 4.249814510345459 5.355352878570557
is 0 1480 2 3.8105039596557617 4.568953514099121 0
not 0 1481 3 3.4613900184631348 7.830273628234863 0
a 0 1482 1 3.6550469398498535 8.039713859558105 0
genuine 0 1483 7 8.694672584533691 9.665115356445312 0
protest 0 1484 7 12.52104663848877 9.360595703125 0.3045196533203125
song 0 1485 4 12.138070106506348 4.490410804748535 4.870184898376465
. 0 1486 1 1.2639843225479126 3.871171236038208 0.6192395687103271
<eos> 0 1487 5 0.06765378266572952 0.2807486951351166 3.5904225409030914
<unk> 0 1488 5 2.694384813308716 6.0947041511535645 0
theory 0 1489 6 16.018226623535156 7.444469928741455 0
stems 0 1490 5 15.372147560119629 6.729729175567627 0.7147407531738281
from 0 1491 4 0.1554860919713974 1.1473358869552612 5.582393288612366
the 0 1492 3 1.3125866651535034 5.171730995178223 0
idea 0 1493 4 7.897287845611572 9.863999366760254 0
that 0 1494 4 1.928453803062439 1.8651912212371826 7.998808145523071
<unk> 0 1495 5 2.403855085372925 6.165484428405762 0
<unk> 0 1496 5 3.360546588897705 7.231344699859619 0
did 0 1497 3 8.092538833618164 6.583037853240967 0.6483068466186523
not 0 1498 3 0.4532073140144348 3.0546038150787354 3.5284340381622314
have 0 1499 4 3.2243101596832275 8.170129776000977 0
a 0 1500 1 1.925192952156067 6.2624125480651855 1.907717227935791
history 0 1501 7 9.096451759338379 10.237137794494629 0
of 0 1502 2 0.5801016688346863 3.026822328567505 7.210315465927124
protest 0 1503 7 16.402774810791016 7.730527877807617 0
music 0 1504 5 12.104174613952637 5.291440963745117 2.4390869140625
before 0 1505 6 7.535280704498291 4.753053665161133 0.5383872985839844
he 0 1506 2 4.623265266418457 5.996187686920166 0
was 0 1507 3 1.9495017528533936 6.226118087768555 0
discovered 0 1508 10 8.302229881286621 9.172832489013672 0
by 0 1509 2 3.5711991786956787 4.10336971282959 5.069462776184082
<unk> 0 1510 5 1.4384889602661133 4.898976802825928 0
. 0 1511 1 2.20233154296875 4.637448310852051 0.26152849197387695
<eos> 0 1512 5 0.06690264493227005 0.27972689270973206 4.357721418142319
<unk> 0 1513 5 2.6845335960388184 6.083218097686768 0
the 0 1514 3 9.915010452270508 7.444912910461426 0
music 0 1515 5 9.520771980285645 9.499940872192383 0
that 0 1516 4 6.678897857666016 6.788583278656006 2.711357593536377
<unk> 0 1517 5 3.212441921234131 7.9766950607299805 0
recorded 0 1518 8 7.665247440338135 7.9052629470825195 0.07143211364746094
was 0 1519 3 3.2554497718811035 5.429337501525879 2.4759254455566406
sold 0 1520 4 10.929442405700684 7.457507610321045 0
to 0 1521 2 2.612790822982788 4.614777088165283 2.8427305221557617
<unk> 0 1522 5 1.4437062740325928 4.700719833374023 0
sympathetic 0 1523 11 22.977197647094727 5.163097381591797 0
to 0 1524 2 1.2108074426651 5.080665588378906 0.08243179321289062
<unk> 0 1525 5 1.4981905221939087 3.789262056350708 1.2914035320281982
<unk> 0 1526 5 2.2219319343566895 4.22383975982666 0
, 0 1527 1 2.179394245147705 4.1192474365234375 0.10459232330322266
it 0 1528 2 10.103866577148438 4.9406304359436035 0
has 0 1529 3 6.152211666107178 4.873708248138428 0.06692218780517578
been 0 1530 4 1.0419107675552368 4.829434394836426 0.04427385330200195
suggested 0 1531 9 3.993604898452759 8.127582550048828 0
that 0 1532 4 0.37156781554222107 1.8542736768722534 6.273308873176575
<unk> 0 1533 5 1.9729863405227661 5.165210723876953 0
helped 0 1534 6 10.412042617797852 5.954101085662842 0
him 0 1535 3 4.679126262664795 7.046368598937988 0
write 0 1536 5 5.925409317016602 7.709817886352539 0
a 0 1537 1 2.4686830043792725 5.59291934967041 2.116898536682129
song 0 1538 4 3.6057276725769043 8.296826362609863 0
attractive 0 1539 10 20.833120346069336 5.132534027099609 3.164292335510254
to 0 1540 2 0.8270796537399292 3.074744462966919 2.0577895641326904
a 0 1541 1 5.25569486618042 5.4875664710998535 0
white 0 1542 5 9.867664337158203 8.768861770629883 0
audience 0 1543 8 4.60816764831543 7.379012107849121 1.3898496627807617
. 0 1544 1 1.0276498794555664 3.679964303970337 3.699047803878784
<eos> 0 1545 5 0.06680068373680115 0.2791997790336609 3.400764524936676
<unk> 0 1546 5 2.6967101097106934 6.090829372406006 0
<unk> 0 1547 5 2.384216070175171 7.448455810546875 0
admitted 0 1548 8 12.336363792419434 6.258134841918945 1.1903209686279297
that 0 1549 4 0.9345632791519165 3.4871106147766113 2.771024227142334
the 0 1550 3 2.212294101715088 4.751639366149902 0
term 0 1551 4 9.449357986450195 9.452342987060547 0
" 0 1552 1 0.9092749953269958 3.7217366695404053 5.730606317520142
bourgeois 0 1553 9 13.551268577575684 8.214780807495117 0
" 0 1554 1 0.7063726186752319 4.289092063903809 3.9256887435913086
was 0 1555 3 1.8391467332839966 5.975119590759277 0
unfamiliar 0 1556 10 14.779886245727539 7.076269626617432 0
to 0 1557 2 4.9473795890808105 1.2287989854812622 5.847470641136169
him 0 1558 3 8.148649215698242 5.164116382598877 0
, 0 1559 1 1.532324194908142 4.007325172424316 1.1567912101745605
and 0 1560 3 1.566922903060913 4.7187418937683105 0
it 0 1561 2 5.586160182952881 6.944249629974365 0
seems 0 1562 5 7.991472244262695 4.560085773468018 2.3841638565063477
out 0 1563 3 10.184617042541504 4.857355117797852 0
of 0 1564 2 1.8326278924942017 4.113863468170166 0.7434916496276855
place 0 1565 5 7.538632392883301 6.705727577209473 0
compared 0 1566 8 13.901276588439941 5.8451762199401855 0.8605513572692871
to 0 1567 2 0.1664518117904663 0.8473923206329346 4.997783899307251
the 0 1568 3 1.6680680513381958 5.314765930175781 0
vocabulary 0 1569 10 14.642090797424316 8.673359870910645 0
of 0 1570 2 0.5784685611724854 3.2217819690704346 5.45157790184021
his 0 1571 3 4.489385604858398 5.767417907714844 0
past 0 1572 4 8.533402442932129 8.799348831176758 0
work 0 1573 4 4.8371262550354 7.8294758796691895 0.9698729515075684
. 0 1574 1 0.8868911266326904 3.2439820766448975 4.585493803024292
<eos> 0 1575 5 0.0686856284737587 0.2855673134326935 2.958414763212204
=========================================================================================
| End of testing | test loss  3.72 | test ppl    41.32
=========================================================================================
