word sentid sentpos wlen surp entropy entred
= 0 0 1 4.922719955444336 6.920167922973633 0
<unk> 0 1 5 3.587589740753174 1.486359715461731 5.433808207511902
<unk> 0 2 5 1.1710394620895386 5.611918926239014 0
<unk> 0 3 5 2.423243761062622 3.6703286170959473 1.9415903091430664
<unk> 0 4 5 2.5286526679992676 3.628356456756592 0.04197216033935547
= 0 5 1 1.0505717992782593 3.038649559020996 0.5897068977355957
<eos> 0 6 5 17.441762924194336 1.3376996517181396 1.7009499073028564
<unk> 0 7 5 0.23797722160816193 1.5140345096588135 0
<unk> 0 8 5 0.3877066969871521 2.0522162914276123 0
<unk> 0 9 5 0.9629611372947693 3.0865416526794434 0
<unk> 0 10 5 1.2145607471466064 3.062051296234131 0.0244903564453125
took 0 11 4 13.20179557800293 2.389697790145874 0.6723535060882568
place 0 12 5 2.5131301879882812 4.754005432128906 0
on 0 13 2 1.7854716777801514 2.2753429412841797 2.4786624908447266
<unk> 0 14 5 0.26226937770843506 1.193061351776123 1.0822815895080566
<unk> 0 15 5 0.2516092360019684 0.9243012070655823 0.26876014471054077
<unk> 0 16 5 0.2295486330986023 0.7649649381637573 0.15933626890182495
. 0 17 1 3.3402938842773438 3.240929126739502 0
<eos> 0 18 5 0.05726330727338791 0.2488202452659607 2.9921088814735413
<unk> 0 19 5 2.700636625289917 6.067225456237793 0
annually 0 20 8 16.720460891723633 7.43566370010376 0
, 0 21 1 6.030608654022217 9.538710594177246 0
the 0 22 3 3.433055877685547 7.118958950042725 2.4197516441345215
event 0 23 5 9.450220108032227 9.308686256408691 0
is 0 24 2 3.8776156902313232 6.886354446411133 2.4223318099975586
a 0 25 1 3.3905017375946045 7.767026901245117 0
side 0 26 4 9.548808097839355 9.543764114379883 0
<unk> 0 27 5 1.065830111503601 4.62802267074585 4.915741443634033
by 0 28 2 1.5704355239868164 5.8730058670043945 0
<unk> 0 29 5 0.04099800065159798 0.41217467188835144 5.460831195116043
side 0 30 4 0.019088607281446457 0.18053308129310608 0.23164159059524536
rowing 0 31 6 0.004025822971016169 0.040413644164800644 0.14011943712830544
race 0 32 4 0.43957385420799255 1.232154130935669 0
between 0 33 7 0.14391502737998962 0.9696094393730164 0.2625446915626526
crews 0 34 5 0.4467833340167999 1.3519275188446045 0
from 0 35 4 0.4285148084163666 2.0724542140960693 0
the 0 36 3 0.7591644525527954 3.070671796798706 0
<unk> 0 37 5 7.467068195343018 0.3266253173351288 2.7440464794635773
of 0 38 2 6.944010257720947 5.9742302894592285 0
<unk> 0 39 5 0.22571007907390594 1.3331183195114136 4.641111969947815
and 0 40 3 0.7409150004386902 2.723875045776367 0
<unk> 0 41 5 0.6183203458786011 1.6694397926330566 1.0544352531433105
along 0 42 5 6.882429122924805 5.667900085449219 0
the 0 43 3 0.8040368556976318 2.4084908962249756 3.259409189224243
<unk> 0 44 5 4.5400614738464355 1.0253379344940186 1.383152961730957
<unk> 0 45 5 4.609027862548828 1.1048431396484375 0
. 0 46 1 2.6493306159973145 4.320039749145508 0
<eos> 0 47 5 0.06311903893947601 0.2680607736110687 4.051978975534439
<unk> 0 48 5 2.7211618423461914 6.09043550491333 0
won 0 49 3 7.698295593261719 7.46260929107666 0
the 0 50 3 0.9406157732009888 3.76723313331604 3.69537615776062
race 0 51 4 5.221080780029297 6.5444722175598145 0
. 0 52 1 6.425623893737793 5.638103008270264 0.9063692092895508
<eos> 0 53 5 0.06201566010713577 0.26475968956947327 5.37334331870079
<unk> 0 54 5 2.701770305633545 6.086551189422607 0
's 0 55 2 3.7259669303894043 7.455440998077393 0
crew 0 56 4 9.005789756774902 10.370125770568848 0
featured 0 57 8 9.87600040435791 7.260768413543701 3.1093573570251465
the 0 58 3 3.524850606918335 6.343664646148682 0.9171037673950195
oldest 0 59 6 12.251169204711914 9.041886329650879 0
competitor 0 60 10 14.269503593444824 8.764243125915527 0.27764320373535156
in 0 61 2 2.7320215702056885 5.49842643737793 3.2658166885375977
<unk> 0 62 5 2.693406581878662 3.978351593017578 1.5200748443603516
<unk> 0 63 5 2.6184070110321045 5.571109294891357 0
history 0 64 7 7.795866012573242 5.054515838623047 0.5165934562683105
. 0 65 1 2.1551337242126465 3.550359010696411 1.5041568279266357
<eos> 0 66 5 0.06914521008729935 0.28647032380104065 3.2638886868953705
<unk> 0 67 5 2.6996572017669678 6.100578308105469 0
race 0 68 4 15.837348937988281 7.4519124031066895 0
took 0 69 4 6.743295192718506 8.221635818481445 0
place 0 70 5 0.5012097358703613 2.5407135486602783 5.680922269821167
in 0 71 2 1.615222454071045 3.210808753967285 0
very 0 72 4 14.121134757995605 2.4404077529907227 0.7704010009765625
difficult 0 73 9 6.861151695251465 5.777439117431641 0
weather 0 74 7 5.125533103942871 4.089144706726074 1.6882944107055664
conditions 0 75 10 0.818326473236084 2.9682493209838867 1.1208953857421875
– 0 76 1 11.5488920211792 3.6361136436462402 0
strong 0 77 6 13.580946922302246 6.399962902069092 0
winds 0 78 5 3.723066568374634 8.272756576538086 0
and 0 79 3 2.540491819381714 5.975028038024902 2.2977285385131836
heavy 0 80 5 3.9018378257751465 7.725408554077148 0
rain 0 81 4 1.1978522539138794 2.930994987487793 4.7944135665893555
– 0 82 1 9.568046569824219 5.417332649230957 0
resulting 0 83 9 7.9285969734191895 7.722944259643555 0
in 0 84 2 0.07428832352161407 0.4131041467189789 7.309840112924576
the 0 85 3 2.7669904232025146 6.6967692375183105 0
slowest 0 86 7 13.282678604125977 8.285726547241211 0
winning 0 87 7 10.316420555114746 8.382262229919434 0
time 0 88 4 2.731860399246216 7.034504413604736 1.3477578163146973
in 0 89 2 2.979139804840088 4.63924503326416 2.395259380340576
over 0 90 4 9.248933792114258 3.2933385372161865 1.3459064960479736
sixty 0 91 5 8.822799682617188 3.609739065170288 0
years 0 92 5 1.4420732259750366 3.6664175987243652 0
. 0 93 1 0.5140246152877808 2.214554786682129 1.4518628120422363
<eos> 0 94 5 0.07018548995256424 0.28989097476005554 1.9246638119220734
<unk> 0 95 5 2.710010528564453 6.10338020324707 0
won 0 96 3 7.759510517120361 7.447807788848877 0
by 0 97 2 6.212861061096191 3.7597038745880127 3.6881039142608643
six 0 98 3 5.990805149078369 4.693378925323486 0
lengths 0 99 7 0.9892551898956299 3.5637412071228027 1.1296377182006836
, 0 100 1 1.7856147289276123 4.217642784118652 0
the 0 101 3 5.104169845581055 6.0395283699035645 0
largest 0 102 7 5.967855930328369 5.950295448303223 0.0892329216003418
margin 0 103 6 2.106074810028076 6.879396915435791 0
of 0 104 2 1.188944935798645 3.5543551445007324 3.3250417709350586
victory 0 105 7 1.4301981925964355 4.204607963562012 0
since 0 106 5 3.5223395824432373 3.440486192703247 0.7641217708587646
the 0 107 3 1.4917762279510498 2.920240640640259 0.5202455520629883
<unk> 0 108 5 1.1114674806594849 5.415190696716309 0
race 0 109 4 3.135939836502075 5.923212051391602 0
. 0 110 1 0.9170692563056946 2.463493824005127 3.4597182273864746
<eos> 0 111 5 0.07048819214105606 0.2905406057834625 2.1729532182216644
<unk> 0 112 5 2.7073206901550293 6.115769386291504 0
's 0 113 2 3.7211501598358154 7.466082572937012 0
<unk> 0 114 5 3.597857713699341 10.3748779296875 0
beat 0 115 4 11.6167631149292 6.544745922088623 3.830132007598877
<unk> 0 116 5 1.3582708835601807 4.6614274978637695 1.8833184242248535
's 0 117 2 4.413005828857422 5.3232855796813965 0
<unk> 0 118 5 1.3214994668960571 7.021750450134277 0
in 0 119 2 5.303163528442383 5.1711931228637695 1.8505573272705078
the 0 120 3 1.3068591356277466 3.9584386348724365 1.212754487991333
reserve 0 121 7 13.319921493530273 5.664274215698242 0
race 0 122 4 3.8704545497894287 6.558985710144043 0
, 0 123 1 1.3142858743667603 3.5826504230499268 2.976335287094116
while 0 124 5 4.902030944824219 6.09598970413208 0
<unk> 0 125 5 1.0005263090133667 4.033300399780273 2.0626893043518066
won 0 126 3 3.625413417816162 6.049605846405029 0
the 0 127 3 1.2372651100158691 4.124636173248291 1.9249696731567383
<unk> 0 128 5 2.682800054550171 6.02915096282959 0
's 0 129 2 6.690650939941406 6.164575099945068 0
<unk> 0 130 5 1.7713854312896729 6.37598991394043 0
<unk> 0 131 5 1.9892159700393677 6.027583122253418 0.3484067916870117
. 0 132 1 4.159698963165283 5.43765115737915 0.5899319648742676
<eos> 0 133 5 0.07163830101490021 0.29314184188842773 5.144509315490723
= 0 134 1 3.814122438430786 6.101568698883057 0
= 0 135 1 0.09879240393638611 0.6848823428153992 5.4166863560676575
<unk> 0 136 5 5.6577863693237305 5.6960015296936035 0
= 0 137 1 2.0226094722747803 7.033229351043701 0
= 0 138 1 0.00012382218847051263 0.0017727394588291645 7.031456611584872
<eos> 0 139 5 16.696157455444336 4.861481189727783 0
<unk> 0 140 5 2.6704916954040527 5.543328285217285 0
<unk> 0 141 5 2.1642420291900635 6.446920871734619 0
<unk> 0 142 5 2.110522985458374 5.7040863037109375 0.7428345680236816
is 0 143 2 4.226411819458008 5.845357418060303 0
a 0 144 1 1.8045259714126587 5.281651496887207 0.5637059211730957
side 0 145 4 10.3742094039917 9.169504165649414 0
<unk> 0 146 5 0.7831965684890747 4.151831150054932 5.017673015594482
by 0 147 2 1.8542096614837646 4.514469146728516 0
<unk> 0 148 5 0.01857120171189308 0.2008347064256668 4.313634440302849
side 0 149 4 0.02894541434943676 0.23846028745174408 0
rowing 0 150 6 0.0907023474574089 0.6824917793273926 0
competition 0 151 11 2.468641757965088 2.0043439865112305 0
between 0 152 7 0.5733131766319275 2.7947328090667725 0
the 0 153 3 0.751487135887146 1.9373475313186646 0.8573852777481079
<unk> 0 154 5 3.474459648132324 1.6064417362213135 0.3309057950973511
of 0 155 2 9.226062774658203 4.5451979637146 0
<unk> 0 156 5 0.7138767242431641 1.6932668685913086 2.851931095123291
( 0 157 1 2.2564618587493896 2.4139857292175293 0
sometimes 0 158 9 4.387520790100098 1.763857126235962 0.6501286029815674
referred 0 159 8 0.3133523762226105 1.82805597782135 0
to 0 160 2 0.00410831393674016 0.03744758293032646 1.7906083948910236
as 0 161 2 0.012487462721765041 0.10288109630346298 0
the 0 162 3 0.31152257323265076 1.2879457473754883 0
" 0 163 1 0.2950369715690613 1.810333013534546 0
<unk> 0 164 5 2.4358110427856445 5.3743791580200195 0
<unk> 0 165 5 3.6325762271881104 4.346754550933838 1.0276246070861816
" 0 166 1 0.5407216548919678 2.6095218658447266 1.7372326850891113
) 0 167 1 0.1274101585149765 0.8193634748458862 1.7901583909988403
and 0 168 3 0.4595404267311096 1.4829626083374023 0
the 0 169 3 0.3648315668106079 1.8486521244049072 0
<unk> 0 170 5 1.0968557596206665 4.35911226272583 0
of 0 171 2 9.205204963684082 5.298501014709473 0
<unk> 0 172 5 2.8062422275543213 1.9591580629348755 3.339342951774597
( 0 173 1 1.523380994796753 3.609095811843872 0
sometimes 0 174 9 7.07570219039917 4.488469123840332 0
referred 0 175 8 0.5480824708938599 2.525036573410034 1.9634325504302979
to 0 176 2 0.00435592932626605 0.040382206439971924 2.4846543669700623
as 0 177 2 0.04315798357129097 0.29058223962783813 0
the 0 178 3 0.5712519884109497 1.974426507949829 0
" 0 179 1 0.6114547252655029 2.6888363361358643 0
<unk> 0 180 5 1.668208360671997 6.454466819763184 0
<unk> 0 181 5 2.9544637203216553 5.6945600509643555 0.7599067687988281
" 0 182 1 0.7930381298065186 3.561255693435669 2.1333043575286865
) 0 183 1 0.11404794454574585 0.7930923700332642 2.768163323402405
. 0 184 1 0.22259505093097687 1.3007910251617432 0
<eos> 0 185 5 0.056680046021938324 0.24633236229419708 1.054458662867546
<unk> 0 186 5 2.7237868309020996 6.0730485916137695 0
held 0 187 4 10.198963165283203 7.444258213043213 0
in 0 188 2 7.783071994781494 4.730399131774902 2.7138590812683105
<unk> 0 189 5 1.856204628944397 5.093804836273193 0
, 0 190 1 2.818697929382324 6.230035781860352 0
the 0 191 3 4.012753009796143 5.344937801361084 0.8850979804992676
race 0 192 4 9.606857299804688 7.474264144897461 0
takes 0 193 5 11.358573913574219 7.3813276290893555 0.09293651580810547
place 0 194 5 0.8022274971008301 3.473982334136963 3.9073452949523926
on 0 195 2 2.3825621604919434 4.119766712188721 0
the 0 196 3 1.4250606298446655 2.9192309379577637 1.200535774230957
<unk> 0 197 5 1.2658405303955078 6.129569053649902 0
<unk> 0 198 5 1.2404488325119019 5.641202926635742 0.48836612701416016
<eos> 0 199 5 4.148364543914795 6.078104019165039 0
@ 0 200 1 0.03538157045841217 0.21229776740074158 5.8658062517642975
<unk> 0 201 5 0.00032191560603678226 0.004792582243680954 0.20750518515706062
<unk> 0 202 5 0.7227922081947327 2.651721477508545 0
mile 0 203 4 0.21932335197925568 1.1080360412597656 1.5436854362487793
( 0 204 1 0.08670689165592194 0.6237025856971741 0.48433345556259155
<unk> 0 205 5 0.00047339056618511677 0.006388233508914709 0.6173143521882594
<unk> 0 206 5 0.09844835847616196 0.38885408639907837 0
<eos> 0 207 5 0.0016536968760192394 0.01582319661974907 0.3730308897793293
@ 0 208 1 0.0 2.923702140833484e-06 0.015820272917608236
<unk> 0 209 5 1.1006847671524156e-05 0.00019140398944728076 0
km 0 210 2 0.0013676454545930028 0.013308700174093246 0
) 0 211 1 0.0012657528277486563 0.013139991089701653 0.00016870908439159393
<unk> 0 212 5 6.897164821624756 1.681114912033081 0
<unk> 0 213 5 2.6073946952819824 6.016731262207031 0
on 0 214 2 9.373405456542969 5.262282371520996 0.7544488906860352
the 0 215 3 1.9992142915725708 2.8062613010406494 2.4560210704803467
<unk> 0 216 5 1.6959607601165771 4.918764591217041 0
<unk> 0 217 5 2.4572865962982178 4.2174201011657715 0.7013444900512695
in 0 218 2 7.204606533050537 4.580136775970459 0
southwest 0 219 9 8.055883407592773 1.9959579706192017 2.5841788053512573
<unk> 0 220 5 0.1844891756772995 1.3486764430999756 0.6472815275192261
. 0 221 1 0.6799561977386475 2.4439585208892822 0
<eos> 0 222 5 0.0664898157119751 0.27863264083862305 2.165325880050659
<unk> 0 223 5 2.704742193222046 6.090878486633301 0
rivalry 0 224 7 18.349502563476562 7.454523086547852 0
is 0 225 2 3.823031187057495 6.007941722869873 1.4465813636779785
a 0 226 1 2.6630592346191406 7.368043422698975 0
major 0 227 5 2.6388797760009766 8.38041877746582 0
point 0 228 5 3.188929796218872 7.596507549285889 0.7839112281799316
of 0 229 2 1.0033907890319824 3.072948932647705 4.523558616638184
honour 0 230 6 0.10827207565307617 0.8773552775382996 2.1955936551094055
between 0 231 7 1.2474576234817505 3.9265530109405518 0
the 0 232 3 0.8429460525512695 3.734952688217163 0.19160032272338867
two 0 233 3 2.227105140686035 5.932966709136963 0
universities 0 234 12 0.1480564922094345 0.9905974864959717 4.942369222640991
and 0 235 3 2.79499888420105 2.8692543506622314 0
followed 0 236 8 9.819625854492188 6.037787914276123 0
throughout 0 237 10 5.023386001586914 4.335604667663574 1.7021832466125488
the 0 238 3 0.7031394243240356 2.352694034576416 1.9829106330871582
<unk> 0 239 5 3.2278144359588623 5.674623489379883 0
<unk> 0 240 5 3.2920079231262207 6.51630163192749 0
and 0 241 3 4.285238265991211 6.226049900054932 0.2902517318725586
broadcast 0 242 9 7.598076343536377 4.834020137786865 1.3920297622680664
worldwide 0 243 9 3.7539658546447754 4.075730323791504 0.7582898139953613
. 0 244 1 0.9653124809265137 3.383082866668701 0.6926474571228027
<eos> 0 245 5 0.0679812952876091 0.2820294499397278 3.1010534167289734
<unk> 0 246 5 2.7108399868011475 6.089548110961914 0
went 0 247 4 8.572893142700195 7.455463886260986 0
into 0 248 4 3.939704179763794 3.144310235977173 4.3111536502838135
the 0 249 3 1.7243984937667847 5.96308708190918 0
race 0 250 4 2.029667615890503 7.090350151062012 0
as 0 251 2 3.593212842941284 5.36716365814209 1.7231864929199219
reigning 0 252 8 0.2982509732246399 1.550956130027771 3.816207528114319
champions 0 253 9 0.10692916810512543 0.6227089166641235 0.9282472133636475
, 0 254 1 1.1976184844970703 3.1881837844848633 0
having 0 255 6 2.2994768619537354 5.599867343902588 0
beaten 0 256 6 3.618536949157715 4.164576530456543 1.435290813446045
<unk> 0 257 5 0.8970587253570557 3.2455997467041016 0.9189767837524414
by 0 258 2 3.4949517250061035 4.733458518981934 0
over 0 259 4 10.265450477600098 5.147543430328369 0
a 0 260 1 3.3267085552215576 3.318474292755127 1.8290691375732422
length 0 261 6 5.828970909118652 5.278059005737305 0
in 0 262 2 4.208352088928223 4.422441482543945 0.8556175231933594
the 0 263 3 1.8949791193008423 4.332311153411865 0.09013032913208008
previous 0 264 8 1.850252628326416 5.656484603881836 0
year 0 265 4 1.9670301675796509 3.881728172302246 1.7747564315795898
's 0 266 2 1.0938152074813843 2.43324613571167 1.4484820365905762
race 0 267 4 1.0333170890808105 4.839251518249512 0
and 0 268 3 4.427003860473633 3.2064218521118164 1.6328296661376953
the 0 269 3 3.6885366439819336 7.018091678619385 0
overall 0 270 7 6.986595630645752 6.8979268074035645 0.12016487121582031
lead 0 271 4 5.027638912200928 7.919986248016357 0
, 0 272 1 5.141391277313232 5.678544998168945 2.241441249847412
with 0 273 4 3.4279003143310547 6.211170673370361 0
<unk> 0 274 5 1.1947730779647827 3.955674648284912 2.255496025085449
victories 0 275 9 2.444258689880371 5.389784812927246 0
to 0 276 2 3.452906608581543 4.255031585693359 1.1347532272338867
<unk> 0 277 5 0.34642255306243896 1.995900273323059 2.2591313123703003
's 0 278 2 0.5272904634475708 2.2865121364593506 0
<unk> 0 279 5 0.46555283665657043 3.1303231716156006 0
. 0 280 1 2.8858537673950195 4.820809364318848 0
<eos> 0 281 5 0.05983078479766846 0.2581418752670288 4.562667489051819
<unk> 0 282 5 2.739555597305298 6.070530891418457 0
race 0 283 4 15.881035804748535 7.464165687561035 0
was 0 284 3 3.17881441116333 8.206695556640625 0
sponsored 0 285 9 9.619095802307129 7.719970703125 0.486724853515625
by 0 286 2 0.14068187773227692 0.9007000923156738 6.819270610809326
<unk> 0 287 5 1.1828498840332031 3.527562379837036 0
for 0 288 3 6.1553144454956055 5.0186543464660645 0
the 0 289 3 1.006556749343872 4.397856712341309 0.6207976341247559
fourth 0 290 6 7.243746757507324 5.413462162017822 0
time 0 291 4 1.599482774734497 4.7532548904418945 0.6602072715759277
. 0 292 1 2.3072421550750732 3.524200916290283 1.2290539741516113
<eos> 0 293 5 0.07041661441326141 0.2901706099510193 3.234030306339264
<unk> 0 294 5 2.700225353240967 6.095921993255615 0
first 0 295 5 9.765822410583496 7.445767402648926 0
<unk> 0 296 5 6.161739349365234 8.069775581359863 0
's 0 297 2 7.1717987060546875 7.784134864807129 0.2856407165527344
<unk> 0 298 5 2.7235875129699707 10.172677040100098 0
<unk> 0 299 5 1.6069247722625732 8.023970603942871 2.1487064361572266
took 0 300 4 8.938743591308594 8.176030158996582 0
place 0 301 5 4.717199325561523 5.806175708770752 2.36985445022583
in 0 302 2 1.2054882049560547 3.4536662101745605 2.3525094985961914
<unk> 0 303 5 0.8909582495689392 2.7657666206359863 0.6878995895385742
, 0 304 1 1.7190793752670288 4.181709289550781 0
but 0 305 3 3.8831124305725098 5.553694725036621 0
did 0 306 3 5.946103572845459 6.774822235107422 0
not 0 307 3 0.17130295932292938 1.3847249746322632 5.390097260475159
become 0 308 6 6.577566146850586 8.289643287658691 0
an 0 309 2 3.9347071647644043 5.480476379394531 2.80916690826416
annual 0 310 6 10.050531387329102 7.572340965270996 0
fixture 0 311 7 2.4937429428100586 8.371753692626953 0
until 0 312 5 1.6601747274398804 4.000631332397461 4.371122360229492
the 0 313 3 2.4128918647766113 2.6532180309295654 1.3474133014678955
1960s 0 314 5 5.218462944030762 6.295774459838867 0
. 0 315 1 0.6326045393943787 2.184041976928711 4.111732482910156
<eos> 0 316 5 0.06357035785913467 0.2692037522792816 1.9148382246494293
<unk> 0 317 5 2.6961514949798584 6.093169212341309 0
<unk> 0 318 5 2.395487070083618 7.459964275360107 0
, 0 319 1 2.823452949523926 6.269332408905029 1.1906318664550781
the 0 320 3 2.9792444705963135 5.530696392059326 0.7386360168457031
contest 0 321 7 15.8671236038208 8.496966361999512 0
was 0 322 3 6.631268501281738 5.106306076049805 3.390660285949707
conducted 0 323 9 9.299455642700195 8.229537963867188 0
as 0 324 2 5.403846263885498 4.796589374542236 3.432948589324951
part 0 325 4 3.762359857559204 4.239670753479004 0.5569186210632324
of 0 326 2 0.0025618134532123804 0.026651255786418915 4.213019497692585
the 0 327 3 0.8099640607833862 2.6057066917419434 0
<unk> 0 328 5 1.3737726211547852 7.232561111450195 0
<unk> 0 329 5 1.8701270818710327 7.5749993324279785 0
<unk> 0 330 5 1.7177655696868896 7.055676460266113 0.5193228721618652
, 0 331 1 4.553436279296875 7.408777236938477 0
but 0 332 3 4.830904483795166 6.315428733825684 1.093348503112793
as 0 333 2 7.531135559082031 6.656318664550781 0
of 0 334 2 3.7400240898132324 4.9865875244140625 1.6697311401367188
the 0 335 3 4.8229079246521 1.122920036315918 3.8636674880981445
<unk> 0 336 5 1.3341161012649536 6.15924072265625 0
race 0 337 4 5.838285446166992 7.763591289520264 0
, 0 338 1 0.6034032106399536 3.3951587677001953 4.368432521820068
it 0 339 2 3.451181411743164 5.019002437591553 0
is 0 340 2 3.4707186222076416 4.023499488830566 0.9955029487609863
held 0 341 4 6.27679443359375 7.033972263336182 0
on 0 342 2 2.8733787536621094 4.637761116027832 2.3962111473083496
the 0 343 3 1.3380402326583862 4.006478786468506 0.6312823295593262
<unk> 0 344 5 1.7620545625686646 7.17794132232666 0
<unk> 0 345 5 1.3608753681182861 6.045810699462891 1.1321306228637695
, 0 346 1 4.091392993927002 5.4537034034729 0.5921072959899902
on 0 347 2 8.211836814880371 2.568497657775879 2.8852057456970215
the 0 348 3 1.2417519092559814 3.035574197769165 0
same 0 349 4 3.3218860626220703 6.011003017425537 0
day 0 350 3 0.6113584041595459 3.2418370246887207 2.7691659927368164
as 0 351 2 1.9891072511672974 3.620506525039673 0
the 0 352 3 0.9891149401664734 3.45131778717041 0.1691887378692627
men 0 353 3 9.920181274414062 6.127997875213623 0
's 0 354 2 0.30010828375816345 1.9090003967285156 4.218997478485107
main 0 355 4 7.88951301574707 6.65627908706665 0
and 0 356 3 5.591673374176025 7.076769828796387 0
reserve 0 357 7 2.220304489135742 7.057835102081299 0.01893472671508789
races 0 358 5 1.0929566621780396 4.940422534942627 2.117412567138672
. 0 359 1 0.7419579029083252 3.032792806625366 1.9076297283172607
<eos> 0 360 5 0.06767856329679489 0.2814757525920868 2.7513170540332794
<unk> 0 361 5 2.7166695594787598 6.122877597808838 0
reserve 0 362 7 17.061967849731445 7.465603351593018 0
race 0 363 4 10.775983810424805 8.303892135620117 0
, 0 364 1 4.239086151123047 7.813198089599609 0.4906940460205078
contested 0 365 9 6.232757091522217 6.5676093101501465 1.245588779449463
between 0 366 7 2.2401139736175537 3.5470938682556152 3.0205154418945312
<unk> 0 367 5 1.0204238891601562 2.3961021900177 1.150991678237915
's 0 368 2 4.378081321716309 2.506436347961426 0
<unk> 0 369 5 1.103392481803894 5.167520046234131 0
boat 0 370 4 3.245479106903076 4.070323944091797 1.097196102142334
and 0 371 3 0.8769078850746155 3.0138676166534424 1.0564563274383545
<unk> 0 372 5 1.1548497676849365 3.086832046508789 0
's 0 373 2 2.639805793762207 4.770081043243408 0
<unk> 0 374 5 1.259387731552124 6.286689758300781 0
boat 0 375 4 1.4795405864715576 4.6198906898498535 1.6667990684509277
has 0 376 3 11.148994445800781 4.162728786468506 0.45716190338134766
been 0 377 4 0.8389562368392944 4.203392028808594 0
held 0 378 4 3.1295063495635986 7.473196983337402 0
since 0 379 5 2.8795783519744873 4.557035446166992 2.91616153717041
<unk> 0 380 5 0.5399346351623535 2.3350307941436768 2.2220046520233154
. 0 381 1 1.3261348009109497 3.2346086502075195 0
<eos> 0 382 5 0.06452799588441849 0.2721708416938782 2.9624378085136414
<unk> 0 383 5 2.7022464275360107 6.096245765686035 0
usually 0 384 7 12.68677043914795 7.445858001708984 0
takes 0 385 5 6.485939025878906 9.817978858947754 0
place 0 386 5 3.6086432933807373 6.541592597961426 3.276386260986328
on 0 387 2 3.3957767486572266 4.204054355621338 2.337538242340088
the 0 388 3 1.2464380264282227 5.015101432800293 0
<unk> 0 389 5 3.140122413635254 8.975040435791016 0
, 0 390 1 3.487466812133789 7.883524417877197 1.0915160179138184
prior 0 391 5 12.144674301147461 6.615565776824951 1.267958641052246
to 0 392 2 0.018455745652318 0.16885295510292053 6.446712821722031
the 0 393 3 1.034592628479004 4.458051681518555 0
main 0 394 4 8.755127906799316 9.012462615966797 0
<unk> 0 395 5 4.387029647827148 8.522844314575195 0.48961830139160156
<unk> 0 396 5 3.2851037979125977 8.882365226745605 0
. 0 397 1 3.4312615394592285 7.344535827636719 1.5378293991088867
<eos> 0 398 5 0.06985798478126526 0.2887547016143799 7.055781126022339
= 0 399 1 3.8314170837402344 6.107913494110107 0
= 0 400 1 0.09841799736022949 0.68170565366745 5.4262078404426575
<unk> 0 401 5 5.661006927490234 5.715666770935059 0
= 0 402 1 2.0297434329986572 7.042697906494141 0
= 0 403 1 0.00012382218847051263 0.0017641508020460606 7.040933755692095
<eos> 0 404 5 16.705347061157227 4.865413665771484 0
<unk> 0 405 5 2.6665773391723633 5.54617166519165 0
's 0 406 2 4.117286682128906 6.44502067565918 0
crew 0 407 4 10.037618637084961 10.053760528564453 0
weighed 0 408 7 7.5231733322143555 6.7779388427734375 3.2758216857910156
an 0 409 2 4.749238967895508 4.221768379211426 2.5561704635620117
average 0 410 7 0.4702169895172119 1.637423038482666 2.5843453407287598
of 0 411 2 0.0811978280544281 0.5843082666397095 1.0531147718429565
<unk> 0 412 5 0.10630190372467041 0.7143343687057495 0
pounds 0 413 6 5.739443778991699 1.7199783325195312 0
( 0 414 1 0.2328478842973709 1.1151020526885986 0.6048762798309326
<unk> 0 415 5 0.0009548755479045212 0.012732621282339096 1.1023694314062595
<unk> 0 416 5 1.818145513534546 1.1665806770324707 0
<eos> 0 417 5 0.007248029578477144 0.04805443063378334 1.1185262463986874
@ 0 418 1 0.0 8.599129728281696e-07 0.04805357072081051
<unk> 0 419 5 4.6778521209489554e-05 0.0006606060778722167 0
kg 0 420 2 0.004677902907133102 0.04215347766876221 0
) 0 421 1 0.006279502995312214 0.043863020837306976 0
more 0 422 4 5.789198875427246 3.368016481399536 0
per 0 423 3 10.761009216308594 0.2913583219051361 3.0766581594944
<unk> 0 424 5 1.477317214012146 4.986050128936768 0
than 0 425 4 1.4176130294799805 4.340392589569092 0.6456575393676758
their 0 426 5 5.5147271156311035 2.728344202041626 1.6120483875274658
opponents 0 427 9 0.9215916395187378 4.819756507873535 0
, 0 428 1 2.0885560512542725 3.3320579528808594 1.4876985549926758
and 0 429 3 2.0456318855285645 5.670300483703613 0
featured 0 430 8 12.616167068481445 6.492602348327637 0
the 0 431 3 3.3807027339935303 6.137166500091553 0.355435848236084
oldest 0 432 6 11.862700462341309 8.371597290039062 0
competitor 0 433 10 13.058185577392578 9.207443237304688 0
in 0 434 2 3.195286273956299 6.2537336349487305 2.953709602355957
<unk> 0 435 5 2.7987425327301025 4.532834053039551 1.7208995819091797
<unk> 0 436 5 2.596768617630005 5.172545909881592 0
history 0 437 7 7.574325084686279 4.301699638366699 0.8708462715148926
in 0 438 2 5.261213302612305 2.7063353061676025 1.5953643321990967
<unk> 0 439 5 1.7192087173461914 3.994536876678467 0
<unk> 0 440 5 3.3742198944091797 3.5511841773986816 0.44335269927978516
year 0 441 4 9.220383644104004 3.2753944396972656 0.275789737701416
<unk> 0 442 5 0.650537371635437 2.3907570838928223 0.8846373558044434
old 0 443 3 0.4350610673427582 1.593392014503479 0.7973650693893433
<unk> 0 444 5 0.5905182957649231 4.148567199707031 0
<unk> 0 445 5 1.4767186641693115 4.2354655265808105 0
<unk> 0 446 5 2.159409999847412 3.9542505741119385 0.28121495246887207
. 0 447 1 2.0809707641601562 4.407138347625732 0
<eos> 0 448 5 0.07098075747489929 0.2917294204235077 4.115408927202225
<unk> 0 449 5 2.6991288661956787 6.1033477783203125 0
crew 0 450 4 14.97963809967041 7.452752113342285 0
consisted 0 451 9 7.592734336853027 8.203023910522461 0
of 0 452 2 0.13808146119117737 0.8428893089294434 7.360134601593018
six 0 453 3 4.923431396484375 4.812370300292969 0
<unk> 0 454 5 1.9498498439788818 5.345898628234863 0
, 0 455 1 4.024384498596191 3.5968210697174072 1.749077558517456
two 0 456 3 3.3498051166534424 5.017408847808838 0
<unk> 0 457 5 0.7835158705711365 4.780072212219238 0.2373366355895996
and 0 458 3 1.8561302423477173 3.5136935710906982 1.26637864112854
an 0 459 2 6.566671848297119 3.8890037536621094 0
<unk> 0 460 5 0.9033766984939575 4.354616641998291 0
, 0 461 1 2.465134620666504 4.511314868927002 0
while 0 462 5 6.013823509216309 5.710133075714111 0
<unk> 0 463 5 2.0601911544799805 4.860105514526367 0.8500275611877441
's 0 464 2 4.406269550323486 5.693098068237305 0
comprised 0 465 9 15.722898483276367 8.78501033782959 0
four 0 466 4 5.001154899597168 5.100043773651123 3.684966564178467
<unk> 0 467 5 2.0343194007873535 7.726357936859131 0
, 0 468 1 3.6753625869750977 5.636701583862305 2.089656352996826
three 0 469 5 4.785435199737549 5.277890682220459 0.3588109016418457
<unk> 0 470 5 0.6687057018280029 4.442989349365234 0.8349013328552246
, 0 471 1 1.538764476776123 3.360673189163208 1.0823161602020264
an 0 472 2 6.871898174285889 3.75924015045166 0
<unk> 0 473 5 0.7368094325065613 4.121822357177734 0
and 0 474 3 2.7645785808563232 3.645333766937256 0.4764885902404785
a 0 475 1 1.5022010803222656 3.659184694290161 0
<unk> 0 476 5 1.099308967590332 5.817178249359131 0
. 0 477 1 1.0315409898757935 3.380427598953247 2.436750650405884
<eos> 0 478 5 0.06419229507446289 0.271594375371933 3.108833223581314
<unk> 0 479 5 2.7027225494384766 6.093978404998779 0
<unk> 0 480 5 2.3770079612731934 7.4394025802612305 0
, 0 481 1 2.8129055500030518 6.250859260559082 1.1885433197021484
<unk> 0 482 5 2.6948800086975098 5.526919364929199 0.7239398956298828
<unk> 0 483 5 1.3625333309173584 4.51605749130249 1.010861873626709
and 0 484 3 2.9081509113311768 3.2134580612182617 1.3025994300842285
<unk> 0 485 5 0.25930723547935486 1.979224443435669 1.2342336177825928
<unk> 0 486 5 0.24941614270210266 2.0902507305145264 0
, 0 487 1 3.0556693077087402 6.799369812011719 0
were 0 488 4 5.545998573303223 7.233269691467285 0
former 0 489 6 11.829936981201172 8.690128326416016 0
<unk> 0 490 5 1.6611294746398926 7.522522449493408 1.1676058769226074
, 0 491 1 4.947510242462158 7.7722392082214355 0
while 0 492 5 6.7717742919921875 6.044576644897461 1.7276625633239746
<unk> 0 493 5 1.434649109840393 5.247655868530273 0.7969207763671875
also 0 494 4 7.441371440887451 6.03743839263916 0
saw 0 495 3 7.188508987426758 7.943080425262451 0
<unk> 0 496 5 2.3652360439300537 5.515977382659912 2.427103042602539
<unk> 0 497 5 2.571408987045288 6.966475963592529 0
year 0 498 4 9.615854263305664 6.157048225402832 0.8094277381896973
<unk> 0 499 5 0.22771316766738892 1.9505845308303833 4.206463694572449
old 0 500 3 0.009036672301590443 0.08473054319620132 1.865853987634182
<unk> 0 501 5 0.7484162449836731 4.885405540466309 0
<unk> 0 502 5 0.9929026365280151 4.902872085571289 0
return 0 503 6 12.006213188171387 5.3513641357421875 0
, 0 504 1 4.4986796379089355 4.632543087005615 0.7188210487365723
having 0 505 6 7.318702220916748 6.242410182952881 0
rowed 0 506 5 7.997780799865723 7.566694736480713 0
in 0 507 2 2.531243324279785 3.093238115310669 4.473456621170044
<unk> 0 508 5 2.300931215286255 3.210176467895508 0
. 0 509 1 3.0330777168273926 5.323356628417969 0
<eos> 0 510 5 0.07209514081478119 0.29502227902412415 5.028334349393845
<unk> 0 511 5 2.699204444885254 6.100231647491455 0
's 0 512 2 3.7015812397003174 7.457276344299316 0
boat 0 513 4 11.97102165222168 10.370808601379395 0
club 0 514 4 7.339256286621094 7.257410526275635 3.1133980751037598
president 0 515 9 10.759130477905273 7.404864311218262 0
<unk> 0 516 5 1.7572678327560425 5.017270565032959 2.3875937461853027
<unk> 0 517 5 0.41049638390541077 2.983856439590454 2.033414125442505
<unk> 0 518 5 3.27197265625 7.318014621734619 0
was 0 519 3 3.8071014881134033 7.182121276855469 0.1358933448791504
the 0 520 3 3.761801242828369 8.142105102539062 0
seventh 0 521 7 8.709823608398438 6.28190279006958 1.8602023124694824
<unk> 0 522 5 2.9819631576538086 6.753602981567383 0
<unk> 0 523 5 3.072533369064331 7.126950263977051 0
president 0 524 9 6.446351528167725 6.251073837280273 0.8758764266967773
not 0 525 3 11.317621231079102 3.452077627182007 2.7989962100982666
to 0 526 2 0.2869330644607544 1.9373899698257446 1.5146876573562622
row 0 527 3 14.582959175109863 6.592052459716797 0
in 0 528 2 4.246053695678711 5.5578155517578125 1.0342369079589844
his 0 529 3 5.6794657707214355 4.342850208282471 1.2149653434753418
own 0 530 3 4.8123979568481445 7.746926784515381 0
<unk> 0 531 5 3.825000047683716 8.45283317565918 0
<unk> 0 532 5 2.947824001312256 7.367485046386719 1.085348129272461
. 0 533 1 4.228727340698242 6.23585844039917 1.1316266059875488
<eos> 0 534 5 0.07477535307407379 0.30349090695381165 5.932367533445358
= 0 535 1 3.8250412940979004 6.0843400955200195 0
= 0 536 1 0.09850345551967621 0.6797695159912109 5.404570579528809
<unk> 0 537 5 5.654871940612793 5.693104267120361 0
= 0 538 1 2.0266435146331787 7.035453796386719 0
= 0 539 1 0.00012382218847051263 0.001773941796272993 7.033679854590446
<eos> 0 540 5 16.68939208984375 4.868412494659424 0
<unk> 0 541 5 2.6699564456939697 5.547206878662109 0
were 0 542 4 8.942811965942383 6.440933704376221 0
pre 0 543 3 12.093788146972656 8.789718627929688 0
<unk> 0 544 5 0.001824441715143621 0.02596748247742653 8.763751145452261
race 0 545 4 9.13792610168457 5.757614612579346 0
favourites 0 546 10 0.1264856606721878 0.9766703844070435 4.780944228172302
, 0 547 1 2.6029601097106934 4.5462188720703125 0
but 0 548 3 3.130664825439453 6.294997692108154 0
<unk> 0 549 5 3.382741928100586 6.620317459106445 0
won 0 550 3 4.24509334564209 6.625042915344238 0
the 0 551 3 1.1495320796966553 4.188364505767822 2.436678409576416
toss 0 552 4 4.07789421081543 6.061476707458496 0
and 0 553 3 0.15947872400283813 0.9020004868507385 5.159476220607758
elected 0 554 7 0.18241162598133087 1.4250534772872925 0
to 0 555 2 0.26203274726867676 1.6278181076049805 0
start 0 556 5 1.0721067190170288 3.318570852279663 0
from 0 557 4 3.857898235321045 4.9565253257751465 0
the 0 558 3 0.8423628211021423 3.250331401824951 1.7061939239501953
<unk> 0 559 5 2.642415761947632 7.539422988891602 0
station 0 560 7 4.852222442626953 7.042724609375 0.49669837951660156
. 0 561 1 0.9667186141014099 3.517326831817627 3.525397777557373
<eos> 0 562 5 0.0672081708908081 0.2815665900707245 3.2357602417469025
<unk> 0 563 5 2.7069711685180664 6.087437629699707 0
took 0 564 4 8.107095718383789 7.453236103057861 0
an 0 565 2 5.774811267852783 5.650373935699463 1.8028621673583984
early 0 566 5 3.7943031787872314 6.892203330993652 0
lead 0 567 4 1.5966373682022095 5.7096662521362305 1.1825370788574219
, 0 568 1 2.9637949466705322 4.047380447387695 1.6622858047485352
but 0 569 3 2.643876791000366 6.19019079208374 0
the 0 570 3 3.1678969860076904 6.130354404449463 0.059836387634277344
boats 0 571 5 15.271987915039062 8.205790519714355 0
closed 0 572 6 7.4633588790893555 7.40632438659668 0.7994661331176758
on 0 573 2 4.6140055656433105 5.822096824645996 1.5842275619506836
each 0 574 4 8.698625564575195 4.166747570037842 1.6553492546081543
other 0 575 5 0.8468012809753418 3.6786394119262695 0.48810815811157227
, 0 576 1 2.8317108154296875 4.167324066162109 0
and 0 577 3 2.0394530296325684 6.228408336639404 0
<unk> 0 578 5 2.756319284439087 6.653406620025635 0
<unk> 0 579 5 3.3603415489196777 7.574652671813965 0
<unk> 0 580 5 2.484437942504883 7.08229923248291 0.4923534393310547
was 0 581 3 3.6634011268615723 7.819521427154541 0
forced 0 582 6 5.117438793182373 8.281436920166016 0
to 0 583 2 0.17587904632091522 1.0520260334014893 7.229410886764526
issue 0 584 5 12.087847709655762 6.896758079528809 0
a 0 585 1 1.742118239402771 5.272250175476074 1.6245079040527344
number 0 586 6 8.537921905517578 9.012357711791992 0
of 0 587 2 0.03026350773870945 0.26368799805641174 8.74866971373558
warnings 0 588 8 6.082642555236816 9.122050285339355 0
to 0 589 2 3.451543092727661 4.103830814361572 5.018219470977783
both 0 590 4 8.425729751586914 5.964761257171631 0
<unk> 0 591 5 2.288332462310791 7.143267631530762 0
in 0 592 2 9.397326469421387 2.6817238330841064 4.461543798446655
an 0 593 2 6.966032028198242 4.749070644378662 0
attempt 0 594 7 0.8214936256408691 3.419313669204712 1.3297569751739502
to 0 595 2 0.05201026052236557 0.3535161018371582 3.0657975673675537
prevent 0 596 7 4.083521842956543 7.997106075286865 0
a 0 597 1 5.014838218688965 4.073252201080322 3.923853874206543
collision 0 598 9 4.945943355560303 9.238457679748535 0
. 0 599 1 2.819047451019287 4.757417678833008 4.481040000915527
<eos> 0 600 5 0.06746948510408401 0.28034698963165283 4.477070689201355
<unk> 0 601 5 2.7134652137756348 6.096078395843506 0
<unk> 0 602 5 2.38861346244812 7.4711809158325195 0
<unk> 0 603 5 2.6762399673461914 6.251491069793701 1.2196898460388184
, 0 604 1 3.220798969268799 6.509332656860352 0
<unk> 0 605 5 2.528505563735962 5.686142921447754 0.8231897354125977
were 0 606 4 10.641401290893555 4.526637554168701 1.1595053672790527
nearly 0 607 6 11.672223091125488 8.600610733032227 0
a 0 608 1 5.317355632781982 8.773298263549805 0
length 0 609 6 11.279064178466797 8.130908012390137 0.642390251159668
ahead 0 610 5 6.06623649597168 5.481232166290283 2.6496758460998535
and 0 611 3 7.226335525512695 1.07279372215271 4.408438444137573
<unk> 0 612 5 2.3800830841064453 7.216740131378174 0
responded 0 613 9 14.861645698547363 5.896075248718262 1.320664882659912
; 0 614 1 8.464944839477539 3.8751771450042725 2.0208981037139893
by 0 615 2 5.978906631469727 5.870535373687744 0
the 0 616 3 1.9547094106674194 4.354035377502441 1.5164999961853027
time 0 617 4 1.7929577827453613 4.141448497772217 0.2125868797302246
the 0 618 3 2.054006576538086 3.6969215869903564 0.44452691078186035
crews 0 619 5 8.835307121276855 8.817923545837402 0
passed 0 620 6 6.840454578399658 5.235600471496582 3.5823230743408203
under 0 621 5 7.024433135986328 5.1822285652160645 0.05337190628051758
<unk> 0 622 5 2.0218749046325684 3.9381625652313232 1.2440659999847412
<unk> 0 623 5 2.2760403156280518 4.713894367218018 0
they 0 624 4 6.6698174476623535 4.432431697845459 0.2814626693725586
were 0 625 4 1.7841342687606812 4.185479640960693 0.24695205688476562
level 0 626 5 15.441285133361816 8.711580276489258 0
. 0 627 1 3.909806728363037 5.486594200134277 3.2249860763549805
<eos> 0 628 5 0.07084306329488754 0.2917621433734894 5.194832056760788
<unk> 0 629 5 2.695603847503662 6.097804546356201 0
<unk> 0 630 5 2.3690128326416016 7.447662830352783 0
<unk> 0 631 5 2.6737289428710938 6.256428241729736 1.1912345886230469
<unk> 0 632 5 1.976220965385437 6.493899822235107 0
moved 0 633 5 12.646283149719238 4.640116214752197 1.8537836074829102
ahead 0 634 5 9.44225788116455 4.699720859527588 0
once 0 635 4 11.198513984680176 2.820007801055908 1.8797130584716797
again 0 636 5 1.4551740884780884 4.764449596405029 0
, 0 637 1 1.3224749565124512 3.9109323024749756 0.8535172939300537
and 0 638 3 2.1226718425750732 6.37476110458374 0
were 0 639 4 8.937408447265625 6.595585346221924 0
clear 0 640 5 11.888585090637207 8.674098014831543 0
of 0 641 2 3.0658109188079834 5.604663372039795 3.069434642791748
<unk> 0 642 5 2.470794916152954 3.7872440814971924 1.8174192905426025
after 0 643 5 7.551623344421387 5.009485721588135 0
<unk> 0 644 5 2.367283344268799 5.624631404876709 0
strokes 0 645 7 12.93881607055664 6.609220504760742 0
. 0 646 1 2.313884735107422 5.556502342224121 1.052718162536621
<eos> 0 647 5 0.07076872140169144 0.29091376066207886 5.265588581562042
<unk> 0 648 5 2.6855835914611816 6.087040424346924 0
extended 0 649 8 13.098593711853027 7.446821212768555 0
their 0 650 5 4.9151692390441895 5.02596378326416 2.4208574295043945
lead 0 651 4 2.3769307136535645 9.01168155670166 0
to 0 652 2 1.204365611076355 4.051363945007324 4.960317611694336
pass 0 653 4 12.488075256347656 5.006385803222656 0
the 0 654 3 2.650453567504883 5.2149152755737305 0
finishing 0 655 9 6.225667476654053 6.562022686004639 0
post 0 656 4 2.80535888671875 6.371067047119141 0.19095563888549805
in 0 657 2 4.655603408813477 4.565715789794922 1.8053512573242188
<unk> 0 658 5 3.292306423187256 4.149252891540527 0.41646289825439453
minutes 0 659 7 3.57737398147583 4.692537784576416 0
<unk> 0 660 5 7.38941764831543 3.690509796142578 1.002027988433838
seconds 0 661 7 0.8768969178199768 3.1494598388671875 0.5410499572753906
, 0 662 1 1.810333490371704 3.7985382080078125 0
six 0 663 3 10.121625900268555 6.134792327880859 0
lengths 0 664 7 8.341957092285156 4.043698787689209 2.0910935401916504
and 0 665 3 4.916213512420654 3.8379971981048584 0.20570158958435059
<unk> 0 666 5 2.3650243282318115 4.551046848297119 0
seconds 0 667 7 1.1755330562591553 3.9244933128356934 0.6265535354614258
ahead 0 668 5 2.9800686836242676 4.5149664878845215 0
of 0 669 2 0.1263674944639206 0.6876788139343262 3.8272876739501953
their 0 670 5 6.0892534255981445 2.784590482711792 0
opponents 0 671 9 4.406898498535156 6.8466291427612305 0
. 0 672 1 0.8787460327148438 2.9298758506774902 3.9167532920837402
<eos> 0 673 5 0.070510134100914 0.2914131283760071 2.638462722301483
<unk> 0 674 5 2.726574420928955 6.114545822143555 0
rain 0 675 4 17.13800621032715 7.451406478881836 0
, 0 676 1 3.721324920654297 6.910133361816406 0.5412731170654297
strong 0 677 6 12.091047286987305 7.054087162017822 0
winds 0 678 5 1.2388570308685303 5.873053550720215 1.1810336112976074
and 0 679 3 2.1040220260620117 4.6862921714782715 1.1867613792419434
<unk> 0 680 5 4.481983184814453 7.128806114196777 0
water 0 681 5 9.74191951751709 7.429768085479736 0
resulted 0 682 8 10.118097305297852 7.7347259521484375 0
in 0 683 2 0.08802489191293716 0.4161279797554016 7.318597972393036
the 0 684 3 2.755284309387207 6.68056583404541 0
slowest 0 685 7 16.443998336791992 8.340314865112305 0
winning 0 686 7 11.990723609924316 8.369373321533203 0
time 0 687 4 3.432523250579834 8.03792953491211 0.33144378662109375
for 0 688 3 5.512182712554932 4.974663257598877 3.0632662773132324
over 0 689 4 8.077489852905273 4.590824604034424 0.3838386535644531
sixty 0 690 5 9.419894218444824 2.9496355056762695 1.6411890983581543
years 0 691 5 1.3815407752990723 3.862866163253784 0
, 0 692 1 2.6155781745910645 2.9844889640808105 0.8783771991729736
but 0 693 3 4.456830024719238 5.865038871765137 0
the 0 694 3 2.3299026489257812 6.4354567527771 0
largest 0 695 7 7.129748344421387 9.131223678588867 0
margin 0 696 6 5.765531063079834 9.061150550842285 0.07007312774658203
of 0 697 2 1.34132981300354 3.742748975753784 5.318401575088501
victory 0 698 7 4.478966236114502 6.150797367095947 0
since 0 699 5 4.843892574310303 3.824338436126709 2.3264589309692383
the 0 700 3 1.3963944911956787 2.3651793003082275 1.4591591358184814
<unk> 0 701 5 1.5912178754806519 6.591581344604492 0
race 0 702 4 3.5306193828582764 6.229244709014893 0.3623366355895996
. 0 703 1 7.028221130371094 2.150984525680542 4.078260183334351
<eos> 0 704 5 0.07274448126554489 0.2943732440471649 1.856611281633377
<unk> 0 705 5 2.6449170112609863 6.056157112121582 0
's 0 706 2 3.798044204711914 7.413252353668213 0
<unk> 0 707 5 3.567352294921875 10.368205070495605 0
beat 0 708 4 11.613786697387695 6.56783390045166 3.8003711700439453
<unk> 0 709 5 1.3646315336227417 4.674886703491211 1.8929471969604492
's 0 710 2 4.425777912139893 5.328144073486328 0
<unk> 0 711 5 1.3332066535949707 7.066377639770508 0
by 0 712 2 8.981542587280273 5.226736545562744 1.8396410942077637
three 0 713 5 6.841286659240723 5.636820316314697 0
<unk> 0 714 5 4.159442901611328 3.153668165206909 2.483152151107788
and 0 715 3 2.708022117614746 5.628453731536865 0
<unk> 0 716 5 0.1963876485824585 1.3653810024261475 4.263072729110718
a 0 717 1 0.20883655548095703 1.2542750835418701 0.11110591888427734
<unk> 0 718 5 0.05045832693576813 0.4836452007293701 0.7706298828125
quarter 0 719 7 3.7620255947113037 0.41854727268218994 0.06509792804718018
lengths 0 720 7 0.2674976587295532 1.468986988067627 0
in 0 721 2 3.140608310699463 3.9806599617004395 0
the 0 722 3 2.967831611633301 3.9896535873413086 0
reserve 0 723 7 14.961678504943848 6.507791996002197 0
race 0 724 4 4.077643871307373 5.7569684982299805 0.7508234977722168
. 0 725 1 0.9480866193771362 2.6743972301483154 3.082571268081665
<eos> 0 726 5 0.07115675508975983 0.29255151748657227 2.381845712661743
<unk> 0 727 5 2.7073135375976562 6.106435298919678 0
won 0 728 3 7.733406066894531 7.469484329223633 0
the 0 729 3 0.9371293783187866 3.7603607177734375 3.7091236114501953
44th 0 730 4 14.667608261108398 6.544619560241699 0
running 0 731 7 14.557489395141602 4.919474124908447 1.625145435333252
of 0 732 2 5.0331315994262695 6.768958568572998 0
the 0 733 3 0.34281784296035767 1.6441673040390015 5.124791264533997
<unk> 0 734 5 1.3068878650665283 5.739843845367432 0
's 0 735 2 6.3167548179626465 5.826726913452148 0
<unk> 0 736 5 1.4680851697921753 6.369103908538818 0
<unk> 0 737 5 1.8395843505859375 5.93060302734375 0.43850088119506836
by 0 738 2 9.965386390686035 6.049342632293701 0
half 0 739 4 9.456571578979492 5.748541831970215 0.30080080032348633
a 0 740 1 5.016578674316406 2.8352150917053223 2.9133267402648926
length 0 741 6 3.0514564514160156 4.5390191078186035 0
. 0 742 1 2.6330268383026123 4.364079475402832 0.17493963241577148
<eos> 0 743 5 0.07120078802108765 0.2931349575519562 4.070944517850876
= 0 744 1 3.8250510692596436 6.080319881439209 0
= 0 745 1 0.09605704247951508 0.6670269966125488 5.41329288482666
<unk> 0 746 5 5.66624641418457 5.68765115737915 0
= 0 747 1 2.0251147747039795 7.032958984375 0
= 0 748 1 0.00012382218847051263 0.00176775804720819 7.031191226327792
<eos> 0 749 5 16.69578742980957 4.86553430557251 0
<unk> 0 750 5 2.669792652130127 5.546274185180664 0
's 0 751 2 4.114126205444336 6.444087982177734 0
<unk> 0 752 5 3.1860764026641846 10.052483558654785 0
<unk> 0 753 5 1.4087648391723633 7.125118732452393 2.9273648262023926
said 0 754 4 5.864531517028809 7.756228923797607 0
" 0 755 1 3.656618118286133 3.6293649673461914 4.126863956451416
we 0 756 2 5.075022220611572 6.477822780609131 0
got 0 757 3 6.934176921844482 6.813210487365723 0
the 0 758 3 2.8243567943573 6.794378280639648 0.01883220672607422
rage 0 759 4 14.68376350402832 9.636857986450195 0
going 0 760 5 9.576228141784668 6.042237758636475 3.5946202278137207
in 0 761 2 5.490753650665283 5.672699928283691 0.3695378303527832
the 0 762 3 2.269301414489746 6.309797286987305 0
crew 0 763 4 13.849837303161621 8.976717948913574 0
, 0 764 1 2.62947154045105 5.547351360321045 3.4293665885925293
and 0 765 3 1.8998744487762451 6.037682056427002 0
we 0 766 2 2.790926218032837 6.477516174316406 0
started 0 767 7 6.9754180908203125 7.286725997924805 0
to 0 768 2 2.056619644165039 6.77102518081665 0.5157008171081543
kill 0 769 4 8.968611717224121 8.440370559692383 0
it 0 770 2 4.303120136260986 6.134095668792725 2.306274890899658
, 0 771 1 3.1684281826019287 4.286051273345947 1.8480443954467773
we 0 772 2 5.256004333496094 6.125009059906006 0
hit 0 773 3 10.044893264770508 6.977948188781738 0
an 0 774 2 7.495261192321777 5.904591083526611 1.073357105255127
awesome 0 775 7 9.260913848876953 8.206428527832031 0
rhythm 0 776 6 13.258599281311035 9.324230194091797 0
" 0 777 1 5.038515090942383 5.890559673309326 3.4336705207824707
. 0 778 1 0.6648190021514893 2.1565873622894287 3.7339723110198975
<eos> 0 779 5 0.06423621624708176 0.2723316252231598 1.884255737066269
<unk> 0 780 5 2.709092855453491 6.08939790725708 0
coach 0 781 5 13.665605545043945 7.450066566467285 0
<unk> 0 782 5 0.27399444580078125 1.7974144220352173 5.652652144432068
<unk> 0 783 5 0.1682843416929245 1.412003993988037 0.3854104280471802
congratulated 0 784 13 11.238282203674316 7.174161434173584 0
his 0 785 3 4.982542514801025 3.2056710720062256 3.9684903621673584
opponents 0 786 9 5.814162254333496 7.962008953094482 0
: 0 787 1 7.080445766448975 4.463866710662842 3.4981422424316406
" 0 788 1 0.7995240092277527 3.5786170959472656 0.8852496147155762
<unk> 0 789 5 3.401825189590454 5.848880290985107 0
done 0 790 4 15.327472686767578 6.322642803192139 0
to 0 791 2 5.406630992889404 6.491266250610352 0
<unk> 0 792 5 3.800018548965454 7.549363613128662 0
, 0 793 1 3.4902901649475098 6.940586090087891 0.6087775230407715
they 0 794 4 7.505731582641602 7.036843299865723 0
were 0 795 4 3.181563377380371 6.713428974151611 0.32341432571411133
much 0 796 4 9.401581764221191 8.520840644836426 0
faster 0 797 6 8.272378921508789 6.474973201751709 2.045867443084717
on 0 798 2 7.477421760559082 3.720426321029663 2.754546880722046
the 0 799 3 1.4076793193817139 5.419769287109375 0
day 0 800 3 7.980356693267822 8.365960121154785 0
" 0 801 1 5.951491355895996 4.6549835205078125 3.7109766006469727
. 0 802 1 0.8734159469604492 2.3728339672088623 2.28214955329895
<eos> 0 803 5 0.0642087459564209 0.27118203043937683 2.1016519367694855
<unk> 0 804 5 2.7086551189422607 6.109127998352051 0
tradition 0 805 9 15.20521354675293 7.455815315246582 0
, 0 806 1 3.852632999420166 6.626363754272461 0.8294515609741211
the 0 807 3 4.099590301513672 8.018603324890137 0
victorious 0 808 10 15.141193389892578 9.296546936035156 0
<unk> 0 809 5 1.5154740810394287 7.9709858894348145 1.3255610466003418
crew 0 810 4 13.816669464111328 7.544154644012451 0.4268312454223633
tossed 0 811 6 20.159954071044922 4.171308517456055 3.3728461265563965
their 0 812 5 6.275846481323242 6.535861015319824 0
<unk> 0 813 5 4.356992244720459 10.179851531982422 0
<unk> 0 814 5 3.576580047607422 7.1575751304626465 3.0222764015197754
into 0 815 4 5.085834980010986 7.4593706130981445 0
the 0 816 3 1.55387282371521 5.113918781280518 2.345451831817627
<unk> 0 817 5 2.516505241394043 9.253019332885742 0
. 0 818 1 5.749451637268066 7.528535842895508 1.7244834899902344
<eos> 0 819 5 0.073283851146698 0.3001471161842346 7.228388726711273
=========================================================================================
| End of testing | test loss  2.82 | test ppl    16.79
=========================================================================================
