word sentid sentpos wlen surp entropy entred
= 0 0 1 4.922719955444336 6.920167922973633 0
<unk> 0 1 5 3.587589740753174 1.486359715461731 5.433808207511902
<unk> 0 2 5 1.1710394620895386 5.611918926239014 0
<unk> 0 3 5 2.423243761062622 3.6703286170959473 1.9415903091430664
( 0 4 1 4.736536979675293 3.628356456756592 0.04197216033935547
<unk> 0 5 5 0.5142982006072998 3.4648678302764893 0.16348862648010254
) 0 6 1 0.9288190603256226 2.6920008659362793 0.77286696434021
= 0 7 1 0.03961104154586792 0.3005010187625885 2.391499847173691
<eos> 0 8 5 17.152915954589844 1.1149489879608154 0
= 0 9 1 9.290571212768555 2.268839120864868 0
<unk> 0 10 5 2.070653200149536 1.4477137327194214 0.8211253881454468
<unk> 0 11 5 0.8702541589736938 3.6526737213134766 0
<unk> 0 12 5 1.3245623111724854 3.6682894229888916 0
( 0 13 1 4.116270065307617 3.5780322551727295 0.09025716781616211
<unk> 0 14 5 0.3246675729751587 2.404987096786499 1.1730451583862305
) 0 15 1 0.9984927177429199 2.7228071689605713 0
= 0 16 1 0.024294931441545486 0.19986146688461304 2.5229457020759583
<eos> 0 17 5 17.2773494720459 1.01193368434906 0
<unk> 0 18 5 0.29455259442329407 2.053520917892456 0
<unk> 0 19 5 2.2961981296539307 3.522388458251953 0
<unk> 0 20 5 1.676085114479065 3.025068998336792 0.49731945991516113
was 0 21 3 3.070974588394165 2.9099245071411133 0.11514449119567871
the 0 22 3 1.8933309316635132 2.2028379440307617 0.7070865631103516
tenth 0 23 5 8.379059791564941 5.160061359405518 0
tropical 0 24 8 9.505613327026367 6.148193836212158 0
storm 0 25 5 2.276155948638916 1.9556573629379272 4.192536473274231
of 0 26 2 1.347521185874939 3.469350576400757 0
the 0 27 3 0.021958637982606888 0.15978774428367615 3.3095628321170807
<unk> 0 28 5 0.0923093780875206 0.7465050220489502 0
<unk> 0 29 5 0.17982497811317444 1.223217248916626 0
hurricane 0 30 9 0.14960835874080658 0.6973811388015747 0.5258361101150513
season 0 31 6 0.015371151268482208 0.1394490897655487 0.557932049036026
. 0 32 1 0.9686062335968018 2.0435948371887207 0
<eos> 0 33 5 0.056594718247652054 0.2470940798521042 1.7965007573366165
<unk> 0 34 5 2.7216997146606445 6.0891432762146 0
developed 0 35 9 10.470888137817383 7.44842004776001 0
out 0 36 3 8.817570686340332 5.094966888427734 2.3534531593322754
of 0 37 2 0.40405595302581787 2.2764205932617188 2.8185462951660156
a 0 38 1 3.222386598587036 5.6094651222229 0
strong 0 39 6 7.047506332397461 10.245068550109863 0
tropical 0 40 8 5.054567337036133 9.508811950683594 0.7362565994262695
wave 0 41 4 3.2841835021972656 2.476263999938965 7.032547950744629
which 0 42 5 6.737853527069092 5.143362522125244 0
moved 0 43 5 5.985743522644043 6.881826400756836 0
off 0 44 3 4.923035144805908 5.725662708282471 1.1561636924743652
the 0 45 3 0.5769810676574707 2.4710326194763184 3.2546300888061523
<unk> 0 46 5 3.6893386840820312 4.0902533531188965 0
coast 0 47 5 1.2884554862976074 3.816498279571533 0.2737550735473633
on 0 48 2 3.6913669109344482 4.654078960418701 0
<unk> 0 49 5 0.15535669028759003 0.805003821849823 3.849075138568878
<unk> 0 50 5 0.013877053745090961 0.1030910313129425 0.7019127905368805
. 0 51 1 0.9051845073699951 2.7997472286224365 0
<eos> 0 52 5 0.06045268848538399 0.26077985763549805 2.5389673709869385
<unk> 0 53 5 2.6844234466552734 6.078096866607666 0
wave 0 54 4 17.000202178955078 7.4465460777282715 0
quickly 0 55 7 9.585352897644043 9.61276626586914 0
became 0 56 6 3.269277334213257 6.320329189300537 3.2924370765686035
organized 0 57 9 7.8242268562316895 5.759091854095459 0.5612373352050781
and 0 58 3 3.121889591217041 4.577784538269043 1.181307315826416
was 0 59 3 5.898044586181641 7.636690616607666 0
declared 0 60 8 6.666427135467529 7.189901828765869 0.4467887878417969
<unk> 0 61 5 5.3755269050598145 4.843184947967529 2.34671688079834
<unk> 0 62 5 3.3368377685546875 4.915511608123779 0
<unk> 0 63 5 3.770427942276001 5.053508281707764 0
while 0 64 5 9.245538711547852 5.18759298324585 0
located 0 65 7 1.963220477104187 5.19054651260376 0
<unk> 0 66 5 2.9821462631225586 4.0437116622924805 1.1468348503112793
mi 0 67 2 1.0669804811477661 1.9526641368865967 2.091047525405884
( 0 68 1 0.005013687536120415 0.05103248730301857 1.901631649583578
<unk> 0 69 5 9.080398012883961e-05 0.0013606009306386113 0.04967188637237996
km 0 70 2 0.11346176266670227 0.42097264528274536 0
) 0 71 1 0.003192075528204441 0.02676808461546898 0.3942045606672764
to 0 72 2 7.428145408630371 3.0313072204589844 0
the 0 73 3 0.1728053092956543 0.9001673460006714 2.131139874458313
south 0 74 5 2.377188205718994 2.883997917175293 0
<unk> 0 75 5 2.8943305015563965 1.2033594846725464 1.6806384325027466
southeast 0 76 9 2.452615737915039 2.495870351791382 0
of 0 77 2 0.09726236015558243 0.5533835887908936 1.9424867630004883
the 0 78 3 2.2213387489318848 1.8401598930358887 0
<unk> 0 79 5 1.3423535823822021 3.7985568046569824 0
<unk> 0 80 5 3.7450997829437256 4.055210113525391 0
<unk> 0 81 5 4.378431797027588 3.106747627258301 0.9484624862670898
on 0 82 2 6.538490295410156 3.3621087074279785 0
<unk> 0 83 5 0.07595027983188629 0.46909648180007935 2.893012225627899
<unk> 0 84 5 0.008877205662429333 0.07324641942977905 0.3958500623703003
. 0 85 1 0.25753098726272583 1.0679121017456055 0
<eos> 0 86 5 0.05673494189977646 0.24814821779727936 0.8197638839483261
<unk> 0 87 5 2.686990976333618 6.093646049499512 0
depression 0 88 10 17.733755111694336 7.44521951675415 0
was 0 89 3 2.564365863800049 6.8696184158325195 0.5756011009216309
quickly 0 90 7 8.507604598999023 8.089091300964355 0
upgraded 0 91 8 4.6487321853637695 8.1282377243042 0
to 0 92 2 0.652202308177948 2.480828046798706 5.647409677505493
<unk> 0 93 5 6.52911901473999 2.760343313217163 0
<unk> 0 94 5 2.478883743286133 4.639494895935059 0
<unk> 0 95 5 3.534829616546631 4.7816081047058105 0
around 0 96 6 12.849885940551758 5.099205493927002 0
noon 0 97 4 10.572675704956055 1.5568857192993164 3.5423197746276855
the 0 98 3 5.448834419250488 4.439061164855957 0
same 0 99 4 5.167832374572754 4.573066234588623 0
day 0 100 3 0.14416000247001648 0.8375000357627869 3.735566198825836
. 0 101 1 0.9733529090881348 2.520454168319702 0
<eos> 0 102 5 0.06342437863349915 0.2694627344608307 2.2509914338588715
<unk> 0 103 5 2.6931562423706055 6.079634189605713 0
the 0 104 3 9.934065818786621 7.4527974128723145 0
next 0 105 4 6.3659186363220215 9.499021530151367 0
several 0 106 7 9.880202293395996 4.58491849899292 4.914103031158447
days 0 107 4 2.5486645698547363 5.847099304199219 0
, 0 108 1 2.076413869857788 6.582181930541992 0
<unk> 0 109 5 2.5841357707977295 6.720176696777344 0
moved 0 110 5 8.570276260375977 7.8286895751953125 0
in 0 111 2 5.9626359939575195 4.749084949493408 3.0796046257019043
a 0 112 1 3.7892937660217285 5.187466144561768 0
general 0 113 7 9.377822875976562 9.600769996643066 0
west 0 114 4 8.995585441589355 7.973646640777588 1.6271233558654785
<unk> 0 115 5 2.039597272872925 5.12462854385376 2.849018096923828
northwest 0 116 9 2.8815596103668213 6.234354496002197 0
direction 0 117 9 0.7646266222000122 3.4045193195343018 2.8298351764678955
and 0 118 3 3.6117677688598633 4.206060886383057 0
reached 0 119 7 5.4522600173950195 7.725128173828125 0
its 0 120 3 2.8971893787384033 4.084811210632324 3.640316963195801
peak 0 121 4 0.12079236656427383 0.8778136968612671 3.206997513771057
intensity 0 122 9 0.33961203694343567 1.6139161586761475 0
early 0 123 5 6.865566730499268 3.923570156097412 0
on 0 124 2 0.1853698492050171 0.9214800596237183 3.002090096473694
<unk> 0 125 5 0.08555106818675995 0.48824530839920044 0.4332347512245178
<unk> 0 126 5 0.005129196681082249 0.04221494495868683 0.4460303634405136
. 0 127 1 1.1160738468170166 2.9474222660064697 0
<eos> 0 128 5 0.057120323181152344 0.24987615644931793 2.697546109557152
<unk> 0 129 5 2.6844799518585205 6.080760955810547 0
wind 0 130 4 16.249448776245117 7.446865081787109 0
shear 0 131 5 1.8409394025802612 6.156022548675537 1.2908425331115723
, 0 132 1 4.1324334144592285 7.190752983093262 0
some 0 133 4 10.530489921569824 7.296441078186035 0
due 0 134 3 10.662463188171387 8.020573616027832 0
to 0 135 2 0.10961484163999557 0.7976444959640503 7.222929120063782
the 0 136 3 1.5998114347457886 5.758109092712402 0
outflow 0 137 7 7.538918495178223 7.80600643157959 0
of 0 138 2 1.513217568397522 4.815087795257568 2.9909186363220215
<unk> 0 139 5 2.770493268966675 3.8177261352539062 0.9973616600036621
<unk> 0 140 5 3.2112560272216797 3.970867872238159 0
, 0 141 1 1.3456499576568604 4.449062347412109 0
and 0 142 3 5.154129981994629 6.974119186401367 0
dry 0 143 3 9.550829887390137 6.157773494720459 0.8163456916809082
air 0 144 3 1.7021466493606567 5.974649906158447 0.18312358856201172
caused 0 145 6 5.476988315582275 7.289140701293945 0
the 0 146 3 2.4393632411956787 5.80682897567749 1.482311725616455
storm 0 147 5 2.174285888671875 6.007435321807861 0
to 0 148 2 0.12209399044513702 0.8840854167938232 5.123349905014038
weaken 0 149 6 1.96875 5.545674800872803 0
. 0 150 1 2.029076099395752 4.914721965789795 0.6309528350830078
<eos> 0 151 5 0.059084974229335785 0.25678515434265137 4.6579368114471436
<unk> 0 152 5 2.686063528060913 6.055207252502441 0
<unk> 0 153 5 2.3722736835479736 7.437697410583496 0
<unk> 0 154 5 2.6539151668548584 6.250192642211914 1.187504768371582
, 0 155 1 3.2262706756591797 6.506056785583496 0
the 0 156 3 3.0872950553894043 5.684032917022705 0.822023868560791
combination 0 157 11 14.93901538848877 8.524163246154785 0
of 0 158 2 0.8033943176269531 4.839231967926025 3.6849312782287598
wind 0 159 4 10.395489692687988 7.276996612548828 0
shear 0 160 5 0.6325824856758118 3.303178071975708 3.97381854057312
, 0 161 1 2.1765599250793457 3.095419406890869 0.20775866508483887
dry 0 162 3 8.326576232910156 6.369112014770508 0
air 0 163 3 1.5182393789291382 4.758391380310059 1.6107206344604492
, 0 164 1 1.6823275089263916 3.043367385864258 1.7150239944458008
and 0 165 3 0.43304821848869324 2.7920355796813965 0.25133180618286133
cooling 0 166 7 12.406102180480957 7.319547176361084 0
waters 0 167 6 8.2911958694458 7.339988708496094 0
caused 0 168 6 4.38001823425293 6.37052059173584 0.9694681167602539
<unk> 0 169 5 3.297823667526245 6.047468662261963 0.32305192947387695
to 0 170 2 0.5692640542984009 3.2080440521240234 2.8394246101379395
weaken 0 171 6 2.790410280227661 7.195789813995361 0
into 0 172 4 5.154432773590088 5.2439727783203125 1.9518170356750488
a 0 173 1 0.3490174114704132 1.5487500429153442 3.6952227354049683
tropical 0 174 8 1.2030200958251953 3.5589752197265625 0
depression 0 175 10 1.652274489402771 1.6615065336227417 1.8974686861038208
. 0 176 1 1.2470200061798096 3.6520886421203613 0
<eos> 0 177 5 0.06554054468870163 0.27748990058898926 3.374598741531372
<unk> 0 178 5 2.681929111480713 6.073153972625732 0
deteriorated 0 179 12 16.923694610595703 7.448791027069092 0
into 0 180 4 4.143133640289307 5.302407264709473 2.146383762359619
a 0 181 1 0.870400071144104 3.696025848388672 1.6063814163208008
remnant 0 182 7 5.722548007965088 4.045796871185303 0
low 0 183 3 0.4605804979801178 2.4698143005371094 1.5759825706481934
shortly 0 184 7 8.405470848083496 4.8596110343933105 0
after 0 185 5 2.048062801361084 1.7563637495040894 3.103247284889221
as 0 186 2 10.494147300720215 5.109813213348389 0
convection 0 187 10 8.449982643127441 4.31829833984375 0.7915148735046387
continued 0 188 9 4.5972394943237305 6.464988708496094 0
to 0 189 2 0.736988365650177 3.172285318374634 3.29270339012146
dissipate 0 190 9 7.070633411407471 6.448970317840576 0
around 0 191 6 8.50125789642334 3.197603464126587 3.2513668537139893
the 0 192 3 1.0859452486038208 2.7354087829589844 0.46219468116760254
storm 0 193 5 5.565091609954834 5.685090065002441 0
. 0 194 1 0.8975101113319397 2.7638463973999023 2.921243667602539
<eos> 0 195 5 0.05905476585030556 0.2568809986114502 2.506965398788452
<unk> 0 196 5 2.6860387325286865 6.065664291381836 0
low 0 197 3 16.16594886779785 7.432334899902344 0
ultimately 0 198 10 12.292041778564453 7.602264881134033 0
dissipated 0 199 10 7.473358631134033 9.351404190063477 0
while 0 200 5 7.150119781494141 4.945385456085205 4.4060187339782715
located 0 201 7 4.652318954467773 6.529094219207764 0
<unk> 0 202 5 3.4377570152282715 4.757078170776367 1.7720160484313965
mi 0 203 2 0.9133599400520325 1.7196850776672363 3.037393093109131
( 0 204 1 0.0024270403664559126 0.026650242507457733 1.6930348351597786
<unk> 0 205 5 9.355552901979536e-05 0.0013939336640760303 0.025256308843381703
km 0 206 2 0.12500806152820587 0.45082762837409973 0
) 0 207 1 0.0035937412176281214 0.02969769947230816 0.4211299289017916
east 0 208 4 2.2657132148742676 3.0480337142944336 0
of 0 209 2 0.5744632482528687 1.0684385299682617 1.9795951843261719
<unk> 0 210 5 0.49942660331726074 1.8464597463607788 0
on 0 211 2 4.375929355621338 3.490895986557007 0
<unk> 0 212 5 0.15762139856815338 0.7607882618904114 2.7301077246665955
<unk> 0 213 5 0.014917093329131603 0.11297425627708435 0.647814005613327
. 0 214 1 0.5287628173828125 1.7946897745132446 0
<eos> 0 215 5 0.056129634380340576 0.24675306677818298 1.5479367077350616
<unk> 0 216 5 2.6844606399536133 6.079256534576416 0
, 0 217 1 4.503698825836182 7.442263603210449 0
the 0 218 3 4.091343402862549 5.796639442443848 1.6456241607666016
remnant 0 219 7 13.689298629760742 9.243093490600586 0
moisture 0 220 8 6.658250331878662 6.39028787612915 2.8528056144714355
led 0 221 3 11.40103530883789 6.8925323486328125 0
to 0 222 2 0.5423370003700256 2.0606086254119873 4.831923723220825
minor 0 223 5 10.045829772949219 4.58769416809082 0
flooding 0 224 8 1.7355153560638428 5.887765407562256 0
on 0 225 2 5.352716445922852 4.101071834564209 1.7866935729980469
the 0 226 3 1.0979702472686768 3.201350450515747 0.8997213840484619
island 0 227 6 1.9435937404632568 5.428689002990723 0
of 0 228 2 2.4494540691375732 3.4367966651916504 1.9918923377990723
<unk> 0 229 5 0.13776494562625885 0.9709646701812744 2.465831995010376
<unk> 0 230 5 4.605525016784668 3.261747360229492 0
. 0 231 1 2.140307664871216 4.122479438781738 0
<eos> 0 232 5 0.06935437023639679 0.28729739785194397 3.8351820409297943
= 0 233 1 3.8276610374450684 6.108758926391602 0
= 0 234 1 0.09940319508314133 0.6872859001159668 5.421473026275635
<unk> 0 235 5 5.661536693572998 5.702071666717529 0
history 0 236 7 9.234574317932129 7.036320686340332 0
= 0 237 1 0.22021770477294922 1.1454503536224365 5.8908703327178955
= 0 238 1 4.1275245166616514e-05 0.0006351640913635492 1.144815189531073
<eos> 0 239 5 18.816146850585938 4.623295783996582 0
<unk> 0 240 5 2.7277934551239014 5.278277397155762 0
<unk> 0 241 5 2.3308823108673096 6.5058207511901855 0
<unk> 0 242 5 2.1868157386779785 5.837522029876709 0.6682987213134766
formed 0 243 6 10.454922676086426 6.107532024383545 0
as 0 244 2 7.280055999755859 3.6712820529937744 2.4362499713897705
a 0 245 1 0.8869490027427673 3.273764133453369 0.3975179195404053
tropical 0 246 8 7.558563232421875 9.57126522064209 0
wave 0 247 4 2.5557475090026855 3.2414698600769043 6.3297953605651855
that 0 248 4 5.0532684326171875 5.080394268035889 0
emerged 0 249 7 5.191197395324707 6.660456657409668 0
off 0 250 3 6.395787239074707 3.7890923023223877 2.8713643550872803
the 0 251 3 0.29581013321876526 1.3152782917022705 2.473814010620117
west 0 252 4 5.189792633056641 2.3348031044006348 0
coast 0 253 5 0.03610803186893463 0.2334037572145462 2.1013993471860886
of 0 254 2 0.022564060986042023 0.17994339764118195 0.05346035957336426
<unk> 0 255 5 0.4224334955215454 1.6131863594055176 0
near 0 256 4 7.349088191986084 2.7587268352508545 0
the 0 257 3 2.0333411693573 1.6113779544830322 1.1473488807678223
end 0 258 3 5.040673732757568 4.11354923248291 0
of 0 259 2 0.004600930958986282 0.043995145708322525 4.069554086774588
<unk> 0 260 5 0.6445194482803345 1.4377071857452393 0
<unk> 0 261 5 3.0062100887298584 2.354372024536133 0
. 0 262 1 0.5646424889564514 1.9422953128814697 0.4120767116546631
<eos> 0 263 5 0.06126982346177101 0.26267799735069275 1.679617315530777
<unk> 0 264 5 2.685904026031494 6.085025310516357 0
tracked 0 265 7 14.525862693786621 7.449315071105957 0
south 0 266 5 6.2092108726501465 6.160078525543213 1.2892365455627441
of 0 267 2 3.944005250930786 3.938812732696533 2.2212657928466797
<unk> 0 268 5 0.8712339401245117 2.286238193511963 1.6525745391845703
<unk> 0 269 5 3.8053197860717773 4.421607971191406 0
and 0 270 3 3.2593188285827637 4.64630126953125 0
slowly 0 271 6 7.882432460784912 7.33082914352417 0
developed 0 272 9 4.243801116943359 4.42564582824707 2.9051833152770996
, 0 273 1 4.17141580581665 5.353395938873291 0
and 0 274 3 1.765906810760498 5.5829949378967285 0
on 0 275 2 4.992224216461182 6.653388977050781 0
<unk> 0 276 5 0.22973020374774933 1.069990873336792 5.583398103713989
<unk> 0 277 5 0.022960370406508446 0.14608819782733917 0.9239026755094528
the 0 278 3 2.56488037109375 3.2082903385162354 0
disturbance 0 279 11 6.294654369354248 5.79248571395874 0
became 0 280 6 3.314136028289795 5.204356670379639 0.5881290435791016
<unk> 0 281 5 5.45710563659668 5.699647426605225 0
<unk> 0 282 5 2.9490139484405518 5.915028095245361 0
<unk> 0 283 5 3.0838236808776855 5.137404441833496 0.7776236534118652
while 0 284 5 9.427809715270996 5.522571086883545 0
located 0 285 7 1.7046177387237549 4.949404716491699 0.5731663703918457
south 0 286 5 5.25155782699585 3.727067708969116 1.222337007522583
<unk> 0 287 5 4.832481384277344 0.3089466691017151 3.418121039867401
southeast 0 288 9 2.0881059169769287 3.0878102779388428 0
of 0 289 2 0.032076843082904816 0.24418015778064728 2.8436301201581955
the 0 290 3 1.9011869430541992 2.000612735748291 0
<unk> 0 291 5 1.307128667831421 4.274816989898682 0
<unk> 0 292 5 3.58467698097229 4.236726760864258 0.03809022903442383
islands 0 293 7 3.177966833114624 3.4466192722320557 0.7901074886322021
. 0 294 1 0.40209826827049255 1.6483194828033447 1.798299789428711
<eos> 0 295 5 0.06115427240729332 0.262228786945343 1.3860906958580017
<unk> 0 296 5 2.692187547683716 6.079934120178223 0
the 0 297 3 9.90794849395752 7.4404425621032715 0
depression 0 298 10 11.875767707824707 9.502602577209473 0
became 0 299 6 4.7986860275268555 6.863326072692871 2.6392765045166016
more 0 300 4 4.248167037963867 5.036288738250732 1.8270373344421387
organized 0 301 9 2.7806553840637207 6.383206367492676 0
, 0 302 1 2.0763838291168213 4.322516441345215 2.060689926147461
an 0 303 2 10.367791175842285 4.581696033477783 0
eye 0 304 3 4.436996936798096 5.299699783325195 0
<unk> 0 305 5 4.241584777832031 6.605379104614258 0
like 0 306 4 4.150172233581543 7.670046329498291 0
feature 0 307 7 2.565302848815918 6.70012092590332 0.9699254035949707
developed 0 308 9 6.830586910247803 5.336541652679443 1.363579273223877
in 0 309 2 3.981557846069336 5.0090556144714355 0.3274860382080078
the 0 310 3 0.760163426399231 3.1520392894744873 1.8570163249969482
upper 0 311 5 6.830955505371094 5.929678440093994 0
levels 0 312 6 13.297140121459961 2.356584072113037 3.573094367980957
of 0 313 2 0.8687105774879456 2.7733874320983887 0
the 0 314 3 0.6683961749076843 2.970778465270996 0
system 0 315 6 3.1818056106567383 5.7109055519104 0
. 0 316 1 1.3365720510482788 3.3498244285583496 2.361081123352051
<eos> 0 317 5 0.055689383298158646 0.24592387676239014 3.1039005517959595
<unk> 0 318 5 2.6879897117614746 6.077688694000244 0
depression 0 319 10 17.729726791381836 7.441876411437988 0
was 0 320 3 2.5707719326019287 6.871701717376709 0.5701746940612793
upgraded 0 321 8 8.492694854736328 8.088452339172363 0
to 0 322 2 0.7670040726661682 2.8519201278686523 5.236532211303711
<unk> 0 323 5 6.334081172943115 2.969532012939453 0
<unk> 0 324 5 2.211449384689331 5.043539524078369 0
<unk> 0 325 5 3.468506097793579 4.84548807144165 0.19805145263671875
six 0 326 3 17.24553680419922 5.655600070953369 0
hours 0 327 5 1.3588087558746338 2.711970090866089 2.9436299800872803
after 0 328 5 2.169546127319336 2.129300594329834 0.5826694965362549
forming 0 329 7 8.829756736755371 4.046214580535889 0
. 0 330 1 1.5692108869552612 4.077353000640869 0
<eos> 0 331 5 0.055279288440942764 0.2430606335401535 3.8342923671007156
<unk> 0 332 5 2.6923279762268066 6.077872276306152 0
was 0 333 3 3.7555644512176514 7.436522483825684 0
located 0 334 7 10.352197647094727 8.519617080688477 0
in 0 335 2 1.8091447353363037 4.747151851654053 3.772465229034424
an 0 336 2 6.036742210388184 3.4226133823394775 1.3245384693145752
area 0 337 4 2.1224710941314697 7.23502254486084 0
which 0 338 5 8.099169731140137 3.6611430644989014 3.5738794803619385
was 0 339 3 2.374569892883301 7.4992146492004395 0
supportive 0 340 10 16.891998291015625 8.53184986114502 0
for 0 341 3 6.8757853507995605 1.6331605911254883 6.898689270019531
rapid 0 342 5 12.458075523376465 6.402270317077637 0
intensification 0 343 15 2.460127830505371 6.836750507354736 0
but 0 344 3 8.196292877197266 3.7170515060424805 3.119699001312256
was 0 345 3 2.683664083480835 6.731400489807129 0
not 0 346 3 4.027701377868652 7.950443744659424 0
forecast 0 347 8 5.841312408447266 7.956201553344727 0
to 0 348 2 0.5572623014450073 2.2704617977142334 5.685739755630493
intensify 0 349 9 3.1654629707336426 6.968106746673584 0
quickly 0 350 7 9.703588485717773 4.144161224365234 2.8239455223083496
. 0 351 1 0.8579210042953491 2.769812822341919 1.3743484020233154
<eos> 0 352 5 0.062293559312820435 0.2664409875869751 2.503371834754944
<unk> 0 353 5 2.7145025730133057 6.048772811889648 0
continued 0 354 9 8.278731346130371 7.433934211730957 0
to 0 355 2 0.7111413478851318 3.4068150520324707 4.027119159698486
intensify 0 356 9 6.661313056945801 8.329607009887695 0
throughout 0 357 10 7.355792999267578 4.6631550788879395 3.666451930999756
the 0 358 3 0.6475269794464111 2.239121437072754 2.4240336418151855
afternoon 0 359 9 4.68339729309082 6.019557952880859 0
as 0 360 2 6.738076686859131 3.1923069953918457 2.8272509574890137
the 0 361 3 2.2209701538085938 3.4271106719970703 0
storm 0 362 5 2.415688991546631 5.367770671844482 0
became 0 363 6 5.044875621795654 5.422948837280273 0
more 0 364 4 2.4331955909729004 5.926337718963623 0
symmetrical 0 365 11 7.166758060455322 5.827218532562256 0.09911918640136719
. 0 366 1 1.4190384149551392 3.02628231048584 2.800936222076416
<eos> 0 367 5 0.0642307847738266 0.2712572515010834 2.7550250589847565
<unk> 0 368 5 2.692721366882324 6.0754265785217285 0
, 0 369 1 4.518939018249512 7.442804336547852 0
due 0 370 3 11.244794845581055 5.78944730758667 1.6533570289611816
to 0 371 2 0.03221442550420761 0.2808172106742859 5.508630096912384
the 0 372 3 1.6661818027496338 5.250142574310303 0
location 0 373 8 8.685544967651367 10.211560249328613 0
of 0 374 2 0.5737491846084595 2.8493244647979736 7.36223578453064
the 0 375 3 1.024717926979065 4.416813850402832 0
storm 0 376 5 7.294569969177246 9.050713539123535 0
, 0 377 1 0.586301326751709 2.9096555709838867 6.141057968139648
there 0 378 5 12.358198165893555 6.337791919708252 0
was 0 379 3 1.1914875507354736 2.801255226135254 3.536536693572998
a 0 380 1 2.0173122882843018 4.305300712585449 0
lack 0 381 4 5.216543197631836 8.987049102783203 0
of 0 382 2 0.002914052689447999 0.0342240147292614 8.952825088053942
accurate 0 383 8 9.263538360595703 9.218273162841797 0
wind 0 384 4 6.000141620635986 8.13294506072998 1.0853281021118164
speed 0 385 5 6.343896389007568 1.971408486366272 6.1615365743637085
readings 0 386 8 13.407084465026855 4.604305267333984 0
, 0 387 1 3.097344160079956 4.768881320953369 0
and 0 388 3 2.0884692668914795 5.889642715454102 0
the 0 389 3 2.037369728088379 6.784156799316406 0
<unk> 0 390 5 3.1850428581237793 8.523893356323242 0
<unk> 0 391 5 3.224001884460449 8.515854835510254 0.008038520812988281
<unk> 0 392 5 2.015557050704956 7.5137128829956055 1.0021419525146484
was 0 393 3 4.796796798706055 8.764815330505371 0
uncertain 0 394 9 12.564009666442871 8.536445617675781 0.22836971282958984
of 0 395 2 6.313092231750488 3.4914391040802 5.045006513595581
its 0 396 3 4.934352874755859 6.656091213226318 0
actual 0 397 6 8.544589042663574 8.816964149475098 0
intensity 0 398 9 2.834033250808716 8.017515182495117 0.7994489669799805
. 0 399 1 0.4586131274700165 1.9606348276138306 6.056880354881287
<eos> 0 400 5 0.06263481080532074 0.2672243118286133 1.6934105157852173
<unk> 0 401 5 2.695923089981079 6.086024284362793 0
the 0 402 3 9.8997163772583 7.440669059753418 0
lack 0 403 4 12.687165260314941 9.504413604736328 0
of 0 404 2 0.007074673660099506 0.07227835804224014 9.432135246694088
wind 0 405 4 10.324577331542969 9.94192123413086 0
shear 0 406 5 1.0240671634674072 4.827118396759033 5.114802837371826
around 0 407 6 8.909128189086914 5.735316276550293 0
the 0 408 3 0.8162983655929565 2.698307991027832 3.037008285522461
storm 0 409 5 3.8211655616760254 5.626791954040527 0
, 0 410 1 1.1638519763946533 4.3994011878967285 1.2273907661437988
the 0 411 3 5.992018699645996 4.902377128601074 0
center 0 412 6 6.635263919830322 7.362139701843262 0
became 0 413 6 5.6992340087890625 4.744701862335205 2.6174378395080566
slightly 0 414 8 6.335790157318115 6.447176933288574 0
exposed 0 415 7 6.0497331619262695 5.274534225463867 1.172642707824707
and 0 416 3 2.371671199798584 3.797992706298828 1.476541519165039
ceased 0 417 6 13.35688304901123 6.677980422973633 0
further 0 418 7 8.704168319702148 4.763864517211914 1.9141159057617188
intensification 0 419 15 3.4993295669555664 4.5706610679626465 0.19320344924926758
. 0 420 1 0.8190115690231323 3.047039270401001 1.5236217975616455
<eos> 0 421 5 0.06156434863805771 0.26549801230430603 2.781541258096695
<unk> 0 422 5 2.687718629837036 6.082058906555176 0
storm 0 423 5 14.520514488220215 7.444723129272461 0
was 0 424 3 3.2347652912139893 7.161379814147949 0.2833433151245117
also 0 425 4 3.9049582481384277 7.980152606964111 0
heading 0 426 7 13.622841835021973 7.377228736877441 0.6029238700866699
into 0 427 4 4.543451309204102 5.233236789703369 2.1439919471740723
an 0 428 2 4.257503509521484 3.019735813140869 2.2135009765625
area 0 429 4 2.4346303939819336 4.1013994216918945 0
where 0 430 5 6.885376453399658 2.0961716175079346 2.00522780418396
shear 0 431 5 14.194440841674805 5.097899913787842 0
was 0 432 3 3.1259992122650146 6.804868698120117 0
<unk> 0 433 5 5.928990364074707 8.338372230529785 0
to 0 434 2 2.841435432434082 5.961898326873779 2.376473903656006
significantly 0 435 13 11.438478469848633 4.617788314819336 1.3441100120544434
increase 0 436 8 2.2802586555480957 6.2641377449035645 0
due 0 437 3 7.586174011230469 5.562632083892822 0.7015056610107422
to 0 438 2 0.04407988861203194 0.3506646156311035 5.211967468261719
an 0 439 2 5.603131294250488 5.696081161499023 0
upper 0 440 5 3.5648317337036133 5.203330993652344 0.4927501678466797
<unk> 0 441 5 1.543796181678772 4.405134677886963 0.7981963157653809
level 0 442 5 0.022946659475564957 0.17321611940860748 4.231918558478355
trough 0 443 6 0.9417770504951477 2.2545621395111084 0
diving 0 444 6 21.13763999938965 3.117530345916748 0
southward 0 445 9 9.01226806640625 6.9008402824401855 0
. 0 446 1 2.0137791633605957 4.982155799865723 1.918684482574463
<eos> 0 447 5 0.05559588968753815 0.24446357786655426 4.737692221999168
<unk> 0 448 5 2.6667933464050293 6.060326099395752 0
convection 0 449 10 18.65308952331543 7.433999538421631 0
being 0 450 5 12.581212997436523 7.377889156341553 0.056110382080078125
partially 0 451 9 8.732216835021973 8.81830883026123 0
removed 0 452 7 8.416891098022461 7.978017807006836 0.8402910232543945
from 0 453 4 1.2534122467041016 3.776646614074707 4.201371192932129
the 0 454 3 0.3922140300273895 2.1296932697296143 1.6469533443450928
center 0 455 6 3.6992380619049072 6.860751152038574 0
of 0 456 2 1.5676203966140747 5.104091644287109 1.7566595077514648
<unk> 0 457 5 4.329161167144775 2.517547845840454 2.5865437984466553
, 0 458 1 2.3562655448913574 6.323133945465088 0
the 0 459 3 4.702114582061768 6.482407093048096 0
storm 0 460 5 4.139120101928711 7.759954929351807 0
intensified 0 461 11 5.485950946807861 6.634750843048096 1.125204086303711
slightly 0 462 8 5.7027587890625 3.04422926902771 3.5905215740203857
in 0 463 2 4.591325759887695 4.663400173187256 0
the 0 464 3 2.335012674331665 3.9541144371032715 0.7092857360839844
early 0 465 5 4.834094047546387 5.776843547821045 0
morning 0 466 7 1.6938612461090088 3.3308780193328857 2.445965528488159
hours 0 467 5 2.727551221847534 3.4054152965545654 0
on 0 468 2 4.031644821166992 4.413703918457031 0
<unk> 0 469 5 0.13266602158546448 0.7368226051330566 3.6768813133239746
<unk> 0 470 5 0.015486685559153557 0.11782965809106827 0.6189929470419884
as 0 471 2 5.8477044105529785 2.186372756958008 0
thunderstorm 0 472 12 12.949357032775879 2.608567953109741 0
activity 0 473 8 0.1215793639421463 0.9782186150550842 1.630349338054657
to 0 474 2 7.243953227996826 5.726912498474121 0
the 0 475 3 0.88529372215271 3.861280918121338 1.8656315803527832
south 0 476 5 2.9501187801361084 3.312731981277466 0.5485489368438721
of 0 477 2 1.55387282371521 3.915823459625244 0
the 0 478 3 0.9354727864265442 1.8846585750579834 2.0311648845672607
center 0 479 6 3.455601930618286 5.468424320220947 0
became 0 480 6 4.479754447937012 4.842906951904297 0.6255173683166504
more 0 481 4 3.0036826133728027 5.9291672706604 0
organized 0 482 9 2.799074172973633 5.568831443786621 0.3603358268737793
. 0 483 1 0.31619492173194885 1.5468666553497314 4.02196478843689
<eos> 0 484 5 0.06506452709436417 0.27488330006599426 1.2719833552837372
<unk> 0 485 5 2.6842570304870605 6.064724445343018 0
intensification 0 486 15 21.11236000061035 7.432417869567871 0
was 0 487 3 2.9288177490234375 6.145641326904297 1.2867765426635742
forecast 0 488 8 8.473697662353516 8.43707275390625 0
to 0 489 2 0.816466212272644 2.9778895378112793 5.459183216094971
be 0 490 2 3.5860061645507812 6.854902267456055 0
short 0 491 5 8.52122974395752 8.25625228881836 0
in 0 492 2 6.257643699645996 4.2420196533203125 4.014232635498047
duration 0 493 8 9.870622634887695 5.176815986633301 0
as 0 494 2 6.1444926261901855 3.469604730606079 1.7072112560272217
the 0 495 3 2.5659425258636475 4.289149284362793 0
trough 0 496 6 8.052986145019531 5.418905258178711 0
to 0 497 2 10.979193687438965 6.3704328536987305 0
the 0 498 3 0.7877026200294495 3.827927589416504 2.5425052642822266
north 0 499 5 2.3497865200042725 3.222738265991211 0.605189323425293
was 0 500 3 3.537123203277588 4.927789688110352 0
deepening 0 501 9 14.757027626037598 8.621232032775879 0
, 0 502 1 2.545833110809326 4.855990409851074 3.7652416229248047
causing 0 503 7 5.345465660095215 4.800405979156494 0.05558443069458008
the 0 504 3 2.2752532958984375 5.467405319213867 0
wind 0 505 4 8.744946479797363 5.180931091308594 0.28647422790527344
shear 0 506 5 4.133389472961426 1.143131136894226 4.037799954414368
to 0 507 2 0.39919236302375793 2.2016732692718506 0
the 0 508 3 6.15562105178833 6.749599456787109 0
west 0 509 4 3.325118064880371 4.737775802612305 2.0118236541748047
to 0 510 2 3.2856528759002686 3.8872928619384766 0.8504829406738281
become 0 511 6 5.090174674987793 6.744424819946289 0
stronger 0 512 8 6.054666996002197 5.4041361808776855 1.3402886390686035
. 0 513 1 0.9751196503639221 3.3196840286254883 2.0844521522521973
<eos> 0 514 5 0.06120932847261429 0.2613077163696289 3.0583763122558594
<unk> 0 515 5 2.69766902923584 6.082091331481934 0
reached 0 516 7 10.639113426208496 7.440969944000244 0
its 0 517 3 5.237146854400635 4.001036643981934 3.4399333000183105
peak 0 518 4 0.644344687461853 3.5916061401367188 0.40943050384521484
intensity 0 519 9 0.5865598917007446 2.718705654144287 0.8729004859924316
of 0 520 2 3.1620702743530273 4.795999050140381 0
<unk> 0 521 5 0.16403286159038544 1.1115045547485352 3.6844944953918457
mph 0 522 3 0.42841294407844543 1.1270167827606201 0
( 0 523 1 0.0028865907806903124 0.02842259407043457 1.0985941886901855
<unk> 0 524 5 0.00021736968483310193 0.0030527275521308184 0.025369866518303752
km 0 525 2 0.004012102726846933 0.03204791247844696 0
/ 0 526 1 8.254931162809953e-05 0.0009591722628101707 0.03108874021563679
h 0 527 1 1.651023922022432e-05 0.0001934675092343241 0.0007657047535758466
) 0 528 1 0.0011090337065979838 0.011098068207502365 0
around 0 529 6 9.672301292419434 4.198470592498779 0
<unk> 0 530 5 0.37291619181632996 1.5091946125030518 2.6892759799957275
a.m. 0 531 4 7.863125324249268 2.518512487411499 0
( 0 532 1 9.060395240783691 2.8895435333251953 0
<unk> 0 533 5 0.6803276538848877 3.8313891887664795 0
) 0 534 1 1.2037354707717896 2.8943660259246826 0.9370231628417969
as 0 535 2 7.247274398803711 3.368468761444092 0
it 0 536 2 1.4464263916015625 3.8138790130615234 0
continued 0 537 9 5.476943016052246 4.927225112915039 0
to 0 538 2 1.0291882753372192 4.019774436950684 0.9074506759643555
become 0 539 6 7.6350417137146 6.037915229797363 0
more 0 540 4 4.138326168060303 5.607982635498047 0.4299325942993164
organized 0 541 9 2.3007149696350098 5.727020263671875 0
. 0 542 1 0.8213863968849182 2.767709732055664 2.959310531616211
<eos> 0 543 5 0.06339985132217407 0.27002450823783875 2.4976852238178253
<unk> 0 544 5 2.692336082458496 6.080254077911377 0
, 0 545 1 4.51991605758667 7.434701442718506 0
there 0 546 5 10.8843412399292 5.800106525421143 1.6345949172973633
were 0 547 4 2.8455986976623535 3.039044141769409 2.7610623836517334
indications 0 548 11 10.81820011138916 6.665468215942383 0
that 0 549 4 0.7528024315834045 2.1300506591796875 4.535417556762695
it 0 550 2 5.620610237121582 5.045647621154785 0
had 0 551 3 3.3935232162475586 3.94584059715271 1.0998070240020752
already 0 552 7 6.310116291046143 6.227913856506348 0
begun 0 553 5 6.820980548858643 4.523728847503662 1.7041850090026855
to 0 554 2 1.4991272687911987 5.732723712921143 0
weaken 0 555 6 6.4357075691223145 8.369233131408691 0
. 0 556 1 3.2315070629119873 4.973316669464111 3.39591646194458
<eos> 0 557 5 0.05631687864661217 0.24706798791885376 4.726248681545258
<unk> 0 558 5 2.6873252391815186 6.077834129333496 0
towards 0 559 7 17.06342887878418 7.440927028656006 0
the 0 560 3 1.3492025136947632 3.6192681789398193 3.8216588497161865
north 0 561 5 7.4435014724731445 6.327911853790283 0
was 0 562 3 4.930192470550537 5.170534133911133 1.1573777198791504
becoming 0 563 8 10.760684967041016 7.980453014373779 0
restricted 0 564 10 12.85560417175293 5.237297058105469 2.7431559562683105
and 0 565 3 6.665334701538086 1.9697678089141846 3.267529249191284
arc 0 566 3 23.50220489501953 9.261672019958496 0
clouds 0 567 6 11.498303413391113 8.813935279846191 0.4477367401123047
began 0 568 5 6.75193977355957 6.570306777954102 2.24362850189209
emanating 0 569 9 17.256250381469727 3.4000866413116455 3.170220136642456
from 0 570 4 0.5850024223327637 2.8103671073913574 0.5897195339202881
the 0 571 3 0.9469172358512878 4.049375534057617 0
storm 0 572 5 4.432437419891357 7.238071441650391 0
, 0 573 1 2.771573305130005 3.6507115364074707 3.58735990524292
a 0 574 1 7.700268745422363 5.320506572723389 0
sign 0 575 4 11.243644714355469 8.312994956970215 0
that 0 576 4 1.5863417387008667 3.4289000034332275 4.884094953536987
dry 0 577 3 13.68773078918457 5.875401973724365 0
air 0 578 3 2.4291462898254395 6.0116496086120605 0
was 0 579 3 2.0510594844818115 6.529541492462158 0
entering 0 580 8 12.630395889282227 8.460783004760742 0
the 0 581 3 0.7863790392875671 3.5087859630584717 4.9519970417022705
system 0 582 6 5.83033561706543 6.769836902618408 0
. 0 583 1 1.1094778776168823 3.9155826568603516 2.8542542457580566
<eos> 0 584 5 0.056721217930316925 0.2490716278553009 3.6665110290050507
<unk> 0 585 5 2.6926429271698 6.076624393463135 0
the 0 586 3 9.89294719696045 7.441183567047119 0
afternoon 0 587 9 13.779287338256836 9.517053604125977 0
hours 0 588 5 9.20974063873291 7.322205543518066 2.19484806060791
, 0 589 1 3.4714932441711426 5.708096504211426 1.6141090393066406
the 0 590 3 2.1907451152801514 5.628909587860107 0.07918691635131836
structure 0 591 9 12.540438652038574 9.058573722839355 0
of 0 592 2 1.215361475944519 5.526364803314209 3.5322089195251465
<unk> 0 593 5 3.3790435791015625 3.5472123622894287 1.9791524410247803
began 0 594 5 6.757134914398193 6.912149429321289 0
to 0 595 2 0.7623398303985596 3.8711154460906982 3.041033983230591
rapidly 0 596 7 6.302394866943359 7.41463041305542 0
deteriorate 0 597 11 3.393864393234253 4.565404415130615 2.8492259979248047
as 0 598 2 5.819036960601807 3.37764310836792 1.1877613067626953
strong 0 599 6 12.449188232421875 2.858930826187134 0.5187122821807861
wind 0 600 4 2.545626640319824 3.4113614559173584 0
shear 0 601 5 0.015412329696118832 0.11959262937307358 3.291768826544285
and 0 602 3 4.874161720275879 5.934011459350586 0
dry 0 603 3 6.087031364440918 7.000912666320801 0
air 0 604 3 0.6353809237480164 3.1732356548309326 3.827677011489868
took 0 605 4 9.92638874053955 6.929327487945557 0
their 0 606 5 9.317743301391602 4.85242223739624 2.0769052505493164
toll 0 607 4 0.7274866700172424 3.6801514625549316 1.1722707748413086
. 0 608 1 1.2079236507415771 3.729057788848877 0
<eos> 0 609 5 0.06597813218832016 0.27763062715530396 3.451427161693573
<unk> 0 610 5 2.6794235706329346 6.088522911071777 0
the 0 611 3 9.879195213317871 7.450187683105469 0
late 0 612 4 12.417081832885742 9.512151718139648 0
night 0 613 5 6.078627586364746 7.438899040222168 2.0732526779174805
, 0 614 1 3.4979963302612305 6.782602787017822 0.6562962532043457
the 0 615 3 3.7943761348724365 6.7658843994140625 0.016718387603759766
center 0 616 6 11.477831840515137 9.202201843261719 0
was 0 617 3 5.090548992156982 4.611846923828125 4.590354919433594
almost 0 618 6 7.4359354972839355 9.403877258300781 0
completely 0 619 10 2.7772927284240723 7.39399528503418 2.0098819732666016
exposed 0 620 7 7.744916915893555 8.295690536499023 0
and 0 621 3 3.754060745239258 3.94313645362854 4.352554082870483
only 0 622 4 8.390475273132324 7.954936504364014 0
a 0 623 1 3.4492757320404053 7.847492218017578 0.10744428634643555
band 0 624 4 12.327154159545898 4.965574741363525 2.8819174766540527
of 0 625 2 1.3730144500732422 5.849332809448242 0
convection 0 626 10 10.046093940734863 8.460065841674805 0
persisted 0 627 9 6.740865707397461 6.976603984832764 1.483461856842041
near 0 628 4 6.850190162658691 4.3792548179626465 2.597349166870117
the 0 629 3 0.5106344223022461 2.0727877616882324 2.306467056274414
center 0 630 6 1.5166490077972412 5.316450119018555 0
. 0 631 1 1.1595371961593628 2.889417886734009 2.427032232284546
<eos> 0 632 5 0.06835827231407166 0.2854541540145874 2.6039637327194214
<unk> 0 633 5 2.691380023956299 6.081284046173096 0
continuing 0 634 10 18.259912490844727 7.450857162475586 0
effects 0 635 7 17.768207550048828 4.648935317993164 2.801921844482422
from 0 636 4 4.571691036224365 6.282515048980713 0
the 0 637 3 1.3806078433990479 5.210552215576172 1.071962833404541
strong 0 638 6 11.110145568847656 8.629008293151855 0
wind 0 639 4 4.2269439697265625 5.9662652015686035 2.662743091583252
shear 0 640 5 0.3644050657749176 2.0770328044891357 3.8892323970794678
, 0 641 1 3.076266050338745 6.986969947814941 0
a 0 642 1 5.877106666564941 6.771821022033691 0.21514892578125
large 0 643 5 5.85453987121582 8.190269470214844 0
, 0 644 1 5.519769191741943 7.330883979797363 0.8593854904174805
deep 0 645 4 5.354260444641113 7.554069519042969 0
burst 0 646 5 11.039904594421387 5.677313327789307 1.876756191253662
of 0 647 2 0.8494263887405396 4.080060005187988 1.5972533226013184
convection 0 648 10 2.2241525650024414 5.673000812530518 0
formed 0 649 6 6.142330169677734 4.943251132965088 0.7297496795654297
in 0 650 2 3.02836275100708 5.2187886238098145 0
the 0 651 3 0.672542929649353 2.586310625076294 2.6324779987335205
northern 0 652 8 5.361804008483887 6.01823616027832 0
semicircle 0 653 10 3.3476297855377197 3.6022872924804688 2.4159488677978516
of 0 654 2 1.4612140655517578 3.4419198036193848 0.16036748886108398
<unk> 0 655 5 2.6095848083496094 2.1208198070526123 1.3210999965667725
. 0 656 1 2.153660297393799 4.000314235687256 0
<eos> 0 657 5 0.06239798665046692 0.267277330160141 3.733036905527115
<unk> 0 658 5 2.681602954864502 6.0758891105651855 0
center 0 659 6 14.238175392150879 7.440759181976318 0
was 0 660 3 3.169450283050537 6.937659740447998 0.5030994415283203
found 0 661 5 10.428129196166992 7.873854160308838 0
to 0 662 2 2.1649892330169678 5.136504650115967 2.737349510192871
have 0 663 4 1.7460284233093262 2.9052178859710693 2.2312867641448975
shifted 0 664 7 12.999428749084473 7.1077704429626465 0
towards 0 665 7 9.825981140136719 6.16171932220459 0.9460511207580566
the 0 666 3 1.0488629341125488 4.1465888023376465 2.0151305198669434
new 0 667 3 7.938928127288818 6.713919162750244 0
convection 0 668 10 11.118587493896484 5.551779270172119 1.162139892578125
leading 0 669 7 11.98648738861084 5.121217250823975 0.43056201934814453
to 0 670 2 0.2541161775588989 1.403146505355835 3.7180707454681396
an 0 671 2 4.428205490112305 5.131418228149414 0
increase 0 672 8 3.1953001022338867 6.392423152923584 0
in 0 673 2 0.253695011138916 1.3449441194534302 5.047479033470154
intensity 0 674 9 5.714635372161865 6.66887903213501 0
. 0 675 1 1.6707358360290527 4.084756851196289 2.5841221809387207
<eos> 0 676 5 0.06025179475545883 0.26009804010391235 3.8246588110923767
<unk> 0 677 5 2.6901540756225586 6.088252544403076 0
forecast 0 678 8 17.942655563354492 7.446870803833008 0
showed 0 679 6 14.136573791503906 6.352326393127441 1.0945444107055664
a 0 680 1 3.2518465518951416 5.230752468109131 1.1215739250183105
slight 0 681 6 6.766185283660889 8.33847713470459 0
decrease 0 682 8 3.656883716583252 5.901918888092041 2.436558246612549
in 0 683 2 0.18669883906841278 1.084176778793335 4.817742109298706
wind 0 684 4 3.9727909564971924 6.948261260986328 0
shear 0 685 5 0.10479932278394699 0.712326169013977 6.235935091972351
as 0 686 2 5.176405429840088 4.315321922302246 0
<unk> 0 687 5 4.29847526550293 4.509515285491943 0
continued 0 688 9 5.676514625549316 6.580385684967041 0
westward 0 689 8 7.023965358734131 2.1983909606933594 4.381994724273682
and 0 690 3 2.824216604232788 4.01623010635376 0
no 0 691 2 11.623177528381348 7.346431732177734 0
change 0 692 6 12.041886329650879 5.3552045822143555 1.991227149963379
in 0 693 2 2.4846346378326416 5.0004448890686035 0.35475969314575195
intensity 0 694 9 2.5249805450439453 5.851033687591553 0
over 0 695 4 7.302587032318115 4.684326648712158 1.1667070388793945
the 0 696 3 0.9176305532455444 3.3250608444213867 1.3592658042907715
<unk> 0 697 5 3.1375248432159424 6.054533004760742 0
<unk> 0 698 5 3.7153687477111816 5.405046463012695 0.6494865417480469
day 0 699 3 7.174576759338379 5.298604965209961 0.10644149780273438
forecast 0 700 8 6.742220878601074 6.065101623535156 0
was 0 701 3 4.851789951324463 5.6141533851623535 0.45094823837280273
predicted 0 702 9 7.519176483154297 8.082870483398438 0
. 0 703 1 1.4343655109405518 2.817004919052124 5.2658655643463135
<eos> 0 704 5 0.04825420305132866 0.21981991827487946 2.5971850007772446
<unk> 0 705 5 2.6945884227752686 6.067968368530273 0
, 0 706 1 4.506491661071777 7.426016807556152 0
the 0 707 3 4.09584379196167 5.807356834411621 1.6186599731445312
convection 0 708 10 16.431730270385742 9.230273246765137 0
decreased 0 709 9 10.082557678222656 6.435951232910156 2.7943220138549805
once 0 710 4 9.736037254333496 5.119266033172607 1.3166851997375488
more 0 711 4 3.422179698944092 4.969630241394043 0.14963579177856445
and 0 712 3 3.802266836166382 5.500406742095947 0
the 0 713 3 2.9675824642181396 7.213636875152588 0
low 0 714 3 5.5596723556518555 7.154045581817627 0.05959129333496094
became 0 715 6 2.792384624481201 6.306207656860352 0.8478379249572754
completely 0 716 10 10.73137378692627 6.2900800704956055 0.016127586364746094
exposed 0 717 7 3.430159568786621 5.634176254272461 0.6559038162231445
by 0 718 2 4.718992233276367 3.9171247482299805 1.7170515060424805
the 0 719 3 0.9871776103973389 3.862118721008301 0.05500602722167969
late 0 720 4 8.91280460357666 6.437874794006348 0
morning 0 721 7 5.428131580352783 3.929126024246216 2.508748769760132
hours 0 722 5 3.7373769283294678 4.415227890014648 0
and 0 723 3 3.233429193496704 3.8091046810150146 0.6061232089996338
<unk> 0 724 5 2.9884817600250244 7.63155460357666 0
weakened 0 725 8 7.964435577392578 6.0301127433776855 1.6014418601989746
again 0 726 5 9.960753440856934 3.837801456451416 2.1923112869262695
. 0 727 1 0.9524233937263489 3.0678627490997314 0.7699387073516846
<eos> 0 728 5 0.061192844063043594 0.2619204521179199 2.8059422969818115
<unk> 0 729 5 2.6783711910247803 6.067737102508545 0
the 0 730 3 9.89518928527832 7.44209098815918 0
afternoon 0 731 9 13.78570556640625 9.508115768432617 0
, 0 732 1 3.2091288566589355 7.329948902130127 2.1781668663024902
the 0 733 3 2.996079444885254 6.324115753173828 1.0058331489562988
center 0 734 6 10.892196655273438 9.49464225769043 0
of 0 735 2 1.3729499578475952 6.314315319061279 3.1803269386291504
<unk> 0 736 5 2.3697805404663086 4.2835869789123535 2.030728340148926
was 0 737 3 4.11654806137085 7.753582000732422 0
only 0 738 4 9.185711860656738 9.417951583862305 0
a 0 739 1 3.3638017177581787 7.888961315155029 1.5289902687072754
swirl 0 740 5 13.186985969543457 8.176111221313477 0
of 0 741 2 0.5367894172668457 2.802992820739746 5.3731184005737305
clouds 0 742 6 3.1610190868377686 6.967567443847656 0
, 0 743 1 2.0064568519592285 5.3688063621521 1.5987610816955566
devoid 0 744 6 12.113409996032715 5.732623100280762 0
of 0 745 2 0.011400453746318817 0.11984635889530182 5.61277674138546
convection 0 746 10 2.804617404937744 6.967329502105713 0
. 0 747 1 1.8052290678024292 3.8696200847625732 3.0977094173431396
<eos> 0 748 5 0.06408487260341644 0.2717495262622833 3.59787055850029
<unk> 0 749 5 2.6841511726379395 6.085592269897461 0
the 0 750 3 9.90429401397705 7.44955587387085 0
overnight 0 751 9 18.373991012573242 9.512683868408203 0
hours 0 752 5 8.430227279663086 10.66164493560791 0
on 0 753 2 5.890535354614258 5.840973854064941 4.820671081542969
<unk> 0 754 5 1.4309837818145752 3.744168281555176 2.0968055725097656
<unk> 0 755 5 0.7977118492126465 3.799985885620117 0
into 0 756 4 11.632513046264648 4.1682939529418945 0
the 0 757 3 1.0105150938034058 3.5497941970825195 0.618499755859375
morning 0 758 7 4.119558334350586 7.577125072479248 0
of 0 759 2 1.62717866897583 3.7746827602386475 3.8024423122406006
<unk> 0 760 5 0.18424701690673828 0.8524184226989746 2.922264337539673
<unk> 0 761 5 0.07143191993236542 0.4252650737762451 0.4271533489227295
, 0 762 1 0.4531206488609314 2.2641518115997314 0
convection 0 763 10 10.789068222045898 4.125630855560303 0
associated 0 764 10 7.4073052406311035 6.732716083526611 0
with 0 765 4 0.017817338928580284 0.16529162228107452 6.567424461245537
<unk> 0 766 5 3.088078022003174 3.9678001403808594 0
began 0 767 5 5.037476539611816 7.202576637268066 0
to 0 768 2 0.47029146552085876 2.7003183364868164 4.50225830078125
redevelop 0 769 9 9.704041481018066 6.6036505699157715 0
somewhat 0 770 8 11.10509967803955 4.878496170043945 1.7251543998718262
, 0 771 1 3.2567238807678223 5.16344690322876 0
mostly 0 772 6 12.78713321685791 4.985081672668457 0.17836523056030273
to 0 773 2 5.2022809982299805 5.975362300872803 0
the 0 774 3 1.0872138738632202 5.160889148712158 0.8144731521606445
north 0 775 5 2.589233160018921 3.7586402893066406 1.4022488594055176
of 0 776 2 0.865936815738678 2.3112549781799316 1.447385311126709
the 0 777 3 0.6764256954193115 1.8991305828094482 0.4121243953704834
circulation 0 778 11 4.871574878692627 5.726925849914551 0
, 0 779 1 3.228397846221924 1.7666370868682861 3.9602887630462646
due 0 780 3 7.628000259399414 4.442729473114014 0
to 0 781 2 0.011854596436023712 0.12014926224946976 4.322580210864544
the 0 782 3 1.8744388818740845 5.36259126663208 0
strong 0 783 6 5.947933197021484 7.427387237548828 0
southerly 0 784 9 7.036698818206787 6.627826690673828 0.799560546875
wind 0 785 4 2.569657564163208 6.2526397705078125 0.3751869201660156
shear 0 786 5 0.2704668641090393 1.6894888877868652 4.563150882720947
. 0 787 1 1.3941518068313599 5.024794578552246 0
<eos> 0 788 5 0.056234173476696014 0.246833935379982 4.777960643172264
<unk> 0 789 5 2.6822385787963867 6.083176612854004 0
mid 0 790 3 17.58443832397461 7.441047668457031 0
<unk> 0 791 5 0.05742016062140465 0.5756560564041138 6.8653916120529175
morning 0 792 7 7.72830867767334 6.314622402191162 0
, 0 793 1 2.9114861488342285 8.676709175109863 0
<unk> 0 794 5 1.8332111835479736 6.403931617736816 2.272777557373047
re 0 795 2 11.004006385803223 7.058192729949951 0
<unk> 0 796 5 0.012096622958779335 0.13014239072799683 6.928050339221954
intensified 0 797 11 4.889989376068115 6.942334175109863 0
slightly 0 798 8 6.900198459625244 4.6446943283081055 2.297639846801758
due 0 799 3 5.737874984741211 4.832842826843262 0
to 0 800 2 0.05113789811730385 0.38970473408699036 4.443138092756271
the 0 801 3 2.120741367340088 5.23497200012207 0
redevelopment 0 802 13 14.378085136413574 7.080718517303467 0
of 0 803 2 0.9978392124176025 3.923462152481079 3.1572563648223877
some 0 804 4 8.983283042907715 2.9198849201202393 1.0035772323608398
convection 0 805 10 7.839648723602295 6.8793816566467285 0
. 0 806 1 1.6597535610198975 3.65488862991333 3.2244930267333984
<eos> 0 807 5 0.06172666326165199 0.2646610736846924 3.3902275562286377
<unk> 0 808 5 2.6864609718322754 6.086984157562256 0
, 0 809 1 4.520572185516357 7.448269844055176 0
the 0 810 3 4.097397327423096 5.790088176727295 1.6581816673278809
redevelopment 0 811 13 19.040428161621094 9.242753028869629 0
was 0 812 3 5.4194841384887695 5.065401077270508 4.177351951599121
short 0 813 5 10.67465591430664 8.889579772949219 0
lived 0 814 5 6.1315460205078125 4.351226329803467 4.538353443145752
and 0 815 3 3.837312698364258 3.9629666805267334 0.3882596492767334
wind 0 816 4 14.643857955932617 8.015417098999023 0
shear 0 817 5 1.8561508655548096 5.958705425262451 2.0567116737365723
again 0 818 5 11.614533424377441 6.467673301696777 0
took 0 819 4 7.87857723236084 6.063263416290283 0.40440988540649414
its 0 820 3 5.705875396728516 3.97941255569458 2.083850860595703
toll 0 821 4 0.2233601063489914 1.5620226860046387 2.4173898696899414
on 0 822 2 2.2126352787017822 4.154966831207275 0
<unk> 0 823 5 2.330092430114746 4.055859088897705 0.09910774230957031
by 0 824 2 7.8792009353637695 4.16411018371582 0
late 0 825 4 7.7367329597473145 4.717800617218018 0
morning 0 826 7 5.750293731689453 1.6822291612625122 3.0355714559555054
. 0 827 1 1.432297706604004 4.155699253082275 0
<eos> 0 828 5 0.06723558902740479 0.2809506952762604 3.874748557806015
<unk> 0 829 5 2.679954767227173 6.090695381164551 0
convection 0 830 10 18.57716178894043 7.45247745513916 0
around 0 831 6 8.809734344482422 7.377429485321045 0.07504796981811523
the 0 832 3 0.6125925779342651 2.4458961486816406 4.931533336639404
system 0 833 6 5.427340507507324 5.260632038116455 0
became 0 834 6 5.308006286621094 6.9853363037109375 0
dislocated 0 835 10 11.129776000976562 6.55753755569458 0.4277987480163574
from 0 836 4 5.374298095703125 4.365074634552002 2.192462921142578
the 0 837 3 0.601531982421875 2.544806957244873 1.820267677307129
center 0 838 6 3.2606024742126465 6.3854804039001465 0
and 0 839 3 3.784432888031006 3.808840036392212 2.5766403675079346
<unk> 0 840 5 4.642583847045898 7.265321731567383 0
weakened 0 841 8 6.669876575469971 7.4931769371032715 0
slightly 0 842 8 5.017595291137695 4.84072208404541 2.6524548530578613
. 0 843 1 2.1146905422210693 4.841867446899414 0
<eos> 0 844 5 0.062480662018060684 0.26635420322418213 4.575513243675232
<unk> 0 845 5 2.6664974689483643 6.059693336486816 0
weakening 0 846 9 18.496932983398438 7.433565616607666 0
trend 0 847 5 10.304473876953125 7.284422874450684 0.14914274215698242
continued 0 848 9 4.484991073608398 6.582211971282959 0.7022109031677246
through 0 849 7 6.851870059967041 4.894856929779053 1.6873550415039062
the 0 850 3 0.8350405693054199 3.048142671585083 1.8467142581939697
afternoon 0 851 9 4.824897766113281 6.77077054977417 0
as 0 852 2 6.994102478027344 3.3403372764587402 3.4304332733154297
the 0 853 3 2.2014191150665283 3.7247369289398193 0
storm 0 854 5 2.567526340484619 5.588135242462158 0
was 0 855 3 4.564920425415039 5.486380577087402 0.10175466537475586
being 0 856 5 6.895402431488037 7.930481910705566 0
affected 0 857 8 8.352910995483398 7.111417293548584 0.8190646171569824
by 0 858 2 0.254427045583725 1.1160407066345215 5.9953765869140625
strong 0 859 6 6.278500556945801 4.925122261047363 0
southerly 0 860 9 9.249455451965332 3.0170016288757324 1.9081206321716309
shear 0 861 5 3.5890331268310547 3.667367458343506 0
. 0 862 1 0.7121595144271851 2.502150774002075 1.1652166843414307
<eos> 0 863 5 0.05779445171356201 0.25213903188705444 2.2500117421150208
<unk> 0 864 5 2.682603359222412 6.079746246337891 0
became 0 865 6 7.8909077644348145 7.441245079040527 0
almost 0 866 6 11.483354568481445 5.321845054626465 2.1194000244140625
fully 0 867 5 7.2961039543151855 7.205509185791016 0
devoid 0 868 6 12.749382019042969 8.23976993560791 0
of 0 869 2 0.01795221120119095 0.15673041343688965 8.08303952217102
any 0 870 3 6.711693286895752 8.418706893920898 0
convection 0 871 10 6.583737850189209 9.604212760925293 0
by 0 872 2 6.932065010070801 4.77009916305542 4.834113597869873
mid 0 873 3 6.102080821990967 5.388063430786133 0
<unk> 0 874 5 0.013062446378171444 0.128788560628891 5.259274870157242
afternoon 0 875 9 6.3147077560424805 2.636176586151123 0
and 0 876 3 4.112619876861572 3.929365396499634 0
the 0 877 3 3.3350119590759277 6.952236175537109 0
storm 0 878 5 2.6200332641601562 6.47507381439209 0.47716236114501953
weakened 0 879 8 4.894125461578369 5.824887752532959 0.6501860618591309
to 0 880 2 1.5483777523040771 4.014794826507568 1.8100929260253906
<unk> 0 881 5 9.54346752166748 1.598151683807373 2.4166431427001953
mph 0 882 3 0.6589136719703674 2.1788227558135986 0
( 0 883 1 0.0036542988382279873 0.03537972271442413 2.1434430330991745
<unk> 0 884 5 0.0007953724707476795 0.010286670178174973 0.02509305253624916
km 0 885 2 0.006202444899827242 0.04819149523973465 0
/ 0 886 1 0.001838182914070785 0.0148701136931777 0.03332138154655695
h 0 887 1 8.254931162809953e-05 0.0009859835263341665 0.013884130166843534
) 0 888 1 0.0012740007368847728 0.013935478404164314 0
, 0 889 1 3.1458544731140137 4.385915279388428 0
barely 0 890 6 14.237295150756836 5.2069993019104 0
holding 0 891 7 13.274446487426758 6.539900302886963 0
on 0 892 2 6.111171245574951 4.873081684112549 1.666818618774414
to 0 893 2 10.866057395935059 2.5567574501037598 2.316324234008789
tropical 0 894 8 8.815339088439941 2.5025129318237305 0.0542445182800293
storm 0 895 5 0.5667942762374878 1.4815523624420166 1.0209605693817139
status 0 896 6 2.7954115867614746 2.408357620239258 0
. 0 897 1 0.9869987964630127 3.3225512504577637 0
<eos> 0 898 5 0.0565725602209568 0.24861976504325867 3.073931485414505
<unk> 0 899 5 2.695142984390259 6.0915727615356445 0
regained 0 900 8 12.458398818969727 7.4416303634643555 0
a 0 901 1 4.820801734924316 3.857250928878784 3.5843794345855713
small 0 902 5 7.085877895355225 8.676261901855469 0
amount 0 903 6 5.6220855712890625 7.979569911956787 0.6966919898986816
of 0 904 2 0.09643962234258652 0.6549303531646729 7.324639558792114
convection 0 905 10 10.076471328735352 8.808277130126953 0
in 0 906 2 3.08040189743042 4.667003631591797 4.141273498535156
the 0 907 3 0.8651703596115112 3.3032548427581787 1.3637487888336182
late 0 908 4 6.925957202911377 6.570887565612793 0
night 0 909 5 7.838310241699219 4.392385482788086 2.178502082824707
hours 0 910 5 4.310779571533203 3.741827964782715 0.6505575180053711
, 0 911 1 2.142411231994629 4.2202558517456055 0
but 0 912 3 3.7770471572875977 5.600673675537109 0
not 0 913 3 8.639535903930664 6.659690856933594 0
enough 0 914 6 5.864776134490967 7.741893768310547 0
to 0 915 2 0.7346081137657166 3.3924171924591064 4.34947657585144
still 0 916 5 13.742591857910156 8.043977737426758 0
be 0 917 2 2.274397611618042 7.154336452484131 0.889641284942627
classified 0 918 10 4.086834907531738 7.747254371643066 0
a 0 919 1 9.03148078918457 1.8107728958129883 5.936481475830078
tropical 0 920 8 1.0144665241241455 3.909916639328003 0
storm 0 921 5 2.2276651859283447 1.7518024444580078 2.158114194869995
. 0 922 1 0.6414375305175781 2.612614870071411 0
<eos> 0 923 5 0.062114667147397995 0.2653142809867859 2.3473005890846252
<unk> 0 924 5 2.6979868412017822 6.079940319061279 0
to 0 925 2 10.963671684265137 7.431910991668701 0
the 0 926 3 2.3526883125305176 5.898538589477539 1.533372402191162
lack 0 927 4 12.19344711303711 8.989997863769531 0
of 0 928 2 0.014091662131249905 0.14280541241168976 8.847192451357841
convection 0 929 10 10.126496315002441 10.519587516784668 0
, 0 930 1 2.088414192199707 5.941366195678711 4.578221321105957
<unk> 0 931 5 4.5944366455078125 6.534257888793945 0
was 0 932 3 4.08819580078125 7.644023418426514 0
downgraded 0 933 10 4.099590301513672 7.88895845413208 0
to 0 934 2 0.41050466895103455 1.6752389669418335 6.213719487190247
a 0 935 1 0.40429678559303284 1.4111409187316895 0.26409804821014404
<unk> 0 936 5 11.059067726135254 1.714888334274292 0
<unk> 0 937 5 4.121121406555176 1.9343531131744385 0
at 0 938 2 11.787029266357422 2.5296683311462402 0
<unk> 0 939 5 0.4568381607532501 2.0681350231170654 0.4615333080291748
( 0 940 1 10.716811180114746 2.5444631576538086 0
<unk> 0 941 5 0.8028246760368347 4.331889629364014 0
) 0 942 1 0.5858307480812073 2.240781784057617 2.0911078453063965
with 0 943 4 8.419357299804688 3.3493521213531494 0
winds 0 944 5 1.8622225522994995 4.493907928466797 0
of 0 945 2 0.1964867115020752 1.3248214721679688 3.169086456298828
<unk> 0 946 5 0.10264470428228378 0.648680567741394 0.6761409044265747
mph 0 947 3 0.5798319578170776 1.0979468822479248 0
( 0 948 1 0.0021188172977417707 0.02084873989224434 1.0770981423556805
<unk> 0 949 5 0.00018160224135499448 0.002614174038171768 0.01823456585407257
km 0 950 2 0.003874549176543951 0.03256622701883316 0
/ 0 951 1 0.00017609947826713324 0.0019209706224501133 0.030645256396383047
h 0 952 1 2.751696047198493e-05 0.00034375235554762185 0.0015772182669024915
) 0 953 1 0.001018121954984963 0.00994169246405363 0
. 0 954 1 1.311468243598938 3.506110906600952 0
<eos> 0 955 5 0.059602413326501846 0.25829657912254333 3.247814327478409
<unk> 0 956 5 2.676572799682617 6.081984043121338 0
there 0 957 5 14.50825023651123 7.4421186447143555 0
was 0 958 3 2.4500346183776855 3.7058064937591553 3.7363121509552
no 0 959 2 2.9579238891601562 4.997861862182617 0
convection 0 960 10 13.615880012512207 10.057692527770996 0
around 0 961 6 6.816621780395508 6.286157608032227 3.7715349197387695
the 0 962 3 0.4430575966835022 2.1563353538513184 4.129822254180908
system 0 963 6 5.8861212730407715 4.986732482910156 0
, 0 964 1 1.5855094194412231 4.19987678527832 0.7868556976318359
it 0 965 2 10.088231086730957 4.605868816375732 0
would 0 966 5 5.859714508056641 5.651147842407227 0
have 0 967 4 2.530395984649658 5.0247344970703125 0.6264133453369141
normally 0 968 8 13.912070274353027 6.678093910217285 0
been 0 969 4 2.0636212825775146 6.7892255783081055 0
classified 0 970 10 4.785970211029053 8.374677658081055 0
a 0 971 1 7.1575727462768555 1.5825108289718628 6.792166829109192
remnant 0 972 7 7.890068531036377 4.2383928298950195 0
low 0 973 3 1.0224189758300781 3.958399534225464 0.27999329566955566
but 0 974 3 9.161873817443848 4.923750877380371 0
, 0 975 1 6.522015571594238 7.2034711837768555 0
due 0 976 3 3.9629342555999756 6.124532699584961 1.0789384841918945
to 0 977 2 0.013062446378171444 0.12665122747421265 5.997881472110748
the 0 978 3 2.1645820140838623 5.3509063720703125 0
possibility 0 979 11 6.0352935791015625 7.383438587188721 0
of 0 980 2 0.046958111226558685 0.32119497656822205 7.062243610620499
the 0 981 3 3.9207518100738525 6.41767692565918 0
storm 0 982 5 2.476621627807617 6.620509147644043 0
regenerating 0 983 12 14.47399616241455 4.987848281860352 1.6326608657836914
over 0 984 4 6.690978050231934 2.9680559635162354 2.019792318344116
the 0 985 3 0.6418336629867554 2.866393804550171 0.10166215896606445
next 0 986 4 5.151969909667969 6.0596513748168945 0
several 0 987 7 5.308810234069824 3.496229887008667 2.5634214878082275
days 0 988 4 0.3998197913169861 1.453883409500122 2.042346477508545
, 0 989 1 0.1477646678686142 0.9912540316581726 0.46262937784194946
it 0 990 2 1.6778862476348877 4.156357765197754 0
was 0 991 3 1.9650049209594727 5.632780075073242 0
considered 0 992 10 6.315282821655273 7.561529636383057 0
a 0 993 1 1.39284348487854 4.300941467285156 3.2605881690979004
tropical 0 994 8 0.7040308713912964 3.626324415206909 0.6746170520782471
depression 0 995 10 0.8691068291664124 1.6186127662658691 2.00771164894104
. 0 996 1 1.3270070552825928 4.158071994781494 0
<eos> 0 997 5 0.0627724677324295 0.2678489685058594 3.8902230262756348
<unk> 0 998 5 2.6834425926208496 6.07434606552124 0
next 0 999 4 12.306638717651367 7.440743923187256 0
morning 0 1000 7 15.902222633361816 8.415731430053711 0
, 0 1001 1 3.032115936279297 8.175037384033203 0.2406940460205078
<unk> 0 1002 5 2.1624300479888916 6.629383563995361 1.5456538200378418
was 0 1003 3 5.031813621520996 6.634761810302734 0
downgraded 0 1004 10 11.966045379638672 8.848628044128418 0
to 0 1005 2 0.2924008369445801 1.4815195798873901 7.367108464241028
a 0 1006 1 0.3249812126159668 1.5132231712341309 0
remnant 0 1007 7 8.07611083984375 2.576767921447754 0
low 0 1008 3 0.3806843161582947 2.1285054683685303 0.44826245307922363
as 0 1009 2 5.29662561416626 4.616894245147705 0
strong 0 1010 6 9.490602493286133 3.782046318054199 0.8348479270935059
wind 0 1011 4 4.927143573760986 3.1741323471069336 0.6079139709472656
shear 0 1012 5 0.0774005576968193 0.4607865810394287 2.713345766067505
and 0 1013 3 4.073127269744873 6.213913917541504 0
dry 0 1014 3 6.1388325691223145 7.122352123260498 0
air 0 1015 3 0.8503261804580688 3.345167875289917 3.777184247970581
caused 0 1016 6 7.678339958190918 6.659239768981934 0
the 0 1017 3 2.3787264823913574 5.774595260620117 0.8846445083618164
demise 0 1018 6 13.418399810791016 4.268393516540527 1.5062017440795898
of 0 1019 2 0.032792363315820694 0.22785915434360504 4.040534362196922
the 0 1020 3 0.8284721374511719 3.23240065574646 0
storm 0 1021 5 3.6281871795654297 5.883855819702148 0
. 0 1022 1 1.130743384361267 3.1851210594177246 2.698734760284424
<eos> 0 1023 5 0.051495734602212906 0.23225124180316925 2.9528698176145554
<unk> 0 1024 5 2.690365791320801 6.0662431716918945 0
redevelopment 0 1025 13 21.187515258789062 7.430752754211426 0
was 0 1026 3 2.733585834503174 7.163601398468018 0.2671513557434082
expected 0 1027 8 7.476743698120117 8.369908332824707 0
with 0 1028 4 7.768555164337158 2.689969539642334 5.679938793182373
<unk> 0 1029 5 3.0136892795562744 5.78920841217041 0
as 0 1030 2 6.8254618644714355 6.777741432189941 0
it 0 1031 2 6.25504207611084 5.302461624145508 1.4752798080444336
began 0 1032 5 6.2466559410095215 5.812662601470947 0
to 0 1033 2 1.1165238618850708 4.526606559753418 1.2860560417175293
move 0 1034 4 5.9690842628479 7.939176559448242 0
over 0 1035 4 6.148952007293701 6.055361270904541 1.8838152885437012
colder 0 1036 6 12.86723518371582 3.759751319885254 2.295609951019287
waters 0 1037 6 1.0854032039642334 4.178976058959961 0
and 0 1038 3 3.408357620239258 3.2482221126556396 0.9307539463043213
remain 0 1039 6 8.93899917602539 8.390616416931152 0
under 0 1040 5 6.171942710876465 6.987881660461426 1.4027347564697266
strong 0 1041 6 8.230362892150879 4.820725440979004 2.167156219482422
wind 0 1042 4 4.887691974639893 4.816792011260986 0.003933429718017578
shear 0 1043 5 0.08890547603368759 0.6035730242729187 4.213218986988068
until 0 1044 5 6.147331237792969 3.008737325668335 0
it 0 1045 2 3.4007160663604736 4.010195732116699 0
dissipated 0 1046 10 4.600189208984375 5.519359588623047 0
. 0 1047 1 2.3396050930023193 3.2211225032806396 2.2982370853424072
<eos> 0 1048 5 0.05934363603591919 0.2585063576698303 2.9626161456108093
<unk> 0 1049 5 2.6835155487060547 6.036435604095459 0
, 0 1050 1 4.514028549194336 7.4385480880737305 0
the 0 1051 3 4.090150356292725 5.800185680389404 1.6383624076843262
remnant 0 1052 7 13.728979110717773 9.237898826599121 0
low 0 1053 3 3.3671369552612305 6.3878583908081055 2.8500404357910156
associated 0 1054 10 10.830738067626953 5.395684719085693 0.9921736717224121
with 0 1055 4 0.06904897838830948 0.566882312297821 4.828802406787872
<unk> 0 1056 5 2.455716848373413 3.9608960151672363 0
began 0 1057 5 9.55566120147705 5.365194320678711 0
to 0 1058 2 0.7058194875717163 3.469363212585449 1.8958311080932617
show 0 1059 4 9.360517501831055 6.105346202850342 0
signs 0 1060 5 3.733466863632202 6.583165645599365 0
of 0 1061 2 0.15474040806293488 0.9724425077438354 5.61072313785553
redevelopment 0 1062 13 12.326921463012695 7.479289531707764 0
during 0 1063 6 6.34779691696167 4.252841949462891 3.226447582244873
the 0 1064 3 0.540174126625061 2.4961156845092773 1.7567262649536133
afternoon 0 1065 9 5.480549335479736 6.581238269805908 0
on 0 1066 2 6.570053577423096 3.1078269481658936 3.4734113216400146
<unk> 0 1067 5 0.21275773644447327 1.0296905040740967 2.078136444091797
<unk> 0 1068 5 0.043124932795763016 0.2828989326953888 0.7467915713787079
. 0 1069 1 0.9603978395462036 2.085824728012085 0
<eos> 0 1070 5 0.06180361658334732 0.2645704448223114 1.8212542831897736
<unk> 0 1071 5 2.6899654865264893 6.092357635498047 0
around 0 1072 6 15.2404203414917 7.448955059051514 0
the 0 1073 3 1.5803678035736084 3.956279993057251 3.4926750659942627
system 0 1074 6 10.791316032409668 8.518898010253906 0
increased 0 1075 9 9.653727531433105 6.656065464019775 1.8628325462341309
significantly 0 1076 13 6.387474060058594 6.253199577331543 0.4028658866882324
and 0 1077 3 4.345324516296387 4.520686149597168 1.732513427734375
the 0 1078 3 2.9962446689605713 7.41475772857666 0
low 0 1079 3 6.078493118286133 7.262036323547363 0.15272140502929688
was 0 1080 3 5.038875579833984 6.514437198638916 0.7475991249084473
no 0 1081 2 8.699670791625977 8.270747184753418 0
longer 0 1082 6 0.29098910093307495 1.6228212118148804 6.647925972938538
exposed 0 1083 7 5.962599754333496 8.020126342773438 0
. 0 1084 1 2.147523880004883 3.7931833267211914 4.226943016052246
<eos> 0 1085 5 0.06548549234867096 0.2754030227661133 3.517780303955078
<unk> 0 1086 5 2.693615674972534 6.08864688873291 0
<unk> 0 1087 5 2.3696513175964355 7.4364728927612305 0
<unk> 0 1088 5 2.6651172637939453 6.238059997558594 1.1984128952026367
, 0 1089 1 3.215113878250122 6.492098331451416 0
wind 0 1090 4 15.963886260986328 5.679908752441406 0.8121895790100098
shear 0 1091 5 5.608714580535889 7.216332912445068 0
took 0 1092 4 11.836457252502441 5.3221821784973145 1.894150733947754
over 0 1093 4 3.7511067390441895 5.972227573394775 0
the 0 1094 3 1.316847801208496 4.448107719421387 1.5241198539733887
system 0 1095 6 5.428428649902344 8.7503662109375 0
again 0 1096 5 8.301810264587402 4.677530765533447 4.072835445404053
. 0 1097 1 4.657729148864746 4.113530158996582 0.5640006065368652
<eos> 0 1098 5 0.06477005779743195 0.273973673582077 3.839556485414505
<unk> 0 1099 5 2.6824216842651367 6.0723772048950195 0
around 0 1100 6 15.251495361328125 7.444715976715088 0
the 0 1101 3 1.578836441040039 3.9955732822418213 3.4491426944732666
remnant 0 1102 7 17.103187561035156 8.538089752197266 0
low 0 1103 3 4.002744674682617 7.066689491271973 1.471400260925293
was 0 1104 3 3.6038620471954346 6.2706217765808105 0.7960677146911621
torn 0 1105 4 12.689361572265625 8.024674415588379 0
away 0 1106 4 3.0432398319244385 4.319766044616699 3.7049083709716797
and 0 1107 3 3.6258814334869385 3.75810170173645 0.561664342880249
the 0 1108 3 2.6893630027770996 7.610515594482422 0
low 0 1109 3 7.787301540374756 8.145441055297852 0
was 0 1110 3 4.835087299346924 6.86413049697876 1.2813105583190918
exposed 0 1111 7 6.151423454284668 8.68000316619873 0
once 0 1112 4 10.351424217224121 3.803521156311035 4.876482009887695
more 0 1113 4 2.893643856048584 5.049321174621582 0
. 0 1114 1 1.4299408197402954 4.261103630065918 0.7882175445556641
<eos> 0 1115 5 0.0671694353222847 0.27877184748649597 3.982331782579422
<unk> 0 1116 5 2.6934850215911865 6.083382606506348 0
<unk> 0 1117 5 2.3521997928619385 7.445416450500488 0
<unk> 0 1118 5 2.6618857383728027 6.231672763824463 1.2137436866760254
<unk> 0 1119 5 1.9730908870697021 6.491116523742676 0
did 0 1120 3 10.306468963623047 4.608097553253174 1.883018970489502
not 0 1121 3 0.7368781566619873 4.090341567993164 0.5177559852600098
state 0 1122 5 10.9120512008667 8.347798347473145 0
the 0 1123 3 2.403864860534668 5.756933212280273 2.590865135192871
chance 0 1124 6 10.79769229888916 10.142498970031738 0
of 0 1125 2 2.191525459289551 2.973536968231201 7.168962001800537
regeneration 0 1126 12 15.364228248596191 8.339709281921387 0
once 0 1127 4 11.015429496765137 4.304168224334717 4.03554105758667
the 0 1128 3 2.306002616882324 5.416334629058838 0
low 0 1129 3 10.330699920654297 9.29047679901123 0
became 0 1130 6 6.209073066711426 6.5906147956848145 2.699862003326416
exposed 0 1131 7 6.876654624938965 7.616970062255859 0
. 0 1132 1 2.0048859119415283 3.5423226356506348 4.074647426605225
<eos> 0 1133 5 0.06709802150726318 0.2799164354801178 3.262406200170517
<unk> 0 1134 5 2.6936707496643066 6.092695236206055 0
, 0 1135 1 4.5314249992370605 7.452377796173096 0
on 0 1136 2 7.283191680908203 5.796258449554443 1.6561193466186523
<unk> 0 1137 5 2.4595236778259277 4.01228141784668 1.7839770317077637
<unk> 0 1138 5 0.5266879796981812 2.257544994354248 1.7547364234924316
, 0 1139 1 0.8536008596420288 2.0574758052825928 0.20006918907165527
wind 0 1140 4 16.895559310913086 5.142488479614258 0
shear 0 1141 5 2.3276572227478027 6.107145309448242 0
and 0 1142 3 2.699470043182373 5.572659015655518 0.5344862937927246
dry 0 1143 3 6.482752323150635 7.976974964141846 0
air 0 1144 3 0.5443264245986938 2.9995033740997314 4.977471590042114
led 0 1145 3 11.133480072021484 5.931746482849121 0
to 0 1146 2 0.33714383840560913 1.6542513370513916 4.2774951457977295
the 0 1147 3 1.9413539171218872 4.133644104003906 0
remnants 0 1148 8 6.463013172149658 6.218887805938721 0
of 0 1149 2 0.06074144318699837 0.4701325595378876 5.748755246400833
<unk> 0 1150 5 1.3666635751724243 4.554226398468018 0
deteriorating 0 1151 13 13.892584800720215 6.04066276550293 0
into 0 1152 4 6.891491889953613 6.080881595611572 0
an 0 1153 2 4.492106914520264 3.1537647247314453 2.927116870880127
open 0 1154 4 4.561532974243164 3.156538248062134 0
wave 0 1155 4 7.624766826629639 5.670470714569092 0
. 0 1156 1 1.2778586149215698 3.7081475257873535 1.9623231887817383
<eos> 0 1157 5 0.06057093292474747 0.2618187367916107 3.446328788995743
<unk> 0 1158 5 2.6764490604400635 6.078817367553711 0
, 0 1159 1 4.499956130981445 7.439507961273193 0
on 0 1160 2 7.271258354187012 5.797763347625732 1.641744613647461
<unk> 0 1161 5 2.460280418395996 4.012420177459717 1.7853431701660156
<unk> 0 1162 5 0.5304344296455383 2.2655458450317383 1.7468743324279785
, 0 1163 1 0.8502740263938904 2.056572437286377 0.20897340774536133
the 0 1164 3 6.222002029418945 5.144275665283203 0
remnants 0 1165 8 10.253307342529297 8.647669792175293 0
of 0 1166 2 0.10454341024160385 0.8929774165153503 7.754692375659943
<unk> 0 1167 5 0.9032019972801208 2.605757236480713 0
redeveloped 0 1168 11 16.877086639404297 4.08202600479126 0
and 0 1169 3 4.025456428527832 5.394946098327637 0
global 0 1170 6 22.12914276123047 7.337782859802246 0
models 0 1171 6 8.648063659667969 6.314019680023193 1.0237631797790527
picked 0 1172 6 12.815896987915039 5.953033447265625 0.36098623275756836
up 0 1173 2 0.456662118434906 2.430720329284668 3.522313117980957
on 0 1174 2 6.04480504989624 6.06742000579834 0
the 0 1175 3 1.408697485923767 3.4796743392944336 2.5877456665039062
reformed 0 1176 8 15.025551795959473 6.883131980895996 0
system 0 1177 6 6.657373905181885 6.168407440185547 0.7147245407104492
. 0 1178 1 1.1180164813995361 3.5783495903015137 2.590057849884033
<eos> 0 1179 5 0.054767586290836334 0.24250222742557526 3.3358473628759384
<unk> 0 1180 5 2.69610595703125 6.085249900817871 0
more 0 1181 4 14.044081687927246 7.441539287567139 0
, 0 1182 1 5.5763092041015625 9.181255340576172 0
the 0 1183 3 4.322317600250244 7.381836414337158 1.7994189262390137
chance 0 1184 6 13.956155776977539 9.683327674865723 0
of 0 1185 2 3.0465598106384277 2.3307993412017822 7.35252833366394
regeneration 0 1186 12 13.163435935974121 8.975013732910156 0
was 0 1187 3 4.553554534912109 4.951870441436768 4.023143291473389
possible 0 1188 8 9.034806251525879 8.983964920043945 0
as 0 1189 2 5.872995376586914 3.916781425476074 5.067183494567871
the 0 1190 3 2.674734592437744 5.451959609985352 0
remnants 0 1191 8 11.038293838500977 9.97890853881836 0
of 0 1192 2 0.8383838534355164 3.8560047149658203 6.122903823852539
<unk> 0 1193 5 1.7245512008666992 3.2220606803894043 0.633944034576416
headed 0 1194 6 10.695804595947266 7.236850738525391 0
towards 0 1195 7 4.066784381866455 5.737340450286865 1.4995102882385254
the 0 1196 3 0.6440212726593018 2.150733470916748 3.586606979370117
<unk> 0 1197 5 2.0358617305755615 5.078686714172363 0
. 0 1198 1 2.308213710784912 5.3746466636657715 0
<eos> 0 1199 5 0.06875450164079666 0.28549477458000183 5.08915188908577
<unk> 0 1200 5 2.6938881874084473 6.102672100067139 0
, 0 1201 1 4.530306339263916 7.452913761138916 0
on 0 1202 2 7.26753568649292 5.7965803146362305 1.6563334465026855
<unk> 0 1203 5 2.4535815715789795 4.005442142486572 1.7911381721496582
<unk> 0 1204 5 0.5244508385658264 2.250147819519043 1.7552943229675293
, 0 1205 1 0.8565533757209778 2.0593488216400146 0.19079899787902832
dry 0 1206 3 17.128726959228516 5.144619464874268 0
air 0 1207 3 4.581294536590576 6.319107532501221 0
and 0 1208 3 3.2961535453796387 6.549786567687988 0
wind 0 1209 4 8.140146255493164 8.206294059753418 0
shear 0 1210 5 0.2485274076461792 1.3219623565673828 6.884331703186035
caused 0 1211 6 8.139281272888184 5.330023765563965 0
the 0 1212 3 2.022969961166382 5.389427661895752 0
remnants 0 1213 8 7.149259567260742 5.068281173706055 0.32114648818969727
to 0 1214 2 0.6922810077667236 1.1308338642120361 3.9374473094940186
dissipate 0 1215 9 4.136870861053467 6.0453782081604 0
entirely 0 1216 8 14.24368953704834 4.535670280456543 1.5097079277038574
. 0 1217 1 1.2593669891357422 3.88985538482666 0.6458148956298828
<eos> 0 1218 5 0.062400784343481064 0.26562249660491943 3.6242328882217407
= 0 1219 1 3.8193342685699463 6.065739631652832 0
= 0 1220 1 0.09880605340003967 0.6820665597915649 5.383673071861267
<unk> 0 1221 5 5.664266586303711 5.686576843261719 0
= 0 1222 1 2.021699905395508 7.030452728271484 0
= 0 1223 1 0.00012382218847051263 0.0017533291829749942 7.028699399088509
<eos> 0 1224 5 16.694623947143555 4.868253231048584 0
<unk> 0 1225 5 2.6715798377990723 5.545781135559082 0
<unk> 0 1226 5 2.1645750999450684 6.441708087921143 0
passed 0 1227 6 13.347295761108398 5.701454162597656 0.7402539253234863
to 0 1228 2 5.065965175628662 4.948646068572998 0.7528080940246582
the 0 1229 3 1.3604393005371094 3.6274614334106445 1.3211846351623535
south 0 1230 5 6.296127796173096 5.699667453765869 0
of 0 1231 2 3.2471041679382324 3.730931043624878 1.9687364101409912
the 0 1232 3 2.0970683097839355 1.9244827032089233 1.8064483404159546
<unk> 0 1233 5 1.2129673957824707 5.811457633972168 0
<unk> 0 1234 5 3.086012840270996 6.891081809997559 0
islands 0 1235 7 7.550155162811279 6.719545364379883 0.17153644561767578
on 0 1236 2 3.6831116676330566 4.1952128410339355 2.5243325233459473
<unk> 0 1237 5 0.2431449145078659 1.0912151336669922 3.1039977073669434
<unk> 0 1238 5 0.14612752199172974 0.6892115473747253 0.40200358629226685
, 0 1239 1 1.3899692296981812 2.7112369537353516 0
outer 0 1240 5 20.386608123779297 3.8823435306549072 0
rain 0 1241 4 12.515031814575195 4.138793468475342 0
bands 0 1242 5 12.57392406463623 6.004354000091553 0
produced 0 1243 8 9.345649719238281 5.630791664123535 0.3735623359680176
minor 0 1244 5 10.524703025817871 5.937182903289795 0
rainfall 0 1245 8 2.6472723484039307 6.022286415100098 0
, 0 1246 1 2.804478406906128 4.034596920013428 1.98768949508667
totaling 0 1247 8 7.517767429351807 5.43925666809082 0
around 0 1248 6 5.318835735321045 4.0823798179626465 1.3568768501281738
<unk> 0 1249 5 0.0811152383685112 0.46497368812561035 3.617406129837036
<unk> 0 1250 5 1.647896409034729 2.583202362060547 0
<eos> 0 1251 5 0.18553756177425385 0.7748109698295593 1.8083913922309875
@ 0 1252 1 0.0 2.751719648586004e-06 0.7748082181099107
<unk> 0 1253 5 9.355552901979536e-05 0.0014075071085244417 0
inches 0 1254 6 0.565982460975647 1.5710749626159668 0
( 0 1255 1 0.002168446546420455 0.023019950836896896 1.54805501177907
<unk> 0 1256 5 0.0003631816362030804 0.004877086263149977 0.01814286457374692
mm 0 1257 2 0.09413085132837296 0.4204134941101074 0
) 0 1258 1 0.001183271175250411 0.011580285616219044 0.4088332084938884
. 0 1259 1 2.0457515716552734 2.8423640727996826 0
<eos> 0 1260 5 0.06633296608924866 0.2764424979686737 2.565921574831009
<unk> 0 1261 5 2.6951510906219482 6.102816104888916 0
were 0 1262 4 8.446844100952148 7.454286098480225 0
no 0 1263 2 10.117118835449219 9.041951179504395 0
reports 0 1264 7 16.132177352905273 3.1702141761779785 5.871737003326416
of 0 1265 2 1.4120187759399414 4.923566818237305 0
damage 0 1266 6 9.649961471557617 7.524908065795898 0
or 0 1267 2 4.289287090301514 4.53269100189209 2.9922170639038086
flooding 0 1268 8 6.73182487487793 7.883437156677246 0
from 0 1269 4 5.802157878875732 3.7560322284698486 4.1274049282073975
the 0 1270 3 1.410900354385376 5.4260053634643555 0
rain 0 1271 4 11.018813133239746 4.669587135314941 0.7564182281494141
and 0 1272 3 4.117162704467773 4.142065048217773 0.527522087097168
overall 0 1273 7 11.976264953613281 8.186692237854004 0
effects 0 1274 7 7.678476333618164 7.596107482910156 0.5905847549438477
were 0 1275 4 5.236088752746582 4.879563808441162 2.716543674468994
minor 0 1276 5 6.749233245849609 7.705389022827148 0
. 0 1277 1 0.9713964462280273 3.062208652496338 4.6431803703308105
<eos> 0 1278 5 0.0719081312417984 0.29345861077308655 2.7687500417232513
<unk> 0 1279 5 2.6887989044189453 6.099307537078857 0
days 0 1280 4 14.641551971435547 7.449073314666748 0
after 0 1281 5 2.802590847015381 4.498034477233887 2.9510388374328613
the 0 1282 3 1.2483972311019897 4.68033504486084 0
low 0 1283 3 12.604596138000488 8.401132583618164 0
dissipated 0 1284 10 6.235093593597412 6.207770347595215 2.193362236022949
, 0 1285 1 0.5606716871261597 2.537853479385376 3.669916868209839
the 0 1286 3 1.412083625793457 4.143547534942627 0
remnant 0 1287 7 10.132561683654785 5.570982933044434 0
moisture 0 1288 8 6.4235711097717285 1.9013943672180176 3.669588565826416
from 0 1289 4 5.573701858520508 6.7535014152526855 0
<unk> 0 1290 5 1.8975024223327637 2.5982789993286133 4.155222415924072
brought 0 1291 7 6.841643333435059 6.203549861907959 0
showers 0 1292 7 5.8497724533081055 5.921077728271484 0.2824721336364746
and 0 1293 3 2.338865041732788 3.6969032287597656 2.2241744995117188
thunderstorms 0 1294 13 0.5297561883926392 2.919260025024414 0.7776432037353516
to 0 1295 2 1.41985023021698 3.5945377349853516 0
<unk> 0 1296 5 3.110102653503418 3.8609707355499268 0
<unk> 0 1297 5 4.1491007804870605 3.715552806854248 0.1454179286956787
where 0 1298 5 10.65329647064209 3.6314916610717773 0.0840611457824707
up 0 1299 2 15.227368354797363 5.010156154632568 0
to 0 1300 2 0.13177722692489624 0.9241822957992554 4.085973858833313
<unk> 0 1301 5 0.18923866748809814 1.2427353858947754 0
in 0 1302 2 8.839296340942383 4.383353233337402 0
( 0 1303 1 0.4680900275707245 2.0113766193389893 2.371976613998413
<unk> 0 1304 5 0.0016895997105166316 0.021248402073979378 1.9901282172650099
<unk> 0 1305 5 5.894546985626221 0.3616050183773041 0
<eos> 0 1306 5 0.48774009943008423 1.3528815507888794 0
@ 0 1307 1 0.0 1.0318955219190684e-06 1.3528805188933575
<unk> 0 1308 5 0.00016234249051194638 0.0021596886217594147 0
mm 0 1309 2 0.6650362610816956 1.6483789682388306 0
) 0 1310 1 0.0007841996848583221 0.007986397482454777 1.6403925707563758
of 0 1311 2 0.43275800347328186 2.3997247219085693 0
rain 0 1312 4 0.6174094676971436 1.4759182929992676 0.9238064289093018
fell 0 1313 4 1.0842804908752441 3.7419071197509766 0
. 0 1314 1 1.3678014278411865 3.9981749057769775 0
<eos> 0 1315 5 0.0708843246102333 0.291461318731308 3.7067135870456696
<unk> 0 1316 5 2.6928932666778564 6.077710151672363 0
heavy 0 1317 5 16.256141662597656 7.442501068115234 0
rains 0 1318 5 4.192306995391846 7.987725257873535 0
led 0 1319 3 6.7791242599487305 6.373365879058838 1.6143593788146973
to 0 1320 2 0.2040649652481079 1.182091236114502 5.191274642944336
minor 0 1321 5 7.490148544311523 6.002941608428955 0
street 0 1322 6 14.369720458984375 3.851559638977051 2.1513819694519043
flooding 0 1323 8 1.4035077095031738 3.9140310287475586 0
and 0 1324 3 2.3730249404907227 4.517144203186035 0
some 0 1325 4 7.610538959503174 7.628726482391357 0
urban 0 1326 5 11.238661766052246 6.506004810333252 1.1227216720581055
flooding 0 1327 8 1.673864483833313 4.84320592880249 1.6627988815307617
. 0 1328 1 1.2353830337524414 4.042050361633301 0.8011555671691895
<eos> 0 1329 5 0.0690186470746994 0.28592637181282043 3.7561239898204803
<unk> 0 1330 5 2.6960854530334473 6.107149600982666 0
known 0 1331 5 15.36594009399414 7.4639892578125 0
damage 0 1332 6 13.855056762695312 4.5278754234313965 2.9361138343811035
was 0 1333 3 2.6519105434417725 5.702043533325195 0
caused 0 1334 6 5.079368591308594 8.442826271057129 0
by 0 1335 2 0.13430050015449524 0.883324384689331 7.559501886367798
the 0 1336 3 1.787912368774414 6.590259552001953 0
flood 0 1337 5 9.458074569702148 9.262730598449707 0
. 0 1338 1 5.119723796844482 6.970732688903809 2.2919979095458984
<eos> 0 1339 5 0.06349876523017883 0.26938652992248535 6.701346158981323
=========================================================================================
| End of testing | test loss  3.24 | test ppl    25.51
=========================================================================================
