word sentid sentpos wlen surp entropy entred
= 0 0 1 4.922719955444336 6.920167922973633 0
<unk> 0 1 5 3.587589740753174 1.486359715461731 5.433808207511902
<unk> 0 2 5 1.1710394620895386 5.611918926239014 0
= 0 3 1 0.94246906042099 3.6703286170959473 1.9415903091430664
<eos> 0 4 5 17.89202117919922 0.9449188113212585 2.7254098057746887
= 0 5 1 9.477343559265137 1.5184675455093384 0
<unk> 0 6 5 1.221456527709961 2.2053372859954834 0
<unk> 0 7 5 0.8259665966033936 3.778945207595825 0
= 0 8 1 1.7247520685195923 3.190434694290161 0.5885105133056641
<eos> 0 9 5 17.97930335998535 0.8648446798324585 2.3255900144577026
<unk> 0 10 5 0.2616502046585083 1.6425487995147705 0
<unk> 0 11 5 0.8729454278945923 3.095032215118408 0
( 0 12 1 1.6285463571548462 3.422001838684082 0
sometimes 0 13 9 7.990447521209717 3.3910911083221436 0.030910730361938477
referred 0 14 8 2.0555930137634277 4.7174530029296875 0
to 0 15 2 0.006659253966063261 0.06421779096126556 4.653235211968422
as 0 16 2 0.0593794509768486 0.4023447632789612 0
<unk> 0 17 5 1.296750545501709 2.963026762008667 0
<unk> 0 18 5 0.978897750377655 3.5059585571289062 0
<unk> 0 19 5 2.5275933742523193 3.078023672103882 0.4279348850250244
) 0 20 1 1.1750293970108032 3.3192696571350098 0
is 0 21 2 1.154097080230713 3.088273286819458 0.23099637031555176
a 0 22 1 0.7019532918930054 1.7844696044921875 1.3038036823272705
ruined 0 23 6 13.303213119506836 7.314887046813965 0
chapel 0 24 6 10.197415351867676 7.7506914138793945 0
near 0 25 4 8.304115295410156 4.255764484405518 3.494926929473877
<unk> 0 26 5 1.610764741897583 1.8413820266723633 2.4143824577331543
<unk> 0 27 5 3.6447196006774902 4.180657386779785 0
in 0 28 2 3.4751927852630615 4.301914691925049 0
<unk> 0 29 5 0.8940786123275757 2.266979694366455 2.0349349975585938
, 0 30 1 1.2867108583450317 3.5494942665100098 0
north 0 31 5 6.245521068572998 2.2583138942718506 1.2911803722381592
<unk> 0 32 5 0.156828835606575 0.8242645263671875 1.434049367904663
, 0 33 1 1.717603087425232 1.7735297679901123 0
dating 0 34 6 11.380402565002441 5.016973495483398 0
back 0 35 4 2.9818708896636963 2.0619969367980957 2.9549765586853027
to 0 36 2 0.13836757838726044 0.7642025947570801 1.2977943420410156
the 0 37 3 1.163821816444397 2.235653877258301 0
first 0 38 5 6.242256164550781 6.148883819580078 0
half 0 39 4 3.2640957832336426 5.5046820640563965 0.6442017555236816
of 0 40 2 0.038331445306539536 0.2582579255104065 5.24642413854599
the 0 41 3 0.4555531144142151 1.616065263748169 0
12th 0 42 4 3.8928728103637695 4.589157581329346 0
century 0 43 7 0.011727853678166866 0.09472832083702087 4.494429260492325
. 0 44 1 0.41589248180389404 1.591996192932129 0
<eos> 0 45 5 0.05915381386876106 0.25557827949523926 1.3364179134368896
<unk> 0 46 5 2.690262794494629 6.084533214569092 0
chapel 0 47 6 14.219403266906738 7.453132152557373 0
's 0 48 2 4.855391025543213 6.05877685546875 1.394355297088623
original 0 49 8 7.394344329833984 9.702104568481445 0
purpose 0 50 7 7.83114767074585 8.978713035583496 0.7233915328979492
is 0 51 2 2.0689704418182373 3.7756311893463135 5.203081846237183
unknown 0 52 7 7.05344295501709 5.2775421142578125 0
, 0 53 1 1.2613344192504883 2.5755341053009033 2.702008008956909
but 0 54 3 1.3837311267852783 4.215355396270752 0
it 0 55 2 2.7536444664001465 6.069644927978516 0
might 0 56 5 10.284048080444336 4.327392101287842 1.7422528266906738
have 0 57 4 1.7250850200653076 4.184990406036377 0.14240169525146484
been 0 58 4 0.47185155749320984 3.2223756313323975 0.9626147747039795
used 0 59 4 5.574409008026123 7.790633201599121 0
as 0 60 2 2.558474540710449 3.729707956314087 4.060925245285034
a 0 61 1 0.6516643762588501 2.975233554840088 0.754474401473999
memorial 0 62 8 5.975581169128418 9.411602973937988 0
chapel 0 63 6 6.1346116065979 4.5603437423706055 4.851259231567383
or 0 64 2 5.358580589294434 4.057424068450928 0.5029196739196777
in 0 65 2 6.384315013885498 8.195900917053223 0
connection 0 66 10 11.631714820861816 5.089128494262695 3.1067724227905273
with 0 67 4 0.16215617954730988 0.6505547165870667 4.438573777675629
a 0 68 1 4.369399547576904 4.190657615661621 0
local 0 69 5 7.488218307495117 9.174830436706543 0
royal 0 70 5 7.633395195007324 8.178235054016113 0.9965953826904297
court 0 71 5 4.9814887046813965 7.623537063598633 0.5546979904174805
, 0 72 1 3.4094088077545166 4.4600510597229 3.1634860038757324
or 0 73 2 4.970429420471191 6.431390762329102 0
as 0 74 2 5.971149444580078 7.66982364654541 0
a 0 75 1 0.9665659070014954 4.033749103546143 3.6360745429992676
chapel 0 76 6 5.531944274902344 9.105574607849121 0
of 0 77 2 4.176726818084717 4.349278926849365 4.756295680999756
ease 0 78 4 9.60835075378418 6.774569988250732 0
in 0 79 2 4.330544948577881 3.738584518432617 3.0359854698181152
a 0 80 1 5.066954135894775 5.45216178894043 0
large 0 81 5 6.106344699859619 9.35229778289795 0
parish 0 82 6 5.949819564819336 7.934140205383301 1.4181575775146484
with 0 83 4 6.641801834106445 4.733185291290283 3.2009549140930176
a 0 84 1 1.8412917852401733 5.954909801483154 0
growing 0 85 7 11.627975463867188 9.25800895690918 0
population 0 86 10 4.7285847663879395 8.772759437561035 0.48524951934814453
. 0 87 1 1.3246269226074219 3.232133626937866 5.540625810623169
<eos> 0 88 5 0.061126742511987686 0.26210200786590576 2.9700316190719604
<unk> 0 89 5 2.6942100524902344 6.086864948272705 0
was 0 90 3 3.7531650066375732 7.446191787719727 0
used 0 91 4 7.945572376251221 8.52304458618164 0
for 0 92 3 2.7062997817993164 3.4671828746795654 5.055861711502075
a 0 93 1 3.73005747795105 7.788188934326172 0
time 0 94 4 7.756676197052002 9.388848304748535 0
until 0 95 5 9.512706756591797 5.994046688079834 3.394801616668701
the 0 96 3 2.1525003910064697 4.19323205947876 1.8008146286010742
early 0 97 5 5.8080644607543945 8.195788383483887 0
18th 0 98 4 6.463248252868652 5.478229522705078 2.7175588607788086
century 0 99 7 0.023505307734012604 0.17952919006347656 5.298700332641602
as 0 100 2 7.508572578430176 3.3447840213775635 0
a 0 101 1 2.0649490356445312 5.156959056854248 0
private 0 102 7 7.8805365562438965 9.398642539978027 0
place 0 103 5 9.568229675292969 9.357444763183594 0.041197776794433594
of 0 104 2 3.251382827758789 4.826124668121338 4.531320095062256
worship 0 105 7 2.9972105026245117 9.220237731933594 0
for 0 106 3 5.14540433883667 4.89941930770874 4.3208184242248535
a 0 107 1 4.54268217086792 7.331554412841797 0
nearby 0 108 6 9.661243438720703 8.908459663391113 0
house 0 109 5 5.974996566772461 8.154681205749512 0.7537784576416016
, 0 110 1 2.758845329284668 3.892259120941162 4.26242208480835
then 0 111 4 8.006667137145996 6.069750785827637 0
later 0 112 5 8.041056632995605 8.324135780334473 0
fell 0 113 4 9.347821235656738 7.488215923309326 0.8359198570251465
into 0 114 4 2.7213680744171143 5.021224021911621 2.466991901397705
disrepair 0 115 9 1.5239782333374023 4.088539123535156 0.9326848983764648
. 0 116 1 0.8310917019844055 2.8915939331054688 1.1969451904296875
<eos> 0 117 5 0.06623933464288712 0.27751174569129944 2.6140821874141693
<unk> 0 118 5 2.6904869079589844 6.08008337020874 0
walls 0 119 5 15.773866653442383 7.454620838165283 0
still 0 120 5 9.152815818786621 6.770153999328613 0.6844668388366699
remain 0 121 6 5.0198774337768555 8.114401817321777 0
, 0 122 1 5.430787086486816 7.273809432983398 0.8405923843383789
with 0 123 4 3.9773974418640137 6.002270221710205 1.2715392112731934
some 0 124 4 4.791661262512207 6.038431167602539 0
traces 0 125 6 11.047518730163574 9.21129322052002 0
of 0 126 2 0.7611815333366394 3.9559531211853027 5.255340099334717
render 0 127 6 20.0814266204834 6.795388221740723 0
on 0 128 2 6.794653415679932 7.186529159545898 0
them 0 129 4 6.584672451019287 5.086610794067383 2.0999183654785156
internally 0 130 10 14.547408103942871 3.3931427001953125 1.6934680938720703
, 0 131 1 2.4834940433502197 2.824026584625244 0.5691161155700684
but 0 132 3 4.08231782913208 6.643482208251953 0
there 0 133 5 5.08048152923584 7.363779067993164 0
is 0 134 2 1.7288577556610107 2.6033387184143066 4.760440349578857
no 0 135 2 1.5050545930862427 4.183231353759766 0
roof 0 136 4 12.460214614868164 5.966606616973877 0
. 0 137 1 3.70755934715271 6.188385486602783 0
<eos> 0 138 5 0.06585703790187836 0.2746967673301697 5.9136887192726135
<unk> 0 139 5 2.680203914642334 6.094563007354736 0
contains 0 140 8 12.98516845703125 7.4443817138671875 0
a 0 141 1 2.3835432529449463 6.3804168701171875 1.06396484375
16th 0 142 4 15.13459587097168 9.302846908569336 0
<unk> 0 143 5 0.12457871437072754 1.083496332168579 8.219350576400757
century 0 144 7 0.02363169565796852 0.24273204803466797 0.8407642841339111
side 0 145 4 14.648299217224121 8.50345230102539 0
chapel 0 146 6 10.354409217834473 5.687115669250488 2.8163366317749023
with 0 147 4 4.936331272125244 4.687664985656738 0.99945068359375
a 0 148 1 1.6433051824569702 5.47470235824585 0
vault 0 149 5 10.607648849487305 9.246696472167969 0
beneath 0 150 7 9.935136795043945 6.043845176696777 3.2028512954711914
, 0 151 1 6.256986141204834 3.7217650413513184 2.322080135345459
used 0 152 4 11.634908676147461 6.126723766326904 0
as 0 153 2 2.5597126483917236 4.095186233520508 2.0315375328063965
a 0 154 1 0.6003955602645874 2.8335886001586914 1.2615976333618164
burial 0 155 6 8.807251930236816 9.46690845489502 0
chamber 0 156 7 3.7754387855529785 5.77301025390625 3.6938982009887695
. 0 157 1 1.806401252746582 3.9113898277282715 1.8616204261779785
<eos> 0 158 5 0.06685306131839752 0.2796754539012909 3.6317143738269806
<unk> 0 159 5 2.687347173690796 6.093461513519287 0
is 0 160 2 5.271938323974609 7.449941635131836 0
a 0 161 1 3.167097568511963 7.783877849578857 0
<unk> 0 162 5 3.124638557434082 9.5219144821167 0
<unk> 0 163 5 2.01165771484375 7.710919380187988 1.810995101928711
listed 0 164 6 11.32116413116455 7.377264499664307 0.33365488052368164
building 0 165 8 4.30811882019043 8.869775772094727 0
, 0 166 1 2.634303569793701 5.080496311187744 3.7892794609069824
a 0 167 1 3.4984145164489746 6.109372615814209 0
national 0 168 8 6.696715354919434 9.049816131591797 0
designation 0 169 11 8.320333480834961 5.212954044342041 3.836862087249756
given 0 170 5 4.594651222229004 5.51311731338501 0
to 0 171 2 0.5524494647979736 2.228670120239258 3.284447193145752
" 0 172 1 7.800083160400391 3.5453879833221436 0
buildings 0 173 9 10.232648849487305 6.479962348937988 0
of 0 174 2 2.0631768703460693 5.524299621582031 0.955662727355957
special 0 175 7 7.571108341217041 6.854431629180908 0
interest 0 176 8 1.5040309429168701 6.183103561401367 0.671328067779541
, 0 177 1 4.670440673828125 3.039573907852173 3.1435296535491943
which 0 178 5 5.765614986419678 8.50956916809082 0
warrant 0 179 7 12.669181823730469 6.445573806762695 2.063995361328125
every 0 180 5 8.746115684509277 7.583056449890137 0
effort 0 181 6 9.544751167297363 9.552629470825195 0
being 0 182 5 8.160442352294922 4.065446376800537 5.487183094024658
made 0 183 4 2.2886762619018555 7.108197212219238 0
to 0 184 2 1.883172869682312 4.424906253814697 2.683290958404541
preserve 0 185 8 5.383862018585205 8.175110816955566 0
them 0 186 4 8.197539329528809 5.751270771026611 2.423840045928955
" 0 187 1 2.3421642780303955 4.656729698181152 1.094541072845459
, 0 188 1 3.2591333389282227 1.8044227361679077 2.8523069620132446
in 0 189 2 5.151218891143799 6.128289222717285 0
particular 0 190 10 5.008452415466309 5.375399112701416 0.7528901100158691
because 0 191 7 6.207749366760254 5.862751483917236 0
it 0 192 2 2.829848051071167 4.280396938323975 1.5823545455932617
is 0 193 2 1.4846532344818115 5.312416076660156 0
" 0 194 1 4.607958793640137 7.928252220153809 0
a 0 195 1 2.917603015899658 7.9690775871276855 0
substantially 0 196 13 13.084569931030273 10.331985473632812 0
12th 0 197 4 19.096479415893555 7.594420909881592 2.7375645637512207
<unk> 0 198 5 1.782589077949524 6.778223514556885 0.816197395324707
century 0 199 7 0.1335354596376419 1.1247655153274536 5.653457999229431
structure 0 200 9 7.789556503295898 8.95489501953125 0
" 0 201 1 1.6592762470245361 4.521203994750977 4.433691024780273
with 0 202 4 7.554311752319336 2.1559019088745117 2.365302085876465
the 0 203 3 3.107725143432617 6.590002059936523 0
" 0 204 1 5.172021865844727 9.452159881591797 0
unusual 0 205 7 10.022871971130371 9.617504119873047 0
16th 0 206 4 13.960921287536621 9.044862747192383 0.5726413726806641
<unk> 0 207 5 0.9586794376373291 4.937953472137451 4.106909275054932
century 0 208 7 0.08583727478981018 0.7581603527069092 4.179793119430542
vaulted 0 209 7 13.980196952819824 8.160209655761719 0
south 0 210 5 13.464059829711914 8.407302856445312 0
chapel 0 211 6 7.414121150970459 4.895791053771973 3.51151180267334
" 0 212 1 0.27553829550743103 1.9363813400268555 2.959409713745117
. 0 213 1 1.3607391119003296 5.005924701690674 0
<eos> 0 214 5 0.06381801515817642 0.2704086899757385 4.735516011714935
= 0 215 1 3.849970579147339 6.089473724365234 0
= 0 216 1 0.0965166762471199 0.6694339513778687 5.420039772987366
<unk> 0 217 5 5.666779041290283 5.697015285491943 0
and 0 218 3 4.01278018951416 7.033464431762695 0
location 0 219 8 12.29936695098877 7.739096641540527 0
= 0 220 1 0.09388609230518341 0.8934837579727173 6.84561288356781
= 0 221 1 1.926192817336414e-05 0.00030661249184049666 0.8931771454808768
<eos> 0 222 5 20.40032958984375 4.828576564788818 0
<unk> 0 223 5 2.525068759918213 5.3341851234436035 0
oldest 0 224 6 17.866497039794922 6.426731586456299 0
parts 0 225 5 10.551342010498047 8.319829940795898 0
of 0 226 2 0.164195254445076 1.1005104780197144 7.219319462776184
<unk> 0 227 5 1.899705171585083 2.8792741298675537 0
<unk> 0 228 5 2.8866448402404785 6.195476531982422 0
date 0 229 4 10.190074920654297 5.412491321563721 0.7829852104187012
from 0 230 4 1.187562108039856 3.709789514541626 1.7027018070220947
the 0 231 3 0.7421175837516785 2.3276588916778564 1.3821306228637695
first 0 232 5 6.4211320877075195 6.155605792999268 0
half 0 233 4 3.1184966564178467 6.211719036102295 0
of 0 234 2 0.11186031252145767 0.687222957611084 5.524496078491211
the 0 235 3 0.31610679626464844 1.4880237579345703 0
12th 0 236 4 4.696441650390625 4.339936256408691 0
century 0 237 7 0.014919816516339779 0.11643090099096298 4.223505355417728
. 0 238 1 1.0306329727172852 2.686591863632202 0
<eos> 0 239 5 0.06295935064554214 0.26722702383995056 2.4193648397922516
<unk> 0 240 5 2.6976993083953857 6.105759620666504 0
was 0 241 3 3.754077196121216 7.458272457122803 0
a 0 242 1 4.091508865356445 8.521723747253418 0
time 0 243 4 10.88874626159668 9.137125015258789 0
when 0 244 4 5.888370990753174 4.8900604248046875 4.247064590454102
many 0 245 4 8.483325004577637 5.37429141998291 0
churches 0 246 8 10.73347282409668 8.252052307128906 0
on 0 247 2 8.034778594970703 5.513568878173828 2.738483428955078
<unk> 0 248 5 2.2768781185150146 3.422924280166626 2.090644598007202
in 0 249 2 6.601515769958496 6.959129333496094 0
north 0 250 5 8.360482215881348 3.799588918685913 3.1595404148101807
<unk> 0 251 5 0.08664631843566895 0.7214785814285278 3.0781103372573853
west 0 252 4 8.13409423828125 4.99705696105957 0
<unk> 0 253 5 1.0067795515060425 4.388625144958496 0.6084318161010742
were 0 254 4 1.4775221347808838 5.582521915435791 0
first 0 255 5 9.79783821105957 9.367302894592285 0
built 0 256 5 3.7970962524414062 8.034839630126953 1.332463264465332
in 0 257 2 1.8546966314315796 4.118290901184082 3.916548728942871
stone 0 258 5 9.533822059631348 3.3208515644073486 0.7974393367767334
following 0 259 9 11.856545448303223 5.47282075881958 0
the 0 260 3 0.8155624270439148 3.6957547664642334 1.7770659923553467
end 0 261 3 5.805593490600586 8.216591835021973 0
of 0 262 2 0.02500755712389946 0.18278668820858002 8.033805146813393
<unk> 0 263 5 3.0952060222625732 2.079986810684204 0
raids 0 264 5 16.150846481323242 3.5682294368743896 0
and 0 265 3 4.647720813751221 3.4841840267181396 0.08404541015625
attempts 0 266 8 11.307781219482422 8.15701675415039 0
by 0 267 2 5.0888566970825195 1.7793197631835938 6.377696990966797
the 0 268 3 1.8508152961730957 4.950962543487549 0
<unk> 0 269 5 1.515270471572876 7.075216293334961 0
to 0 270 2 1.4321078062057495 5.913904190063477 1.1613121032714844
gain 0 271 4 8.11956787109375 8.933055877685547 0
control 0 272 7 3.724086284637451 6.814768314361572 2.1182875633239746
of 0 273 2 1.3520175218582153 2.597464084625244 4.217304229736328
the 0 274 3 0.6565033197402954 3.1527040004730225 0
island 0 275 6 6.773517608642578 7.726036548614502 0
. 0 276 1 1.063943862915039 3.807239532470703 3.918797016143799
<eos> 0 277 5 0.06138553097844124 0.26254236698150635 3.5446971654891968
<unk> 0 278 5 2.701127767562866 6.088818073272705 0
reason 0 279 6 18.6461181640625 7.456927299499512 0
for 0 280 3 3.2918622493743896 5.625009536743164 1.8319177627563477
its 0 281 3 5.01015043258667 5.497470378875732 0.12753915786743164
construction 0 282 12 7.628417015075684 10.286444664001465 0
, 0 283 1 2.575953483581543 4.451161861419678 5.835282802581787
and 0 284 3 3.2700629234313965 7.639829158782959 0
the 0 285 3 1.946711540222168 7.102780818939209 0.53704833984375
saint 0 286 5 15.22585678100586 10.146078109741211 0
to 0 287 2 8.784119606018066 5.384675025939941 4.7614030838012695
whom 0 288 4 12.936765670776367 8.029149055480957 0
it 0 289 2 3.6425678730010986 5.181000709533691 2.8481483459472656
was 0 290 3 1.5678212642669678 5.586423397064209 0
dedicated 0 291 9 9.168525695800781 8.715435028076172 0
, 0 292 1 1.7068796157836914 3.305419445037842 5.41001558303833
are 0 293 3 8.468965530395508 6.359596252441406 0
unknown 0 294 7 7.301614284515381 8.727041244506836 0
. 0 295 1 0.6868381500244141 2.4298253059387207 6.297215938568115
<eos> 0 296 5 0.06626150757074356 0.2772758901119232 2.1525494158267975
<unk> 0 297 5 2.704625129699707 6.1126251220703125 0
<unk> 0 298 5 2.3806071281433105 7.446115493774414 0
, 0 299 1 2.812523126602173 6.2550859451293945 1.1910295486450195
author 0 300 6 6.422913551330566 5.530508041381836 0.7245779037475586
of 0 301 2 0.0838422104716301 0.5258898735046387 5.004618167877197
a 0 302 1 4.925076961517334 4.81544828414917 0
<unk> 0 303 5 3.0630950927734375 7.712886810302734 0
guide 0 304 5 5.775370121002197 6.784477710723877 0.9284090995788574
to 0 305 2 2.091350555419922 3.8662495613098145 2.9182281494140625
the 0 306 3 1.4808462858200073 4.311821937561035 0
churches 0 307 8 14.018623352050781 6.743627548217773 0
of 0 308 2 0.9994118809700012 3.1233348846435547 3.6202926635742188
<unk> 0 309 5 0.3544410765171051 1.7247490882873535 1.3985857963562012
, 0 310 1 0.8637738823890686 3.282524824142456 0
suggests 0 311 8 7.3749284744262695 7.123897075653076 0
that 0 312 4 0.22017621994018555 1.2718870639801025 5.852010011672974
it 0 313 2 5.042550563812256 5.139310836791992 0
may 0 314 3 5.854922294616699 4.261260032653809 0.8780508041381836
originally 0 315 10 12.3934907913208 3.199000358581543 1.0622596740722656
have 0 316 4 2.1154885292053223 3.385847330093384 0
been 0 317 4 0.6662524938583374 4.16659688949585 0
a 0 318 1 2.5004475116729736 7.345225811004639 0
memorial 0 319 8 11.287841796875 9.721714973449707 0
chapel 0 320 6 10.306400299072266 4.069118976593018 5.6525959968566895
, 0 321 1 2.62723445892334 4.7553019523620605 0
or 0 322 2 5.35869026184082 5.512613296508789 0
connected 0 323 9 13.65898323059082 7.234042167663574 0
to 0 324 2 1.0620685815811157 3.2731380462646484 3.960904121398926
a 0 325 1 3.0827133655548096 3.9840826988220215 0
royal 0 326 5 7.7615647315979 9.199461936950684 0
court 0 327 5 4.3126935958862305 7.4138665199279785 1.785595417022705
nearby 0 328 6 13.792819023132324 5.119969367980957 2.2938971519470215
. 0 329 1 1.1775197982788086 3.738795757293701 1.3811736106872559
<eos> 0 330 5 0.06442339718341827 0.27181747555732727 3.466978281736374
<unk> 0 331 5 2.689012050628662 6.090374946594238 0
and 0 332 3 4.8909993171691895 7.452548503875732 0
<unk> 0 333 5 0.581283450126648 3.213250160217285 4.239298343658447
, 0 334 1 5.102587699890137 8.308250427246094 0
authors 0 335 7 10.422155380249023 6.826201915740967 1.482048511505127
of 0 336 2 1.0748379230499268 3.7165966033935547 3.109605312347412
a 0 337 1 6.079666614532471 4.562610149383545 0
<unk> 0 338 5 3.211421012878418 8.703953742980957 0
guide 0 339 5 6.881049156188965 7.637181282043457 1.0667724609375
to 0 340 2 1.9164906740188599 4.590494155883789 3.046687126159668
ancient 0 341 7 9.624343872070312 4.553975582122803 0.03651857376098633
<unk> 0 342 5 0.6026175022125244 4.072103500366211 0.4818720817565918
monuments 0 343 9 14.159492492675781 5.139090061187744 0
, 0 344 1 0.7297362089157104 3.4994776248931885 1.6396124362945557
note 0 345 4 11.041056632995605 7.771257400512695 0
that 0 346 4 0.5298908948898315 2.5565218925476074 5.214735507965088
it 0 347 2 4.989108085632324 4.924056529998779 0
was 0 348 3 1.6709558963775635 4.320742607116699 0.6033139228820801
built 0 349 5 7.404268741607666 6.9212188720703125 0
in 0 350 2 1.7090933322906494 4.421098232269287 2.5001206398010254
the 0 351 3 1.8435920476913452 3.905324935913086 0.5157732963562012
large 0 352 5 12.177926063537598 7.108589172363281 0
parish 0 353 6 8.596590042114258 8.056889533996582 0
of 0 354 2 1.0385454893112183 4.164043426513672 3.89284610748291
<unk> 0 355 5 0.1664985567331314 1.136588454246521 3.027454972267151
<unk> 0 356 5 3.1956963539123535 4.169498443603516 0
and 0 357 3 4.604974269866943 4.2878522872924805 0
was 0 358 3 3.946913719177246 6.822159767150879 0
perhaps 0 359 7 10.0199556350708 7.8794355392456055 0
intended 0 360 8 7.839208602905273 5.5434980392456055 2.3359375
to 0 361 2 0.4879079759120941 1.6681510210037231 3.8753470182418823
serving 0 362 7 21.342458724975586 5.444249629974365 0
the 0 363 3 2.9426920413970947 4.478841781616211 0.9654078483581543
expanding 0 364 9 14.058503150939941 8.84978199005127 0
population 0 365 10 5.370133399963379 8.221504211425781 0.6282777786254883
in 0 366 2 3.8996829986572266 3.5823049545288086 4.639199256896973
medieval 0 367 8 9.324812889099121 3.433971643447876 0.14833331108093262
times 0 368 5 2.4790430068969727 3.0776350498199463 0.3563365936279297
. 0 369 1 0.7002089023590088 2.6568174362182617 0.42081761360168457
<eos> 0 370 5 0.06303936243057251 0.26731690764427185 2.38950052857399
<unk> 0 371 5 2.6913001537323 6.098888874053955 0
this 0 372 4 14.269963264465332 7.457752227783203 0
, 0 373 1 5.834635257720947 9.286896705627441 0
it 0 374 2 8.612298011779785 7.017767429351807 2.2691292762756348
seems 0 375 5 6.484982967376709 5.362873554229736 1.6548938751220703
to 0 376 2 2.7583155632019043 4.633724212646484 0.729149341583252
have 0 377 4 1.2264453172683716 3.1125314235687256 1.5211927890777588
remained 0 378 8 8.877130508422852 5.554896354675293 0
as 0 379 2 5.534366130828857 7.595491409301758 0
a 0 380 1 1.3480825424194336 5.485417366027832 2.110074043273926
chapel 0 381 6 12.369874000549316 10.076156616210938 0
of 0 382 2 3.6444883346557617 5.238335132598877 4.8378214836120605
ease 0 383 4 9.462090492248535 7.263646125793457 0
rather 0 384 6 9.544020652770996 4.740372180938721 2.5232739448547363
than 0 385 4 0.002787551609799266 0.03835589438676834 4.702016286551952
become 0 386 6 13.166983604431152 7.059816360473633 0
a 0 387 1 1.6218198537826538 5.893465042114258 1.166351318359375
parish 0 388 6 9.336237907409668 9.57308292388916 0
church 0 389 6 1.6942960023880005 4.671370506286621 4.901712417602539
in 0 390 2 3.422553777694702 3.531829595565796 1.1395409107208252
its 0 391 3 6.7853264808654785 2.782313585281372 0.7495160102844238
own 0 392 3 3.5605978965759277 8.19403076171875 0
right 0 393 5 0.8462591767311096 4.706180095672607 3.4878506660461426
. 0 394 1 0.6777327656745911 2.4364025592803955 2.269777536392212
<eos> 0 395 5 0.06997071206569672 0.2899163067340851 2.1464862525463104
<unk> 0 396 5 2.68575119972229 6.072465419769287 0
chapel 0 397 6 14.224189758300781 7.4449076652526855 0
is 0 398 2 2.660588026046753 6.060624122619629 1.3842835426330566
sometimes 0 399 9 9.471137046813965 6.109310150146484 0
referred 0 400 8 2.913455009460449 6.7304511070251465 0
to 0 401 2 0.008640451356768608 0.07203787565231323 6.658413231372833
as 0 402 2 0.10192374885082245 0.6539462804794312 0
" 0 403 1 2.5834105014801025 3.1939756870269775 0
<unk> 0 404 5 1.2785712480545044 5.2728776931762695 0
<unk> 0 405 5 2.2828149795532227 5.012309551239014 0.26056814193725586
<unk> 0 406 5 2.528404951095581 3.2145862579345703 1.7977232933044434
" 0 407 1 0.6484805941581726 2.952542543411255 0.26204371452331543
( 0 408 1 2.633293867111206 3.1544132232666016 0
" 0 409 1 1.9032081365585327 5.77729606628418 0
hen 0 410 3 15.099431037902832 7.800032138824463 0
" 0 411 1 3.0254127979278564 6.729301452636719 1.0707306861877441
being 0 412 5 12.204438209533691 1.5360716581344604 5.193229794502258
the 0 413 3 2.69551157951355 7.110640048980713 0
<unk> 0 414 5 2.791365146636963 8.165888786315918 0
word 0 415 4 4.775343418121338 7.366116046905518 0.7997727394104004
for 0 416 3 1.873383641242981 4.186338901519775 3.179777145385742
" 0 417 1 3.259809970855713 5.302791595458984 0
old 0 418 3 7.9405131340026855 7.733275413513184 0
" 0 419 1 3.500596761703491 6.2577409744262695 1.475534439086914
and 0 420 3 4.805779933929443 3.5735061168670654 2.684234857559204
" 0 421 1 0.33493420481681824 2.219419002532959 1.3540871143341064
<unk> 0 422 5 1.242311954498291 7.2560954093933105 0
" 0 423 1 0.3314959406852722 1.9540743827819824 5.302021026611328
meaning 0 424 7 9.802924156188965 1.5222132205963135 0.43186116218566895
" 0 425 1 0.28523385524749756 1.8905280828475952 0
chapel 0 426 6 12.878677368164062 7.584123134613037 0
" 0 427 1 0.7199151515960693 3.370929002761841 4.213194131851196
) 0 428 1 0.22017621994018555 1.1162352561950684 2.2546937465667725
. 0 429 1 0.8230952024459839 2.5548388957977295 0
<eos> 0 430 5 0.06609641760587692 0.2773820459842682 2.2774568498134613
<unk> 0 431 5 2.690109968185425 6.093820571899414 0
walls 0 432 5 15.77122688293457 7.451104164123535 0
were 0 433 4 2.607532024383545 6.75607442855835 0.6950297355651855
partially 0 434 9 10.026456832885742 7.911392688751221 0
rebuilt 0 435 7 4.276652812957764 7.386025905609131 0.5253667831420898
in 0 436 2 2.3081612586975098 4.132782459259033 3.2532434463500977
the 0 437 3 1.9250911474227905 3.4787375926971436 0.6540448665618896
14th 0 438 4 6.106649875640869 5.713036060333252 0
century 0 439 7 0.14736300706863403 0.7033846378326416 5.00965142250061
, 0 440 1 1.4092175960540771 3.0783517360687256 0
and 0 441 3 1.6597646474838257 5.105504512786865 0
the 0 442 3 1.7016857862472534 6.0911359786987305 0
upper 0 443 5 7.9270806312561035 8.823582649230957 0
parts 0 444 5 6.609890460968018 6.370335102081299 2.453247547149658
of 0 445 2 0.7241048812866211 2.7142672538757324 3.6560678482055664
the 0 446 3 0.15214276313781738 1.0854690074920654 1.628798246383667
walls 0 447 5 5.869902610778809 7.384682655334473 0
date 0 448 4 9.800029754638672 4.004392623901367 3.3802900314331055
from 0 449 4 1.4475159645080566 3.5812182426452637 0.4231743812561035
this 0 450 4 7.660453796386719 3.049001932144165 0.5322163105010986
time 0 451 4 2.13055682182312 2.9357290267944336 0.11327290534973145
. 0 452 1 0.46596017479896545 2.3098063468933105 0.625922679901123
<eos> 0 453 5 0.065149687230587 0.27461332082748413 2.0351930260658264
<unk> 0 454 5 2.6880764961242676 6.096663951873779 0
chapel 0 455 6 14.20870304107666 7.460726737976074 0
was 0 456 3 2.599142074584961 6.057426929473877 1.4032998085021973
added 0 457 5 8.078567504882812 7.066860675811768 0
to 0 458 2 0.9444214701652527 3.1415390968322754 3.925321578979492
the 0 459 3 0.4905109703540802 2.6686899662017822 0.47284913063049316
south 0 460 5 5.808177471160889 7.6446003913879395 0
side 0 461 4 4.605221748352051 5.429343223571777 2.215257167816162
of 0 462 2 0.7797968983650208 3.211291790008545 2.2180514335632324
the 0 463 3 0.5460132956504822 2.4835283756256104 0.7277634143829346
building 0 464 8 4.466240882873535 6.971515655517578 0
in 0 465 2 2.1478540897369385 4.209362983703613 2.762152671813965
the 0 466 3 4.1711835861206055 1.4098626375198364 2.799500346183777
16th 0 467 4 4.780745983123779 5.265439987182617 0
century 0 468 7 0.03703813627362251 0.2640950679779053 5.001344919204712
. 0 469 1 1.1394524574279785 2.845461845397949 0
<eos> 0 470 5 0.06309418380260468 0.26858654618263245 2.5768752992153168
<unk> 0 471 5 2.69614577293396 6.088332653045654 0
vault 0 472 5 21.05706024169922 7.449576377868652 0
under 0 473 5 12.149483680725098 7.301301002502441 0.14827537536621094
the 0 474 3 1.2684738636016846 4.380392551422119 2.9209084510803223
south 0 475 5 9.364542007446289 8.361875534057617 0
chapel 0 476 6 10.019427299499512 5.320030212402344 3.0418453216552734
was 0 477 3 3.020840883255005 6.005281448364258 0
used 0 478 4 7.255880832672119 7.397363185882568 0
to 0 479 2 2.5124711990356445 3.4910266399383545 3.906336545944214
bury 0 480 4 11.581689834594727 8.495460510253906 0
members 0 481 7 12.334138870239258 6.259632110595703 2.235828399658203
of 0 482 2 0.42030632495880127 2.284600257873535 3.975031852722168
a 0 483 1 6.301008224487305 2.05883526802063 0.22576498985290527
local 0 484 5 5.718873023986816 8.345101356506348 0
family 0 485 6 4.7931108474731445 7.709312915802002 0.6357884407043457
, 0 486 1 2.2939541339874268 5.203882217407227 2.5054306983947754
the 0 487 3 4.344518661499023 6.291022300720215 0
<unk> 0 488 5 1.970581293106079 8.278888702392578 0
<unk> 0 489 5 2.402637481689453 7.172080993652344 1.1068077087402344
. 0 490 1 3.1922593116760254 5.76867151260376 1.403409481048584
<eos> 0 491 5 0.0660330057144165 0.2769926190376282 5.491678893566132
<unk> 0 492 5 2.675719738006592 6.089807987213135 0
<unk> 0 493 5 2.3804092407226562 7.454735279083252 0
, 0 494 1 2.8216023445129395 6.261967658996582 1.19276762008667
the 0 495 3 2.980412483215332 5.534799575805664 0.727168083190918
vault 0 496 5 16.682119369506836 8.500664710998535 0
was 0 497 3 7.3299970626831055 6.76153039932251 1.7391343116760254
used 0 498 4 6.509130477905273 8.664447784423828 0
to 0 499 2 2.567354202270508 3.572446346282959 5.092001438140869
record 0 500 6 9.900775909423828 8.896660804748535 0
some 0 501 4 6.776757717132568 6.394035339355469 2.5026254653930664
" 0 502 1 9.733781814575195 6.930542469024658 0
atmospheres 0 503 11 20.322662353515625 10.351566314697266 0
" 0 504 1 0.5042517185211182 2.0887086391448975 8.262857675552368
for 0 505 3 4.371767520904541 5.757890224456787 0
the 0 506 3 1.6589832305908203 6.6620612144470215 0
album 0 507 5 3.434058904647827 8.528345108032227 0
" 0 508 1 7.354884624481201 3.82887601852417 4.699469089508057
<unk> 0 509 5 2.820058584213257 8.703654289245605 0
<unk> 0 510 5 2.449215888977051 4.203298568725586 4.5003557205200195
<unk> 0 511 5 2.4177870750427246 3.1101322174072266 1.0931663513183594
<unk> 0 512 5 2.2036962509155273 2.8971846103668213 0.21294760704040527
<unk> 0 513 5 1.807543158531189 2.6598544120788574 0.23733019828796387
<unk> 0 514 5 1.6144740581512451 2.6340999603271484 0.025754451751708984
<unk> 0 515 5 1.4113941192626953 2.7740793228149414 0
<unk> 0 516 5 1.3324170112609863 2.720327854156494 0.053751468658447266
" 0 517 1 1.324724555015564 2.8827569484710693 0
by 0 518 2 6.8721818923950195 3.487372398376465 0
<unk> 0 519 5 0.8718873858451843 4.419586181640625 0
<unk> 0 520 5 0.9912611246109009 4.096497535705566 0.3230886459350586
, 0 521 1 2.274271011352539 3.8803699016571045 0.21612763404846191
a 0 522 1 4.105014324188232 5.567509651184082 0
collective 0 523 10 12.586945533752441 8.581734657287598 0
of 0 524 2 4.590057373046875 8.643242835998535 0
<unk> 0 525 5 2.021716594696045 7.831395149230957 0.8118476867675781
musicians 0 526 9 4.830465793609619 7.1194682121276855 0.7119269371032715
including 0 527 9 7.507364749908447 4.982115745544434 2.137352466583252
members 0 528 7 8.78672981262207 3.370290994644165 1.6118247509002686
of 0 529 2 0.3555692732334137 1.6030436754226685 1.7672473192214966
<unk> 0 530 5 2.940394163131714 2.480318069458008 0
and 0 531 3 4.1212310791015625 5.047203063964844 0
the 0 532 3 3.1568281650543213 4.33839750289917 0.7088055610656738
<unk> 0 533 5 1.650390863418579 5.946052551269531 0
, 0 534 1 3.800889492034912 6.720396995544434 0
<unk> 0 535 5 2.1727051734924316 5.719917297363281 1.0004796981811523
<unk> 0 536 5 1.4960358142852783 4.28197717666626 1.4379401206970215
<unk> 0 537 5 2.8556578159332275 3.4085865020751953 0.8733906745910645
and 0 538 3 1.6981966495513916 3.8372185230255127 0
<unk> 0 539 5 0.36793020367622375 2.572793483734131 1.2644250392913818
that 0 540 4 13.108206748962402 2.816021203994751 0
was 0 541 3 6.513600826263428 7.406460285186768 0
described 0 542 9 7.56288480758667 8.495450973510742 0
by 0 543 2 2.0769147872924805 1.889173984527588 6.606276988983154
one 0 544 3 9.22789192199707 4.319706439971924 0
journalist 0 545 10 6.534206867218018 4.720992088317871 0
as 0 546 2 0.7920751571655273 2.8185226917266846 1.9024693965911865
" 0 547 1 0.8827195167541504 3.2050132751464844 0
possibly 0 548 8 10.6111478805542 6.955019474029541 0
the 0 549 3 2.2244675159454346 6.928830146789551 0.026189327239990234
<unk> 0 550 5 5.125690937042236 5.61857795715332 1.3102521896362305
pop 0 551 3 8.371994018554688 6.867125988006592 0
group 0 552 5 5.380152702331543 6.1188578605651855 0.7482681274414062
of 0 553 2 2.214235305786133 5.365492343902588 0.7533655166625977
all 0 554 3 4.881932258605957 7.069364547729492 0
time 0 555 4 1.9869911670684814 6.011408805847168 1.0579557418823242
" 0 556 1 1.1060521602630615 3.4825048446655273 2.5289039611816406
. 0 557 1 0.48334553837776184 2.0846779346466064 1.397826910018921
<eos> 0 558 5 0.07332504540681839 0.29871663451194763 1.7859613001346588
<unk> 0 559 5 2.6933913230895996 6.1012773513793945 0
a 0 560 1 12.153573989868164 7.453510761260986 0
time 0 561 4 8.353982925415039 9.973906517028809 0
, 0 562 1 4.569614887237549 6.727066516876221 3.246840000152588
<unk> 0 563 5 2.4388556480407715 7.814610958099365 0
<unk> 0 564 5 2.698794364929199 7.485200881958008 0.3294100761413574
was 0 565 3 4.92824125289917 6.441001892089844 1.044198989868164
used 0 566 4 7.661484718322754 8.299675941467285 0
as 0 567 2 2.0264675617218018 3.721137046813965 4.57853889465332
a 0 568 1 0.781383216381073 3.225128650665283 0.49600839614868164
private 0 569 7 8.4522123336792 10.074955940246582 0
place 0 570 5 9.499680519104004 8.999931335449219 1.0750246047973633
of 0 571 2 5.734601974487305 3.779383420944214 5.220547914505005
worship 0 572 7 3.038504123687744 9.25048542022705 0
for 0 573 3 3.8107476234436035 4.325892448425293 4.924592971801758
<unk> 0 574 5 2.814141035079956 6.610434532165527 0
<unk> 0 575 5 3.039358615875244 6.3899078369140625 0.22052669525146484
, 0 576 1 2.350658893585205 4.653817653656006 1.7360901832580566
a 0 577 1 3.186007261276245 5.471572399139404 0
" 0 578 1 7.358126640319824 8.773924827575684 0
venerable 0 579 9 13.236315727233887 9.08845043182373 0
mansion 0 580 7 13.843828201293945 6.914370059967041 2.1740803718566895
" 0 581 1 0.5160195827484131 2.852745771408081 4.06162428855896
once 0 582 4 12.166845321655273 4.805284023284912 0
owned 0 583 5 5.065970420837402 7.8609113693237305 0
by 0 584 2 0.06244755908846855 0.4532566964626312 7.407654672861099
the 0 585 3 1.7656151056289673 4.018461227416992 0
<unk> 0 586 5 1.592299222946167 6.869184970855713 0
family 0 587 6 3.5773768424987793 7.4563751220703125 0
which 0 588 5 9.491240501403809 3.7804274559020996 3.675947666168213
came 0 589 4 7.4596662521362305 6.127858638763428 0
into 0 590 4 4.219796657562256 3.5246379375457764 2.6032207012176514
the 0 591 3 2.5371623039245605 5.262386798858643 0
possession 0 592 10 5.688165187835693 6.689807891845703 0
of 0 593 2 0.03136686235666275 0.25616103410720825 6.433646857738495
<unk> 0 594 5 1.9150253534317017 3.8901541233062744 0
<unk> 0 595 5 1.795719027519226 5.202260494232178 0
, 0 596 1 2.779294729232788 4.141685485839844 1.060575008392334
1st 0 597 3 7.182013511657715 5.292051792144775 0
<unk> 0 598 5 5.741295337677002 2.0996904373168945 3.192361354827881
<unk> 0 599 5 1.9771428108215332 4.662817001342773 0
, 0 600 1 2.124480962753296 3.889063596725464 0.7737534046173096
in 0 601 2 3.679868698120117 6.088726043701172 0
the 0 602 3 3.4707489013671875 1.9354509115219116 4.15327513217926
18th 0 603 4 6.9781575202941895 7.096934795379639 0
century 0 604 7 0.09183613955974579 0.5897239446640015 6.507210850715637
. 0 605 1 0.4754260778427124 1.9240437746047974 0
<eos> 0 606 5 0.06083790212869644 0.26043662428855896 1.6636071503162384
<unk> 0 607 5 2.6882827281951904 6.089073181152344 0
the 0 608 3 9.939449310302734 7.453434944152832 0
early 0 609 5 11.555915832519531 9.501681327819824 0
part 0 610 4 7.566417694091797 8.703091621398926 0.7985897064208984
of 0 611 2 0.12252596765756607 0.8979024887084961 7.80518913269043
the 0 612 3 0.5238150954246521 2.344393253326416 0
18th 0 613 4 6.661406993865967 8.084573745727539 0
century 0 614 7 0.06903241574764252 0.49332115054130554 7.5912525951862335
, 0 615 1 1.4485177993774414 5.268024444580078 0
however 0 616 7 5.419651985168457 6.830097675323486 0
, 0 617 1 0.08281043916940689 0.6502268314361572 6.179870843887329
the 0 618 3 3.594939708709717 7.520455837249756 0
chapel 0 619 6 11.138321876525879 9.820244789123535 0
became 0 620 6 5.8007121086120605 6.024929046630859 3.795315742492676
unused 0 621 6 16.98957633972168 6.3344244956970215 0
and 0 622 3 3.5623247623443604 4.284277439117432 2.05014705657959
began 0 623 5 8.030593872070312 7.92043924331665 0
to 0 624 2 0.7929693460464478 4.167926788330078 3.7525124549865723
fall 0 625 4 6.026713848114014 8.075565338134766 0
into 0 626 4 3.2639636993408203 5.172399997711182 2.903165340423584
disrepair 0 627 9 0.7137472629547119 2.4502205848693848 2.722179412841797
. 0 628 1 0.7734706401824951 2.8004822731018066 0
<eos> 0 629 5 0.06812714785337448 0.28336095809936523 2.5171213150024414
<unk> 0 630 5 2.6878411769866943 6.082338333129883 0
walls 0 631 5 15.768896102905273 7.459952354431152 0
remain 0 632 6 10.44253158569336 6.776993751525879 0.6829586029052734
to 0 633 2 7.324948787689209 7.206662178039551 0
gable 0 634 5 19.35909652709961 6.63715934753418 0.5695028305053711
level 0 635 5 11.315794944763184 5.583425521850586 1.0537338256835938
, 0 636 1 1.7603594064712524 5.236928939819336 0.34649658203125
with 0 637 4 4.010547161102295 6.168234348297119 0
some 0 638 4 5.5500054359436035 6.30308723449707 0
traces 0 639 6 11.619587898254395 9.366170883178711 0
of 0 640 2 0.8216972351074219 4.206759452819824 5.159411430358887
render 0 641 6 19.666851043701172 7.01345682144165 0
on 0 642 2 7.115756034851074 7.620274543762207 0
the 0 643 3 1.007452368736267 4.983700752258301 2.6365737915039062
inside 0 644 6 9.149114608764648 8.611721992492676 0
, 0 645 1 3.2071213722229004 3.8461780548095703 4.7655439376831055
but 0 646 3 5.12417459487915 6.837792873382568 0
the 0 647 3 2.2070107460021973 6.6330885887146 0.20470428466796875
roof 0 648 4 7.192533016204834 9.708476066589355 0
has 0 649 3 3.5561773777008057 5.531267166137695 4.17720890045166
gone 0 650 4 10.097729682922363 6.411954879760742 0
. 0 651 1 6.495667934417725 6.539724349975586 0
<eos> 0 652 5 0.06239255145192146 0.2654115855693817 6.274312764406204
<unk> 0 653 5 2.6881232261657715 6.079957008361816 0
<unk> 0 654 5 2.3762059211730957 7.44705867767334 0
is 0 655 2 5.446716785430908 6.251434326171875 1.1956243515014648
in 0 656 2 7.0034308433532715 6.567183494567871 0
the 0 657 3 1.781136393547058 6.008823394775391 0.5583600997924805
<unk> 0 658 5 2.6062004566192627 8.37971019744873 0
countryside 0 659 11 12.53499984741211 8.147956848144531 0.23175334930419922
near 0 660 4 6.677340507507324 5.0379109382629395 3.110045909881592
<unk> 0 661 5 1.0275756120681763 2.5716593265533447 2.4662516117095947
; 0 662 1 6.08440637588501 3.767798662185669 0
the 0 663 3 2.115365982055664 5.160976409912109 0
parish 0 664 6 10.589214324951172 8.84614086151123 0
church 0 665 6 4.94142484664917 5.478938102722168 3.3672027587890625
of 0 666 2 3.7934927940368652 4.751598358154297 0.7273397445678711
<unk> 0 667 5 0.23798540234565735 1.3099209070205688 3.441677451133728
<unk> 0 668 5 2.015336751937866 5.498604774475098 0
, 0 669 1 3.1320090293884277 5.398929595947266 0.09967517852783203
<unk> 0 670 5 2.3264904022216797 6.026106834411621 0
is 0 671 2 4.973179817199707 4.5986647605896 1.4274420738220215
about 0 672 5 8.555521011352539 5.374248504638672 0
<unk> 0 673 5 0.605958104133606 3.0684502124786377 2.305798292160034
<unk> 0 674 5 1.3845442533493042 4.3507304191589355 0
<eos> 0 675 5 1.4110969305038452 1.8348718881607056 2.51585853099823
@ 0 676 1 3.577194729587063e-05 0.0005120734567753971 1.8343598147039302
<unk> 0 677 5 0.0003330919425934553 0.0048506902530789375 0
miles 0 678 5 1.3645048141479492 3.4565188884735107 0
( 0 679 1 0.038163624703884125 0.29689645767211914 3.1596224308013916
<unk> 0 680 5 0.0004952250164933503 0.006956923753023148 0.289939533919096
<unk> 0 681 5 0.10930939763784409 0.4118528366088867 0
<eos> 0 682 5 0.009851164184510708 0.06404802203178406 0.34780481457710266
@ 0 683 1 0.0 0.0 0.06404802203178406
<unk> 0 684 5 1.651023922022432e-05 0.00027944473549723625 0
km 0 685 2 0.004138668067753315 0.03500376641750336 0
) 0 686 1 0.0013813909608870745 0.012333663180470467 0.02267010323703289
away 0 687 4 3.9395694732666016 4.14150857925415 0
. 0 688 1 1.560281753540039 2.9940357208251953 1.147472858428955
<eos> 0 689 5 0.06626972556114197 0.27748534083366394 2.7165503799915314
<unk> 0 690 5 2.6876678466796875 6.097574234008789 0
of 0 691 2 8.446765899658203 7.450949668884277 0
the 0 692 3 1.902268409729004 3.749635696411133 3.7013139724731445
churchyard 0 693 10 15.221053123474121 8.17436695098877 0
wall 0 694 4 10.754125595092773 7.277180194854736 0.8971867561340332
remains 0 695 7 8.694048881530762 7.075599670410156 0.20158052444458008
, 0 696 1 6.714886665344238 7.087436676025391 0
showing 0 697 7 11.959700584411621 5.952282428741455 1.1351542472839355
that 0 698 4 2.7972867488861084 5.326923370361328 0.625359058380127
it 0 699 2 3.4160170555114746 4.715790748596191 0.6111326217651367
was 0 700 3 1.6400705575942993 4.766637325286865 0
originally 0 701 10 7.118734836578369 7.464916706085205 0
within 0 702 6 10.788233757019043 7.366780757904053 0.09813594818115234
a 0 703 1 2.7423198223114014 2.80534291267395 4.5614378452301025
mainly 0 704 6 17.649188995361328 8.82692813873291 0
circular 0 705 8 6.023953437805176 8.935096740722656 0
enclosure 0 706 9 5.281101703643799 8.093949317932129 0.8411474227905273
, 0 707 1 2.1433796882629395 4.700909614562988 3.3930397033691406
as 0 708 2 5.398778915405273 6.4919633865356445 0
often 0 709 5 13.326289176940918 5.0001325607299805 1.491830825805664
found 0 710 5 10.707345008850098 2.3309130668640137 2.669219493865967
with 0 711 4 6.3984575271606445 5.021880149841309 0
early 0 712 5 13.68857479095459 6.83355712890625 0
churches 0 713 8 8.748741149902344 7.7579851150512695 0
. 0 714 1 1.4894330501556396 4.049230575561523 3.708754539489746
<eos> 0 715 5 0.06337220221757889 0.2685464322566986 3.780684143304825
<unk> 0 716 5 2.6855132579803467 6.106418132781982 0
is 0 717 2 5.278611183166504 7.456227779388428 0
cared 0 718 5 14.522102355957031 7.784656524658203 0
for 0 719 3 0.08527874946594238 0.5287052392959595 7.255951285362244
by 0 720 2 1.0032161474227905 3.802572250366211 0
<unk> 0 721 5 2.0007388591766357 5.181647300720215 0
, 0 722 1 2.0624449253082275 4.864020824432373 0.3176264762878418
the 0 723 3 5.576399803161621 4.068079471588135 0.7959413528442383
<unk> 0 724 5 3.147883653640747 9.20008659362793 0
<unk> 0 725 5 3.1748478412628174 7.641218185424805 1.558868408203125
<unk> 0 726 5 2.8858442306518555 6.059025764465332 1.5821924209594727
body 0 727 4 14.606687545776367 5.673773765563965 0.3852519989013672
responsible 0 728 11 8.477802276611328 5.239779949188232 0.4339938163757324
for 0 729 3 0.08261231333017349 0.5449869632720947 4.694792985916138
the 0 730 3 1.8071662187576294 5.83949613571167 0
built 0 731 5 16.244060516357422 10.2754545211792 0
heritage 0 732 8 9.784717559814453 6.438628673553467 3.8368258476257324
of 0 733 2 1.0257264375686646 5.244315147399902 1.1943135261535645
<unk> 0 734 5 1.1237401962280273 3.966414451599121 1.2779006958007812
, 0 735 1 2.0286123752593994 4.4298906326293945 0
and 0 736 3 2.08425235748291 5.3852643966674805 0
is 0 737 2 3.8078789710998535 7.381829738616943 0
open 0 738 4 11.353625297546387 8.207258224487305 0
to 0 739 2 0.5350641012191772 2.3318870067596436 5.875371217727661
the 0 740 3 1.797410011291504 6.501317024230957 0
public 0 741 6 2.1943912506103516 7.547902584075928 0
. 0 742 1 1.2229176759719849 4.103748321533203 3.4441542625427246
<eos> 0 743 5 0.06917553395032883 0.2867978513240814 3.8169504702091217
= 0 744 1 3.833855152130127 6.082744121551514 0
= 0 745 1 0.0989520251750946 0.6842716932296753 5.398472428321838
<unk> 0 746 5 5.6621809005737305 5.712522506713867 0
and 0 747 3 4.018608570098877 7.04148006439209 0
fittings 0 748 8 14.39654541015625 7.74359655380249 0
= 0 749 1 0.09788697957992554 0.7020865678787231 7.041509985923767
= 0 750 1 1.651023922022432e-05 0.0002562314039096236 0.7018303364748135
<eos> 0 751 5 19.97941780090332 4.710041522979736 0
<unk> 0 752 5 2.6155576705932617 5.519913673400879 0
<unk> 0 753 5 2.3684775829315186 5.9509077072143555 0
is 0 754 2 4.719085693359375 5.562126636505127 0.3887810707092285
built 0 755 5 8.974059104919434 5.525570392608643 0.036556243896484375
from 0 756 4 4.240013599395752 4.4508585929870605 1.074711799621582
rubble 0 757 6 8.172286987304688 4.546546459197998 0
masonry 0 758 7 2.3713479042053223 5.99351167678833 0
; 0 759 1 7.376016616821289 5.09403657913208 0.89947509765625
at 0 760 2 7.86306619644165 5.263790607452393 0
about 0 761 5 7.229669094085693 2.9986937046051025 2.26509690284729
<unk> 0 762 5 0.6413824558258057 2.2030563354492188 0.7956373691558838
feet 0 763 4 4.456768035888672 3.602982997894287 0
( 0 764 1 0.1391655057668686 0.8165355920791626 2.7864474058151245
<unk> 0 765 5 0.003868888830766082 0.04318385571241379 0.7733517363667488
<unk> 0 766 5 1.6621806621551514 1.016636610031128 0
<eos> 0 767 5 0.01200026087462902 0.0748310312628746 0.9418055787682533
@ 0 768 1 0.0 3.4396526871205424e-07 0.07483068729760589
<unk> 0 769 5 0.00012382218847051263 0.0016463100910186768 0
m 0 770 1 0.011221453547477722 0.0836602970957756 0
) 0 771 1 0.0011447780998423696 0.01098303496837616 0.07267726212739944
up 0 772 2 11.07943058013916 4.990185737609863 0
the 0 773 3 1.4832775592803955 4.531259059906006 0.4589266777038574
walls 0 774 5 4.203564167022705 8.38603687286377 0
, 0 775 1 2.6094610691070557 5.045334339141846 3.340702533721924
the 0 776 3 2.035637378692627 6.507757663726807 0
style 0 777 5 11.220559120178223 8.8855562210083 0
changes 0 778 7 11.414898872375488 5.033152103424072 3.8524041175842285
and 0 779 3 5.406958103179932 5.960507869720459 0
smaller 0 780 7 11.074114799499512 7.914073944091797 0
stones 0 781 6 8.077200889587402 9.033929824829102 0
are 0 782 3 4.827236652374268 5.4089674949646 3.624962329864502
inserted 0 783 8 9.760456085205078 8.157596588134766 0
into 0 784 4 1.6302634477615356 4.123170375823975 4.034426212310791
spaces 0 785 6 11.46488094329834 3.5086779594421387 0.6144924163818359
between 0 786 7 6.707111358642578 3.971369743347168 0
the 0 787 3 0.8222324848175049 4.361682415008545 0
larger 0 788 6 9.332901000976562 8.323108673095703 0
blocks 0 789 6 10.522282600402832 7.917067050933838 0.40604162216186523
, 0 790 1 3.807178497314453 3.1246283054351807 4.792438745498657
showing 0 791 7 10.778940200805664 6.5112481117248535 0
where 0 792 5 11.412612915039062 5.942185878753662 0.5690622329711914
the 0 793 3 1.2814218997955322 5.257162094116211 0.6850237846374512
14th 0 794 4 11.637686729431152 10.154109954833984 0
<unk> 0 795 5 2.0015463829040527 6.871142864227295 3.2829670906066895
century 0 796 7 0.40176934003829956 2.8267176151275635 4.0444252490997314
rebuilding 0 797 10 10.848640441894531 9.226555824279785 0
started 0 798 7 9.801804542541504 7.194989204406738 2.031566619873047
. 0 799 1 1.3717529773712158 4.185743808746338 3.0092453956604004
<eos> 0 800 5 0.061891764402389526 0.26402387022972107 3.921719938516617
<unk> 0 801 5 2.6943159103393555 6.093825340270996 0
doorway 0 802 7 21.741926193237305 7.459469318389893 0
is 0 803 2 2.3908698558807373 6.362459182739258 1.0970101356506348
on 0 804 2 7.431446075439453 6.60205602645874 0
the 0 805 3 0.5008259415626526 2.5652413368225098 4.0368146896362305
south 0 806 5 3.585521697998047 6.605167865753174 0
side 0 807 4 0.7849645614624023 3.250209331512451 3.3549585342407227
, 0 808 1 4.51988410949707 1.2636487483978271 1.986560583114624
headed 0 809 6 11.953446388244629 6.381587505340576 0
by 0 810 2 0.33208340406417847 1.8440154790878296 4.537572026252747
a 0 811 1 2.0811798572540283 4.194643974304199 0
plain 0 812 5 11.018046379089355 8.363958358764648 0
arch 0 813 4 5.7602410316467285 8.52994441986084 0
, 0 814 1 2.697514772415161 6.5581746101379395 1.9717698097229004
and 0 815 3 2.946849822998047 6.802000522613525 0
dates 0 816 5 9.84121036529541 6.41343879699707 0.3885617256164551
from 0 817 4 1.489532232284546 3.1237168312072754 3.289721965789795
the 0 818 3 0.7295145988464355 2.6650702953338623 0.4586465358734131
12th 0 819 4 3.7323591709136963 5.646849155426025 0
century 0 820 7 0.2136327475309372 1.1023800373077393 4.544469118118286
. 0 821 1 0.7712059020996094 2.6490228176116943 0
<eos> 0 822 5 0.0645444393157959 0.2728124260902405 2.376210391521454
<unk> 0 823 5 2.689012050628662 6.098870277404785 0
is 0 824 2 5.277506351470947 7.455940246582031 0
a 0 825 1 3.1688876152038574 7.784120559692383 0
stone 0 826 5 12.355384826660156 9.521571159362793 0
<unk> 0 827 5 2.771981954574585 8.684242248535156 0.8373289108276367
at 0 828 2 8.86376953125 8.394003868103027 0.2902383804321289
the 0 829 3 1.3528058528900146 3.9680233001708984 4.425980567932129
west 0 830 4 6.766201972961426 7.477728366851807 0
end 0 831 3 0.8564020395278931 3.435293197631836 4.042435169219971
. 0 832 1 4.884084224700928 1.3228511810302734 2.1124420166015625
<eos> 0 833 5 0.06418111175298691 0.27141499519348145 1.051436185836792
<unk> 0 834 5 2.6910979747772217 6.102245807647705 0
is 0 835 2 5.26984977722168 7.4627604484558105 0
no 0 836 2 9.148202896118164 7.785580158233643 0
structural 0 837 10 15.35067367553711 2.0878045558929443 5.697775602340698
division 0 838 8 9.726304054260254 9.324785232543945 0
between 0 839 7 8.414849281311035 5.580793380737305 3.7439918518066406
the 0 840 3 1.394601821899414 5.583950519561768 0
nave 0 841 4 11.090807914733887 8.824295997619629 0
( 0 842 1 6.709600448608398 2.5599348545074463 6.264361143112183
where 0 843 5 7.71527099609375 7.132482528686523 0
the 0 844 3 1.3826730251312256 5.034429550170898 2.098052978515625
congregation 0 845 12 9.360227584838867 8.618803024291992 0
would 0 846 5 8.274106979370117 5.710254192352295 2.9085488319396973
have 0 847 4 2.5268709659576416 6.3098955154418945 0
sat 0 848 3 8.61659049987793 6.53817892074585 0
) 0 849 1 1.1805329322814941 4.214181900024414 2.3239970207214355
and 0 850 3 3.191232919692993 4.201598644256592 0.012583255767822266
the 0 851 3 3.0414140224456787 7.62363338470459 0
chancel 0 852 7 5.727836608886719 9.51232624053955 0
( 0 853 1 5.621122360229492 6.490578651428223 3.021747589111328
where 0 854 5 6.62085485458374 7.4886555671691895 0
the 0 855 3 1.524212121963501 5.351213455200195 2.137442111968994
altar 0 856 5 7.145158290863037 9.072470664978027 0
would 0 857 5 6.95621919631958 5.020482540130615 4.051988124847412
have 0 858 4 2.9709906578063965 5.260970115661621 0
been 0 859 4 1.4716074466705322 5.671597480773926 0
located 0 860 7 7.285416126251221 8.499739646911621 0
) 0 861 1 0.8926257491111755 3.6307332515716553 4.869006395339966
. 0 862 1 1.5344098806381226 4.279463768005371 0
<eos> 0 863 5 0.05376599729061127 0.23731982707977295 4.042143940925598
<unk> 0 864 5 2.6763651371002197 6.0845046043396 0
are 0 865 3 9.190112113952637 7.452314853668213 0
no 0 866 2 9.016733169555664 8.819785118103027 0
window 0 867 6 18.937923431396484 3.368013858795166 5.451771259307861
openings 0 868 8 12.718915939331055 7.0577168464660645 0
on 0 869 2 4.612796306610107 4.975780487060547 2.0819363594055176
the 0 870 3 0.48337027430534363 2.5860893726348877 2.389691114425659
north 0 871 5 5.937088966369629 8.00774097442627 0
side 0 872 4 0.8567323088645935 3.409064292907715 4.598676681518555
, 0 873 1 2.944263219833374 2.1386046409606934 1.2704596519470215
but 0 874 3 3.3043646812438965 6.125919342041016 0
there 0 875 5 4.737293720245361 6.462794780731201 0
is 0 876 2 1.6540520191192627 1.5630183219909668 4.899776458740234
a 0 877 1 1.929444432258606 4.135741233825684 0
blocked 0 878 7 14.71484088897705 9.517271995544434 0
opening 0 879 7 10.239625930786133 9.352237701416016 0.16503429412841797
to 0 880 2 6.334887504577637 8.32947063446045 1.0227670669555664
the 0 881 3 1.0274381637573242 4.967441082000732 3.362029552459717
east 0 882 4 3.938570499420166 7.145982265472412 0
( 0 883 1 6.991050720214844 4.435380935668945 2.710601329803467
about 0 884 5 8.770813941955566 7.197665214538574 0
<unk> 0 885 5 0.3597601354122162 2.0227105617523193 5.174954652786255
feet 0 886 4 2.6985867023468018 4.12667989730835 0
( 0 887 1 0.5162094235420227 1.9302947521209717 2.196385145187378
<unk> 0 888 5 0.0008447034051641822 0.01132349856197834 1.9189712535589933
<unk> 0 889 5 1.7999814748764038 1.0100826025009155 0
<eos> 0 890 5 0.03558528423309326 0.1914648562669754 0.8186177462339401
@ 0 891 1 0.0 5.159478746463719e-07 0.19146434031910076
<unk> 0 892 5 4.1275245166616514e-05 0.0006011261139065027 0
m 0 893 1 0.028760990127921104 0.1850443333387375 0
) 0 894 1 0.0007401953916996717 0.0077926041558384895 0.177251729182899
wide 0 895 4 4.8481550216674805 5.093815326690674 0
) 0 896 1 0.28518304228782654 1.6377699375152588 3.456045389175415
and 0 897 3 3.2259681224823 3.4172451496124268 0
there 0 898 5 7.903326511383057 6.2219462394714355 0
are 0 899 3 1.4823555946350098 1.8347722291946411 4.387174010276794
the 0 900 3 6.613127708435059 6.218080043792725 0
remains 0 901 7 8.38962173461914 8.561840057373047 0
of 0 902 2 0.5203315019607544 2.9379971027374268 5.62384295463562
a 0 903 1 2.481818199157715 4.613547325134277 0
window 0 904 6 8.942038536071777 9.238655090332031 0
on 0 905 2 4.807826042175293 6.381626129150391 2.8570289611816406
the 0 906 3 0.33461496233940125 2.041271448135376 4.340354681015015
south 0 907 5 3.829946279525757 6.934318542480469 0
wall 0 908 4 4.137267112731934 2.2765743732452393 4.6577441692352295
. 0 909 1 0.9799323081970215 3.1886579990386963 0
<eos> 0 910 5 0.06539476662874222 0.2762588858604431 2.912399113178253
<unk> 0 911 5 2.697080135345459 6.0969624519348145 0
is 0 912 2 5.270005226135254 7.452967643737793 0
a 0 913 1 3.1708881855010986 7.784560680389404 0
blocked 0 914 7 17.285978317260742 9.522045135498047 0
window 0 915 6 13.172204971313477 9.542510032653809 0
in 0 916 2 3.6665847301483154 6.0689167976379395 3.473593235015869
the 0 917 3 1.1801477670669556 4.79056453704834 1.2783522605895996
south 0 918 5 6.824787616729736 9.67187786102295 0
wall 0 919 4 4.484561920166016 5.50392484664917 4.167953014373779
of 0 920 2 1.8311448097229004 3.574075937271118 1.9298489093780518
the 0 921 3 0.5029708743095398 2.5122580528259277 1.0618178844451904
south 0 922 5 7.186921119689941 7.613103866577148 0
chapel 0 923 6 8.566079139709473 5.504345417022705 2.1087584495544434
. 0 924 1 2.1156206130981445 3.5395054817199707 1.9648399353027344
<eos> 0 925 5 0.06083790212869644 0.2612009644508362 3.2783045172691345
<unk> 0 926 5 2.6859190464019775 6.094552040100098 0
vault 0 927 5 21.031051635742188 7.456307888031006 0
, 0 928 1 3.5506505966186523 7.301059722900391 0.15524816513061523
which 0 929 5 3.9514968395233154 6.388219833374023 0.9128398895263672
is 0 930 2 2.646676778793335 6.426393985748291 0
about 0 931 5 7.380471706390381 7.286980628967285 0
<unk> 0 932 5 0.5805501341819763 3.026460886001587 4.260519742965698
square 0 933 6 5.498037815093994 4.550323963165283 0
feet 0 934 4 1.7964262962341309 2.3260226249694824 2.224301338195801
( 0 935 1 0.0594317689538002 0.4172898232936859 1.9087328016757965
<unk> 0 936 5 0.0006879385327920318 0.009810169227421284 0.40747965406626463
<unk> 0 937 5 0.06152298301458359 0.34944969415664673 0
<eos> 0 938 5 2.080280065536499 1.675423264503479 0
@ 0 939 1 1.1006847671524156e-05 0.0001552919711684808 1.6752679725323105
<unk> 0 940 5 3.577194729587063e-05 0.0005713852006010711 0
<unk> 0 941 5 1.0539427995681763 2.124941110610962 0
) 0 942 1 0.016169151291251183 0.11990966647863388 2.005031444132328
, 0 943 1 1.7669166326522827 5.0162129402160645 0
is 0 944 2 1.4028582572937012 4.245615005493164 0.7705979347229004
reached 0 945 7 14.967570304870605 6.20357084274292 0
by 0 946 2 1.7574039697647095 3.922680139541626 2.280890703201294
stone 0 947 5 10.78643798828125 4.917362213134766 0
steps 0 948 5 9.71847152709961 7.135051250457764 0
from 0 949 4 5.627657413482666 4.372824668884277 2.7622265815734863
inside 0 950 6 9.859369277954102 4.593438625335693 0
the 0 951 3 0.8248136043548584 3.8652265071868896 0.7282121181488037
south 0 952 5 8.646261215209961 8.334813117980957 0
chapel 0 953 6 9.500280380249023 5.721768379211426 2.6130447387695312
. 0 954 1 1.3306751251220703 3.732187271118164 1.9895811080932617
<eos> 0 955 5 0.06302273273468018 0.26834994554519653 3.4638373255729675
<unk> 0 956 5 2.6852972507476807 6.099451541900635 0
slabs 0 957 5 21.127120971679688 7.460259914398193 0
form 0 958 4 10.446586608886719 6.007218360900879 1.4530415534973145
the 0 959 3 2.4287073612213135 5.696517467498779 0.3107008934020996
roof 0 960 4 10.284737586975098 9.175536155700684 0
of 0 961 2 0.915901243686676 3.949755907058716 5.225780248641968
the 0 962 3 0.5283101797103882 2.640799045562744 1.3089568614959717
vault 0 963 5 10.337196350097656 8.60663890838623 0
and 0 964 3 2.866671562194824 4.773277759552002 3.8333611488342285
the 0 965 3 2.450359344482422 8.501668930053711 0
floor 0 966 5 7.84090518951416 9.555745124816895 0
of 0 967 2 2.4204232692718506 6.541491985321045 3.0142531394958496
the 0 968 3 0.3412300944328308 2.01396107673645 4.527530908584595
chapel 0 969 6 6.5422515869140625 7.925250053405762 0
above 0 970 5 9.241978645324707 4.311587333679199 3.6136627197265625
. 0 971 1 2.894773483276367 3.6128296852111816 0.6987576484680176
<eos> 0 972 5 0.05196629837155342 0.2316947877407074 3.3811348974704742
<unk> 0 973 5 2.6739048957824707 6.0985493659973145 0
stone 0 974 5 12.7428560256958 7.451420307159424 0
in 0 975 2 6.927034854888916 6.890478134155273 0.5609421730041504
the 0 976 3 1.685329556465149 4.11380672454834 2.7766714096069336
nave 0 977 4 13.788076400756836 6.652596950531006 0
, 0 978 1 3.6383259296417236 6.351616382598877 0.3009805679321289
about 0 979 5 8.995830535888672 7.264896869659424 0
<unk> 0 980 5 0.39111337065696716 2.0688979625701904 5.195998907089233
square 0 981 6 7.048201084136963 4.490386009216309 0
feet 0 982 4 1.7947752475738525 2.080930471420288 2.4094555377960205
( 0 983 1 0.028574014082551003 0.23142965137958527 1.8495008200407028
<unk> 0 984 5 0.000522732560057193 0.007627354469150305 0.22380229691043496
<unk> 0 985 5 0.057321157306432724 0.3370247185230255 0
<eos> 0 986 5 1.6195096969604492 1.6871144771575928 0
@ 0 987 1 1.926192817336414e-05 0.00025554359308443964 1.6868589335645083
<unk> 0 988 5 3.577194729587063e-05 0.000571729033254087 0
<unk> 0 989 5 1.2546147108078003 2.2175827026367188 0
) 0 990 1 0.02035994455218315 0.1418067067861557 2.075775995850563
with 0 991 4 9.468704223632812 5.062979221343994 0
a 0 992 1 2.1822617053985596 6.383834362030029 0
hole 0 993 4 12.702707290649414 8.63968276977539 0
in 0 994 2 2.7597644329071045 6.2956862449646 2.343996524810791
the 0 995 3 0.7279171943664551 3.244640827178955 3.0510454177856445
top 0 996 3 6.035106658935547 8.469768524169922 0
, 0 997 1 2.8426008224487305 4.629290580749512 3.84047794342041
might 0 998 5 11.002044677734375 6.127976417541504 0
once 0 999 4 11.832610130310059 5.160330295562744 0.9676461219787598
have 0 1000 4 2.919778347015381 5.489925384521484 0
been 0 1001 4 0.7035797238349915 3.94230055809021 1.5476248264312744
used 0 1002 4 5.916229248046875 8.15096378326416 0
as 0 1003 2 2.6161575317382812 3.814157009124756 4.336806774139404
a 0 1004 1 0.7219775915145874 3.1312179565429688 0.6829390525817871
churchyard 0 1005 10 15.993147850036621 9.629940032958984 0
cross 0 1006 5 15.804311752319336 4.0106377601623535 5.619302272796631
. 0 1007 1 1.6725506782531738 5.196521282196045 0
<eos> 0 1008 5 0.06601394712924957 0.2774958610534668 4.919025421142578
= 0 1009 1 3.8590636253356934 6.09589958190918 0
= 0 1010 1 0.09845108538866043 0.6814415454864502 5.4144580364227295
<unk> 0 1011 5 5.6580586433410645 5.705851078033447 0
= 0 1012 1 2.0319435596466064 7.038180828094482 0
= 0 1013 1 0.00012657367915380746 0.001786996377632022 7.03639383171685
<eos> 0 1014 5 16.696128845214844 4.868297576904297 0
<unk> 0 1015 5 2.6687936782836914 5.545852184295654 0
<unk> 0 1016 5 2.1619057655334473 6.443732261657715 0
has 0 1017 3 5.279329299926758 5.702463626861572 0.7412686347961426
national 0 1018 8 14.711821556091309 6.624238014221191 0
recognition 0 1019 11 5.401869297027588 9.266012191772461 0
and 0 1020 3 3.0250978469848633 4.857091903686523 4.4089202880859375
statutory 0 1021 9 9.245691299438477 10.27043628692627 0
protection 0 1022 10 6.699417591094971 8.959212303161621 1.3112239837646484
from 0 1023 4 5.175325393676758 5.30061149597168 3.6586008071899414
alteration 0 1024 10 8.977542877197266 6.282357692718506 0
as 0 1025 2 5.2899675369262695 4.804211616516113 1.4781460762023926
it 0 1026 2 5.473182678222656 4.890439510345459 0
has 0 1027 3 1.8893215656280518 4.659843444824219 0.23059606552124023
been 0 1028 4 0.9725315570831299 4.7980828285217285 0
designated 0 1029 10 4.857062339782715 8.208261489868164 0
as 0 1030 2 1.3710017204284668 4.59264612197876 3.6156153678894043
a 0 1031 1 1.2197257280349731 4.055383205413818 0.5372629165649414
<unk> 0 1032 5 4.227706432342529 8.460467338562012 0
<unk> 0 1033 5 2.9521000385284424 7.573670387268066 0.8867969512939453
listed 0 1034 6 8.27635669708252 7.117228031158447 0.45644235610961914
building 0 1035 8 2.086108446121216 6.733898162841797 0.3833298683166504
 0 1036 1 11.392410278320312 3.5713539123535156 3.1625442504882812
the 0 1037 3 2.414062738418579 6.5359296798706055 0
lowest 0 1038 6 8.869105339050293 7.328083038330078 0
of 0 1039 2 4.240093231201172 7.496516704559326 0
the 0 1040 3 0.9538818001747131 3.171940803527832 4.324575901031494
three 0 1041 5 4.399737358093262 7.518619537353516 0
grades 0 1042 6 6.229700088500977 8.008646965026855 0
of 0 1043 2 1.3897134065628052 3.6106812953948975 4.397965669631958
listing 0 1044 7 7.548854827880859 6.9919328689575195 0
, 0 1045 1 3.202638864517212 4.485682964324951 2.5062499046325684
designating 0 1046 11 2.3538646697998047 5.785677433013916 0
" 0 1047 1 4.9067888259887695 3.5266103744506836 2.2590670585632324
buildings 0 1048 9 9.02481460571289 7.045410633087158 0
of 0 1049 2 1.9076645374298096 5.614501476287842 1.4309091567993164
special 0 1050 7 6.417902946472168 7.101039886474609 0
interest 0 1051 8 0.7834800481796265 4.040501117706299 3.0605387687683105
, 0 1052 1 4.484278202056885 4.041192054748535 0
which 0 1053 5 6.378007888793945 8.76373291015625 0
warrant 0 1054 7 10.202386856079102 6.8618998527526855 1.9018330574035645
every 0 1055 5 8.490625381469727 7.9899492263793945 0
effort 0 1056 6 9.766971588134766 9.481987953186035 0
being 0 1057 5 7.902309894561768 4.170312404632568 5.311675548553467
made 0 1058 4 2.1663360595703125 6.895354270935059 0
to 0 1059 2 1.9081268310546875 4.49688196182251 2.398472309112549
preserve 0 1060 8 4.786202907562256 8.158417701721191 0
them 0 1061 4 8.584522247314453 5.394476890563965 2.7639408111572266
" 0 1062 1 2.4419333934783936 4.979732513427734 0.41474437713623047
. 0 1063 1 0.4226893484592438 1.9421594142913818 3.0375730991363525
<eos> 0 1064 5 0.06387033313512802 0.2696409225463867 1.6725184917449951
<unk> 0 1065 5 2.701686382293701 6.106644630432129 0
was 0 1066 3 3.741889715194702 7.4493818283081055 0
given 0 1067 5 6.671261787414551 8.520849227905273 0
this 0 1068 4 7.562901496887207 4.387425422668457 4.133423805236816
status 0 1069 6 5.444222450256348 8.075591087341309 0
on 0 1070 2 5.219235897064209 4.2119855880737305 3.863605499267578
<unk> 0 1071 5 1.0378726720809937 3.2750422954559326 0.9369432926177979
<unk> 0 1072 5 0.3221358358860016 1.599758505821228 1.6752837896347046
<unk> 0 1073 5 0.9346967935562134 2.110565662384033 0
and 0 1074 3 3.536907196044922 3.138866662979126 0
has 0 1075 3 8.300323486328125 7.582377910614014 0
been 0 1076 4 1.815485954284668 5.860629081726074 1.7217488288879395
listed 0 1077 6 6.025538921356201 8.477280616760254 0
because 0 1078 7 12.77190113067627 2.7976601123809814 5.6796205043792725
it 0 1079 2 4.484878063201904 2.0540802478790283 0.7435798645019531
is 0 1080 2 2.353259325027466 5.6765031814575195 0
" 0 1081 1 4.3331427574157715 7.202512264251709 0
important 0 1082 9 9.419523239135742 7.596457004547119 0
as 0 1083 2 6.487598419189453 4.036758899688721 3.5596981048583984
a 0 1084 1 1.5737265348434448 5.653660297393799 0
substantially 0 1085 13 15.643065452575684 10.26323413848877 0
12th 0 1086 4 18.908971786499023 8.66336727142334 1.5998668670654297
<unk> 0 1087 5 1.4123283624649048 6.238121509552002 2.425245761871338
century 0 1088 7 0.15096496045589447 1.2252538204193115 5.01286768913269
structure 0 1089 9 8.656457901000977 8.692591667175293 0
, 0 1090 1 3.5457677841186523 4.317967414855957 4.374624252319336
with 0 1091 4 4.37450647354126 6.083122730255127 0
some 0 1092 4 4.846383094787598 6.4784369468688965 0
architectural 0 1093 13 8.110272407531738 9.825665473937988 0
details 0 1094 7 6.721685886383057 8.222968101501465 1.6026973724365234
surviving 0 1095 9 14.405416488647461 6.35530948638916 1.8676586151123047
from 0 1096 4 3.885438919067383 5.9511895179748535 0.40411996841430664
this 0 1097 4 6.197896957397461 5.585729598999023 0.3654599189758301
early 0 1098 5 8.241203308105469 8.871582984924316 0
period 0 1099 6 2.5897724628448486 7.357931137084961 1.5136518478393555
" 0 1100 1 2.2537074089050293 4.16387939453125 3.194051742553711
, 0 1101 1 4.222559452056885 1.3221707344055176 2.8417086601257324
even 0 1102 4 8.674356460571289 5.878664016723633 0
though 0 1103 6 0.8878046870231628 3.681476354598999 2.197187662124634
it 0 1104 2 1.6240060329437256 4.375523567199707 0
is 0 1105 2 2.294215440750122 5.207308292388916 0
now 0 1106 3 4.455564022064209 7.306653022766113 0
in 0 1107 2 6.008723258972168 7.810098171234131 0
a 0 1108 1 4.515191078186035 5.877044200897217 1.933053970336914
" 0 1109 1 4.588746070861816 9.10945987701416 0
ruinous 0 1110 7 6.654081344604492 9.877997398376465 0
condition 0 1111 9 4.537378311157227 7.845580101013184 2.0324172973632812
" 0 1112 1 0.22927621006965637 1.3465075492858887 6.499072551727295
. 0 1113 1 0.632909893989563 2.6992669105529785 0
<eos> 0 1114 5 0.06199358403682709 0.2637856900691986 2.43548122048378
<unk> 0 1115 5 2.696993350982666 6.094287872314453 0
( 0 1116 1 7.543915748596191 7.4556474685668945 0
which 0 1117 5 8.652263641357422 4.2048821449279785 3.250765323638916
is 0 1118 2 2.8144712448120117 7.202531814575195 0
responsible 0 1119 11 8.260213851928711 7.978829860687256 0
for 0 1120 3 0.018835360184311867 0.17138603329658508 7.807443827390671
the 0 1121 3 1.8591296672821045 7.31635046005249 0
inclusion 0 1122 9 8.793532371520996 10.041080474853516 0
of 0 1123 2 0.013439393602311611 0.12174028158187866 9.919340193271637
<unk> 0 1124 5 2.2093963623046875 6.790061950683594 0
buildings 0 1125 9 11.514677047729492 6.857791900634766 0
on 0 1126 2 6.527190208435059 2.5838735103607178 4.273918390274048
the 0 1127 3 0.8753491044044495 3.9476332664489746 0
statutory 0 1128 9 9.775152206420898 7.447880744934082 0
lists 0 1129 5 6.523908615112305 7.972925186157227 0
) 0 1130 1 0.9693107008934021 2.83719539642334 5.135729789733887
also 0 1131 4 6.794846057891846 6.379014492034912 0
notes 0 1132 5 11.439175605773926 8.734618186950684 0
the 0 1133 3 2.3209030628204346 3.7643039226531982 4.970314264297485
" 0 1134 1 6.313960552215576 10.112768173217773 0
unusual 0 1135 7 9.585367202758789 10.379831314086914 0
16th 0 1136 4 16.307994842529297 9.527129173278809 0.8527021408081055
<unk> 0 1137 5 1.0307319164276123 4.299342632293701 5.227786540985107
century 0 1138 7 0.05403008684515953 0.5101057291030884 3.789236903190613
vaulted 0 1139 7 15.661084175109863 8.004376411437988 0
south 0 1140 5 13.538676261901855 8.713364601135254 0
chapel 0 1141 6 7.597728252410889 4.764164924621582 3.949199676513672
" 0 1142 1 0.28891435265541077 2.0103323459625244 2.7538325786590576
. 0 1143 1 2.5653936862945557 5.723855495452881 0
<eos> 0 1144 5 0.06665503233671188 0.2790030539035797 5.444852441549301
<unk> 0 1145 5 2.703275442123413 6.0872673988342285 0
19th 0 1146 4 19.035837173461914 7.445868968963623 0
<unk> 0 1147 5 1.8591874837875366 4.965865135192871 2.480003833770752
century 0 1148 7 0.04787725955247879 0.45238855481147766 4.513476580381393
antiquarian 0 1149 11 7.5727057456970215 7.909952640533447 0
<unk> 0 1150 5 0.33517906069755554 2.5137126445770264 5.396239995956421
<unk> 0 1151 5 0.2523577809333801 1.9398672580718994 0.573845386505127
mentioned 0 1152 9 9.101177215576172 6.332906246185303 0
the 0 1153 3 2.3156955242156982 3.988290786743164 2.3446154594421387
church 0 1154 6 7.799570083618164 9.948373794555664 0
in 0 1155 2 3.3324859142303467 4.494781494140625 5.453592300415039
her 0 1156 3 7.358398914337158 3.7411179542541504 0.7536635398864746
history 0 1157 7 8.739767074584961 7.933708190917969 0
of 0 1158 2 1.79457426071167 3.896118402481079 4.03758978843689
<unk> 0 1159 5 1.5475714206695557 4.258487701416016 0
. 0 1160 1 3.1886463165283203 5.80276346206665 0
<eos> 0 1161 5 0.06555714458227158 0.2752974331378937 5.527466028928757
<unk> 0 1162 5 2.681384325027466 6.087935447692871 0
said 0 1163 4 6.66005277633667 7.459847927093506 0
that 0 1164 4 1.4066474437713623 3.683689832687378 3.776158094406128
the 0 1165 3 1.9819486141204834 4.894767761230469 0
architecture 0 1166 12 14.884756088256836 9.161138534545898 0
was 0 1167 3 2.708458423614502 4.7082295417785645 4.452908992767334
of 0 1168 2 8.728605270385742 6.65807580947876 0
" 0 1169 1 3.3468525409698486 7.562227249145508 0
the 0 1170 3 3.864236831665039 8.628751754760742 0
<unk> 0 1171 5 3.832252264022827 9.36562442779541 0
kind 0 1172 4 9.865272521972656 7.660947322845459 1.7046771049499512
, 0 1173 1 5.54102087020874 1.490028738975525 6.170918583869934
[ 0 1174 1 5.97511625289917 7.583599090576172 0
which 0 1175 5 5.85178804397583 6.088449478149414 1.4951496124267578
] 0 1176 1 0.13430316746234894 1.0192201137542725 5.069229364395142
bears 0 1177 5 11.316089630126953 8.176210403442383 0
testimony 0 1178 9 19.057334899902344 5.437757968902588 2.738452434539795
to 0 1179 2 2.791361093521118 5.267303943634033 0.1704540252685547
its 0 1180 3 6.128150463104248 5.297365665435791 0
great 0 1181 5 8.734966278076172 10.765812873840332 0
antiquity 0 1182 9 11.773700714111328 9.947236061096191 0.8185768127441406
. 0 1183 1 2.2809839248657227 3.692105770111084 6.255130290985107
" 0 1184 1 4.52349328994751 0.2804396152496338 3.41166615486145
<eos> 0 1185 5 0.0 1.891796819109004e-05 0.2804206972814427
<unk> 0 1186 5 2.0215375423431396 6.340917110443115 0
recounted 0 1187 9 13.236029624938965 6.435860633850098 0
that 0 1188 4 1.7603111267089844 4.1315507888793945 2.304309844970703
a 0 1189 1 5.900241851806641 5.168724536895752 0
fox 0 1190 3 12.756300926208496 9.700868606567383 0
had 0 1191 3 6.414514064788818 9.147673606872559 0.5531949996948242
once 0 1192 4 9.42790412902832 7.804880142211914 1.3427934646606445
taken 0 1193 5 8.150050163269043 7.627922534942627 0.1769576072692871
shelter 0 1194 7 9.755366325378418 6.206474781036377 1.42144775390625
in 0 1195 2 2.319627523422241 4.629752159118652 1.5767226219177246
the 0 1196 3 1.438876986503601 4.085322856903076 0.5444293022155762
ruins 0 1197 5 11.894083023071289 8.895304679870605 0
, 0 1198 1 2.344907760620117 4.0960798263549805 4.799224853515625
and 0 1199 3 1.7141138315200806 5.2811784744262695 0
when 0 1200 4 8.138511657714844 7.270081043243408 0
it 0 1201 2 4.7622175216674805 5.241021156311035 2.029059886932373
was 0 1202 3 0.9150495529174805 4.681761741638184 0.5592594146728516
dug 0 1203 3 12.097513198852539 8.560319900512695 0
out 0 1204 3 5.30289363861084 5.373680591583252 3.1866393089294434
, 0 1205 1 1.790954351425171 4.823915004730225 0.5497655868530273
the 0 1206 3 2.2807252407073975 4.9091477394104 0
vault 0 1207 5 13.965476989746094 9.837224960327148 0
was 0 1208 3 1.296168565750122 5.927611827850342 3.9096131324768066
discovered 0 1209 10 7.073678016662598 8.985475540161133 0
, 0 1210 1 3.9752607345581055 4.846340179443359 4.139135360717773
" 0 1211 1 6.368433952331543 5.964288234710693 0
containing 0 1212 10 12.026444435119629 8.353154182434082 0
several 0 1213 7 8.311087608337402 7.101698398590088 1.2514557838439941
human 0 1214 5 10.22077465057373 10.139570236206055 0
skeletons 0 1215 9 5.113376140594482 8.938600540161133 1.2009696960449219
, 0 1216 1 1.9464130401611328 4.809445858001709 4.129154682159424
which 0 1217 5 5.306365013122559 8.453407287597656 0
crumbled 0 1218 8 14.854958534240723 7.9535956382751465 0.49981164932250977
into 0 1219 4 3.9668898582458496 5.810300350189209 2.1432952880859375
dust 0 1220 4 11.030387878417969 5.949057579040527 0
, 0 1221 1 2.927536725997925 6.370155334472656 0
when 0 1222 4 8.219149589538574 8.035456657409668 0
exposed 0 1223 7 9.10082721710205 6.680391788482666 1.355064868927002
to 0 1224 2 0.6476976871490479 3.1731412410736084 3.5072505474090576
the 0 1225 3 2.1291849613189697 7.787040710449219 0
air 0 1226 3 7.060555458068848 10.371986389160156 0
" 0 1227 1 5.53982400894165 6.234763145446777 4.137223243713379
. 0 1228 1 0.6272481679916382 2.358703374862671 3.8760597705841064
<eos> 0 1229 5 0.06247522681951523 0.2652003765106201 2.093502998352051
<unk> 0 1230 5 2.701075553894043 6.108218193054199 0
added 0 1231 5 9.774784088134766 7.461872577667236 0
that 0 1232 4 1.3494542837142944 4.267158508300781 3.194714069366455
further 0 1233 7 12.38701343536377 5.0280890464782715 0
exploration 0 1234 11 9.209965705871582 10.286945343017578 0
of 0 1235 2 1.143574595451355 4.387810230255127 5.899135112762451
the 0 1236 3 0.9589793682098389 4.742732048034668 0
vault 0 1237 5 16.183162689208984 9.403421401977539 0
then 0 1238 4 11.84802532196045 6.615549087524414 2.787872314453125
revealed 0 1239 8 7.008997440338135 9.218144416809082 0
" 0 1240 1 4.457586765289307 5.4613800048828125 3.7567644119262695
a 0 1241 1 3.7140161991119385 7.6635918617248535 0
large 0 1242 5 7.198230743408203 10.257246017456055 0
mass 0 1243 4 10.192612648010254 9.008480072021484 1.2487659454345703
of 0 1244 2 0.543773353099823 3.1984477043151855 5.810032367706299
human 0 1245 5 7.962467670440674 9.633062362670898 0
bones 0 1246 5 8.875370979309082 9.298644065856934 0.33441829681396484
, 0 1247 1 2.776353120803833 4.513312339782715 4.785331726074219
several 0 1248 7 11.587709426879883 8.637084007263184 0
feet 0 1249 4 6.972521781921387 9.569659233093262 0
in 0 1250 2 4.861849308013916 6.321595668792725 3.248063564300537
depth 0 1251 5 8.321754455566406 6.805847644805908 0
" 0 1252 1 2.7522644996643066 3.3942527770996094 3.411594867706299
. 0 1253 1 1.4783133268356323 2.740849018096924 0.6534037590026855
<eos> 0 1254 5 0.06527083367109299 0.2745020091533661 2.4663470089435577
<unk> 0 1255 5 2.696451425552368 6.115261554718018 0
<unk> 0 1256 5 2.380871295928955 7.461222171783447 0
book 0 1257 4 16.51129150390625 6.26015043258667 1.2010717391967773
about 0 1258 5 9.03575611114502 8.302810668945312 0
abandoned 0 1259 9 18.652803421020508 4.611932277679443 3.690878391265869
churches 0 1260 8 11.777249336242676 9.295326232910156 0
in 0 1261 2 3.0530622005462646 5.609861373901367 3.685464859008789
<unk> 0 1262 5 0.9175494313240051 3.1953186988830566 2.4145426750183105
refers 0 1263 6 12.119818687438965 5.487406253814697 0
to 0 1264 2 0.027167797088623047 0.24831226468086243 5.239093989133835
the 0 1265 3 1.2220687866210938 4.109911918640137 0
ancient 0 1266 7 8.2315092086792 9.694263458251953 0
monuments 0 1267 9 9.531596183776855 7.443058967590332 2.251204490661621
in 0 1268 2 3.7139432430267334 4.39150333404541 3.051555633544922
this 0 1269 4 6.6579999923706055 4.053078651428223 0.3384246826171875
part 0 1270 4 8.01091194152832 6.8110504150390625 0
of 0 1271 2 0.4364975392818451 1.8981322050094604 4.912918210029602
<unk> 0 1272 5 2.9492645263671875 2.8672773838043213 0
, 0 1273 1 2.66939640045166 5.023247718811035 0
and 0 1274 3 2.745997428894043 6.199678897857666 0
calls 0 1275 5 13.884879112243652 7.457115650177002 0
<unk> 0 1276 5 3.4794936180114746 4.760778903961182 2.6963367462158203
<unk> 0 1277 5 2.0493080615997314 5.592076778411865 0
a 0 1278 1 5.315386772155762 5.239669322967529 0.35240745544433594
" 0 1279 1 1.992321252822876 7.846610069274902 0
medieval 0 1280 8 8.655445098876953 9.559317588806152 0
gesture 0 1281 7 13.418283462524414 7.941916465759277 1.617401123046875
of 0 1282 2 2.181379556655884 2.5163276195526123 5.425588846206665
<unk> 0 1283 5 2.8988447189331055 8.892073631286621 0
power 0 1284 5 11.357134819030762 5.075606822967529 3.816466808319092
in 0 1285 2 4.915350914001465 2.929194688796997 2.1464121341705322
a 0 1286 1 4.951320171356201 4.945898532867432 0
land 0 1287 4 9.185537338256836 9.596319198608398 0
so 0 1288 2 11.562828063964844 6.17630672454834 3.4200124740600586
obviously 0 1289 9 11.598801612854004 6.55426549911499 0
imbued 0 1290 6 14.079180717468262 6.29830265045166 0.2559628486633301
with 0 1291 4 0.16479232907295227 0.9537637233734131 5.344538927078247
the 0 1292 3 2.464582920074463 7.671721458435059 0
spirit 0 1293 6 7.0601067543029785 9.929954528808594 0
of 0 1294 2 0.4333578646183014 2.1667041778564453 7.763250350952148
a 0 1295 1 4.090092658996582 6.867112636566162 0
pagan 0 1296 5 8.905719757080078 9.411144256591797 0
past 0 1297 4 12.040817260742188 8.300185203552246 1.1109590530395508
" 0 1298 1 1.6560938358306885 4.207336902618408 4.092848300933838
. 0 1299 1 0.3208673298358917 1.4208557605743408 2.7864811420440674
<eos> 0 1300 5 0.06282466650009155 0.26638251543045044 1.1544732451438904
<unk> 0 1301 5 2.6883764266967773 6.097196578979492 0
notes 0 1302 5 10.072426795959473 7.459707260131836 0
that 0 1303 4 0.409299373626709 2.013181447982788 5.446525812149048
" 0 1304 1 3.4494903087615967 5.05728816986084 0
the 0 1305 3 2.463848114013672 6.891289710998535 0
wheel 0 1306 5 14.867883682250977 10.362638473510742 0
has 0 1307 3 5.077491760253906 6.888988018035889 3.4736504554748535
turned 0 1308 6 9.5945405960083 6.944124221801758 0
full 0 1309 4 13.022286415100098 5.8616862297058105 1.0824379920959473
circle 0 1310 6 13.301095962524414 7.269423961639404 0
and 0 1311 3 3.557648181915283 6.880434036254883 0.3889899253845215
<unk> 0 1312 5 3.423637866973877 9.84179973602295 0
<unk> 0 1313 5 3.0885002613067627 8.112207412719727 1.7295923233032227
today 0 1314 5 12.91439151763916 8.258583068847656 0
is 0 1315 2 6.105166912078857 6.527620792388916 1.7309622764587402
just 0 1316 4 7.2682108879089355 7.633860111236572 0
another 0 1317 7 7.831667423248291 6.641557693481445 0.992302417755127
ruined 0 1318 6 14.785672187805176 9.9006986618042 0
relic 0 1319 5 11.490715980529785 9.568925857543945 0.3317728042602539
of 0 1320 2 2.3611607551574707 4.8663129806518555 4.70261287689209
a 0 1321 1 4.305573463439941 4.406955718994141 0.45935726165771484
former 0 1322 6 10.11141586303711 9.767321586608887 0
age 0 1323 3 8.47040843963623 9.34843921661377 0.4188823699951172
. 0 1324 1 1.9021432399749756 4.638863563537598 4.709575653076172
" 0 1325 1 4.516878128051758 0.2813703119754791 4.3574932515621185
<eos> 0 1326 5 0.0 1.926192817336414e-05 0.28135105004730576
<unk> 0 1327 5 2.0198824405670166 6.342012882232666 0
authors 0 1328 7 16.490079879760742 6.435716152191162 0
describe 0 1329 8 8.476025581359863 6.645961284637451 0
the 0 1330 3 1.3218145370483398 4.420742511749268 2.2252187728881836
chapel 0 1331 6 15.109611511230469 9.956070899963379 0
as 0 1332 2 0.828806459903717 3.439650535583496 6.516420364379883
a 0 1333 1 1.8470991849899292 3.5114874839782715 0
" 0 1334 1 1.0686397552490234 6.310042858123779 0
simple 0 1335 6 7.945140361785889 9.870244979858398 0
, 0 1336 1 2.801605701446533 7.545130729675293 2.3251142501831055
square 0 1337 6 11.280908584594727 9.80006217956543 0
building 0 1338 8 5.79021692276001 6.6621222496032715 3.137939929962158
" 0 1339 1 1.0745338201522827 4.09990119934082 2.562221050262451
with 0 1340 4 5.495761871337891 4.140814781188965 0
a 0 1341 1 2.0616772174835205 6.134195804595947 0
" 0 1342 1 2.310201644897461 8.552313804626465 0
small 0 1343 5 7.063631534576416 9.810836791992188 0
and 0 1344 3 4.410475730895996 8.207624435424805 1.6032123565673828
<unk> 0 1345 5 4.37997579574585 9.527719497680664 0
austere 0 1346 7 12.965733528137207 7.744685649871826 1.783033847808838
south 0 1347 5 13.87548828125 8.555086135864258 0
chapel 0 1348 6 8.225650787353516 4.999303340911865 3.5557827949523926
" 0 1349 1 0.7893728613853455 3.9272356033325195 1.0720677375793457
, 0 1350 1 2.363452911376953 4.5187668800354 0
adding 0 1351 6 7.4543609619140625 5.764128684997559 0
that 0 1352 4 2.5598337650299072 5.424723148345947 0.33940553665161133
the 0 1353 3 1.6934690475463867 4.329722881317139 1.0950002670288086
stone 0 1354 5 7.497497081756592 9.63659381866455 0
slabs 0 1355 5 10.00865364074707 8.63260269165039 1.0039911270141602
over 0 1356 4 10.86755084991455 4.9729204177856445 3.659682273864746
the 0 1357 3 0.681303083896637 3.375670909881592 1.5972495079040527
vault 0 1358 5 11.053088188171387 8.736427307128906 0
are 0 1359 3 3.0294687747955322 5.590247631072998 3.146179676055908
" 0 1360 1 3.8550503253936768 8.758726119995117 0
almost 0 1361 6 6.722111225128174 9.230727195739746 0
in 0 1362 2 9.007752418518066 7.594762325286865 1.6359648704528809
imitation 0 1363 9 11.559157371520996 5.489643573760986 2.105118751525879
of 0 1364 2 0.7532110214233398 2.691058874130249 2.7985846996307373
the 0 1365 3 1.910706639289856 6.934725761413574 0
ancient 0 1366 7 8.990034103393555 9.621797561645508 0
burial 0 1367 6 10.417792320251465 7.610033988952637 2.011763572692871
chambers 0 1368 8 6.165579319000244 7.357048988342285 0.25298500061035156
which 0 1369 5 8.150100708007812 3.3951871395111084 3.9618618488311768
dot 0 1370 3 17.895751953125 6.373323917388916 0
the 0 1371 3 2.902343273162842 7.210949420928955 0
surrounding 0 1372 11 10.980896949768066 9.702823638916016 0
landscape 0 1373 9 4.443784236907959 8.698616981506348 1.004206657409668
. 0 1374 1 1.5521531105041504 4.798216342926025 3.9004006385803223
" 0 1375 1 4.473673343658447 0.28713011741638184 4.5110862255096436
<eos> 0 1376 5 0.0 2.2873511625221e-05 0.2871072439047566
=========================================================================================
| End of testing | test loss  3.52 | test ppl    33.71
=========================================================================================
