word sentid sentpos wlen surp entropy entred
= 0 0 1 4.922719955444336 6.920167922973633 0
<unk> 0 1 5 3.587589740753174 1.486359715461731 5.433808207511902
<unk> 0 2 5 1.1710394620895386 5.611918926239014 0
<unk> 0 3 5 2.423243761062622 3.6703286170959473 1.9415903091430664
<unk> 0 4 5 2.5286526679992676 3.628356456756592 0.04197216033935547
= 0 5 1 1.0505717992782593 3.038649559020996 0.5897068977355957
<eos> 0 6 5 17.441762924194336 1.3376996517181396 1.7009499073028564
= 0 7 1 9.817139625549316 1.5140345096588135 0
<unk> 0 8 5 1.6457611322402954 1.7632476091384888 0
<unk> 0 9 5 0.5471317768096924 2.9413208961486816 0
<unk> 0 10 5 0.8371509909629822 2.8455286026000977 0.09579229354858398
<unk> 0 11 5 1.2435197830200195 3.540165424346924 0
= 0 12 1 2.6405115127563477 2.975499391555786 0.5646660327911377
<eos> 0 13 5 14.637238502502441 1.8219608068466187 1.1535385847091675
<unk> 0 14 5 0.6667258143424988 3.3946330547332764 0
<unk> 0 15 5 0.6500998735427856 3.042741060256958 0.35189199447631836
<unk> 0 16 5 1.079158067703247 3.505549192428589 0
<unk> 0 17 5 1.1459574699401855 3.2355756759643555 0.2699735164642334
took 0 18 4 13.743280410766602 2.554210901260376 0.6813647747039795
place 0 19 5 2.7813913822174072 4.9621100425720215 0
on 0 20 2 1.8721976280212402 2.375595808029175 2.5865142345428467
<unk> 0 21 5 0.3073152005672455 1.3369814157485962 1.0386143922805786
<unk> 0 22 5 0.26042571663856506 0.9753740429878235 0.3616073727607727
<unk> 0 23 5 0.24520044028759003 0.7965562343597412 0.17881780862808228
. 0 24 1 3.3437416553497314 3.2762885093688965 0
<eos> 0 25 5 0.05910148471593857 0.254548579454422 3.0217399299144745
<unk> 0 26 5 2.7004289627075195 6.070013523101807 0
annually 0 27 8 16.714580535888672 7.438013076782227 0
, 0 28 1 6.0298285484313965 9.539289474487305 0
the 0 29 3 3.434756278991699 7.12114953994751 2.418139934539795
event 0 30 5 9.45193099975586 9.30831527709961 0
is 0 31 2 3.876138210296631 6.887127876281738 2.421187400817871
a 0 32 1 3.3917813301086426 7.76741886138916 0
side 0 33 4 9.551168441772461 9.5438232421875 0
<unk> 0 34 5 1.0657998323440552 4.628229141235352 4.915594100952148
by 0 35 2 1.5706486701965332 5.873541355133057 0
<unk> 0 36 5 0.04101722687482834 0.4123629629611969 5.46117839217186
side 0 37 4 0.019118987023830414 0.1808052957057953 0.2315576672554016
rowing 0 38 6 0.004031311254948378 0.040484048426151276 0.140321247279644
race 0 39 4 0.4397720396518707 1.2324445247650146 0
between 0 40 7 0.1441957950592041 0.9711893796920776 0.261255145072937
crews 0 41 5 0.44699251651763916 1.3523876667022705 0
from 0 42 4 0.42880919575691223 2.0734667778015137 0
the 0 43 3 0.7593212723731995 3.070964813232422 0
<unk> 0 44 5 7.466383457183838 0.32679057121276855 2.7441742420196533
of 0 45 2 6.944916725158691 5.973598003387451 0
<unk> 0 46 5 0.2257622927427292 1.3333455324172974 4.640252470970154
and 0 47 3 0.7409039735794067 2.7239975929260254 0
<unk> 0 48 5 0.6187742948532104 1.6699501276016235 1.0540474653244019
along 0 49 5 6.8834967613220215 5.667761325836182 0
the 0 50 3 0.8039735555648804 2.408457040786743 3.2593042850494385
<unk> 0 51 5 4.539698123931885 1.0255017280578613 1.3829553127288818
<unk> 0 52 5 4.6081695556640625 1.1053392887115479 0
. 0 53 1 2.648634672164917 4.320159912109375 0
<eos> 0 54 5 0.06311903893947601 0.26806363463401794 4.052096277475357
<unk> 0 55 5 2.7211644649505615 6.090438365936279 0
won 0 56 3 7.698305130004883 7.462606430053711 0
the 0 57 3 0.9406185746192932 3.7672359943389893 3.6953704357147217
race 0 58 4 5.221078395843506 6.5444746017456055 0
. 0 59 1 6.425634860992432 5.638104438781738 0.9063701629638672
<eos> 0 60 5 0.062018293887376785 0.2647629976272583 5.37334144115448
<unk> 0 61 5 2.701770305633545 6.086551189422607 0
's 0 62 2 3.7259669303894043 7.455442428588867 0
crew 0 63 4 9.005789756774902 10.370125770568848 0
featured 0 64 8 9.87600040435791 7.260769844055176 3.109355926513672
the 0 65 3 3.5248491764068604 6.343664169311523 0.9171056747436523
oldest 0 66 6 12.251169204711914 9.041887283325195 0
competitor 0 67 10 14.269502639770508 8.764243125915527 0.27764415740966797
in 0 68 2 2.732020139694214 5.498426914215088 3.2658162117004395
<unk> 0 69 5 2.693406581878662 3.978351593017578 1.5200753211975098
<unk> 0 70 5 2.6184070110321045 5.571109294891357 0
history 0 71 7 7.795866012573242 5.054515361785889 0.5165939331054688
. 0 72 1 2.155132532119751 3.550358295440674 1.5041570663452148
<eos> 0 73 5 0.06914521008729935 0.28647032380104065 3.263887971639633
<unk> 0 74 5 2.6996572017669678 6.100578308105469 0
race 0 75 4 15.837348937988281 7.451911926269531 0
took 0 76 4 6.743298053741455 8.221635818481445 0
place 0 77 5 0.5012097358703613 2.5407135486602783 5.680922269821167
in 0 78 2 1.6152253150939941 3.210810899734497 0
very 0 79 4 14.121137619018555 2.4404067993164062 0.7704041004180908
difficult 0 80 9 6.861151695251465 5.777439117431641 0
weather 0 81 7 5.1255340576171875 4.089141845703125 1.6882972717285156
conditions 0 82 10 0.818326473236084 2.968250274658203 1.1208915710449219
– 0 83 1 11.5488920211792 3.636112928390503 0
strong 0 84 6 13.580946922302246 6.399962902069092 0
winds 0 85 5 3.723069429397583 8.272757530212402 0
and 0 86 3 2.540494680404663 5.975032329559326 2.297725200653076
heavy 0 87 5 3.9018378257751465 7.725408554077148 0
rain 0 88 4 1.1978522539138794 2.9309933185577393 4.794415235519409
– 0 89 1 9.568046569824219 5.417331218719482 0
resulting 0 90 9 7.9285969734191895 7.722944736480713 0
in 0 91 2 0.07428832352161407 0.4131042957305908 7.309840440750122
the 0 92 3 2.76698899269104 6.6967692375183105 0
slowest 0 93 7 13.282679557800293 8.285725593566895 0
winning 0 94 7 10.316421508789062 8.382262229919434 0
time 0 95 4 2.731860399246216 7.034504413604736 1.3477578163146973
in 0 96 2 2.979139804840088 4.639246463775635 2.3952579498291016
over 0 97 4 9.24893569946289 3.2933382987976074 1.3459081649780273
sixty 0 98 5 8.82280158996582 3.609739065170288 0
years 0 99 5 1.4420732259750366 3.666419267654419 0
. 0 100 1 0.5140246152877808 2.2145562171936035 1.4518630504608154
<eos> 0 101 5 0.07018548995256424 0.28989097476005554 1.924665242433548
<unk> 0 102 5 2.710010528564453 6.10338020324707 0
won 0 103 3 7.759510517120361 7.447807788848877 0
by 0 104 2 6.212861061096191 3.7597014904022217 3.6881062984466553
six 0 105 3 5.990805149078369 4.693378925323486 0
lengths 0 106 7 0.9892551898956299 3.563739776611328 1.1296391487121582
, 0 107 1 1.785611867904663 4.217639446258545 0
the 0 108 3 5.104169845581055 6.0395283699035645 0
largest 0 109 7 5.967855930328369 5.950295448303223 0.0892329216003418
margin 0 110 6 2.106074810028076 6.879397392272949 0
of 0 111 2 1.188944935798645 3.5543551445007324 3.325042247772217
victory 0 112 7 1.4301995038986206 4.204607963562012 0
since 0 113 5 3.5223422050476074 3.440486431121826 0.7641215324401855
the 0 114 3 1.4917746782302856 2.920239210128784 0.520247220993042
<unk> 0 115 5 1.1114674806594849 5.41519021987915 0
race 0 116 4 3.1359386444091797 5.923212051391602 0
. 0 117 1 0.9170692563056946 2.463493824005127 3.4597182273864746
<eos> 0 118 5 0.07048819214105606 0.2905406057834625 2.1729532182216644
<unk> 0 119 5 2.7073206901550293 6.115769386291504 0
's 0 120 2 3.721148729324341 7.4660820960998535 0
<unk> 0 121 5 3.597857713699341 10.3748779296875 0
beat 0 122 4 11.616762161254883 6.544745445251465 3.830132484436035
<unk> 0 123 5 1.3582708835601807 4.661427974700928 1.883317470550537
's 0 124 2 4.413005828857422 5.323286533355713 0
<unk> 0 125 5 1.3214994668960571 7.021750450134277 0
in 0 126 2 5.303163528442383 5.1711931228637695 1.8505573272705078
the 0 127 3 1.306860327720642 3.958440065383911 1.2127530574798584
reserve 0 128 7 13.319917678833008 5.664271831512451 0
race 0 129 4 3.870455741882324 6.558986186981201 0
, 0 130 1 1.31428861618042 3.5826523303985596 2.9763338565826416
while 0 131 5 4.902030944824219 6.09598970413208 0
<unk> 0 132 5 1.0005263090133667 4.033299446105957 2.062690258026123
won 0 133 3 3.6254119873046875 6.049606800079346 0
the 0 134 3 1.2372651100158691 4.124636173248291 1.9249706268310547
<unk> 0 135 5 2.6828014850616455 6.029153823852539 0
's 0 136 2 6.690649032592773 6.164573669433594 0
<unk> 0 137 5 1.7713854312896729 6.37598991394043 0
<unk> 0 138 5 1.9892159700393677 6.027583122253418 0.3484067916870117
. 0 139 1 4.159700393676758 5.437651634216309 0.5899314880371094
<eos> 0 140 5 0.07163830101490021 0.29314184188842773 5.144509792327881
= 0 141 1 3.8141238689422607 6.101570129394531 0
= 0 142 1 0.09879240393638611 0.6848833560943604 5.416686773300171
<unk> 0 143 5 5.6577863693237305 5.696001052856445 0
= 0 144 1 2.0226094722747803 7.033228397369385 0
= 0 145 1 0.00012382218847051263 0.0017727394588291645 7.031455657910556
<eos> 0 146 5 16.696157455444336 4.8614821434021 0
<unk> 0 147 5 2.6704916954040527 5.543328285217285 0
<unk> 0 148 5 2.1642420291900635 6.446920871734619 0
<unk> 0 149 5 2.110522985458374 5.704086780548096 0.7428340911865234
is 0 150 2 4.226410388946533 5.845356464385986 0
a 0 151 1 1.8045259714126587 5.281651020050049 0.5637054443359375
side 0 152 4 10.374210357666016 9.169504165649414 0
<unk> 0 153 5 0.7831965684890747 4.151830673217773 5.017673492431641
by 0 154 2 1.85420823097229 4.514469623565674 0
<unk> 0 155 5 0.01857120171189308 0.20083485543727875 4.313634768128395
side 0 156 4 0.02894541434943676 0.23846042156219482 0
rowing 0 157 6 0.0907023474574089 0.6824917793273926 0
competition 0 158 11 2.468641757965088 2.004345417022705 0
between 0 159 7 0.5733131766319275 2.7947325706481934 0
the 0 160 3 0.751487135887146 1.9373475313186646 0.8573850393295288
<unk> 0 161 5 3.4744513034820557 1.6064445972442627 0.33090293407440186
of 0 162 2 9.226061820983887 4.5451979637146 0
<unk> 0 163 5 0.7138767242431641 1.6932666301727295 2.85193133354187
( 0 164 1 2.2564589977264404 2.413984775543213 0
sometimes 0 165 9 4.387523651123047 1.763858437538147 0.6501263380050659
referred 0 166 8 0.3133523762226105 1.828056812286377 0
to 0 167 2 0.00410831393674016 0.03744758293032646 1.7906092293560505
as 0 168 2 0.012487462721765041 0.10288125276565552 0
the 0 169 3 0.31152257323265076 1.287945032119751 0
" 0 170 1 0.2950369715690613 1.8103322982788086 0
<unk> 0 171 5 2.4358136653900146 5.374383449554443 0
<unk> 0 172 5 3.6325762271881104 4.3467535972595215 1.0276298522949219
" 0 173 1 0.5407216548919678 2.6095216274261475 1.737231969833374
) 0 174 1 0.12741298973560333 0.8193670511245728 1.7901545763015747
and 0 175 3 0.4595404267311096 1.4829626083374023 0
the 0 176 3 0.3648315668106079 1.848650574684143 0
<unk> 0 177 5 1.0968530178070068 4.359108924865723 0
of 0 178 2 9.205204963684082 5.29850435256958 0
<unk> 0 179 5 2.8062422275543213 1.9591541290283203 3.3393502235412598
( 0 180 1 1.523380994796753 3.609095811843872 0
sometimes 0 181 9 7.075704574584961 4.488470077514648 0
referred 0 182 8 0.5480824708938599 2.525038480758667 1.9634315967559814
to 0 183 2 0.00435592932626605 0.040382206439971924 2.484656274318695
as 0 184 2 0.04315798357129097 0.2905818223953247 0
the 0 185 3 0.5712519884109497 1.9744274616241455 0
" 0 186 1 0.6114547252655029 2.6888370513916016 0
<unk> 0 187 5 1.668208360671997 6.454466342926025 0
<unk> 0 188 5 2.9544637203216553 5.69456148147583 0.7599048614501953
" 0 189 1 0.7930381298065186 3.561255693435669 2.133305788040161
) 0 190 1 0.11404794454574585 0.7930923700332642 2.768163323402405
. 0 191 1 0.22259505093097687 1.3007911443710327 0
<eos> 0 192 5 0.056680046021938324 0.24633236229419708 1.0544587820768356
<unk> 0 193 5 2.7237868309020996 6.073050022125244 0
held 0 194 4 10.198963165283203 7.444258213043213 0
in 0 195 2 7.783071994781494 4.730400085449219 2.713858127593994
<unk> 0 196 5 1.856205940246582 5.093804359436035 0
, 0 197 1 2.818697929382324 6.23003625869751 0
the 0 198 3 4.012751579284668 5.344936847686768 0.8850994110107422
race 0 199 4 9.606856346130371 7.4742655754089355 0
takes 0 200 5 11.358574867248535 7.3813276290893555 0.09293794631958008
place 0 201 5 0.8022274971008301 3.473982095718384 3.9073455333709717
on 0 202 2 2.3825621604919434 4.119767189025879 0
the 0 203 3 1.4250606298446655 2.9192306995391846 1.2005364894866943
<unk> 0 204 5 1.2658405303955078 6.129569053649902 0
<unk> 0 205 5 1.2404488325119019 5.6412034034729 0.48836565017700195
<eos> 0 206 5 4.148364543914795 6.078103542327881 0
@ 0 207 1 0.03538157045841217 0.21229806542396545 5.865805476903915
<unk> 0 208 5 0.00032191560603678226 0.004792582243680954 0.2075054831802845
<unk> 0 209 5 0.7227922081947327 2.6517221927642822 0
mile 0 210 4 0.21932335197925568 1.1080348491668701 1.543687343597412
( 0 211 1 0.08670689165592194 0.623702883720398 0.48433196544647217
<unk> 0 212 5 0.00047339056618511677 0.006388233508914709 0.6173146502114832
<unk> 0 213 5 0.09844835847616196 0.3888538181781769 0
<eos> 0 214 5 0.0016536968760192394 0.01582319661974907 0.3730306215584278
@ 0 215 1 0.0 2.923702140833484e-06 0.015820272917608236
<unk> 0 216 5 1.1006847671524156e-05 0.00019140398944728076 0
km 0 217 2 0.0013676454545930028 0.013308700174093246 0
) 0 218 1 0.0012657528277486563 0.013139991089701653 0.00016870908439159393
<unk> 0 219 5 6.897163391113281 1.681114912033081 0
<unk> 0 220 5 2.6073973178863525 6.0167317390441895 0
on 0 221 2 9.373405456542969 5.262279033660889 0.7544527053833008
the 0 222 3 1.99921715259552 2.8062639236450195 2.456015110015869
<unk> 0 223 5 1.6959636211395264 4.918766021728516 0
<unk> 0 224 5 2.4572854042053223 4.2174201011657715 0.7013459205627441
in 0 225 2 7.2046051025390625 4.580136775970459 0
southwest 0 226 9 8.05588436126709 1.9959579706192017 2.5841788053512573
<unk> 0 227 5 0.1844891756772995 1.3486764430999756 0.6472815275192261
. 0 228 1 0.6799561977386475 2.4439585208892822 0
<eos> 0 229 5 0.0664898157119751 0.27863264083862305 2.165325880050659
<unk> 0 230 5 2.704742193222046 6.090878486633301 0
rivalry 0 231 7 18.34950065612793 7.454523086547852 0
is 0 232 2 3.8230326175689697 6.007941722869873 1.4465813636779785
a 0 233 1 2.663057804107666 7.368042469024658 0
major 0 234 5 2.6388797760009766 8.38041877746582 0
point 0 235 5 3.188929796218872 7.5965094566345215 0.7839093208312988
of 0 236 2 1.0033907890319824 3.072948932647705 4.523560523986816
honour 0 237 6 0.10827207565307617 0.8773552775382996 2.1955936551094055
between 0 238 7 1.2474576234817505 3.926553249359131 0
the 0 239 3 0.8429460525512695 3.7349534034729004 0.19159984588623047
two 0 240 3 2.2271037101745605 5.932963848114014 0
universities 0 241 12 0.1480564922094345 0.9905974864959717 4.942366361618042
and 0 242 3 2.79499888420105 2.869257688522339 0
followed 0 243 8 9.819625854492188 6.037787437438965 0
throughout 0 244 10 5.023386001586914 4.335604190826416 1.7021832466125488
the 0 245 3 0.7031421661376953 2.3526976108551025 1.9829065799713135
<unk> 0 246 5 3.2278144359588623 5.674623489379883 0
<unk> 0 247 5 3.2920079231262207 6.51630163192749 0
and 0 248 3 4.285238265991211 6.226051330566406 0.290250301361084
broadcast 0 249 9 7.598077774047852 4.834020137786865 1.392031192779541
worldwide 0 250 9 3.753967046737671 4.075730323791504 0.7582898139953613
. 0 251 1 0.9653124809265137 3.3830831050872803 0.6926472187042236
<eos> 0 252 5 0.0679812952876091 0.2820294499397278 3.1010536551475525
<unk> 0 253 5 2.710838794708252 6.089547157287598 0
went 0 254 4 8.572893142700195 7.45546293258667 0
into 0 255 4 3.939707040786743 3.144310712814331 4.311152219772339
the 0 256 3 1.7243984937667847 5.96308708190918 0
race 0 257 4 2.029667615890503 7.090350151062012 0
as 0 258 2 3.593212842941284 5.36716365814209 1.7231864929199219
reigning 0 259 8 0.2982509732246399 1.5509557723999023 3.8162078857421875
champions 0 260 9 0.10693204402923584 0.6227134466171265 0.9282423257827759
, 0 261 1 1.1976184844970703 3.188183307647705 0
having 0 262 6 2.2994768619537354 5.5998663902282715 0
beaten 0 263 6 3.6185343265533447 4.164575576782227 1.435290813446045
<unk> 0 264 5 0.8970587253570557 3.2455995082855225 0.9189760684967041
by 0 265 2 3.4949488639831543 4.733456611633301 0
over 0 266 4 10.265450477600098 5.147542953491211 0
a 0 267 1 3.3267059326171875 3.318474054336548 1.829068899154663
length 0 268 6 5.828973770141602 5.278060436248779 0
in 0 269 2 4.208354949951172 4.422441482543945 0.855618953704834
the 0 270 3 1.8949804306030273 4.332311630249023 0.09012985229492188
previous 0 271 8 1.8502511978149414 5.656484603881836 0
year 0 272 4 1.9670329093933105 3.8817315101623535 1.7747530937194824
's 0 273 2 1.0938124656677246 2.433243989944458 1.4484875202178955
race 0 274 4 1.0333186388015747 4.839253902435303 0
and 0 275 3 4.427003860473633 3.2064220905303955 1.6328318119049072
the 0 276 3 3.6885366439819336 7.018091678619385 0
overall 0 277 7 6.986594200134277 6.897927284240723 0.12016439437866211
lead 0 278 4 5.027638912200928 7.919985294342041 0
, 0 279 1 5.141392707824707 5.678544044494629 2.241441249847412
with 0 280 4 3.4279003143310547 6.211170673370361 0
<unk> 0 281 5 1.1947730779647827 3.955674886703491 2.25549578666687
victories 0 282 9 2.444258689880371 5.3897857666015625 0
to 0 283 2 3.4529051780700684 4.255031585693359 1.1347541809082031
<unk> 0 284 5 0.34642255306243896 1.9958999156951904 2.259131669998169
's 0 285 2 0.5272904634475708 2.2865123748779297 0
<unk> 0 286 5 0.46555283665657043 3.1303229331970215 0
. 0 287 1 2.885854959487915 4.820810794830322 0
<eos> 0 288 5 0.05983078479766846 0.2581418752670288 4.5626689195632935
<unk> 0 289 5 2.739555597305298 6.070529937744141 0
race 0 290 4 15.881035804748535 7.464164733886719 0
was 0 291 3 3.17881441116333 8.206696510314941 0
sponsored 0 292 9 9.61909294128418 7.719972133636475 0.4867243766784668
by 0 293 2 0.14068187773227692 0.9007000923156738 6.819272041320801
<unk> 0 294 5 1.1828484535217285 3.527561902999878 0
for 0 295 3 6.155315399169922 5.018653869628906 0
the 0 296 3 1.006556749343872 4.397857666015625 0.6207962036132812
fourth 0 297 6 7.243746757507324 5.413462162017822 0
time 0 298 4 1.599482774734497 4.7532548904418945 0.6602072715759277
. 0 299 1 2.307243585586548 3.524202585220337 1.2290523052215576
<eos> 0 300 5 0.07041661441326141 0.2901703417301178 3.234032243490219
<unk> 0 301 5 2.700225353240967 6.095921993255615 0
first 0 302 5 9.765822410583496 7.445767402648926 0
<unk> 0 303 5 6.161739349365234 8.069775581359863 0
's 0 304 2 7.1717987060546875 7.784135818481445 0.28563976287841797
<unk> 0 305 5 2.7235875129699707 10.172677040100098 0
<unk> 0 306 5 1.6069247722625732 8.023970603942871 2.1487064361572266
took 0 307 4 8.938743591308594 8.176029205322266 0
place 0 308 5 4.717200756072998 5.806177139282227 2.369852066040039
in 0 309 2 1.2054882049560547 3.4536657333374023 2.352511405944824
<unk> 0 310 5 0.8909582495689392 2.765766143798828 0.6878995895385742
, 0 311 1 1.719080924987793 4.181710243225098 0
but 0 312 3 3.8831136226654053 5.553696155548096 0
did 0 313 3 5.946103572845459 6.774823188781738 0
not 0 314 3 0.17130295932292938 1.3847249746322632 5.390098214149475
become 0 315 6 6.577566146850586 8.289642333984375 0
an 0 316 2 3.9347071647644043 5.480476379394531 2.8091659545898438
annual 0 317 6 10.050531387329102 7.572340965270996 0
fixture 0 318 7 2.493741512298584 8.37175464630127 0
until 0 319 5 1.6601747274398804 4.000630855560303 4.371123790740967
the 0 320 3 2.4128944873809814 2.653216600418091 1.347414255142212
1960s 0 321 5 5.218463897705078 6.295774459838867 0
. 0 322 1 0.6326045393943787 2.1840429306030273 4.11173152923584
<eos> 0 323 5 0.06357035785913467 0.2692037522792816 1.9148391783237457
<unk> 0 324 5 2.696150064468384 6.093167781829834 0
<unk> 0 325 5 2.395487070083618 7.459964752197266 0
, 0 326 1 2.823452949523926 6.269332408905029 1.1906323432922363
the 0 327 3 2.979243040084839 5.530695915222168 0.7386364936828613
contest 0 328 7 15.8671236038208 8.496967315673828 0
was 0 329 3 6.631267070770264 5.106305122375488 3.39066219329834
conducted 0 330 9 9.299455642700195 8.229537963867188 0
as 0 331 2 5.403846263885498 4.796589374542236 3.432948589324951
part 0 332 4 3.762359857559204 4.239670753479004 0.5569186210632324
of 0 333 2 0.0025618134532123804 0.026651255786418915 4.213019497692585
the 0 334 3 0.8099640607833862 2.6057064533233643 0
<unk> 0 335 5 1.3737726211547852 7.232561111450195 0
<unk> 0 336 5 1.8701255321502686 7.574997901916504 0
<unk> 0 337 5 1.7177640199661255 7.055673599243164 0.5193243026733398
, 0 338 1 4.553436279296875 7.408777236938477 0
but 0 339 3 4.830904483795166 6.315427780151367 1.0933494567871094
as 0 340 2 7.531135559082031 6.656318187713623 0
of 0 341 2 3.7400240898132324 4.9865875244140625 1.6697306632995605
the 0 342 3 4.822909355163574 1.1229197978973389 3.8636677265167236
<unk> 0 343 5 1.3341161012649536 6.15924072265625 0
race 0 344 4 5.838284015655518 7.7635908126831055 0
, 0 345 1 0.6034032106399536 3.395158290863037 4.368432521820068
it 0 346 2 3.4511799812316895 5.019002914428711 0
is 0 347 2 3.470717191696167 4.023500442504883 0.9955024719238281
held 0 348 4 6.276795864105225 7.033972263336182 0
on 0 349 2 2.873380184173584 4.637763500213623 2.3962087631225586
the 0 350 3 1.3380402326583862 4.006478786468506 0.6312847137451172
<unk> 0 351 5 1.7620545625686646 7.17794132232666 0
<unk> 0 352 5 1.3608753681182861 6.045810699462891 1.1321306228637695
, 0 353 1 4.091392993927002 5.453701019287109 0.5921096801757812
on 0 354 2 8.211836814880371 2.568497657775879 2.8852033615112305
the 0 355 3 1.2417519092559814 3.0355756282806396 0
same 0 356 4 3.3218860626220703 6.011003017425537 0
day 0 357 3 0.6113584041595459 3.2418370246887207 2.7691659927368164
as 0 358 2 1.9891114234924316 3.6205074787139893 0
the 0 359 3 0.9891149401664734 3.45131778717041 0.1691896915435791
men 0 360 3 9.920180320739746 6.127997875213623 0
's 0 361 2 0.30010828375816345 1.9090003967285156 4.218997478485107
main 0 362 4 7.88951301574707 6.65627908706665 0
and 0 363 3 5.591671943664551 7.076773643493652 0
reserve 0 364 7 2.220304489135742 7.057835102081299 0.018938541412353516
races 0 365 5 1.0929566621780396 4.940423965454102 2.1174111366271973
. 0 366 1 0.7419579029083252 3.0327930450439453 1.9076309204101562
<eos> 0 367 5 0.06767856329679489 0.2814757525920868 2.7513172924518585
<unk> 0 368 5 2.7166695594787598 6.1228766441345215 0
reserve 0 369 7 17.061967849731445 7.465603351593018 0
race 0 370 4 10.775983810424805 8.303892135620117 0
, 0 371 1 4.239086151123047 7.813199520111084 0.4906926155090332
contested 0 372 9 6.232755661010742 6.567610740661621 1.245588779449463
between 0 373 7 2.2401139736175537 3.5470943450927734 3.0205163955688477
<unk> 0 374 5 1.0204224586486816 2.3961007595062256 1.1509935855865479
's 0 375 2 4.378081321716309 2.506436347961426 0
<unk> 0 376 5 1.103392481803894 5.167519569396973 0
boat 0 377 4 3.245483160018921 4.070322036743164 1.0971975326538086
and 0 378 3 0.8769106268882751 3.013871669769287 1.056450366973877
<unk> 0 379 5 1.1548497676849365 3.0868327617645264 0
's 0 380 2 2.6398072242736816 4.770081520080566 0
<unk> 0 381 5 1.259387731552124 6.286688804626465 0
boat 0 382 4 1.4795405864715576 4.6198906898498535 1.6667981147766113
has 0 383 3 11.148991584777832 4.162727355957031 0.45716333389282227
been 0 384 4 0.8389562368392944 4.203393459320068 0
held 0 385 4 3.129504919052124 7.473197937011719 0
since 0 386 5 2.8795783519744873 4.557034492492676 2.916163444519043
<unk> 0 387 5 0.5399333238601685 2.335028648376465 2.222005844116211
. 0 388 1 1.3261348009109497 3.2346086502075195 0
<eos> 0 389 5 0.06452799588441849 0.2721708416938782 2.9624378085136414
<unk> 0 390 5 2.7022464275360107 6.096245765686035 0
usually 0 391 7 12.686769485473633 7.445857524871826 0
takes 0 392 5 6.485939025878906 9.817981719970703 0
place 0 393 5 3.6086418628692627 6.541592597961426 3.2763891220092773
on 0 394 2 3.395775318145752 4.204051971435547 2.337540626525879
the 0 395 3 1.2464380264282227 5.015101432800293 0
<unk> 0 396 5 3.140122413635254 8.9750394821167 0
, 0 397 1 3.487466812133789 7.883523941040039 1.0915155410766602
prior 0 398 5 12.144674301147461 6.615565299987793 1.267958641052246
to 0 399 2 0.018455745652318 0.16885295510292053 6.446712344884872
the 0 400 3 1.034592628479004 4.458052158355713 0
main 0 401 4 8.755127906799316 9.012463569641113 0
<unk> 0 402 5 4.387029647827148 8.522843360900879 0.4896202087402344
<unk> 0 403 5 3.2851037979125977 8.882364273071289 0
. 0 404 1 3.4312615394592285 7.344534397125244 1.537829875946045
<eos> 0 405 5 0.06985798478126526 0.2887547016143799 7.055779695510864
= 0 406 1 3.831418514251709 6.107914447784424 0
= 0 407 1 0.09841799736022949 0.6817057132720947 5.426208734512329
<unk> 0 408 5 5.661006927490234 5.715666770935059 0
= 0 409 1 2.0297434329986572 7.042699337005615 0
= 0 410 1 0.00012382218847051263 0.0017641508020460606 7.040935186203569
<eos> 0 411 5 16.705347061157227 4.865413665771484 0
<unk> 0 412 5 2.6665773391723633 5.546171188354492 0
's 0 413 2 4.117285251617432 6.44502067565918 0
crew 0 414 4 10.037619590759277 10.053760528564453 0
weighed 0 415 7 7.5231733322143555 6.77794075012207 3.275819778442383
an 0 416 2 4.749238967895508 4.221768379211426 2.5561723709106445
average 0 417 7 0.4702169895172119 1.637422800064087 2.584345579147339
of 0 418 2 0.0811978280544281 0.5843076705932617 1.0531151294708252
<unk> 0 419 5 0.10630190372467041 0.7143343687057495 0
pounds 0 420 6 5.739442348480225 1.7199782133102417 0
( 0 421 1 0.2328478842973709 1.1151020526885986 0.6048761606216431
<unk> 0 422 5 0.0009548755479045212 0.012732621282339096 1.1023694314062595
<unk> 0 423 5 1.818145513534546 1.1665806770324707 0
<eos> 0 424 5 0.007248029578477144 0.04805409908294678 1.118526577949524
@ 0 425 1 0.0 8.599129728281696e-07 0.04805323916997395
<unk> 0 426 5 4.6778521209489554e-05 0.0006606060778722167 0
kg 0 427 2 0.004677902907133102 0.042153310030698776 0
) 0 428 1 0.006279502995312214 0.043863020837306976 0
more 0 429 4 5.789200305938721 3.368016481399536 0
per 0 430 3 10.761009216308594 0.2913583219051361 3.0766581594944
<unk> 0 431 5 1.477317214012146 4.986050128936768 0
than 0 432 4 1.4176130294799805 4.340392112731934 0.645658016204834
their 0 433 5 5.5147294998168945 2.728344202041626 1.6120479106903076
opponents 0 434 9 0.9215916395187378 4.819756031036377 0
, 0 435 1 2.088554620742798 3.3320579528808594 1.4876980781555176
and 0 436 3 2.045633316040039 5.6703009605407715 0
featured 0 437 8 12.616167068481445 6.492602348327637 0
the 0 438 3 3.3807027339935303 6.137167930603027 0.3554344177246094
oldest 0 439 6 11.862701416015625 8.371597290039062 0
competitor 0 440 10 13.058185577392578 9.207443237304688 0
in 0 441 2 3.195286273956299 6.2537336349487305 2.953709602355957
<unk> 0 442 5 2.7987425327301025 4.532834053039551 1.7208995819091797
<unk> 0 443 5 2.5967674255371094 5.172545433044434 0
history 0 444 7 7.574323654174805 4.301699638366699 0.8708457946777344
in 0 445 2 5.261213302612305 2.7063353061676025 1.5953643321990967
<unk> 0 446 5 1.7192087173461914 3.994537830352783 0
<unk> 0 447 5 3.3742198944091797 3.5511820316314697 0.4433557987213135
year 0 448 4 9.220381736755371 3.2753961086273193 0.2757859230041504
<unk> 0 449 5 0.650537371635437 2.3907580375671387 0.8846380710601807
old 0 450 3 0.43505826592445374 1.5933891534805298 0.7973688840866089
<unk> 0 451 5 0.5905182957649231 4.148569107055664 0
<unk> 0 452 5 1.4767186641693115 4.235465049743652 0
<unk> 0 453 5 2.159409999847412 3.9542505741119385 0.28121447563171387
. 0 454 1 2.0809707641601562 4.407138824462891 0
<eos> 0 455 5 0.07098075747489929 0.2917294204235077 4.115409404039383
<unk> 0 456 5 2.6991288661956787 6.1033477783203125 0
crew 0 457 4 14.97963809967041 7.452752113342285 0
consisted 0 458 9 7.592734336853027 8.203023910522461 0
of 0 459 2 0.13808146119117737 0.8428891897201538 7.360134720802307
six 0 460 3 4.923431396484375 4.812370777130127 0
<unk> 0 461 5 1.9498498439788818 5.3458991050720215 0
, 0 462 1 4.024381637573242 3.5968234539031982 1.7490756511688232
two 0 463 3 3.3498036861419678 5.017408847808838 0
<unk> 0 464 5 0.7835158705711365 4.7800726890563965 0.2373361587524414
and 0 465 3 1.856131672859192 3.513695001602173 1.2663776874542236
an 0 466 2 6.566671848297119 3.889003038406372 0
<unk> 0 467 5 0.9033766984939575 4.354616641998291 0
, 0 468 1 2.465131998062134 4.511314392089844 0
while 0 469 5 6.013823509216309 5.710132598876953 0
<unk> 0 470 5 2.0601911544799805 4.860105514526367 0.8500270843505859
's 0 471 2 4.406269550323486 5.693097114562988 0
comprised 0 472 9 15.722900390625 8.785009384155273 0
four 0 473 4 5.001154899597168 5.100044250488281 3.684965133666992
<unk> 0 474 5 2.0343194007873535 7.726357936859131 0
, 0 475 1 3.6753625869750977 5.636701583862305 2.089656352996826
three 0 476 5 4.785435199737549 5.277890205383301 0.3588113784790039
<unk> 0 477 5 0.6687057018280029 4.442989349365234 0.8349008560180664
, 0 478 1 1.5387659072875977 3.3606743812561035 1.0823149681091309
an 0 479 2 6.871898174285889 3.7592380046844482 0
<unk> 0 480 5 0.7368094325065613 4.121821403503418 0
and 0 481 3 2.7645797729492188 3.6453335285186768 0.4764878749847412
a 0 482 1 1.5022010803222656 3.6591851711273193 0
<unk> 0 483 5 1.099308967590332 5.817178249359131 0
. 0 484 1 1.0315409898757935 3.3804283142089844 2.4367499351501465
<eos> 0 485 5 0.06419229507446289 0.271594375371933 3.1088339388370514
<unk> 0 486 5 2.7027225494384766 6.093978404998779 0
<unk> 0 487 5 2.3770079612731934 7.4394025802612305 0
, 0 488 1 2.8129055500030518 6.250858783721924 1.1885437965393066
<unk> 0 489 5 2.6948800086975098 5.526918888092041 0.7239398956298828
<unk> 0 490 5 1.3625333309173584 4.51605749130249 1.0108613967895508
and 0 491 3 2.908149480819702 3.2134580612182617 1.3025994300842285
<unk> 0 492 5 0.25930723547935486 1.979225516319275 1.2342325448989868
<unk> 0 493 5 0.24941614270210266 2.0902504920959473 0
, 0 494 1 3.0556693077087402 6.7993693351745605 0
were 0 495 4 5.545997619628906 7.233269691467285 0
former 0 496 6 11.829937934875488 8.6901273727417 0
<unk> 0 497 5 1.661128044128418 7.522519588470459 1.1676077842712402
, 0 498 1 4.947510242462158 7.772238731384277 0
while 0 499 5 6.7717742919921875 6.044577121734619 1.7276616096496582
<unk> 0 500 5 1.434649109840393 5.247654914855957 0.7969222068786621
also 0 501 4 7.441371440887451 6.03743839263916 0
saw 0 502 3 7.188508987426758 7.943080425262451 0
<unk> 0 503 5 2.3652360439300537 5.515977382659912 2.427103042602539
<unk> 0 504 5 2.571408987045288 6.9664764404296875 0
year 0 505 4 9.61585521697998 6.157046794891357 0.8094296455383301
<unk> 0 506 5 0.22771316766738892 1.9505845308303833 4.206462264060974
old 0 507 3 0.009036672301590443 0.08473054319620132 1.865853987634182
<unk> 0 508 5 0.7484162449836731 4.88540506362915 0
<unk> 0 509 5 0.9929026365280151 4.902871131896973 0
return 0 510 6 12.00621509552002 5.3513665199279785 0
, 0 511 1 4.4986796379089355 4.632543087005615 0.7188234329223633
having 0 512 6 7.318702220916748 6.242411136627197 0
rowed 0 513 5 7.997780799865723 7.56669282913208 0
in 0 514 2 2.531243324279785 3.093238115310669 4.473454713821411
<unk> 0 515 5 2.300931215286255 3.210176467895508 0
. 0 516 1 3.033079147338867 5.323355674743652 0
<eos> 0 517 5 0.07209514081478119 0.29502227902412415 5.028333395719528
<unk> 0 518 5 2.6992030143737793 6.1002302169799805 0
's 0 519 2 3.7015812397003174 7.457276344299316 0
boat 0 520 4 11.97102165222168 10.370806694030762 0
club 0 521 4 7.339257717132568 7.257410049438477 3.113396644592285
president 0 522 9 10.75913143157959 7.404865741729736 0
<unk> 0 523 5 1.7572678327560425 5.017269611358643 2.3875961303710938
<unk> 0 524 5 0.41049638390541077 2.983855962753296 2.0334136486053467
<unk> 0 525 5 3.27197265625 7.3180155754089355 0
was 0 526 3 3.8071014881134033 7.182121753692627 0.1358938217163086
the 0 527 3 3.761801242828369 8.142105102539062 0
seventh 0 528 7 8.709823608398438 6.28190279006958 1.8602023124694824
<unk> 0 529 5 2.981966018676758 6.753604412078857 0
<unk> 0 530 5 3.072533369064331 7.126948833465576 0
president 0 531 9 6.446351528167725 6.251073837280273 0.8758749961853027
not 0 532 3 11.317621231079102 3.4520773887634277 2.7989964485168457
to 0 533 2 0.2869330644607544 1.9373899698257446 1.514687418937683
row 0 534 3 14.582962989807129 6.592052459716797 0
in 0 535 2 4.2460551261901855 5.557816982269287 1.0342354774475098
his 0 536 3 5.67946720123291 4.342850208282471 1.2149667739868164
own 0 537 3 4.812399387359619 7.746926784515381 0
<unk> 0 538 5 3.8250014781951904 8.45283317565918 0
<unk> 0 539 5 2.947824001312256 7.367485046386719 1.085348129272461
. 0 540 1 4.228730201721191 6.2358598709106445 1.1316251754760742
<eos> 0 541 5 0.07477535307407379 0.30349090695381165 5.932368963956833
= 0 542 1 3.8250412940979004 6.0843400955200195 0
= 0 543 1 0.09850345551967621 0.6797695159912109 5.404570579528809
<unk> 0 544 5 5.654871940612793 5.6931047439575195 0
= 0 545 1 2.0266435146331787 7.035454750061035 0
= 0 546 1 0.00012382218847051263 0.001773941796272993 7.033680808264762
<eos> 0 547 5 16.68939208984375 4.868412494659424 0
<unk> 0 548 5 2.6699564456939697 5.547206878662109 0
were 0 549 4 8.942811965942383 6.440933704376221 0
pre 0 550 3 12.093788146972656 8.789718627929688 0
<unk> 0 551 5 0.001824441715143621 0.02596748247742653 8.763751145452261
race 0 552 4 9.13792610168457 5.757613182067871 0
favourites 0 553 10 0.1264856606721878 0.976670503616333 4.780942678451538
, 0 554 1 2.602961540222168 4.546219348907471 0
but 0 555 3 3.1306662559509277 6.294997215270996 0
<unk> 0 556 5 3.3827433586120605 6.620316505432129 0
won 0 557 3 4.245091915130615 6.625041961669922 0
the 0 558 3 1.1495320796966553 4.188364028930664 2.436677932739258
toss 0 559 4 4.07789421081543 6.061476230621338 0
and 0 560 3 0.15947872400283813 0.9020004868507385 5.159475743770599
elected 0 561 7 0.18241162598133087 1.425053358078003 0
to 0 562 2 0.26203274726867676 1.6278200149536133 0
start 0 563 5 1.0721096992492676 3.3185737133026123 0
from 0 564 4 3.857898235321045 4.95652437210083 0
the 0 565 3 0.8423628211021423 3.250331163406372 1.706193208694458
<unk> 0 566 5 2.6424143314361572 7.539422035217285 0
station 0 567 7 4.8522233963012695 7.042725563049316 0.49669647216796875
. 0 568 1 0.9667186141014099 3.517326831817627 3.5253987312316895
<eos> 0 569 5 0.0672081708908081 0.2815665900707245 3.2357602417469025
<unk> 0 570 5 2.7069711685180664 6.087437629699707 0
took 0 571 4 8.107095718383789 7.453235626220703 0
an 0 572 2 5.774811267852783 5.650374412536621 1.802861213684082
early 0 573 5 3.794304609298706 6.892205238342285 0
lead 0 574 4 1.5966373682022095 5.7096662521362305 1.1825389862060547
, 0 575 1 2.9637975692749023 4.047381401062012 1.6622848510742188
but 0 576 3 2.643876791000366 6.190189361572266 0
the 0 577 3 3.1678969860076904 6.130354404449463 0.059834957122802734
boats 0 578 5 15.271988868713379 8.205790519714355 0
closed 0 579 6 7.4633588790893555 7.40632438659668 0.7994661331176758
on 0 580 2 4.6140055656433105 5.822096824645996 1.5842275619506836
each 0 581 4 8.698625564575195 4.166747570037842 1.6553492546081543
other 0 582 5 0.8468040227890015 3.678643226623535 0.48810434341430664
, 0 583 1 2.8317108154296875 4.167324542999268 0
and 0 584 3 2.0394530296325684 6.228408336639404 0
<unk> 0 585 5 2.756319284439087 6.653407573699951 0
<unk> 0 586 5 3.3603415489196777 7.574652671813965 0
<unk> 0 587 5 2.484437942504883 7.08229923248291 0.4923534393310547
was 0 588 3 3.6634011268615723 7.819520950317383 0
forced 0 589 6 5.117440223693848 8.281436920166016 0
to 0 590 2 0.17587904632091522 1.052026391029358 7.229410529136658
issue 0 591 5 12.087845802307129 6.89675760269165 0
a 0 592 1 1.742118239402771 5.272249698638916 1.6245079040527344
number 0 593 6 8.537920951843262 9.012357711791992 0
of 0 594 2 0.03026350773870945 0.26368799805641174 8.74866971373558
warnings 0 595 8 6.082645416259766 9.122050285339355 0
to 0 596 2 3.4515459537506104 4.103832244873047 5.018218040466309
both 0 597 4 8.425729751586914 5.964761257171631 0
<unk> 0 598 5 2.288332462310791 7.1432671546936035 0
in 0 599 2 9.397324562072754 2.6817214488983154 4.461545705795288
an 0 600 2 6.966032028198242 4.7490692138671875 0
attempt 0 601 7 0.8214908838272095 3.4193098545074463 1.3297593593597412
to 0 602 2 0.05201026052236557 0.3535161018371582 3.065793752670288
prevent 0 603 7 4.083521842956543 7.997103691101074 0
a 0 604 1 5.014839172363281 4.0732526779174805 3.9238510131835938
collision 0 605 9 4.945944309234619 9.238458633422852 0
. 0 606 1 2.8190460205078125 4.757416725158691 4.48104190826416
<eos> 0 607 5 0.06746948510408401 0.28034698963165283 4.477069735527039
<unk> 0 608 5 2.7134652137756348 6.0960774421691895 0
<unk> 0 609 5 2.38861346244812 7.471179962158203 0
<unk> 0 610 5 2.6762399673461914 6.251491069793701 1.219688892364502
, 0 611 1 3.220798969268799 6.509333610534668 0
<unk> 0 612 5 2.528505563735962 5.686143398284912 0.8231902122497559
were 0 613 4 10.641403198242188 4.526637554168701 1.159505844116211
nearly 0 614 6 11.672223091125488 8.600610733032227 0
a 0 615 1 5.317355632781982 8.773298263549805 0
length 0 616 6 11.279062271118164 8.130908012390137 0.642390251159668
ahead 0 617 5 6.06623649597168 5.48123025894165 2.6496777534484863
and 0 618 3 7.226335525512695 1.07279372215271 4.40843653678894
<unk> 0 619 5 2.3800830841064453 7.216740131378174 0
responded 0 620 9 14.86164665222168 5.89607572555542 1.320664405822754
; 0 621 1 8.464944839477539 3.8751766681671143 2.0208990573883057
by 0 622 2 5.978905200958252 5.870535373687744 0
the 0 623 3 1.9547094106674194 4.354035377502441 1.5164999961853027
time 0 624 4 1.7929590940475464 4.141448974609375 0.2125864028930664
the 0 625 3 2.054006576538086 3.6969211101531982 0.44452786445617676
crews 0 626 5 8.835306167602539 8.817924499511719 0
passed 0 627 6 6.840454578399658 5.235604286193848 3.582320213317871
under 0 628 5 7.024434566497803 5.1822285652160645 0.0533757209777832
<unk> 0 629 5 2.021876096725464 3.9381632804870605 1.244065284729004
<unk> 0 630 5 2.2760403156280518 4.713895320892334 0
they 0 631 4 6.669818878173828 4.432432174682617 0.2814631462097168
were 0 632 4 1.7841315269470215 4.1854777336120605 0.24695444107055664
level 0 633 5 15.441286087036133 8.711580276489258 0
. 0 634 1 3.909806728363037 5.486593723297119 3.2249865531921387
<eos> 0 635 5 0.07084306329488754 0.2917621433734894 5.19483157992363
<unk> 0 636 5 2.695603847503662 6.097805976867676 0
<unk> 0 637 5 2.3690128326416016 7.447662830352783 0
<unk> 0 638 5 2.6737303733825684 6.2564287185668945 1.1912341117858887
<unk> 0 639 5 1.976220965385437 6.493899822235107 0
moved 0 640 5 12.646283149719238 4.6401166915893555 1.853783130645752
ahead 0 641 5 9.44225788116455 4.699720859527588 0
once 0 642 4 11.198513984680176 2.82000732421875 1.879713535308838
again 0 643 5 1.4551740884780884 4.764449596405029 0
, 0 644 1 1.3224749565124512 3.9109315872192383 0.853518009185791
and 0 645 3 2.1226718425750732 6.374762535095215 0
were 0 646 4 8.937408447265625 6.595585346221924 0
clear 0 647 5 11.888585090637207 8.674097061157227 0
of 0 648 2 3.065809488296509 5.604662895202637 3.06943416595459
<unk> 0 649 5 2.4707963466644287 3.7872426509857178 1.817420244216919
after 0 650 5 7.551621913909912 5.009486198425293 0
<unk> 0 651 5 2.367283344268799 5.624631404876709 0
strokes 0 652 7 12.93881607055664 6.609220504760742 0
. 0 653 1 2.313884735107422 5.556501388549805 1.0527191162109375
<eos> 0 654 5 0.07076872140169144 0.29091376066207886 5.265587627887726
<unk> 0 655 5 2.6855835914611816 6.087040424346924 0
extended 0 656 8 13.098592758178711 7.446822643280029 0
their 0 657 5 4.9151692390441895 5.025963306427002 2.4208593368530273
lead 0 658 4 2.3769280910491943 9.011679649353027 0
to 0 659 2 1.204365611076355 4.051362991333008 4.9603166580200195
pass 0 660 4 12.488075256347656 5.0063862800598145 0
the 0 661 3 2.650452136993408 5.214913368225098 0
finishing 0 662 9 6.225667476654053 6.5620222091674805 0
post 0 663 4 2.80535626411438 6.371065139770508 0.19095706939697266
in 0 664 2 4.655603408813477 4.565715789794922 1.805349349975586
<unk> 0 665 5 3.292306423187256 4.149252891540527 0.41646289825439453
minutes 0 666 7 3.5773754119873047 4.692539215087891 0
<unk> 0 667 5 7.38941764831543 3.690509557723999 1.0020296573638916
seconds 0 668 7 0.8768969178199768 3.1494579315185547 0.5410516262054443
, 0 669 1 1.810333490371704 3.798539638519287 0
six 0 670 3 10.121624946594238 6.134790897369385 0
lengths 0 671 7 8.341957092285156 4.043697834014893 2.091093063354492
and 0 672 3 4.916210651397705 3.837998628616333 0.20569920539855957
<unk> 0 673 5 2.3650243282318115 4.551046848297119 0
seconds 0 674 7 1.175535798072815 3.924496650695801 0.6265501976013184
ahead 0 675 5 2.9800658226013184 4.514965057373047 0
of 0 676 2 0.1263674944639206 0.6876788139343262 3.8272862434387207
their 0 677 5 6.089249610900879 2.7845916748046875 0
opponents 0 678 9 4.406894683837891 6.8466291427612305 0
. 0 679 1 0.8787432909011841 2.929873466491699 3.9167556762695312
<eos> 0 680 5 0.070510134100914 0.2914131283760071 2.638460338115692
<unk> 0 681 5 2.726574420928955 6.114545822143555 0
rain 0 682 4 17.13800621032715 7.451406955718994 0
, 0 683 1 3.721324920654297 6.910133361816406 0.5412735939025879
strong 0 684 6 12.091047286987305 7.054088115692139 0
winds 0 685 5 1.2388570308685303 5.873053550720215 1.1810345649719238
and 0 686 3 2.1040220260620117 4.6862921714782715 1.1867613792419434
<unk> 0 687 5 4.481983184814453 7.1288042068481445 0
water 0 688 5 9.741920471191406 7.429769039154053 0
resulted 0 689 8 10.118097305297852 7.734726428985596 0
in 0 690 2 0.08802489191293716 0.4161279797554016 7.318598449230194
the 0 691 3 2.7552857398986816 6.68056583404541 0
slowest 0 692 7 16.44399642944336 8.340314865112305 0
winning 0 693 7 11.99072551727295 8.36937427520752 0
time 0 694 4 3.432523250579834 8.037930488586426 0.33144378662109375
for 0 695 3 5.512181758880615 4.974663257598877 3.063267230987549
over 0 696 4 8.07749080657959 4.590824604034424 0.3838386535644531
sixty 0 697 5 9.419894218444824 2.9496355056762695 1.6411890983581543
years 0 698 5 1.3815407752990723 3.8628666400909424 0
, 0 699 1 2.615579605102539 2.9844889640808105 0.8783776760101318
but 0 700 3 4.456827163696289 5.865037441253662 0
the 0 701 3 2.3299026489257812 6.435457229614258 0
largest 0 702 7 7.129748344421387 9.131223678588867 0
margin 0 703 6 5.765530109405518 9.061150550842285 0.07007312774658203
of 0 704 2 1.34132981300354 3.742748975753784 5.318401575088501
victory 0 705 7 4.478964805603027 6.150796413421631 0
since 0 706 5 4.843892574310303 3.824337959289551 2.32645845413208
the 0 707 3 1.3963944911956787 2.3651793003082275 1.4591586589813232
<unk> 0 708 5 1.5912193059921265 6.591583251953125 0
race 0 709 4 3.5306193828582764 6.229244709014893 0.3623385429382324
. 0 710 1 7.028219699859619 2.150984525680542 4.078260183334351
<eos> 0 711 5 0.07274448126554489 0.2943732440471649 1.856611281633377
<unk> 0 712 5 2.6449170112609863 6.056157112121582 0
's 0 713 2 3.798044204711914 7.413252830505371 0
<unk> 0 714 5 3.567352294921875 10.368203163146973 0
beat 0 715 4 11.613784790039062 6.56783390045166 3.8003692626953125
<unk> 0 716 5 1.3646299839019775 4.6748857498168945 1.8929481506347656
's 0 717 2 4.425777912139893 5.328145980834961 0
<unk> 0 718 5 1.3332066535949707 7.066380500793457 0
by 0 719 2 8.98154067993164 5.226736545562744 1.839643955230713
three 0 720 5 6.841286659240723 5.636820316314697 0
<unk> 0 721 5 4.159442901611328 3.153672218322754 2.4831480979919434
and 0 722 3 2.708022117614746 5.628453731536865 0
<unk> 0 723 5 0.1963876485824585 1.3653812408447266 4.263072490692139
a 0 724 1 0.20883655548095703 1.2542763948440552 0.11110484600067139
<unk> 0 725 5 0.05045832693576813 0.4836445748806 0.7706318199634552
quarter 0 726 7 3.762028217315674 0.41854700446128845 0.06509757041931152
lengths 0 727 7 0.2674976587295532 1.468987226486206 0
in 0 728 2 3.1406095027923584 3.9806602001190186 0
the 0 729 3 2.9678289890289307 3.9896528720855713 0
reserve 0 730 7 14.961678504943848 6.507790565490723 0
race 0 731 4 4.077643871307373 5.756968975067139 0.750821590423584
. 0 732 1 0.9480866193771362 2.674396514892578 3.0825724601745605
<eos> 0 733 5 0.07115675508975983 0.29255151748657227 2.381844997406006
<unk> 0 734 5 2.7073135375976562 6.106435298919678 0
won 0 735 3 7.733407497406006 7.469485282897949 0
the 0 736 3 0.9371293783187866 3.7603607177734375 3.7091245651245117
44th 0 737 4 14.667608261108398 6.544619560241699 0
running 0 738 7 14.557489395141602 4.919473648071289 1.6251459121704102
of 0 739 2 5.033130168914795 6.768959045410156 0
the 0 740 3 0.34281784296035767 1.6441675424575806 5.124791502952576
<unk> 0 741 5 1.306889295578003 5.739846229553223 0
's 0 742 2 6.3167548179626465 5.826727867126465 0
<unk> 0 743 5 1.4680851697921753 6.369103908538818 0
<unk> 0 744 5 1.8395843505859375 5.930602073669434 0.43850183486938477
by 0 745 2 9.965386390686035 6.049341201782227 0
half 0 746 4 9.456571578979492 5.748541355133057 0.3007998466491699
a 0 747 1 5.016577243804932 2.8352174758911133 2.9133238792419434
length 0 748 6 3.051459312438965 4.539018630981445 0
. 0 749 1 2.633028268814087 4.364079475402832 0.17493915557861328
<eos> 0 750 5 0.07120078802108765 0.2931349575519562 4.070944517850876
= 0 751 1 3.8250510692596436 6.080320835113525 0
= 0 752 1 0.09605704247951508 0.6670269966125488 5.413293838500977
<unk> 0 753 5 5.66624641418457 5.687652111053467 0
= 0 754 1 2.025116443634033 7.032959461212158 0
= 0 755 1 0.00012382218847051263 0.00176775804720819 7.03119170316495
<eos> 0 756 5 16.69578742980957 4.86553430557251 0
<unk> 0 757 5 2.669792652130127 5.5462751388549805 0
's 0 758 2 4.1141252517700195 6.444090366363525 0
<unk> 0 759 5 3.1860764026641846 10.052483558654785 0
<unk> 0 760 5 1.4087648391723633 7.125118732452393 2.9273648262023926
said 0 761 4 5.864531517028809 7.756228923797607 0
" 0 762 1 3.6566195487976074 3.6293656826019287 4.126863241195679
we 0 763 2 5.075020790100098 6.477822780609131 0
got 0 764 3 6.934175491333008 6.813208103179932 0
the 0 765 3 2.8243567943573 6.794376850128174 0.018831253051757812
rage 0 766 4 14.68376350402832 9.636858940124512 0
going 0 767 5 9.576226234436035 6.042236804962158 3.5946221351623535
in 0 768 2 5.490757942199707 5.67270040512085 0.3695363998413086
the 0 769 3 2.269301414489746 6.309797286987305 0
crew 0 770 4 13.849837303161621 8.976719856262207 0
, 0 771 1 2.62947154045105 5.547352313995361 3.4293675422668457
and 0 772 3 1.8998744487762451 6.037683010101318 0
we 0 773 2 2.790926218032837 6.477517604827881 0
started 0 774 7 6.9754180908203125 7.286726951599121 0
to 0 775 2 2.056619644165039 6.77102518081665 0.5157017707824707
kill 0 776 4 8.968611717224121 8.440370559692383 0
it 0 777 2 4.303118705749512 6.134094715118408 2.3062758445739746
, 0 778 1 3.1684281826019287 4.286050319671631 1.8480443954467773
we 0 779 2 5.256004333496094 6.125009059906006 0
hit 0 780 3 10.044893264770508 6.977948188781738 0
an 0 781 2 7.495261192321777 5.904592990875244 1.0733551979064941
awesome 0 782 7 9.260913848876953 8.206428527832031 0
rhythm 0 783 6 13.258599281311035 9.324230194091797 0
" 0 784 1 5.038516521453857 5.890559673309326 3.4336705207824707
. 0 785 1 0.6648190021514893 2.1565873622894287 3.7339723110198975
<eos> 0 786 5 0.06423621624708176 0.2723316252231598 1.884255737066269
<unk> 0 787 5 2.709092855453491 6.08939790725708 0
coach 0 788 5 13.665605545043945 7.450066566467285 0
<unk> 0 789 5 0.27399444580078125 1.7974141836166382 5.652652382850647
<unk> 0 790 5 0.1682843416929245 1.412003993988037 0.3854101896286011
congratulated 0 791 13 11.238282203674316 7.174161434173584 0
his 0 792 3 4.982542514801025 3.2056710720062256 3.9684903621673584
opponents 0 793 9 5.81416130065918 7.962008953094482 0
: 0 794 1 7.0804443359375 4.463866710662842 3.4981422424316406
" 0 795 1 0.7995240092277527 3.5786163806915283 0.8852503299713135
<unk> 0 796 5 3.401825189590454 5.848880290985107 0
done 0 797 4 15.327472686767578 6.3226423263549805 0
to 0 798 2 5.406630992889404 6.491266250610352 0
<unk> 0 799 5 3.8000199794769287 7.54936408996582 0
, 0 800 1 3.4902901649475098 6.940586090087891 0.6087779998779297
they 0 801 4 7.505731582641602 7.036844730377197 0
were 0 802 4 3.181563377380371 6.713428020477295 0.32341670989990234
much 0 803 4 9.401581764221191 8.52083969116211 0
faster 0 804 6 8.272380828857422 6.474972724914551 2.0458669662475586
on 0 805 2 7.477423191070557 3.720425605773926 2.754547119140625
the 0 806 3 1.4076778888702393 5.4197678565979 0
day 0 807 3 7.980356693267822 8.365961074829102 0
" 0 808 1 5.951491355895996 4.6549835205078125 3.710977554321289
. 0 809 1 0.8734159469604492 2.3728342056274414 2.282149314880371
<eos> 0 810 5 0.0642087459564209 0.27118203043937683 2.1016521751880646
<unk> 0 811 5 2.7086551189422607 6.109127998352051 0
tradition 0 812 9 15.20521354675293 7.455815315246582 0
, 0 813 1 3.8526315689086914 6.6263628005981445 0.8294525146484375
the 0 814 3 4.099590301513672 8.018604278564453 0
victorious 0 815 10 15.141193389892578 9.29654598236084 0
<unk> 0 816 5 1.5154740810394287 7.9709858894348145 1.3255600929260254
crew 0 817 4 13.816670417785645 7.544155120849609 0.4268307685852051
tossed 0 818 6 20.159954071044922 4.171308994293213 3.3728461265563965
their 0 819 5 6.275847911834717 6.535861015319824 0
<unk> 0 820 5 4.356992244720459 10.179851531982422 0
<unk> 0 821 5 3.576580047607422 7.1575751304626465 3.0222764015197754
into 0 822 4 5.085834980010986 7.459371089935303 0
the 0 823 3 1.55387282371521 5.113917827606201 2.3454532623291016
<unk> 0 824 5 2.516505241394043 9.253020286560059 0
. 0 825 1 5.749451637268066 7.528535842895508 1.7244844436645508
<eos> 0 826 5 0.073283851146698 0.3001471161842346 7.228388726711273
=========================================================================================
| End of testing | test loss  2.82 | test ppl    16.86
=========================================================================================
