word sentid sentpos wlen surp entropy entred
= 0 0 1 4.922719955444336 6.920167922973633 0
<unk> 0 1 5 3.587589740753174 1.486359715461731 5.433808207511902
<unk> 0 2 5 1.1710394620895386 5.611918926239014 0
<unk> 0 3 5 2.423243761062622 3.6703286170959473 1.9415903091430664
( 0 4 1 4.736536979675293 3.628356456756592 0.04197216033935547
<unk> 0 5 5 0.5142982006072998 3.4648678302764893 0.16348862648010254
) 0 6 1 0.9288190603256226 2.6920008659362793 0.77286696434021
= 0 7 1 0.03961104154586792 0.3005010187625885 2.391499847173691
<eos> 0 8 5 17.152915954589844 1.1149489879608154 0
<unk> 0 9 5 0.3586553633213043 2.268839120864868 0
<unk> 0 10 5 1.7223938703536987 3.6898486614227295 0
<unk> 0 11 5 1.618420124053955 3.1247923374176025 0.565056324005127
was 0 12 3 3.740431308746338 3.142289876937866 0
the 0 13 3 1.758603811264038 2.623605489730835 0.5186843872070312
tenth 0 14 5 8.560009002685547 5.354490280151367 0
tropical 0 15 8 8.997512817382812 6.208252429962158 0
storm 0 16 5 2.0837554931640625 1.6119717359542847 4.5962806940078735
of 0 17 2 1.0202890634536743 3.158360719680786 0
the 0 18 3 0.025090210139751434 0.18070638179779053 2.9776543378829956
<unk> 0 19 5 0.10725650936365128 0.8189520835876465 0
<unk> 0 20 5 0.1599823236465454 1.095802903175354 0
hurricane 0 21 9 0.1161089688539505 0.5223888754844666 0.5734140276908875
season 0 22 6 0.00975482352077961 0.09320008754730225 0.4291887879371643
. 0 23 1 0.9953833222389221 2.0606439113616943 0
<eos> 0 24 5 0.05680108070373535 0.24813677370548248 1.8125071376562119
<unk> 0 25 5 2.7199151515960693 6.088441371917725 0
developed 0 26 9 10.468437194824219 7.448611259460449 0
out 0 27 3 8.816607475280762 5.097027778625488 2.351583480834961
of 0 28 2 0.4055379033088684 2.2824673652648926 2.8145604133605957
a 0 29 1 3.22318172454834 5.6107587814331055 0
strong 0 30 6 7.048359394073486 10.246533393859863 0
tropical 0 31 8 5.046903610229492 9.504132270812988 0.742401123046875
wave 0 32 4 3.2831432819366455 2.4768152236938477 7.027317047119141
which 0 33 5 6.738771438598633 5.136868953704834 0
moved 0 34 5 5.987540245056152 6.882554531097412 0
off 0 35 3 4.92615270614624 5.726731777191162 1.15582275390625
the 0 36 3 0.5776498317718506 2.473233461380005 3.2534983158111572
<unk> 0 37 5 3.687734603881836 4.093812942504883 0
coast 0 38 5 1.2904367446899414 3.8205463886260986 0.2732665538787842
on 0 39 2 3.696333646774292 4.655024528503418 0
<unk> 0 40 5 0.15556591749191284 0.805962085723877 3.849062442779541
<unk> 0 41 5 0.01388522982597351 0.10317493230104446 0.7027871534228325
. 0 42 1 0.9089929461479187 2.804274559020996 0
<eos> 0 43 5 0.06045813113451004 0.26079609990119934 2.5434784591197968
<unk> 0 44 5 2.684431791305542 6.078023910522461 0
wave 0 45 4 17.00017547607422 7.446532249450684 0
quickly 0 46 7 9.585427284240723 9.612775802612305 0
became 0 47 6 3.269216775894165 6.320446491241455 3.2923293113708496
organized 0 48 9 7.824275016784668 5.759068965911865 0.5613775253295898
and 0 49 3 3.1219089031219482 4.57780647277832 1.181262493133545
was 0 50 3 5.898054122924805 7.636717796325684 0
declared 0 51 8 6.666408061981201 7.189918518066406 0.44679927825927734
<unk> 0 52 5 5.3755202293396 4.843174457550049 2.3467440605163574
<unk> 0 53 5 3.3368377685546875 4.915511608123779 0
<unk> 0 54 5 3.7704250812530518 5.053506851196289 0
while 0 55 5 9.245558738708496 5.187594413757324 0
located 0 56 7 1.9632383584976196 5.190557956695557 0
<unk> 0 57 5 2.982135057449341 4.0437331199646 1.146824836730957
mi 0 58 2 1.0669804811477661 1.9526630640029907 2.091070055961609
( 0 59 1 0.005013687536120415 0.05103248730301857 1.9016305766999722
<unk> 0 60 5 9.080398012883961e-05 0.0013606009306386113 0.04967188637237996
km 0 61 2 0.11346176266670227 0.42097148299217224 0
) 0 62 1 0.003192075528204441 0.02676808461546898 0.39420339837670326
to 0 63 2 7.428142547607422 3.0313076972961426 0
the 0 64 3 0.1728082150220871 0.9001744389533997 2.131133258342743
south 0 65 5 2.377188205718994 2.883995771408081 0
<unk> 0 66 5 2.8943276405334473 1.2033601999282837 1.6806355714797974
southeast 0 67 9 2.45261287689209 2.4958744049072266 0
of 0 68 2 0.09726236015558243 0.5533816814422607 1.9424927234649658
the 0 69 3 2.2213470935821533 1.8401628732681274 0
<unk> 0 70 5 1.3423590660095215 3.798560857772827 0
<unk> 0 71 5 3.7451024055480957 4.055211067199707 0
<unk> 0 72 5 4.378436088562012 3.1067497730255127 0.9484612941741943
on 0 73 2 6.53849983215332 3.362104654312134 0
<unk> 0 74 5 0.07595027983188629 0.46909746527671814 2.8930071890354156
<unk> 0 75 5 0.008877205662429333 0.07324691116809845 0.3958505541086197
. 0 76 1 0.25753098726272583 1.0679117441177368 0
<eos> 0 77 5 0.05673494189977646 0.24814821779727936 0.8197635263204575
<unk> 0 78 5 2.686990976333618 6.093645095825195 0
depression 0 79 10 17.733755111694336 7.445217609405518 0
was 0 80 3 2.564365863800049 6.869619846343994 0.5755977630615234
quickly 0 81 7 8.507604598999023 8.089091300964355 0
upgraded 0 82 8 4.648733615875244 8.128236770629883 0
to 0 83 2 0.652202308177948 2.480827569961548 5.647409200668335
<unk> 0 84 5 6.52911901473999 2.7603421211242676 0
<unk> 0 85 5 2.478883743286133 4.639495849609375 0
<unk> 0 86 5 3.534832239151001 4.781609535217285 0
around 0 87 6 12.849885940551758 5.099205017089844 0
noon 0 88 4 10.572678565979004 1.5568856000900269 3.542319416999817
the 0 89 3 5.448834419250488 4.439062118530273 0
same 0 90 4 5.167829513549805 4.573066711425781 0
day 0 91 3 0.14416000247001648 0.8374996185302734 3.735567092895508
. 0 92 1 0.9733529090881348 2.520453929901123 0
<eos> 0 93 5 0.06342437863349915 0.2694627344608307 2.2509911954402924
<unk> 0 94 5 2.6931562423706055 6.079634189605713 0
the 0 95 3 9.934065818786621 7.452796459197998 0
next 0 96 4 6.3659186363220215 9.499021530151367 0
several 0 97 7 9.880202293395996 4.584917068481445 4.914104461669922
days 0 98 4 2.5486645698547363 5.847101211547852 0
, 0 99 1 2.076413869857788 6.582181453704834 0
<unk> 0 100 5 2.5841357707977295 6.720176696777344 0
moved 0 101 5 8.57027816772461 7.828690052032471 0
in 0 102 2 5.9626359939575195 4.749083995819092 3.079606056213379
a 0 103 1 3.789292335510254 5.187466621398926 0
general 0 104 7 9.377821922302246 9.600769996643066 0
west 0 105 4 8.995584487915039 7.973647594451904 1.627122402191162
<unk> 0 106 5 2.039597272872925 5.124629020690918 2.8490185737609863
northwest 0 107 9 2.8815596103668213 6.234354496002197 0
direction 0 108 9 0.7646266222000122 3.4045190811157227 2.8298354148864746
and 0 109 3 3.6117677688598633 4.206060886383057 0
reached 0 110 7 5.4522600173950195 7.725129127502441 0
its 0 111 3 2.897188186645508 4.084810733795166 3.6403183937072754
peak 0 112 4 0.12079236656427383 0.877813458442688 3.206997275352478
intensity 0 113 9 0.33961203694343567 1.6139150857925415 0
early 0 114 5 6.865566730499268 3.923570156097412 0
on 0 115 2 0.1853698492050171 0.9214800596237183 3.002090096473694
<unk> 0 116 5 0.08555106818675995 0.4882451891899109 0.4332348704338074
<unk> 0 117 5 0.005129196681082249 0.04221494495868683 0.44603024423122406
. 0 118 1 1.1160738468170166 2.9474222660064697 0
<eos> 0 119 5 0.057120323181152344 0.24987615644931793 2.697546109557152
<unk> 0 120 5 2.6844799518585205 6.080760955810547 0
wind 0 121 4 16.249446868896484 7.446864604949951 0
shear 0 122 5 1.8409394025802612 6.156022548675537 1.290842056274414
, 0 123 1 4.132431983947754 7.190754413604736 0
some 0 124 4 10.53049087524414 7.29644250869751 0
due 0 125 3 10.662463188171387 8.020574569702148 0
to 0 126 2 0.10961484163999557 0.7976453900337219 7.2229291796684265
the 0 127 3 1.5998101234436035 5.758107662200928 0
outflow 0 128 7 7.538918495178223 7.806005001068115 0
of 0 129 2 1.513218879699707 4.815091133117676 2.9909138679504395
<unk> 0 130 5 2.770493268966675 3.8177249431610107 0.997366189956665
<unk> 0 131 5 3.211254596710205 3.97086763381958 0
, 0 132 1 1.3456499576568604 4.449062347412109 0
and 0 133 3 5.154129981994629 6.974120140075684 0
dry 0 134 3 9.550829887390137 6.157773494720459 0.8163466453552246
air 0 135 3 1.7021453380584717 5.974648952484131 0.18312454223632812
caused 0 136 6 5.476986885070801 7.28914213180542 0
the 0 137 3 2.4393632411956787 5.806827545166016 1.4823145866394043
storm 0 138 5 2.1742818355560303 6.00743293762207 0
to 0 139 2 0.12209399044513702 0.8840854167938232 5.123347520828247
weaken 0 140 6 1.9687528610229492 5.545677661895752 0
. 0 141 1 2.029076099395752 4.9147210121154785 0.6309566497802734
<eos> 0 142 5 0.059084974229335785 0.25678515434265137 4.657935857772827
<unk> 0 143 5 2.6860620975494385 6.055206298828125 0
<unk> 0 144 5 2.3722751140594482 7.437697887420654 0
<unk> 0 145 5 2.6539151668548584 6.250192642211914 1.1875052452087402
, 0 146 1 3.2262706756591797 6.506056785583496 0
the 0 147 3 3.0872936248779297 5.684030532836914 0.822026252746582
combination 0 148 11 14.93901538848877 8.524164199829102 0
of 0 149 2 0.8033943176269531 4.839231967926025 3.684932231903076
wind 0 150 4 10.395491600036621 7.276996612548828 0
shear 0 151 5 0.6325824856758118 3.303177833557129 3.973818778991699
, 0 152 1 2.1765599250793457 3.0954196453094482 0.20775818824768066
dry 0 153 3 8.326574325561523 6.369112014770508 0
air 0 154 3 1.5182408094406128 4.758392810821533 1.6107192039489746
, 0 155 1 1.682328701019287 3.043367862701416 1.7150249481201172
and 0 156 3 0.43304821848869324 2.7920351028442383 0.25133275985717773
cooling 0 157 7 12.406102180480957 7.319546222686768 0
waters 0 158 6 8.29119873046875 7.339988708496094 0
caused 0 159 6 4.380021095275879 6.3705220222473145 0.9694666862487793
<unk> 0 160 5 3.297823667526245 6.047468662261963 0.32305335998535156
to 0 161 2 0.5692640542984009 3.2080440521240234 2.8394246101379395
weaken 0 162 6 2.790410280227661 7.195789813995361 0
into 0 163 4 5.1544342041015625 5.2439727783203125 1.9518170356750488
a 0 164 1 0.3490174114704132 1.5487498044967651 3.6952229738235474
tropical 0 165 8 1.2030173540115356 3.558972120285034 0
depression 0 166 10 1.6522717475891113 1.6615078449249268 1.8974642753601074
. 0 167 1 1.2470200061798096 3.652088165283203 0
<eos> 0 168 5 0.06554054468870163 0.27748990058898926 3.374598264694214
<unk> 0 169 5 2.6819305419921875 6.073154449462891 0
deteriorated 0 170 12 16.923694610595703 7.44879150390625 0
into 0 171 4 4.143133640289307 5.3024067878723145 2.1463847160339355
a 0 172 1 0.8704013824462891 3.696028232574463 1.6063785552978516
remnant 0 173 7 5.722548007965088 4.045797348022461 0
low 0 174 3 0.4605804979801178 2.4698140621185303 1.5759832859039307
shortly 0 175 7 8.405470848083496 4.859611988067627 0
after 0 176 5 2.048062801361084 1.7563635110855103 3.1032484769821167
as 0 177 2 10.494147300720215 5.109813213348389 0
convection 0 178 10 8.449983596801758 4.318297863006592 0.7915153503417969
continued 0 179 9 4.5972418785095215 6.464988708496094 0
to 0 180 2 0.736988365650177 3.172285318374634 3.29270339012146
dissipate 0 181 9 7.070633411407471 6.448969841003418 0
around 0 182 6 8.50125789642334 3.197603464126587 3.251366376876831
the 0 183 3 1.0859452486038208 2.7354087829589844 0.46219468116760254
storm 0 184 5 5.565088748931885 5.685092449188232 0
. 0 185 1 0.8975101113319397 2.763845205307007 2.9212472438812256
<eos> 0 186 5 0.05905476585030556 0.2568809986114502 2.5069642066955566
<unk> 0 187 5 2.6860387325286865 6.065665245056152 0
low 0 188 3 16.16594886779785 7.432334899902344 0
ultimately 0 189 10 12.292041778564453 7.602265357971191 0
dissipated 0 190 10 7.473357200622559 9.351402282714844 0
while 0 191 5 7.150120735168457 4.945385932922363 4.4060163497924805
located 0 192 7 4.652318000793457 6.52909517288208 0
<unk> 0 193 5 3.4377598762512207 4.757078647613525 1.7720165252685547
mi 0 194 2 0.9133626818656921 1.7196862697601318 3.0373923778533936
( 0 195 1 0.0024270403664559126 0.026650242507457733 1.693036027252674
<unk> 0 196 5 9.355552901979536e-05 0.0013939336640760303 0.025256308843381703
km 0 197 2 0.12500806152820587 0.45082738995552063 0
) 0 198 1 0.0035937412176281214 0.02969752997159958 0.42112985998392105
east 0 199 4 2.2657103538513184 3.048032760620117 0
of 0 200 2 0.5744632482528687 1.068438172340393 1.9795945882797241
<unk> 0 201 5 0.49942660331726074 1.8464597463607788 0
on 0 202 2 4.375926494598389 3.490894317626953 0
<unk> 0 203 5 0.15762139856815338 0.7607883810997009 2.730105936527252
<unk> 0 204 5 0.014917093329131603 0.11297425627708435 0.6478141248226166
. 0 205 1 0.5287628173828125 1.794689655303955 0
<eos> 0 206 5 0.056129634380340576 0.24675306677818298 1.547936588525772
<unk> 0 207 5 2.6844606399536133 6.079256534576416 0
, 0 208 1 4.503698825836182 7.442264556884766 0
the 0 209 3 4.091344833374023 5.796639442443848 1.645625114440918
remnant 0 210 7 13.689298629760742 9.243093490600586 0
moisture 0 211 8 6.658251762390137 6.390286445617676 2.85280704498291
led 0 212 3 11.40103530883789 6.892530918121338 0
to 0 213 2 0.5423370003700256 2.060609817504883 4.831921100616455
minor 0 214 5 10.045829772949219 4.58769416809082 0
flooding 0 215 8 1.7355153560638428 5.8877668380737305 0
on 0 216 2 5.352719306945801 4.101071357727051 1.7866954803466797
the 0 217 3 1.0979716777801514 3.2013514041900635 0.8997199535369873
island 0 218 6 1.9435937404632568 5.428689479827881 0
of 0 219 2 2.4494540691375732 3.4367942810058594 1.9918951988220215
<unk> 0 220 5 0.13776494562625885 0.9709644317626953 2.465829849243164
<unk> 0 221 5 4.605522155761719 3.2617452144622803 0
. 0 222 1 2.1403088569641113 4.122479438781738 0
<eos> 0 223 5 0.06935437023639679 0.28729739785194397 3.8351820409297943
= 0 224 1 3.8276610374450684 6.108759880065918 0
= 0 225 1 0.09940319508314133 0.6872859597206116 5.421473920345306
<unk> 0 226 5 5.661536693572998 5.702071189880371 0
history 0 227 7 9.234574317932129 7.036320686340332 0
= 0 228 1 0.22021770477294922 1.145450472831726 5.890870213508606
= 0 229 1 4.1275245166616514e-05 0.0006351640913635492 1.1448153087403625
<eos> 0 230 5 18.816144943237305 4.623296737670898 0
<unk> 0 231 5 2.727794885635376 5.278278350830078 0
<unk> 0 232 5 2.3308823108673096 6.505821704864502 0
<unk> 0 233 5 2.1868157386779785 5.837522029876709 0.668299674987793
formed 0 234 6 10.454922676086426 6.107532501220703 0
as 0 235 2 7.280055999755859 3.6712820529937744 2.4362504482269287
a 0 236 1 0.8869475722312927 3.2737627029418945 0.3975193500518799
tropical 0 237 8 7.5585618019104 9.57126522064209 0
wave 0 238 4 2.5557475090026855 3.241469144821167 6.329796075820923
that 0 239 4 5.0532684326171875 5.080394268035889 0
emerged 0 240 7 5.191198348999023 6.660458087921143 0
off 0 241 3 6.395787239074707 3.7890918254852295 2.871366262435913
the 0 242 3 0.29580745100975037 1.3152741193771362 2.4738177061080933
west 0 243 4 5.189792633056641 2.3348026275634766 0
coast 0 244 5 0.03610803186893463 0.2334037572145462 2.1013988703489304
of 0 245 2 0.022564060986042023 0.17994309961795807 0.053460657596588135
<unk> 0 246 5 0.4224334955215454 1.6131865978240967 0
near 0 247 4 7.349088191986084 2.7587265968322754 0
the 0 248 3 2.0333385467529297 1.611375331878662 1.1473512649536133
end 0 249 3 5.040673732757568 4.113548755645752 0
of 0 250 2 0.004600930958986282 0.043995145708322525 4.069553609937429
<unk> 0 251 5 0.6445194482803345 1.4377076625823975 0
<unk> 0 252 5 3.0062100887298584 2.354372262954712 0
. 0 253 1 0.5646424889564514 1.9422941207885742 0.4120781421661377
<eos> 0 254 5 0.06126982346177101 0.26267799735069275 1.6796161234378815
<unk> 0 255 5 2.685904026031494 6.085025310516357 0
tracked 0 256 7 14.525862693786621 7.449314117431641 0
south 0 257 5 6.2092108726501465 6.160078525543213 1.2892355918884277
of 0 258 2 3.9440066814422607 3.938812732696533 2.2212657928466797
<unk> 0 259 5 0.8712339401245117 2.2862377166748047 1.6525750160217285
<unk> 0 260 5 3.8053197860717773 4.4216084480285645 0
and 0 261 3 3.2593188285827637 4.64630126953125 0
slowly 0 262 6 7.882432460784912 7.33082914352417 0
developed 0 263 9 4.243798732757568 4.42564582824707 2.9051833152770996
, 0 264 1 4.1714186668396 5.353395938873291 0
and 0 265 3 1.7659095525741577 5.582999229431152 0
on 0 266 2 4.992227077484131 6.653390884399414 0
<unk> 0 267 5 0.22973020374774933 1.0699909925460815 5.5833998918533325
<unk> 0 268 5 0.022960370406508446 0.14608819782733917 0.9239027947187424
the 0 269 3 2.564883232116699 3.2082910537719727 0
disturbance 0 270 11 6.294655799865723 5.79248571395874 0
became 0 271 6 3.314136028289795 5.204355239868164 0.5881304740905762
<unk> 0 272 5 5.457107067108154 5.699646949768066 0
<unk> 0 273 5 2.9490153789520264 5.915029048919678 0
<unk> 0 274 5 3.08382511138916 5.137407302856445 0.7776217460632324
while 0 275 5 9.427810668945312 5.522571563720703 0
located 0 276 7 1.7046177387237549 4.949404716491699 0.5731668472290039
south 0 277 5 5.25155782699585 3.7270708084106445 1.2223339080810547
<unk> 0 278 5 4.832484245300293 0.3089464008808136 3.418124407529831
southeast 0 279 9 2.0881059169769287 3.08781099319458 0
of 0 280 2 0.032076843082904816 0.24418045580387115 2.843630537390709
the 0 281 3 1.9011869430541992 2.000612735748291 0
<unk> 0 282 5 1.307128667831421 4.274816989898682 0
<unk> 0 283 5 3.58467960357666 4.236726760864258 0.03809022903442383
islands 0 284 7 3.177966833114624 3.4466190338134766 0.7901077270507812
. 0 285 1 0.40209826827049255 1.6483194828033447 1.7982995510101318
<eos> 0 286 5 0.06115427240729332 0.262228786945343 1.3860906958580017
<unk> 0 287 5 2.692187547683716 6.079934120178223 0
the 0 288 3 9.90794849395752 7.440443992614746 0
depression 0 289 10 11.87576961517334 9.502601623535156 0
became 0 290 6 4.79868745803833 6.863325595855713 2.6392760276794434
more 0 291 4 4.248167037963867 5.036287784576416 1.8270378112792969
organized 0 292 9 2.7806553840637207 6.38320779800415 0
, 0 293 1 2.076380968093872 4.32251501083374 2.06069278717041
an 0 294 2 10.367791175842285 4.5816969871521 0
eye 0 295 3 4.436999320983887 5.2996978759765625 0
<unk> 0 296 5 4.241584777832031 6.605379581451416 0
like 0 297 4 4.150173664093018 7.670046329498291 0
feature 0 298 7 2.565302848815918 6.700119495391846 0.9699268341064453
developed 0 299 9 6.830588340759277 5.336544990539551 1.363574504852295
in 0 300 2 3.981557846069336 5.009056091308594 0.32748889923095703
the 0 301 3 0.7601661682128906 3.152043581008911 1.8570125102996826
upper 0 302 5 6.8309526443481445 5.9296770095825195 0
levels 0 303 6 13.297140121459961 2.356583833694458 3.5730931758880615
of 0 304 2 0.8687105774879456 2.773386001586914 0
the 0 305 3 0.6683961749076843 2.970778465270996 0
system 0 306 6 3.1818041801452637 5.710904121398926 0
. 0 307 1 1.3365693092346191 3.349822998046875 2.361081123352051
<eos> 0 308 5 0.055689383298158646 0.24592430889606476 3.1038986891508102
<unk> 0 309 5 2.6879897117614746 6.077688694000244 0
depression 0 310 10 17.729726791381836 7.441876411437988 0
was 0 311 3 2.5707719326019287 6.871702194213867 0.5701742172241211
upgraded 0 312 8 8.492695808410645 8.088452339172363 0
to 0 313 2 0.7670040726661682 2.8519201278686523 5.236532211303711
<unk> 0 314 5 6.33408260345459 2.969533920288086 0
<unk> 0 315 5 2.211449384689331 5.04354190826416 0
<unk> 0 316 5 3.4685049057006836 4.84548807144165 0.19805383682250977
six 0 317 3 17.24553680419922 5.655600070953369 0
hours 0 318 5 1.3588087558746338 2.711970806121826 2.943629264831543
after 0 319 5 2.169546127319336 2.129300594329834 0.5826702117919922
forming 0 320 7 8.829756736755371 4.046215057373047 0
. 0 321 1 1.5692108869552612 4.077353000640869 0
<eos> 0 322 5 0.055279288440942764 0.2430606335401535 3.8342923671007156
<unk> 0 323 5 2.6923279762268066 6.077872276306152 0
was 0 324 3 3.7555644512176514 7.436522960662842 0
located 0 325 7 10.352197647094727 8.519617080688477 0
in 0 326 2 1.8091447353363037 4.747152328491211 3.7724647521972656
an 0 327 2 6.036742210388184 3.4226133823394775 1.3245389461517334
area 0 328 4 2.1224710941314697 7.235022068023682 0
which 0 329 5 8.099167823791504 3.661142587661743 3.5738794803619385
was 0 330 3 2.374569892883301 7.499215602874756 0
supportive 0 331 10 16.891998291015625 8.531850814819336 0
for 0 332 3 6.875783920288086 1.6331603527069092 6.898690462112427
rapid 0 333 5 12.458075523376465 6.402270317077637 0
intensification 0 334 15 2.4601292610168457 6.836750507354736 0
but 0 335 3 8.196296691894531 3.717052698135376 3.1196978092193604
was 0 336 3 2.683664083480835 6.7313995361328125 0
not 0 337 3 4.027701377868652 7.950441360473633 0
forecast 0 338 8 5.841310977935791 7.95620059967041 0
to 0 339 2 0.5572623014450073 2.2704617977142334 5.685738801956177
intensify 0 340 9 3.165465831756592 6.968108177185059 0
quickly 0 341 7 9.703588485717773 4.144161224365234 2.823946952819824
. 0 342 1 0.8579210042953491 2.7698123455047607 1.3743488788604736
<eos> 0 343 5 0.062293559312820435 0.2664409875869751 2.5033713579177856
<unk> 0 344 5 2.7145025730133057 6.048772811889648 0
continued 0 345 9 8.278731346130371 7.433935165405273 0
to 0 346 2 0.7111413478851318 3.4068126678466797 4.027122497558594
intensify 0 347 9 6.661313056945801 8.329607009887695 0
throughout 0 348 10 7.355794429779053 4.663155555725098 3.6664514541625977
the 0 349 3 0.6475297212600708 2.2391257286071777 2.42402982711792
afternoon 0 350 9 4.683395862579346 6.019557952880859 0
as 0 351 2 6.738076686859131 3.192305564880371 2.8272523880004883
the 0 352 3 2.2209701538085938 3.427112102508545 0
storm 0 353 5 2.4156875610351562 5.367769241333008 0
became 0 354 6 5.044875621795654 5.422950744628906 0
more 0 355 4 2.4331955909729004 5.926337718963623 0
symmetrical 0 356 11 7.166758060455322 5.827220916748047 0.09911680221557617
. 0 357 1 1.4190384149551392 3.026280164718628 2.800940752029419
<eos> 0 358 5 0.0642307847738266 0.2712572515010834 2.7550229132175446
<unk> 0 359 5 2.692721366882324 6.0754265785217285 0
, 0 360 1 4.518939018249512 7.442805290222168 0
due 0 361 3 11.244795799255371 5.78944730758667 1.653357982635498
to 0 362 2 0.03221442550420761 0.280816912651062 5.508630394935608
the 0 363 3 1.6661818027496338 5.250142574310303 0
location 0 364 8 8.685544967651367 10.211560249328613 0
of 0 365 2 0.5737491846084595 2.8493247032165527 7.3622355461120605
the 0 366 3 1.024717926979065 4.416813850402832 0
storm 0 367 5 7.2945685386657715 9.050712585449219 0
, 0 368 1 0.5862997770309448 2.9096548557281494 6.141057729721069
there 0 369 5 12.358198165893555 6.337791919708252 0
was 0 370 3 1.1914875507354736 2.801255941390991 3.5365359783172607
a 0 371 1 2.0173096656799316 4.305299758911133 0
lack 0 372 4 5.2165446281433105 8.98704719543457 0
of 0 373 2 0.002914052689447999 0.0342240147292614 8.952823180705309
accurate 0 374 8 9.263538360595703 9.21827507019043 0
wind 0 375 4 6.000143051147461 8.13294506072998 1.0853300094604492
speed 0 376 5 6.343897819519043 1.971408486366272 6.1615365743637085
readings 0 377 8 13.407084465026855 4.604306697845459 0
, 0 378 1 3.097341537475586 4.768880367279053 0
and 0 379 3 2.088468074798584 5.889641284942627 0
the 0 380 3 2.0373711585998535 6.784158706665039 0
<unk> 0 381 5 3.1850428581237793 8.523895263671875 0
<unk> 0 382 5 3.224003314971924 8.51585578918457 0.008039474487304688
<unk> 0 383 5 2.015557050704956 7.513711452484131 1.0021443367004395
was 0 384 3 4.796796798706055 8.764816284179688 0
uncertain 0 385 9 12.564009666442871 8.536446571350098 0.22836971282958984
of 0 386 2 6.313096523284912 3.4914369583129883 5.045009613037109
its 0 387 3 4.934352874755859 6.656089782714844 0
actual 0 388 6 8.544589042663574 8.816962242126465 0
intensity 0 389 9 2.834033250808716 8.017515182495117 0.7994470596313477
. 0 390 1 0.4586131274700165 1.9606348276138306 6.056880354881287
<eos> 0 391 5 0.06263481080532074 0.2672243118286133 1.6934105157852173
<unk> 0 392 5 2.695923089981079 6.086023807525635 0
the 0 393 3 9.8997163772583 7.440669536590576 0
lack 0 394 4 12.687164306640625 9.504411697387695 0
of 0 395 2 0.007074673660099506 0.07227835804224014 9.432133339345455
wind 0 396 4 10.324576377868652 9.941923141479492 0
shear 0 397 5 1.0240671634674072 4.827118396759033 5.114804744720459
around 0 398 6 8.909128189086914 5.735315322875977 0
the 0 399 3 0.8162983655929565 2.698307991027832 3.0370073318481445
storm 0 400 5 3.821164131164551 5.626791000366211 0
, 0 401 1 1.1638519763946533 4.3994011878967285 1.2273898124694824
the 0 402 3 5.992018699645996 4.902377128601074 0
center 0 403 6 6.635263919830322 7.362138271331787 0
became 0 404 6 5.699235439300537 4.744701862335205 2.617436408996582
slightly 0 405 8 6.335791110992432 6.447178840637207 0
exposed 0 406 7 6.0497331619262695 5.274532794952393 1.1726460456848145
and 0 407 3 2.371676445007324 3.797994375228882 1.4765384197235107
ceased 0 408 6 13.35688304901123 6.677980422973633 0
further 0 409 7 8.704168319702148 4.763864994049072 1.9141154289245605
intensification 0 410 15 3.499326705932617 4.570659637451172 0.1932053565979004
. 0 411 1 0.8190115690231323 3.047039270401001 1.523620367050171
<eos> 0 412 5 0.06156434863805771 0.26549801230430603 2.781541258096695
<unk> 0 413 5 2.687718629837036 6.082058906555176 0
storm 0 414 5 14.520514488220215 7.444725036621094 0
was 0 415 3 3.2347652912139893 7.161378860473633 0.28334617614746094
also 0 416 4 3.9049582481384277 7.980153560638428 0
heading 0 417 7 13.622841835021973 7.377230167388916 0.6029233932495117
into 0 418 4 4.543451309204102 5.2332353591918945 2.1439948081970215
an 0 419 2 4.257505893707275 3.0197372436523438 2.213498115539551
area 0 420 4 2.4346303939819336 4.101398944854736 0
where 0 421 5 6.885379314422607 2.0961685180664062 2.00523042678833
shear 0 422 5 14.194439888000488 5.097901821136475 0
was 0 423 3 3.1260008811950684 6.804868698120117 0
<unk> 0 424 5 5.928990364074707 8.338372230529785 0
to 0 425 2 2.841435432434082 5.961898326873779 2.376473903656006
significantly 0 426 13 11.4384765625 4.617789268493652 1.344109058380127
increase 0 427 8 2.2802600860595703 6.2641377449035645 0
due 0 428 3 7.586175441741943 5.562633037567139 0.7015047073364258
to 0 429 2 0.04407988861203194 0.3506646156311035 5.211968421936035
an 0 430 2 5.603131294250488 5.696080684661865 0
upper 0 431 5 3.5648343563079834 5.203330039978027 0.4927506446838379
<unk> 0 432 5 1.5437933206558228 4.405134201049805 0.7981958389282227
level 0 433 5 0.022946659475564957 0.17321611940860748 4.231918081641197
trough 0 434 6 0.9417770504951477 2.2545621395111084 0
diving 0 435 6 21.13763999938965 3.11752986907959 0
southward 0 436 9 9.012269020080566 6.900841236114502 0
. 0 437 1 2.0137791633605957 4.982155799865723 1.9186854362487793
<eos> 0 438 5 0.05559588968753815 0.24446357786655426 4.737692221999168
<unk> 0 439 5 2.6667933464050293 6.060326099395752 0
convection 0 440 10 18.65308952331543 7.434000492095947 0
being 0 441 5 12.581212997436523 7.377889156341553 0.05611133575439453
partially 0 442 9 8.732216835021973 8.81830883026123 0
removed 0 443 7 8.416891098022461 7.978017807006836 0.8402910232543945
from 0 444 4 1.2534122467041016 3.7766456604003906 4.201372146606445
the 0 445 3 0.3922140300273895 2.1296935081481934 1.6469521522521973
center 0 446 6 3.6992380619049072 6.860751152038574 0
of 0 447 2 1.5676203966140747 5.104091644287109 1.7566595077514648
<unk> 0 448 5 4.329156875610352 2.517547845840454 2.5865437984466553
, 0 449 1 2.3562655448913574 6.323133945465088 0
the 0 450 3 4.702113151550293 6.482407093048096 0
storm 0 451 5 4.1391215324401855 7.759954929351807 0
intensified 0 452 11 5.485951900482178 6.63475227355957 1.1252026557922363
slightly 0 453 8 5.702760219573975 3.0442333221435547 3.5905189514160156
in 0 454 2 4.591325759887695 4.663398265838623 0
the 0 455 3 2.335012674331665 3.9541144371032715 0.7092838287353516
early 0 456 5 4.834094047546387 5.7768449783325195 0
morning 0 457 7 1.6938586235046387 3.3308775424957275 2.445967435836792
hours 0 458 5 2.727551221847534 3.4054157733917236 0
on 0 459 2 4.031646251678467 4.413702964782715 0
<unk> 0 460 5 0.13266602158546448 0.7368236780166626 3.6768792867660522
<unk> 0 461 5 0.015486685559153557 0.11782965809106827 0.6189940199255943
as 0 462 2 5.8477044105529785 2.186372756958008 0
thunderstorm 0 463 12 12.949352264404297 2.6085686683654785 0
activity 0 464 8 0.1215793639421463 0.9782184362411499 1.6303502321243286
to 0 465 2 7.243954658508301 5.726912498474121 0
the 0 466 3 0.88529372215271 3.8612802028656006 1.8656322956085205
south 0 467 5 2.9501187801361084 3.3127331733703613 0.5485470294952393
of 0 468 2 1.55387282371521 3.9158248901367188 0
the 0 469 3 0.9354727864265442 1.8846580982208252 2.0311667919158936
center 0 470 6 3.4556045532226562 5.4684247970581055 0
became 0 471 6 4.479753017425537 4.842906951904297 0.6255178451538086
more 0 472 4 3.0036826133728027 5.929167747497559 0
organized 0 473 9 2.799076795578003 5.568833351135254 0.3603343963623047
. 0 474 1 0.31619492173194885 1.5468682050704956 4.021965146064758
<eos> 0 475 5 0.06506452709436417 0.27488330006599426 1.2719849050045013
<unk> 0 476 5 2.6842570304870605 6.064725399017334 0
intensification 0 477 15 21.112361907958984 7.432417392730713 0
was 0 478 3 2.9288206100463867 6.14564323425293 1.2867741584777832
forecast 0 479 8 8.473700523376465 8.437073707580566 0
to 0 480 2 0.816466212272644 2.9778897762298584 5.459183931350708
be 0 481 2 3.586003303527832 6.854903697967529 0
short 0 482 5 8.52122974395752 8.25625228881836 0
in 0 483 2 6.257643699645996 4.2420196533203125 4.014232635498047
duration 0 484 8 9.870622634887695 5.176814556121826 0
as 0 485 2 6.144491672515869 3.469604730606079 1.707209825515747
the 0 486 3 2.5659425258636475 4.289149761199951 0
trough 0 487 6 8.052987098693848 5.418904781341553 0
to 0 488 2 10.979193687438965 6.370433330535889 0
the 0 489 3 0.7877026200294495 3.8279271125793457 2.542506217956543
north 0 490 5 2.3497865200042725 3.2227389812469482 0.6051881313323975
was 0 491 3 3.5371246337890625 4.927792072296143 0
deepening 0 492 9 14.757027626037598 8.621230125427246 0
, 0 493 1 2.5458357334136963 4.855989456176758 3.7652406692504883
causing 0 494 7 5.345465660095215 4.800408840179443 0.05558061599731445
the 0 495 3 2.2752532958984375 5.467406749725342 0
wind 0 496 4 8.744946479797363 5.180929660797119 0.28647708892822266
shear 0 497 5 4.1333909034729 1.143131136894226 4.037798523902893
to 0 498 2 0.39919236302375793 2.2016727924346924 0
the 0 499 3 6.15562105178833 6.749599456787109 0
west 0 500 4 3.3251209259033203 4.737775802612305 2.0118236541748047
to 0 501 2 3.2856557369232178 3.8872933387756348 0.8504824638366699
become 0 502 6 5.090171813964844 6.744424819946289 0
stronger 0 503 8 6.054668426513672 5.404135227203369 1.34028959274292
. 0 504 1 0.9751196503639221 3.3196840286254883 2.084451198577881
<eos> 0 505 5 0.06120932847261429 0.2613077163696289 3.0583763122558594
<unk> 0 506 5 2.69766902923584 6.082091331481934 0
reached 0 507 7 10.639113426208496 7.440969944000244 0
its 0 508 3 5.237146854400635 4.001036643981934 3.4399333000183105
peak 0 509 4 0.644344687461853 3.591606616973877 0.40943002700805664
intensity 0 510 9 0.5865598917007446 2.7187085151672363 0.8728981018066406
of 0 511 2 3.1620688438415527 4.795999526977539 0
<unk> 0 512 5 0.16403286159038544 1.1115045547485352 3.684494972229004
mph 0 513 3 0.428410142660141 1.1270133256912231 0
( 0 514 1 0.0028865907806903124 0.02842259407043457 1.0985907316207886
<unk> 0 515 5 0.00021736968483310193 0.0030527275521308184 0.025369866518303752
km 0 516 2 0.004012102726846933 0.03204791247844696 0
/ 0 517 1 8.254931162809953e-05 0.0009591722628101707 0.03108874021563679
h 0 518 1 1.651023922022432e-05 0.0001934675092343241 0.0007657047535758466
) 0 519 1 0.0011090337065979838 0.011098068207502365 0
around 0 520 6 9.672303199768066 4.198470592498779 0
<unk> 0 521 5 0.37291619181632996 1.5091946125030518 2.6892759799957275
a.m. 0 522 4 7.863121032714844 2.518512725830078 0
( 0 523 1 9.060392379760742 2.8895442485809326 0
<unk> 0 524 5 0.6803290843963623 3.8313915729522705 0
) 0 525 1 1.2037382125854492 2.8943681716918945 0.937023401260376
as 0 526 2 7.24727201461792 3.3684680461883545 0
it 0 527 2 1.4464263916015625 3.8138787746429443 0
continued 0 528 9 5.476943016052246 4.927225112915039 0
to 0 529 2 1.0291882753372192 4.019773483276367 0.9074516296386719
become 0 530 6 7.6350417137146 6.037914752960205 0
more 0 531 4 4.138326168060303 5.607982158660889 0.4299325942993164
organized 0 532 9 2.3007149696350098 5.727020740509033 0
. 0 533 1 0.8213863968849182 2.767709493637085 2.9593112468719482
<eos> 0 534 5 0.06339985132217407 0.27002450823783875 2.497684985399246
<unk> 0 535 5 2.6923346519470215 6.080252647399902 0
, 0 536 1 4.51991605758667 7.434701442718506 0
there 0 537 5 10.884342193603516 5.800106525421143 1.6345949172973633
were 0 538 4 2.8456015586853027 3.0390450954437256 2.761061429977417
indications 0 539 11 10.81820011138916 6.665469646453857 0
that 0 540 4 0.7528024315834045 2.1300506591796875 4.53541898727417
it 0 541 2 5.620611667633057 5.045648097991943 0
had 0 542 3 3.3935232162475586 3.9458353519439697 1.0998127460479736
already 0 543 7 6.310117721557617 6.2279133796691895 0
begun 0 544 5 6.820981979370117 4.52372932434082 1.7041840553283691
to 0 545 2 1.4991272687911987 5.732723712921143 0
weaken 0 546 6 6.4357075691223145 8.369233131408691 0
. 0 547 1 3.2315070629119873 4.97331428527832 3.395918846130371
<eos> 0 548 5 0.05631687864661217 0.24706798791885376 4.7262462973594666
<unk> 0 549 5 2.6873252391815186 6.077834606170654 0
towards 0 550 7 17.06342887878418 7.440928936004639 0
the 0 551 3 1.3492025136947632 3.6192679405212402 3.8216609954833984
north 0 552 5 7.4435014724731445 6.327911853790283 0
was 0 553 3 4.930192470550537 5.170534610748291 1.1573772430419922
becoming 0 554 8 10.760684967041016 7.980453014373779 0
restricted 0 555 10 12.855602264404297 5.237297058105469 2.7431559562683105
and 0 556 3 6.665334701538086 1.9697681665420532 3.2675288915634155
arc 0 557 3 23.50220489501953 9.261672019958496 0
clouds 0 558 6 11.498305320739746 8.813934326171875 0.4477376937866211
began 0 559 5 6.75193977355957 6.570306777954102 2.2436275482177734
emanating 0 560 9 17.256248474121094 3.4000864028930664 3.170220375061035
from 0 561 4 0.5849997997283936 2.8103644847869873 0.5897219181060791
the 0 562 3 0.9469172358512878 4.049375057220459 0
storm 0 563 5 4.432438850402832 7.238072395324707 0
, 0 564 1 2.7715706825256348 3.65071177482605 3.5873606204986572
a 0 565 1 7.700268745422363 5.320507049560547 0
sign 0 566 4 11.243643760681152 8.312994956970215 0
that 0 567 4 1.5863431692123413 3.428900957107544 4.884093999862671
dry 0 568 3 13.68773078918457 5.875401973724365 0
air 0 569 3 2.429144859313965 6.011648178100586 0
was 0 570 3 2.0510594844818115 6.529541015625 0
entering 0 571 8 12.630395889282227 8.460783004760742 0
the 0 572 3 0.7863802909851074 3.508788585662842 4.9519944190979
system 0 573 6 5.83033561706543 6.769836902618408 0
. 0 574 1 1.1094778776168823 3.915583372116089 2.8542535305023193
<eos> 0 575 5 0.056721217930316925 0.2490716278553009 3.666511744260788
<unk> 0 576 5 2.6926429271698 6.076623916625977 0
the 0 577 3 9.892948150634766 7.4411821365356445 0
afternoon 0 578 9 13.779287338256836 9.517053604125977 0
hours 0 579 5 9.20974063873291 7.322206974029541 2.1948466300964355
, 0 580 1 3.471491813659668 5.708096981048584 1.614109992980957
the 0 581 3 2.1907451152801514 5.628910541534424 0.07918643951416016
structure 0 582 9 12.54043960571289 9.058572769165039 0
of 0 583 2 1.215361475944519 5.526363849639893 3.5322089195251465
<unk> 0 584 5 3.3790435791015625 3.547212600708008 1.9791512489318848
began 0 585 5 6.757134914398193 6.9121503829956055 0
to 0 586 2 0.7623398303985596 3.8711161613464355 3.04103422164917
rapidly 0 587 7 6.302394866943359 7.414628982543945 0
deteriorate 0 588 11 3.393864393234253 4.565402507781982 2.849226474761963
as 0 589 2 5.819036960601807 3.3776421546936035 1.187760353088379
strong 0 590 6 12.449188232421875 2.8589277267456055 0.518714427947998
wind 0 591 4 2.545626640319824 3.4113619327545166 0
shear 0 592 5 0.015412329696118832 0.11959246546030045 3.291769467294216
and 0 593 3 4.874161720275879 5.934012413024902 0
dry 0 594 3 6.087031364440918 7.000912666320801 0
air 0 595 3 0.6353837847709656 3.1732401847839355 3.8276724815368652
took 0 596 4 9.926389694213867 6.9293293952941895 0
their 0 597 5 9.317745208740234 4.852420330047607 2.076909065246582
toll 0 598 4 0.7274866700172424 3.6801488399505615 1.172271490097046
. 0 599 1 1.2079236507415771 3.729057788848877 0
<eos> 0 600 5 0.06597813218832016 0.27763062715530396 3.451427161693573
<unk> 0 601 5 2.6794235706329346 6.088522911071777 0
the 0 602 3 9.879195213317871 7.450185775756836 0
late 0 603 4 12.417082786560059 9.512151718139648 0
night 0 604 5 6.0786261558532715 7.438899040222168 2.0732526779174805
, 0 605 1 3.4979963302612305 6.782603740692139 0.6562952995300293
the 0 606 3 3.7943761348724365 6.7658843994140625 0.016719341278076172
center 0 607 6 11.477831840515137 9.202201843261719 0
was 0 608 3 5.090548992156982 4.611846923828125 4.590354919433594
almost 0 609 6 7.4359354972839355 9.403876304626465 0
completely 0 610 10 2.7772886753082275 7.39399528503418 2.009881019592285
exposed 0 611 7 7.744916915893555 8.295690536499023 0
and 0 612 3 3.7540621757507324 3.94313645362854 4.352554082870483
only 0 613 4 8.390473365783691 7.954936504364014 0
a 0 614 1 3.4492757320404053 7.847492694854736 0.10744380950927734
band 0 615 4 12.327152252197266 4.965573787689209 2.8819189071655273
of 0 616 2 1.3730144500732422 5.849331378936768 0
convection 0 617 10 10.046092987060547 8.460065841674805 0
persisted 0 618 9 6.740865707397461 6.9766035079956055 1.4834623336791992
near 0 619 4 6.850190162658691 4.3792548179626465 2.597348690032959
the 0 620 3 0.5106344223022461 2.0727860927581787 2.3064687252044678
center 0 621 6 1.5166490077972412 5.316450119018555 0
. 0 622 1 1.1595371961593628 2.889415979385376 2.4270341396331787
<eos> 0 623 5 0.06835827231407166 0.2854541540145874 2.6039618253707886
<unk> 0 624 5 2.691380023956299 6.081283092498779 0
continuing 0 625 10 18.259912490844727 7.450857162475586 0
effects 0 626 7 17.768203735351562 4.648937225341797 2.801919937133789
from 0 627 4 4.571691036224365 6.282515048980713 0
the 0 628 3 1.3806078433990479 5.210552215576172 1.071962833404541
strong 0 629 6 11.11014461517334 8.629008293151855 0
wind 0 630 4 4.226943016052246 5.966269493103027 2.662738800048828
shear 0 631 5 0.3644050657749176 2.0770344734191895 3.889235019683838
, 0 632 1 3.076266050338745 6.986969947814941 0
a 0 633 1 5.877108097076416 6.77182149887085 0.2151484489440918
large 0 634 5 5.854541301727295 8.190269470214844 0
, 0 635 1 5.519768238067627 7.33088493347168 0.8593845367431641
deep 0 636 4 5.354260444641113 7.554069519042969 0
burst 0 637 5 11.03990364074707 5.677310943603516 1.8767585754394531
of 0 638 2 0.8494291305541992 4.080064296722412 1.5972466468811035
convection 0 639 10 2.224153995513916 5.67300271987915 0
formed 0 640 6 6.142327308654785 4.943251132965088 0.7297515869140625
in 0 641 2 3.02836275100708 5.218790054321289 0
the 0 642 3 0.672542929649353 2.586311101913452 2.632478952407837
northern 0 643 8 5.361805438995361 6.018237113952637 0
semicircle 0 644 10 3.3476297855377197 3.602287769317627 2.4159493446350098
of 0 645 2 1.4612140655517578 3.441920280456543 0.16036748886108398
<unk> 0 646 5 2.6095848083496094 2.1208198070526123 1.3211004734039307
. 0 647 1 2.1536576747894287 4.000312805175781 0
<eos> 0 648 5 0.06239798665046692 0.267277330160141 3.7330354750156403
<unk> 0 649 5 2.681602954864502 6.075889587402344 0
center 0 650 6 14.238175392150879 7.440759181976318 0
was 0 651 3 3.169450283050537 6.937660217285156 0.5030989646911621
found 0 652 5 10.428129196166992 7.873854160308838 0
to 0 653 2 2.1649892330169678 5.136504650115967 2.737349510192871
have 0 654 4 1.7460284233093262 2.905217409133911 2.2312872409820557
shifted 0 655 7 12.99942684173584 7.107769966125488 0
towards 0 656 7 9.825981140136719 6.161720275878906 0.946049690246582
the 0 657 3 1.0488629341125488 4.146589279174805 2.0151309967041016
new 0 658 3 7.938928127288818 6.713918685913086 0
convection 0 659 10 11.1185884475708 5.551778793334961 1.162139892578125
leading 0 660 7 11.986489295959473 5.121218681335449 0.4305601119995117
to 0 661 2 0.2541161775588989 1.403146743774414 3.718071937561035
an 0 662 2 4.428206443786621 5.131418704986572 0
increase 0 663 8 3.1953001022338867 6.392423629760742 0
in 0 664 2 0.253695011138916 1.3449443578720093 5.047479271888733
intensity 0 665 9 5.71463680267334 6.668880462646484 0
. 0 666 1 1.6707358360290527 4.084756851196289 2.5841236114501953
<eos> 0 667 5 0.06025179475545883 0.26009804010391235 3.8246588110923767
<unk> 0 668 5 2.6901540756225586 6.088252544403076 0
forecast 0 669 8 17.942655563354492 7.446871280670166 0
showed 0 670 6 14.136573791503906 6.352326393127441 1.0945448875427246
a 0 671 1 3.2518465518951416 5.230752468109131 1.1215739250183105
slight 0 672 6 6.766184329986572 8.33847713470459 0
decrease 0 673 8 3.656883716583252 5.901920318603516 2.436556816101074
in 0 674 2 0.18669883906841278 1.0841741561889648 4.817746162414551
wind 0 675 4 3.9727935791015625 6.948260307312012 0
shear 0 676 5 0.10479932278394699 0.712326169013977 6.235934138298035
as 0 677 2 5.176403999328613 4.315321445465088 0
<unk> 0 678 5 4.29847526550293 4.509515762329102 0
continued 0 679 9 5.676517009735107 6.580385208129883 0
westward 0 680 8 7.023965358734131 2.1983909606933594 4.381994247436523
and 0 681 3 2.824219226837158 4.016229629516602 0
no 0 682 2 11.623177528381348 7.346433162689209 0
change 0 683 6 12.041886329650879 5.355203628540039 1.99122953414917
in 0 684 2 2.4846346378326416 5.000445365905762 0.35475826263427734
intensity 0 685 9 2.5249791145324707 5.851033687591553 0
over 0 686 4 7.302584171295166 4.684324264526367 1.1667094230651855
the 0 687 3 0.9176305532455444 3.325061321258545 1.3592629432678223
<unk> 0 688 5 3.1375248432159424 6.054533004760742 0
<unk> 0 689 5 3.7153701782226562 5.405045509338379 0.6494874954223633
day 0 690 3 7.174579620361328 5.298604965209961 0.10644054412841797
forecast 0 691 8 6.742222309112549 6.065101146697998 0
was 0 692 3 4.851789951324463 5.6141533851623535 0.45094776153564453
predicted 0 693 9 7.519175052642822 8.082868576049805 0
. 0 694 1 1.4343655109405518 2.8170032501220703 5.265865325927734
<eos> 0 695 5 0.04825420305132866 0.21981991827487946 2.597183331847191
<unk> 0 696 5 2.6945884227752686 6.067967414855957 0
, 0 697 1 4.506491661071777 7.426016807556152 0
the 0 698 3 4.09584379196167 5.807357311248779 1.618659496307373
convection 0 699 10 16.431730270385742 9.230273246765137 0
decreased 0 700 9 10.082557678222656 6.435951232910156 2.7943220138549805
once 0 701 4 9.736037254333496 5.119266510009766 1.3166847229003906
more 0 702 4 3.4221808910369873 4.96962833404541 0.14963817596435547
and 0 703 3 3.802266836166382 5.500406265258789 0
the 0 704 3 2.9675824642181396 7.21363639831543 0
low 0 705 3 5.5596723556518555 7.154045104980469 0.05959129333496094
became 0 706 6 2.792384624481201 6.306207656860352 0.8478374481201172
completely 0 707 10 10.731371879577637 6.290081977844238 0.01612567901611328
exposed 0 708 7 3.4301624298095703 5.634174823760986 0.655907154083252
by 0 709 2 4.718992233276367 3.917125701904297 1.7170491218566895
the 0 710 3 0.9871776103973389 3.862119197845459 0.05500650405883789
late 0 711 4 8.912805557250977 6.437873363494873 0
morning 0 712 7 5.428130149841309 3.929126024246216 2.5087473392486572
hours 0 713 5 3.7373769283294678 4.415229320526123 0
and 0 714 3 3.2334306240081787 3.80910587310791 0.6061234474182129
<unk> 0 715 5 2.9884817600250244 7.631555557250977 0
weakened 0 716 8 7.964432716369629 6.030112266540527 1.6014432907104492
again 0 717 5 9.960753440856934 3.837801694869995 2.1923105716705322
. 0 718 1 0.9524233937263489 3.0678632259368896 0.7699384689331055
<eos> 0 719 5 0.061192844063043594 0.2619204521179199 2.8059427738189697
<unk> 0 720 5 2.6783711910247803 6.067737579345703 0
the 0 721 3 9.89518928527832 7.442091464996338 0
afternoon 0 722 9 13.78570556640625 9.508116722106934 0
, 0 723 1 3.2091288566589355 7.329948902130127 2.1781678199768066
the 0 724 3 2.996079444885254 6.3241167068481445 1.0058321952819824
center 0 725 6 10.892194747924805 9.494640350341797 0
of 0 726 2 1.3729499578475952 6.314315319061279 3.1803250312805176
<unk> 0 727 5 2.3697805404663086 4.283586502075195 2.030728816986084
was 0 728 3 4.116546630859375 7.7535834312438965 0
only 0 729 4 9.185711860656738 9.417952537536621 0
a 0 730 1 3.3638017177581787 7.888959884643555 1.5289926528930664
swirl 0 731 5 13.186985969543457 8.17611026763916 0
of 0 732 2 0.5367894172668457 2.802992582321167 5.373117685317993
clouds 0 733 6 3.161017656326294 6.967565536499023 0
, 0 734 1 2.0064568519592285 5.368805408477783 1.5987601280212402
devoid 0 735 6 12.113409996032715 5.732624053955078 0
of 0 736 2 0.011400453746318817 0.11984635889530182 5.612777695059776
convection 0 737 10 2.8046159744262695 6.967329502105713 0
. 0 738 1 1.8052263259887695 3.8696181774139404 3.0977113246917725
<eos> 0 739 5 0.06408487260341644 0.2717495262622833 3.597868651151657
<unk> 0 740 5 2.6841511726379395 6.085592269897461 0
the 0 741 3 9.90429401397705 7.44955587387085 0
overnight 0 742 9 18.373991012573242 9.51268482208252 0
hours 0 743 5 8.430227279663086 10.661643028259277 0
on 0 744 2 5.890535354614258 5.840973854064941 4.820669174194336
<unk> 0 745 5 1.4309837818145752 3.7441675662994385 2.096806287765503
<unk> 0 746 5 0.7977118492126465 3.7999868392944336 0
into 0 747 4 11.632513046264648 4.168294429779053 0
the 0 748 3 1.0105150938034058 3.5497946739196777 0.618499755859375
morning 0 749 7 4.119558334350586 7.577123641967773 0
of 0 750 2 1.62717866897583 3.7746829986572266 3.802440643310547
<unk> 0 751 5 0.18424701690673828 0.8524184226989746 2.922264575958252
<unk> 0 752 5 0.07143191993236542 0.42526522278785706 0.42715319991111755
, 0 753 1 0.4531206488609314 2.2641518115997314 0
convection 0 754 10 10.789068222045898 4.125630855560303 0
associated 0 755 10 7.4073076248168945 6.732717514038086 0
with 0 756 4 0.017817338928580284 0.16529130935668945 6.5674262046813965
<unk> 0 757 5 3.088078022003174 3.9678003787994385 0
began 0 758 5 5.037478923797607 7.202577114105225 0
to 0 759 2 0.47029146552085876 2.700317859649658 4.502259254455566
redevelop 0 760 9 9.704042434692383 6.603651523590088 0
somewhat 0 761 8 11.105098724365234 4.8784942626953125 1.7251572608947754
, 0 762 1 3.2567238807678223 5.16344690322876 0
mostly 0 763 6 12.78713321685791 4.985081672668457 0.17836523056030273
to 0 764 2 5.202280044555664 5.975363731384277 0
the 0 765 3 1.0872138738632202 5.160888671875 0.8144750595092773
north 0 766 5 2.589233160018921 3.7586402893066406 1.4022483825683594
of 0 767 2 0.8659395575523376 2.31125807762146 1.4473822116851807
the 0 768 3 0.6764256954193115 1.8991307020187378 0.41212737560272217
circulation 0 769 11 4.871577739715576 5.726926803588867 0
, 0 770 1 3.228397846221924 1.7666370868682861 3.960289716720581
due 0 771 3 7.628003120422363 4.442729473114014 0
to 0 772 2 0.011854596436023712 0.12014926224946976 4.322580210864544
the 0 773 3 1.8744388818740845 5.362590789794922 0
strong 0 774 6 5.947933197021484 7.4273858070373535 0
southerly 0 775 9 7.036698818206787 6.6278276443481445 0.799558162689209
wind 0 776 4 2.569654703140259 6.25263786315918 0.37518978118896484
shear 0 777 5 0.2704640030860901 1.6894804239273071 4.563157439231873
. 0 778 1 1.3941518068313599 5.02479362487793 0
<eos> 0 779 5 0.056234173476696014 0.246833935379982 4.777959689497948
<unk> 0 780 5 2.6822385787963867 6.083176612854004 0
mid 0 781 3 17.58443832397461 7.4410481452941895 0
<unk> 0 782 5 0.05742016062140465 0.5756560564041138 6.865392088890076
morning 0 783 7 7.72830867767334 6.314621448516846 0
, 0 784 1 2.9114861488342285 8.676709175109863 0
<unk> 0 785 5 1.8332111835479736 6.403931617736816 2.272777557373047
re 0 786 2 11.004006385803223 7.058192729949951 0
<unk> 0 787 5 0.012096622958779335 0.13014239072799683 6.928050339221954
intensified 0 788 11 4.889988422393799 6.942332744598389 0
slightly 0 789 8 6.900198459625244 4.6446943283081055 2.297638416290283
due 0 790 3 5.737874984741211 4.8328423500061035 0
to 0 791 2 0.05113789811730385 0.38970473408699036 4.443137615919113
the 0 792 3 2.1207427978515625 5.23497200012207 0
redevelopment 0 793 13 14.378085136413574 7.080718517303467 0
of 0 794 2 0.9978405833244324 3.923464059829712 3.157254457473755
some 0 795 4 8.983283042907715 2.9198853969573975 1.0035786628723145
convection 0 796 10 7.8396501541137695 6.879380226135254 0
. 0 797 1 1.6597535610198975 3.654888868331909 3.2244913578033447
<eos> 0 798 5 0.06172666326165199 0.2646610736846924 3.390227794647217
<unk> 0 799 5 2.6864609718322754 6.086984634399414 0
, 0 800 1 4.520572185516357 7.448269844055176 0
the 0 801 3 4.097395896911621 5.790088176727295 1.6581816673278809
redevelopment 0 802 13 19.040428161621094 9.242753028869629 0
was 0 803 3 5.419482707977295 5.065401554107666 4.177351474761963
short 0 804 5 10.67465591430664 8.889579772949219 0
lived 0 805 5 6.1315460205078125 4.351226806640625 4.538352966308594
and 0 806 3 3.8373141288757324 3.9629666805267334 0.3882601261138916
wind 0 807 4 14.643857955932617 8.01541805267334 0
shear 0 808 5 1.8561522960662842 5.958706855773926 2.056711196899414
again 0 809 5 11.61453628540039 6.46767520904541 0
took 0 810 4 7.878580093383789 6.063266277313232 0.40440893173217773
its 0 811 3 5.705875396728516 3.979412317276001 2.0838539600372314
toll 0 812 4 0.2233601063489914 1.5620224475860596 2.4173898696899414
on 0 813 2 2.2126379013061523 4.154968738555908 0
<unk> 0 814 5 2.3300938606262207 4.055859565734863 0.09910917282104492
by 0 815 2 7.879199504852295 4.164111137390137 0
late 0 816 4 7.7367329597473145 4.717798709869385 0
morning 0 817 7 5.750293731689453 1.6822292804718018 3.035569429397583
. 0 818 1 1.4322962760925293 4.155697822570801 0
<eos> 0 819 5 0.06723558902740479 0.2809506952762604 3.8747471272945404
<unk> 0 820 5 2.679954767227173 6.090695381164551 0
convection 0 821 10 18.57716178894043 7.452478885650635 0
around 0 822 6 8.809735298156738 7.377429485321045 0.07504940032958984
the 0 823 3 0.6125925779342651 2.4458959102630615 4.931533575057983
system 0 824 6 5.42733907699585 5.260632038116455 0
became 0 825 6 5.308009147644043 6.9853386878967285 0
dislocated 0 826 10 11.129773139953613 6.557537078857422 0.42780160903930664
from 0 827 4 5.374298095703125 4.3650736808776855 2.1924633979797363
the 0 828 3 0.601531982421875 2.544806957244873 1.8202667236328125
center 0 829 6 3.260601043701172 6.3854804039001465 0
and 0 830 3 3.784432888031006 3.808842420578003 2.5766379833221436
<unk> 0 831 5 4.642583847045898 7.265320301055908 0
weakened 0 832 8 6.669876575469971 7.493178367614746 0
slightly 0 833 8 5.01759672164917 4.840721607208252 2.652456760406494
. 0 834 1 2.1146905422210693 4.841867446899414 0
<eos> 0 835 5 0.062480662018060684 0.2663547694683075 4.575512677431107
<unk> 0 836 5 2.6664974689483643 6.059693336486816 0
weakening 0 837 9 18.496932983398438 7.433566093444824 0
trend 0 838 5 10.304472923278809 7.284422874450684 0.14914321899414062
continued 0 839 9 4.484988212585449 6.582211971282959 0.7022109031677246
through 0 840 7 6.85187292098999 4.894859313964844 1.6873526573181152
the 0 841 3 0.8350405693054199 3.048142671585083 1.8467166423797607
afternoon 0 842 9 4.824897766113281 6.770770072937012 0
as 0 843 2 6.994105339050293 3.3403384685516357 3.430431604385376
the 0 844 3 2.2014191150665283 3.724736213684082 0
storm 0 845 5 2.567526340484619 5.588134765625 0
was 0 846 3 4.564920425415039 5.4863810539245605 0.10175371170043945
being 0 847 5 6.8954033851623535 7.930482387542725 0
affected 0 848 8 8.352912902832031 7.111418724060059 0.819063663482666
by 0 849 2 0.254427045583725 1.1160396337509155 5.995379090309143
strong 0 850 6 6.278501987457275 4.925123691558838 0
southerly 0 851 9 9.249455451965332 3.0170016288757324 1.9081220626831055
shear 0 852 5 3.58903169631958 3.6673667430877686 0
. 0 853 1 0.7121595144271851 2.502150774002075 1.1652159690856934
<eos> 0 854 5 0.05779445171356201 0.25213903188705444 2.2500117421150208
<unk> 0 855 5 2.682603359222412 6.079746246337891 0
became 0 856 6 7.8909077644348145 7.441244125366211 0
almost 0 857 6 11.483354568481445 5.321845054626465 2.119399070739746
fully 0 858 5 7.2961039543151855 7.205508232116699 0
devoid 0 859 6 12.749382019042969 8.239770889282227 0
of 0 860 2 0.01795221120119095 0.15673041343688965 8.083040475845337
any 0 861 3 6.711693286895752 8.418708801269531 0
convection 0 862 10 6.583736419677734 9.604211807250977 0
by 0 863 2 6.932065010070801 4.77009916305542 4.834112644195557
mid 0 864 3 6.102079391479492 5.388062953948975 0
<unk> 0 865 5 0.013062446378171444 0.128788560628891 5.259274393320084
afternoon 0 866 9 6.314704895019531 2.636176824569702 0
and 0 867 3 4.112619876861572 3.929365873336792 0
the 0 868 3 3.3350119590759277 6.952234745025635 0
storm 0 869 5 2.620030403137207 6.47507381439209 0.4771609306335449
weakened 0 870 8 4.894126892089844 5.824887275695801 0.6501865386962891
to 0 871 2 1.5483777523040771 4.014793872833252 1.8100934028625488
<unk> 0 872 5 9.54346752166748 1.5981518030166626 2.4166420698165894
mph 0 873 3 0.6589136719703674 2.1788227558135986 0
( 0 874 1 0.0036542988382279873 0.0353795550763607 2.143443200737238
<unk> 0 875 5 0.0007953724707476795 0.010286670178174973 0.02509288489818573
km 0 876 2 0.006202444899827242 0.04819149523973465 0
/ 0 877 1 0.001838182914070785 0.0148701136931777 0.03332138154655695
h 0 878 1 8.254931162809953e-05 0.000986155355349183 0.013883958337828517
) 0 879 1 0.0012740007368847728 0.013935478404164314 0
, 0 880 1 3.1458544731140137 4.385913848876953 0
barely 0 881 6 14.237295150756836 5.2069993019104 0
holding 0 882 7 13.274443626403809 6.539897441864014 0
on 0 883 2 6.111168384552002 4.873080730438232 1.6668167114257812
to 0 884 2 10.866059303283691 2.5567574501037598 2.3163232803344727
tropical 0 885 8 8.815338134765625 2.5025129318237305 0.0542445182800293
storm 0 886 5 0.5667942762374878 1.481552243232727 1.0209606885910034
status 0 887 6 2.7954115867614746 2.408358097076416 0
. 0 888 1 0.9869961142539978 3.3225488662719727 0
<eos> 0 889 5 0.0565725602209568 0.24861976504325867 3.073929101228714
<unk> 0 890 5 2.695142984390259 6.091573238372803 0
regained 0 891 8 12.458398818969727 7.441630840301514 0
a 0 892 1 4.820801734924316 3.857250213623047 3.584380626678467
small 0 893 5 7.08587646484375 8.676262855529785 0
amount 0 894 6 5.622086524963379 7.979570388793945 0.6966924667358398
of 0 895 2 0.09643962234258652 0.6549309492111206 7.324639439582825
convection 0 896 10 10.076473236083984 8.808276176452637 0
in 0 897 2 3.08040189743042 4.667003631591797 4.14127254486084
the 0 898 3 0.8651690483093262 3.303253173828125 1.3637504577636719
late 0 899 4 6.925955772399902 6.570887565612793 0
night 0 900 5 7.8383073806762695 4.392384052276611 2.1785035133361816
hours 0 901 5 4.310779571533203 3.741827964782715 0.6505560874938965
, 0 902 1 2.142411231994629 4.22025728225708 0
but 0 903 3 3.7770471572875977 5.600673675537109 0
not 0 904 3 8.639535903930664 6.659690856933594 0
enough 0 905 6 5.864777565002441 7.741893768310547 0
to 0 906 2 0.7346081137657166 3.3924174308776855 4.349476337432861
still 0 907 5 13.742591857910156 8.04397964477539 0
be 0 908 2 2.274400234222412 7.154340744018555 0.8896389007568359
classified 0 909 10 4.086833477020264 7.747254848480225 0
a 0 910 1 9.031482696533203 1.810773253440857 5.936481595039368
tropical 0 911 8 1.0144665241241455 3.909916639328003 0
storm 0 912 5 2.2276651859283447 1.7518024444580078 2.158114194869995
. 0 913 1 0.6414375305175781 2.612614154815674 0
<eos> 0 914 5 0.062114667147397995 0.2653142809867859 2.347299873828888
<unk> 0 915 5 2.697988271713257 6.079940319061279 0
to 0 916 2 10.96367073059082 7.431910991668701 0
the 0 917 3 2.3526883125305176 5.898537635803223 1.5333733558654785
lack 0 918 4 12.193449020385742 8.990002632141113 0
of 0 919 2 0.014091662131249905 0.1428055614233017 8.847197070717812
convection 0 920 10 10.126496315002441 10.519588470458984 0
, 0 921 1 2.088414192199707 5.941367149353027 4.578221321105957
<unk> 0 922 5 4.5944366455078125 6.534258842468262 0
was 0 923 3 4.08819580078125 7.644023418426514 0
downgraded 0 924 10 4.099593162536621 7.88895845413208 0
to 0 925 2 0.41050466895103455 1.6752375364303589 6.213720917701721
a 0 926 1 0.40429678559303284 1.4111409187316895 0.26409661769866943
<unk> 0 927 5 11.059066772460938 1.7148895263671875 0
<unk> 0 928 5 4.121114253997803 1.9343560934066772 0
at 0 929 2 11.787027359008789 2.529670238494873 0
<unk> 0 930 5 0.4568409323692322 2.0681378841400146 0.4615323543548584
( 0 931 1 10.716811180114746 2.5444633960723877 0
<unk> 0 932 5 0.802825927734375 4.331892013549805 0
) 0 933 1 0.5858307480812073 2.240781307220459 2.0911107063293457
with 0 934 4 8.419357299804688 3.3493521213531494 0
winds 0 935 5 1.8622252941131592 4.493907928466797 0
of 0 936 2 0.1964867115020752 1.3248220682144165 3.1690858602523804
<unk> 0 937 5 0.10264470428228378 0.6486812829971313 0.6761407852172852
mph 0 938 3 0.5798346996307373 1.097949504852295 0
( 0 939 1 0.0021188172977417707 0.02084873989224434 1.0771007649600506
<unk> 0 940 5 0.00018160224135499448 0.002614174038171768 0.01823456585407257
km 0 941 2 0.003874549176543951 0.03256622701883316 0
/ 0 942 1 0.00017609947826713324 0.0019209706224501133 0.030645256396383047
h 0 943 1 2.751696047198493e-05 0.00034375235554762185 0.0015772182669024915
) 0 944 1 0.001018121954984963 0.00994169246405363 0
. 0 945 1 1.311468243598938 3.506110668182373 0
<eos> 0 946 5 0.059602413326501846 0.25829657912254333 3.2478140890598297
<unk> 0 947 5 2.676572799682617 6.081984996795654 0
there 0 948 5 14.50825023651123 7.4421186447143555 0
was 0 949 3 2.4500346183776855 3.705805778503418 3.7363128662109375
no 0 950 2 2.9579238891601562 4.997860431671143 0
convection 0 951 10 13.615880012512207 10.057692527770996 0
around 0 952 6 6.816623210906982 6.286157608032227 3.7715349197387695
the 0 953 3 0.4430575966835022 2.1563355922698975 4.129822015762329
system 0 954 6 5.886118412017822 4.98673152923584 0
, 0 955 1 1.5855094194412231 4.199877738952637 0.7868537902832031
it 0 956 2 10.08823013305664 4.605868339538574 0
would 0 957 5 5.859715938568115 5.651147842407227 0
have 0 958 4 2.530395984649658 5.024734020233154 0.6264138221740723
normally 0 959 8 13.912070274353027 6.678095817565918 0
been 0 960 4 2.0636212825775146 6.7892255783081055 0
classified 0 961 10 4.785968780517578 8.374675750732422 0
a 0 962 1 7.157571315765381 1.582511067390442 6.79216468334198
remnant 0 963 7 7.890066146850586 4.238395690917969 0
low 0 964 3 1.0224189758300781 3.9583990573883057 0.2799966335296631
but 0 965 3 9.161873817443848 4.9237518310546875 0
, 0 966 1 6.522015571594238 7.203469753265381 0
due 0 967 3 3.9629342555999756 6.124532699584961 1.07893705368042
to 0 968 2 0.013062446378171444 0.12665122747421265 5.997881472110748
the 0 969 3 2.1645820140838623 5.350904941558838 0
possibility 0 970 11 6.035292148590088 7.3834381103515625 0
of 0 971 2 0.046958111226558685 0.3211948573589325 7.06224325299263
the 0 972 3 3.9207518100738525 6.417678356170654 0
storm 0 973 5 2.476621627807617 6.620509147644043 0
regenerating 0 974 12 14.4739990234375 4.987848281860352 1.6326608657836914
over 0 975 4 6.690978050231934 2.9680545330047607 2.019793748855591
the 0 976 3 0.6418336629867554 2.866393804550171 0.10166072845458984
next 0 977 4 5.151968479156494 6.059651851654053 0
several 0 978 7 5.308810234069824 3.496229887008667 2.5634219646453857
days 0 979 4 0.3998197913169861 1.4538838863372803 2.0423460006713867
, 0 980 1 0.1477646678686142 0.9912540316581726 0.46262985467910767
it 0 981 2 1.6778874397277832 4.156359672546387 0
was 0 982 3 1.9650049209594727 5.6327805519104 0
considered 0 983 10 6.315284252166748 7.561529636383057 0
a 0 984 1 1.3928449153900146 4.300943851470947 3.2605857849121094
tropical 0 985 8 0.7040308713912964 3.626324415206909 0.6746194362640381
depression 0 986 10 0.8691068291664124 1.618613362312317 2.0077110528945923
. 0 987 1 1.3270070552825928 4.158071994781494 0
<eos> 0 988 5 0.0627724677324295 0.2678489685058594 3.8902230262756348
<unk> 0 989 5 2.6834425926208496 6.07434606552124 0
next 0 990 4 12.306638717651367 7.440743923187256 0
morning 0 991 7 15.902222633361816 8.415733337402344 0
, 0 992 1 3.032115936279297 8.17503547668457 0.24069786071777344
<unk> 0 993 5 2.1624300479888916 6.629384517669678 1.5456509590148926
was 0 994 3 5.031813621520996 6.634758472442627 0
downgraded 0 995 10 11.966046333312988 8.848628044128418 0
to 0 996 2 0.2924008369445801 1.4815211296081543 7.367106914520264
a 0 997 1 0.3249812126159668 1.5132229328155518 0
remnant 0 998 7 8.076112747192383 2.576768398284912 0
low 0 999 3 0.3806843161582947 2.1285033226013184 0.44826507568359375
as 0 1000 2 5.29662561416626 4.616894245147705 0
strong 0 1001 6 9.490602493286133 3.782046318054199 0.8348479270935059
wind 0 1002 4 4.927143573760986 3.1741321086883545 0.6079142093658447
shear 0 1003 5 0.0774005576968193 0.4607865810394287 2.713345527648926
and 0 1004 3 4.073127269744873 6.21391487121582 0
dry 0 1005 3 6.1388325691223145 7.122352123260498 0
air 0 1006 3 0.8503261804580688 3.3451685905456543 3.7771835327148438
caused 0 1007 6 7.678339958190918 6.659239292144775 0
the 0 1008 3 2.3787264823913574 5.774596691131592 0.8846426010131836
demise 0 1009 6 13.418396949768066 4.268394470214844 1.506202220916748
of 0 1010 2 0.032792363315820694 0.22785930335521698 4.040535166859627
the 0 1011 3 0.8284735679626465 3.232402801513672 0
storm 0 1012 5 3.6281886100769043 5.883856773376465 0
. 0 1013 1 1.130743384361267 3.1851203441619873 2.6987364292144775
<eos> 0 1014 5 0.051495734602212906 0.23225124180316925 2.952869102358818
<unk> 0 1015 5 2.690365791320801 6.0662431716918945 0
redevelopment 0 1016 13 21.187515258789062 7.430752754211426 0
was 0 1017 3 2.733585834503174 7.163601398468018 0.2671513557434082
expected 0 1018 8 7.476743698120117 8.369908332824707 0
with 0 1019 4 7.768555164337158 2.689969539642334 5.679938793182373
<unk> 0 1020 5 3.0136878490448 5.789210319519043 0
as 0 1021 2 6.825460433959961 6.777741432189941 0
it 0 1022 2 6.255040645599365 5.302461624145508 1.4752798080444336
began 0 1023 5 6.246654987335205 5.8126654624938965 0
to 0 1024 2 1.1165224313735962 4.526604652404785 1.2860608100891113
move 0 1025 4 5.96908712387085 7.939177989959717 0
over 0 1026 4 6.148953437805176 6.055360794067383 1.883817195892334
colder 0 1027 6 12.86723518371582 3.7597501277923584 2.2956106662750244
waters 0 1028 6 1.0854032039642334 4.178977012634277 0
and 0 1029 3 3.408357620239258 3.248222589492798 0.9307544231414795
remain 0 1030 6 8.93899917602539 8.390616416931152 0
under 0 1031 5 6.1719441413879395 6.987880706787109 1.402735710144043
strong 0 1032 6 8.230362892150879 4.820725440979004 2.1671552658081055
wind 0 1033 4 4.887694835662842 4.8167924880981445 0.003932952880859375
shear 0 1034 5 0.08890547603368759 0.6035736799240112 4.213218808174133
until 0 1035 5 6.147331237792969 3.0087380409240723 0
it 0 1036 2 3.4007160663604736 4.010195732116699 0
dissipated 0 1037 10 4.60019063949585 5.519360065460205 0
. 0 1038 1 2.3396050930023193 3.221122980117798 2.2982370853424072
<eos> 0 1039 5 0.05934363603591919 0.2585063576698303 2.9626166224479675
<unk> 0 1040 5 2.6835155487060547 6.036435604095459 0
, 0 1041 1 4.514028549194336 7.438546657562256 0
the 0 1042 3 4.090150356292725 5.800185680389404 1.6383609771728516
remnant 0 1043 7 13.728979110717773 9.237898826599121 0
low 0 1044 3 3.367135524749756 6.3878583908081055 2.8500404357910156
associated 0 1045 10 10.830738067626953 5.395685195922852 0.9921731948852539
with 0 1046 4 0.06904897838830948 0.5668820738792419 4.82880312204361
<unk> 0 1047 5 2.455716848373413 3.960895538330078 0
began 0 1048 5 9.555663108825684 5.365194320678711 0
to 0 1049 2 0.7058194875717163 3.469362735748291 1.89583158493042
show 0 1050 4 9.360517501831055 6.105346202850342 0
signs 0 1051 5 3.7334654331207275 6.583164215087891 0
of 0 1052 2 0.15474040806293488 0.9724423885345459 5.610721826553345
redevelopment 0 1053 13 12.326921463012695 7.4792890548706055 0
during 0 1054 6 6.34779691696167 4.252841949462891 3.226447105407715
the 0 1055 3 0.540174126625061 2.4961156845092773 1.7567262649536133
afternoon 0 1056 9 5.480549335479736 6.581236839294434 0
on 0 1057 2 6.570053577423096 3.10782527923584 3.4734115600585938
<unk> 0 1058 5 0.21275773644447327 1.0296907424926758 2.078134536743164
<unk> 0 1059 5 0.043124932795763016 0.28289851546287537 0.7467922270298004
. 0 1060 1 0.9603978395462036 2.085824728012085 0
<eos> 0 1061 5 0.06180361658334732 0.2645704448223114 1.8212542831897736
<unk> 0 1062 5 2.6899654865264893 6.092357635498047 0
around 0 1063 6 15.2404203414917 7.448956489562988 0
the 0 1064 3 1.5803678035736084 3.95628023147583 3.492676258087158
system 0 1065 6 10.791316032409668 8.518896102905273 0
increased 0 1066 9 9.653727531433105 6.656065464019775 1.862830638885498
significantly 0 1067 13 6.387472629547119 6.253199100494385 0.4028663635253906
and 0 1068 3 4.345324516296387 4.520688533782959 1.7325105667114258
the 0 1069 3 2.9962432384490967 7.414756774902344 0
low 0 1070 3 6.078493118286133 7.262036323547363 0.15272045135498047
was 0 1071 3 5.038877010345459 6.514437198638916 0.7475991249084473
no 0 1072 2 8.69966983795166 8.270747184753418 0
longer 0 1073 6 0.29098910093307495 1.622822880744934 6.647924304008484
exposed 0 1074 7 5.962599754333496 8.020126342773438 0
. 0 1075 1 2.147523880004883 3.7931835651397705 4.226942777633667
<eos> 0 1076 5 0.06548549234867096 0.2754030227661133 3.5177805423736572
<unk> 0 1077 5 2.693615674972534 6.08864688873291 0
<unk> 0 1078 5 2.3696513175964355 7.436471939086914 0
<unk> 0 1079 5 2.6651172637939453 6.238058567047119 1.198413372039795
, 0 1080 1 3.2151153087615967 6.492098808288574 0
wind 0 1081 4 15.963885307312012 5.67990779876709 0.8121910095214844
shear 0 1082 5 5.608714580535889 7.216332912445068 0
took 0 1083 4 11.836457252502441 5.3221821784973145 1.894150733947754
over 0 1084 4 3.7511067390441895 5.972227096557617 0
the 0 1085 3 1.316847801208496 4.4481072425842285 1.5241198539733887
system 0 1086 6 5.428428649902344 8.750365257263184 0
again 0 1087 5 8.301810264587402 4.677530765533447 4.072834491729736
. 0 1088 1 4.657729148864746 4.113530158996582 0.5640006065368652
<eos> 0 1089 5 0.06477005779743195 0.273973673582077 3.839556485414505
<unk> 0 1090 5 2.682420253753662 6.072376728057861 0
around 0 1091 6 15.251494407653809 7.444715976715088 0
the 0 1092 3 1.578836441040039 3.9955732822418213 3.4491426944732666
remnant 0 1093 7 17.103187561035156 8.538090705871582 0
low 0 1094 3 4.00274658203125 7.066689491271973 1.4714012145996094
was 0 1095 3 3.603863477706909 6.270623683929443 0.7960658073425293
torn 0 1096 4 12.689361572265625 8.024675369262695 0
away 0 1097 4 3.0432398319244385 4.319768905639648 3.704906463623047
and 0 1098 3 3.6258840560913086 3.7581005096435547 0.5616683959960938
the 0 1099 3 2.689361572265625 7.610514163970947 0
low 0 1100 3 7.787301540374756 8.145439147949219 0
was 0 1101 3 4.835085868835449 6.864129066467285 1.2813100814819336
exposed 0 1102 7 6.151423454284668 8.68000316619873 0
once 0 1103 4 10.351421356201172 3.8035221099853516 4.876481056213379
more 0 1104 4 2.893641233444214 5.049322128295898 0
. 0 1105 1 1.4299436807632446 4.261106491088867 0.7882156372070312
<eos> 0 1106 5 0.0671694353222847 0.27877184748649597 3.982334643602371
<unk> 0 1107 5 2.6934850215911865 6.083383560180664 0
<unk> 0 1108 5 2.3521997928619385 7.445416450500488 0
<unk> 0 1109 5 2.661884307861328 6.2316718101501465 1.2137446403503418
<unk> 0 1110 5 1.9730908870697021 6.491116523742676 0
did 0 1111 3 10.306468963623047 4.60809850692749 1.8830180168151855
not 0 1112 3 0.7368781566619873 4.090338230133057 0.5177602767944336
state 0 1113 5 10.9120512008667 8.347798347473145 0
the 0 1114 3 2.403864860534668 5.756936073303223 2.590862274169922
chance 0 1115 6 10.797694206237793 10.142498970031738 0
of 0 1116 2 2.191525459289551 2.9735350608825684 7.16896390914917
regeneration 0 1117 12 15.364228248596191 8.339710235595703 0
once 0 1118 4 11.015429496765137 4.304167747497559 4.0355424880981445
the 0 1119 3 2.3060011863708496 5.416332721710205 0
low 0 1120 3 10.330698013305664 9.290477752685547 0
became 0 1121 6 6.209073066711426 6.5906147956848145 2.6998629570007324
exposed 0 1122 7 6.876654624938965 7.616972923278809 0
. 0 1123 1 2.0048859119415283 3.5423226356506348 4.074650287628174
<eos> 0 1124 5 0.06709802150726318 0.2799164354801178 3.262406200170517
<unk> 0 1125 5 2.6936707496643066 6.092695236206055 0
, 0 1126 1 4.5314249992370605 7.452376842498779 0
on 0 1127 2 7.283191680908203 5.796257019042969 1.6561198234558105
<unk> 0 1128 5 2.4595253467559814 4.012281894683838 1.7839751243591309
<unk> 0 1129 5 0.5266879796981812 2.2575457096099854 1.7547361850738525
, 0 1130 1 0.8536008596420288 2.0574753284454346 0.20007038116455078
wind 0 1131 4 16.895559310913086 5.142486572265625 0
shear 0 1132 5 2.3276572227478027 6.1071457862854 0
and 0 1133 3 2.699470043182373 5.572659015655518 0.5344867706298828
dry 0 1134 3 6.482753753662109 7.97697639465332 0
air 0 1135 3 0.5443291664123535 2.999508857727051 4.9774675369262695
led 0 1136 3 11.133478164672852 5.931746482849121 0
to 0 1137 2 0.33714383840560913 1.6542514562606812 4.27749502658844
the 0 1138 3 1.9413539171218872 4.1336445808410645 0
remnants 0 1139 8 6.463013172149658 6.218890190124512 0
of 0 1140 2 0.06074144318699837 0.4701325595378876 5.748757630586624
<unk> 0 1141 5 1.3666635751724243 4.554227352142334 0
deteriorating 0 1142 13 13.892584800720215 6.0406622886657715 0
into 0 1143 4 6.891493320465088 6.080883502960205 0
an 0 1144 2 4.492106914520264 3.1537668704986572 2.927116632461548
open 0 1145 4 4.561532974243164 3.156538248062134 0
wave 0 1146 4 7.624769687652588 5.67047119140625 0
. 0 1147 1 1.2778586149215698 3.7081475257873535 1.9623236656188965
<eos> 0 1148 5 0.06057093292474747 0.2618187367916107 3.446328788995743
<unk> 0 1149 5 2.6764490604400635 6.078817367553711 0
, 0 1150 1 4.499956130981445 7.439507961273193 0
on 0 1151 2 7.271258354187012 5.797763347625732 1.641744613647461
<unk> 0 1152 5 2.460280418395996 4.012420177459717 1.7853431701660156
<unk> 0 1153 5 0.5304344296455383 2.2655467987060547 1.746873378753662
, 0 1154 1 0.8502740263938904 2.056572675704956 0.20897412300109863
the 0 1155 3 6.222000598907471 5.144275665283203 0
remnants 0 1156 8 10.253307342529297 8.647669792175293 0
of 0 1157 2 0.10454341024160385 0.892977237701416 7.754692554473877
<unk> 0 1158 5 0.9032019972801208 2.6057565212249756 0
redeveloped 0 1159 11 16.877090454101562 4.082024574279785 0
and 0 1160 3 4.025457382202148 5.3949456214904785 0
global 0 1161 6 22.12914276123047 7.337784290313721 0
models 0 1162 6 8.648063659667969 6.31402063369751 1.023763656616211
picked 0 1163 6 12.815897941589355 5.9530348777771 0.36098575592041016
up 0 1164 2 0.456662118434906 2.430720806121826 3.5223140716552734
on 0 1165 2 6.04480504989624 6.06742000579834 0
the 0 1166 3 1.408697485923767 3.4796738624572754 2.5877461433410645
reformed 0 1167 8 15.025550842285156 6.88313102722168 0
system 0 1168 6 6.657373905181885 6.168406963348389 0.714724063873291
. 0 1169 1 1.1180193424224854 3.578352451324463 2.590054512023926
<eos> 0 1170 5 0.054767586290836334 0.24250222742557526 3.3358502238988876
<unk> 0 1171 5 2.69610595703125 6.085249900817871 0
more 0 1172 4 14.044079780578613 7.441540718078613 0
, 0 1173 1 5.5763092041015625 9.181255340576172 0
the 0 1174 3 4.322317600250244 7.381834983825684 1.7994203567504883
chance 0 1175 6 13.956153869628906 9.683327674865723 0
of 0 1176 2 3.0465598106384277 2.3307995796203613 7.352528095245361
regeneration 0 1177 12 13.163435935974121 8.975011825561523 0
was 0 1178 3 4.553554534912109 4.951870918273926 4.023140907287598
possible 0 1179 8 9.034807205200195 8.983964920043945 0
as 0 1180 2 5.872995376586914 3.916780948638916 5.067183971405029
the 0 1181 3 2.674734592437744 5.451958179473877 0
remnants 0 1182 8 11.03829288482666 9.97890853881836 0
of 0 1183 2 0.8383809924125671 3.8560004234313965 6.122908115386963
<unk> 0 1184 5 1.7245512008666992 3.2220606803894043 0.6339397430419922
headed 0 1185 6 10.695804595947266 7.236849784851074 0
towards 0 1186 7 4.066784381866455 5.737341403961182 1.4995083808898926
the 0 1187 3 0.6440212726593018 2.150733470916748 3.5866079330444336
<unk> 0 1188 5 2.0358617305755615 5.0786871910095215 0
. 0 1189 1 2.3082149028778076 5.374648571014404 0
<eos> 0 1190 5 0.06875450164079666 0.28549477458000183 5.0891537964344025
<unk> 0 1191 5 2.6938881874084473 6.102671146392822 0
, 0 1192 1 4.530304908752441 7.452914714813232 0
on 0 1193 2 7.26753568649292 5.7965803146362305 1.656334400177002
<unk> 0 1194 5 2.4535815715789795 4.005442142486572 1.7911381721496582
<unk> 0 1195 5 0.5244508385658264 2.250147819519043 1.7552943229675293
, 0 1196 1 0.8565506339073181 2.05934739112854 0.19080042839050293
dry 0 1197 3 17.128726959228516 5.144616603851318 0
air 0 1198 3 4.581294536590576 6.319107532501221 0
and 0 1199 3 3.2961535453796387 6.549786567687988 0
wind 0 1200 4 8.140145301818848 8.206294059753418 0
shear 0 1201 5 0.2485274076461792 1.3219581842422485 6.884335875511169
caused 0 1202 6 8.139281272888184 5.3300251960754395 0
the 0 1203 3 2.022969961166382 5.389427185058594 0
remnants 0 1204 8 7.149255752563477 5.068283557891846 0.32114362716674805
to 0 1205 2 0.6922810077667236 1.1308338642120361 3.9374496936798096
dissipate 0 1206 9 4.136870861053467 6.045377254486084 0
entirely 0 1207 8 14.24368953704834 4.535671710968018 1.5097055435180664
. 0 1208 1 1.2593642473220825 3.889852285385132 0.6458194255828857
<eos> 0 1209 5 0.062400784343481064 0.26562249660491943 3.6242297887802124
= 0 1210 1 3.8193342685699463 6.065739631652832 0
= 0 1211 1 0.09880605340003967 0.6820665597915649 5.383673071861267
<unk> 0 1212 5 5.664266586303711 5.6865763664245605 0
= 0 1213 1 2.0216987133026123 7.030452728271484 0
= 0 1214 1 0.00012382218847051263 0.0017533291829749942 7.028699399088509
<eos> 0 1215 5 16.694625854492188 4.868253231048584 0
<unk> 0 1216 5 2.6715798377990723 5.545781135559082 0
<unk> 0 1217 5 2.1645750999450684 6.441708087921143 0
passed 0 1218 6 13.347295761108398 5.701455116271973 0.7402529716491699
to 0 1219 2 5.0659637451171875 4.948646545410156 0.7528085708618164
the 0 1220 3 1.3604404926300049 3.627462863922119 1.321183681488037
south 0 1221 5 6.296126842498779 5.699666500091553 0
of 0 1222 2 3.2471041679382324 3.730931520462036 1.9687349796295166
the 0 1223 3 2.0970683097839355 1.924483060836792 1.8064484596252441
<unk> 0 1224 5 1.2129673957824707 5.811457633972168 0
<unk> 0 1225 5 3.086012840270996 6.891078948974609 0
islands 0 1226 7 7.550153732299805 6.719543933868408 0.17153501510620117
on 0 1227 2 3.683114528656006 4.1952128410339355 2.5243310928344727
<unk> 0 1228 5 0.2431449145078659 1.0912151336669922 3.1039977073669434
<unk> 0 1229 5 0.14612752199172974 0.6892110109329224 0.4020041227340698
, 0 1230 1 1.3899692296981812 2.7112371921539307 0
outer 0 1231 5 20.386608123779297 3.882343292236328 0
rain 0 1232 4 12.515029907226562 4.138790607452393 0
bands 0 1233 5 12.573925018310547 6.004354953765869 0
produced 0 1234 8 9.345649719238281 5.63079309463501 0.3735618591308594
minor 0 1235 5 10.524700164794922 5.93718147277832 0
rainfall 0 1236 8 2.64727520942688 6.022286415100098 0
, 0 1237 1 2.804478406906128 4.034595012664795 1.9876914024353027
totaling 0 1238 8 7.517765998840332 5.439256191253662 0
around 0 1239 6 5.318835735321045 4.0823798179626465 1.3568763732910156
<unk> 0 1240 5 0.0811152383685112 0.46497368812561035 3.617406129837036
<unk> 0 1241 5 1.647896409034729 2.583202362060547 0
<eos> 0 1242 5 0.18553756177425385 0.7748105525970459 1.808391809463501
@ 0 1243 1 0.0 2.751719648586004e-06 0.7748078008773973
<unk> 0 1244 5 9.355552901979536e-05 0.0014075071085244417 0
inches 0 1245 6 0.5659797191619873 1.5710711479187012 0
( 0 1246 1 0.002168446546420455 0.023019950836896896 1.5480511970818043
<unk> 0 1247 5 0.0003631816362030804 0.004877086263149977 0.01814286457374692
mm 0 1248 2 0.09413085132837296 0.4204134941101074 0
) 0 1249 1 0.001183271175250411 0.011580285616219044 0.4088332084938884
. 0 1250 1 2.0457515716552734 2.8423640727996826 0
<eos> 0 1251 5 0.06633296608924866 0.2764424979686737 2.565921574831009
<unk> 0 1252 5 2.6951510906219482 6.102816581726074 0
were 0 1253 4 8.446844100952148 7.454286575317383 0
no 0 1254 2 10.117119789123535 9.041952133178711 0
reports 0 1255 7 16.13218116760254 3.1702113151550293 5.871740818023682
of 0 1256 2 1.4120187759399414 4.923566818237305 0
damage 0 1257 6 9.6499605178833 7.524908065795898 0
or 0 1258 2 4.289285659790039 4.5326924324035645 2.992215633392334
flooding 0 1259 8 6.731823444366455 7.88343620300293 0
from 0 1260 4 5.802157878875732 3.7560324668884277 4.127403736114502
the 0 1261 3 1.410900354385376 5.4260053634643555 0
rain 0 1262 4 11.018813133239746 4.669587135314941 0.7564182281494141
and 0 1263 3 4.117162704467773 4.142064571380615 0.5275225639343262
overall 0 1264 7 11.976266860961914 8.186692237854004 0
effects 0 1265 7 7.678476333618164 7.596107482910156 0.5905847549438477
were 0 1266 4 5.236087322235107 4.879563331604004 2.7165441513061523
minor 0 1267 5 6.749236106872559 7.705389022827148 0
. 0 1268 1 0.9713964462280273 3.0622081756591797 4.643180847167969
<eos> 0 1269 5 0.0719081312417984 0.29345861077308655 2.768749564886093
<unk> 0 1270 5 2.6887989044189453 6.099307537078857 0
days 0 1271 4 14.641551971435547 7.449074745178223 0
after 0 1272 5 2.802590847015381 4.498032569885254 2.9510421752929688
the 0 1273 3 1.2483972311019897 4.68033504486084 0
low 0 1274 3 12.604595184326172 8.401132583618164 0
dissipated 0 1275 10 6.2350921630859375 6.207770347595215 2.193362236022949
, 0 1276 1 0.5606716871261597 2.5378530025482178 3.669917345046997
the 0 1277 3 1.4120848178863525 4.143548965454102 0
remnant 0 1278 7 10.132561683654785 5.57098388671875 0
moisture 0 1279 8 6.423569679260254 1.9013943672180176 3.6695895195007324
from 0 1280 4 5.573706150054932 6.75350284576416 0
<unk> 0 1281 5 1.8975024223327637 2.5982789993286133 4.155223846435547
brought 0 1282 7 6.841640472412109 6.203550338745117 0
showers 0 1283 7 5.84977388381958 5.921074867248535 0.28247547149658203
and 0 1284 3 2.338865041732788 3.6969025135040283 2.224172353744507
thunderstorms 0 1285 13 0.5297561883926392 2.919259786605835 0.7776427268981934
to 0 1286 2 1.41985023021698 3.5945377349853516 0
<unk> 0 1287 5 3.110102653503418 3.860971212387085 0
<unk> 0 1288 5 4.149102210998535 3.715553045272827 0.1454181671142578
where 0 1289 5 10.653294563293457 3.631495475769043 0.08405756950378418
up 0 1290 2 15.227368354797363 5.010155200958252 0
to 0 1291 2 0.13177722692489624 0.9241820573806763 4.085973143577576
<unk> 0 1292 5 0.18923866748809814 1.2427337169647217 0
in 0 1293 2 8.839296340942383 4.383351802825928 0
( 0 1294 1 0.4680900275707245 2.0113766193389893 2.3719751834869385
<unk> 0 1295 5 0.0016895997105166316 0.021248402073979378 1.9901282172650099
<unk> 0 1296 5 5.89454460144043 0.36160555481910706 0
<eos> 0 1297 5 0.48774009943008423 1.3528814315795898 0
@ 0 1298 1 0.0 1.0318955219190684e-06 1.352880399684068
<unk> 0 1299 5 0.00016234249051194638 0.0021596886217594147 0
mm 0 1300 2 0.6650362610816956 1.6483796834945679 0
) 0 1301 1 0.0007841996848583221 0.007986397482454777 1.640393286012113
of 0 1302 2 0.43275800347328186 2.399724006652832 0
rain 0 1303 4 0.6174068450927734 1.4759151935577393 0.9238088130950928
fell 0 1304 4 1.0842832326889038 3.7419097423553467 0
. 0 1305 1 1.3678014278411865 3.998175859451294 0
<eos> 0 1306 5 0.0708843246102333 0.291461318731308 3.706714540719986
<unk> 0 1307 5 2.6928932666778564 6.077709197998047 0
heavy 0 1308 5 16.256141662597656 7.442503452301025 0
rains 0 1309 5 4.192306995391846 7.987725257873535 0
led 0 1310 3 6.7791242599487305 6.3733649253845215 1.6143603324890137
to 0 1311 2 0.2040649652481079 1.1820924282073975 5.191272497177124
minor 0 1312 5 7.490148544311523 6.0029401779174805 0
street 0 1313 6 14.369723320007324 3.851560354232788 2.1513798236846924
flooding 0 1314 8 1.4035077095031738 3.914032459259033 0
and 0 1315 3 2.3730263710021973 4.517145156860352 0
some 0 1316 4 7.610536575317383 7.628726482391357 0
urban 0 1317 5 11.238662719726562 6.506006717681885 1.1227197647094727
flooding 0 1318 8 1.6738672256469727 4.843206882476807 1.6627998352050781
. 0 1319 1 1.2353830337524414 4.042050838470459 0.8011560440063477
<eos> 0 1320 5 0.0690186470746994 0.28592637181282043 3.7561244666576385
<unk> 0 1321 5 2.6960854530334473 6.107149600982666 0
known 0 1322 5 15.36594009399414 7.463988780975342 0
damage 0 1323 6 13.855056762695312 4.5278754234313965 2.9361133575439453
was 0 1324 3 2.6519105434417725 5.702043533325195 0
caused 0 1325 6 5.079370021820068 8.442826271057129 0
by 0 1326 2 0.13430050015449524 0.8833233714103699 7.559502899646759
the 0 1327 3 1.787912368774414 6.590260982513428 0
flood 0 1328 5 9.458074569702148 9.26273250579834 0
. 0 1329 1 5.119722843170166 6.970732688903809 2.2919998168945312
<eos> 0 1330 5 0.06349876523017883 0.2693870961666107 6.701345592737198
=========================================================================================
| End of testing | test loss  3.24 | test ppl    25.57
=========================================================================================
