word sentid sentpos wlen surp entropy entred
= 0 0 1 4.922719955444336 6.920167922973633 0
<unk> 0 1 5 3.587589740753174 1.486359715461731 5.433808207511902
<unk> 0 2 5 1.1710394620895386 5.611918926239014 0
<unk> 0 3 5 2.423243761062622 3.6703286170959473 1.9415903091430664
<unk> 0 4 5 2.5286526679992676 3.628356456756592 0.04197216033935547
= 0 5 1 1.0505717992782593 3.038649559020996 0.5897068977355957
<eos> 0 6 5 17.441762924194336 1.3376996517181396 1.7009499073028564
<unk> 0 7 5 0.23797722160816193 1.5140345096588135 0
<unk> 0 8 5 0.3877066969871521 2.0522162914276123 0
is 0 9 2 5.0245184898376465 3.0865416526794434 0
a 0 10 1 0.712533712387085 2.102508544921875 0.9840331077575684
state 0 11 5 8.679488182067871 7.269058704376221 0
highway 0 12 7 2.1820180416107178 5.364591598510742 1.9044671058654785
in 0 13 2 1.186716079711914 3.934846878051758 1.4297447204589844
the 0 14 3 0.9108449220657349 2.164235830307007 1.770611047744751
southern 0 15 8 5.125560760498047 3.95235013961792 0
part 0 16 4 1.1628063917160034 3.4909496307373047 0.46140050888061523
of 0 17 2 0.000539408705662936 0.006513734348118305 3.4844358963891864
the 0 18 3 1.3060719966888428 2.150528907775879 0
<unk> 0 19 5 1.7846928834915161 4.075636863708496 0
state 0 20 5 0.9333705306053162 3.486837148666382 0.5887997150421143
of 0 21 2 0.04358722269535065 0.3267344832420349 3.160102665424347
<unk> 0 22 5 0.22792509198188782 1.220324158668518 0
<unk> 0 23 5 8.349135398864746 1.5337055921554565 0
. 0 24 1 0.9165409207344055 2.6830244064331055 0
<eos> 0 25 5 0.0700506642460823 0.2886454463005066 2.394378960132599
<unk> 0 26 5 2.695521354675293 6.100916862487793 0
runs 0 27 4 11.73194408416748 7.4587554931640625 0
<unk> 0 28 5 4.284296989440918 5.850729942321777 1.6080255508422852
<unk> 0 29 5 1.9752000570297241 5.8534088134765625 0
<eos> 0 30 5 3.24336576461792 4.6358866691589355 1.217522144317627
@ 0 31 1 0.0007181927212513983 0.00824377965182066 4.627642889507115
<unk> 0 32 5 0.0011143609881401062 0.014950284734368324 0
mi 0 33 2 6.007541179656982 4.597767353057861 0
( 0 34 1 0.027231086045503616 0.22357532382011414 4.374192029237747
<unk> 0 35 5 0.0013593981275334954 0.017110159620642662 0.20646516419947147
<unk> 0 36 5 0.045029208064079285 0.24509058892726898 0
<eos> 0 37 5 0.003695641178637743 0.027708280831575394 0.2173823080956936
@ 0 38 1 0.0 0.0 0.027708280831575394
<unk> 0 39 5 2.751696047198493e-05 0.0004407241940498352 0
km 0 40 2 0.00325539568439126 0.028220564126968384 0
) 0 41 1 0.0011090337065979838 0.010056807659566402 0.01816375646740198
from 0 42 4 2.5456018447875977 4.914441108703613 0
an 0 43 2 6.442274570465088 3.36257004737854 1.5518710613250732
intersection 0 44 12 2.331947088241577 6.017561435699463 0
with 0 45 4 0.19475038349628448 1.164300799369812 4.853260636329651
<unk> 0 46 5 0.9232221245765686 3.4671311378479004 0
<unk> 0 47 5 0.5772839784622192 2.3194210529327393 1.1477100849151611
<unk> 0 48 5 3.912742853164673 4.503580570220947 0
( 0 49 1 3.3613169193267822 5.275100231170654 0
<unk> 0 50 5 0.9073502421379089 4.212675094604492 1.062425136566162
<unk> 0 51 5 0.7701603770256042 3.0451862812042236 1.1674888134002686
) 0 52 1 0.5131990909576416 2.049713611602783 0.9954726696014404
and 0 53 3 3.14670729637146 4.258935928344727 0
the 0 54 3 3.930111885070801 4.835971832275391 0
<unk> 0 55 5 1.3013830184936523 5.555238246917725 0
<unk> 0 56 5 1.8310787677764893 5.946278095245361 0
<unk> 0 57 5 1.7268695831298828 5.952944278717041 0
in 0 58 2 5.343762397766113 6.583568572998047 0
<unk> 0 59 5 1.0297013521194458 3.2832016944885254 3.3003668785095215
<unk> 0 60 5 3.834303617477417 4.468549728393555 0
, 0 61 1 3.112645149230957 4.490056991577148 0
<unk> 0 62 5 1.500394582748413 4.863931655883789 0
<unk> 0 63 5 4.147196292877197 3.6709227561950684 1.1930088996887207
<unk> 0 64 5 2.5579516887664795 4.6780314445495605 0
to 0 65 2 5.760762691497803 5.06931734085083 0
an 0 66 2 7.075554847717285 3.1322615146636963 1.9370558261871338
intersection 0 67 12 1.138373851776123 3.7464804649353027 0
with 0 68 4 0.1174517571926117 0.7431753277778625 3.00330513715744
<unk> 0 69 5 0.9295923709869385 3.141637086868286 0
<unk> 0 70 5 0.2592645585536957 1.377376675605774 1.7642604112625122
and 0 71 3 4.3108811378479 3.7575929164886475 0
<unk> 0 72 5 0.665366530418396 3.422342538833618 0.3352503776550293
<unk> 0 73 5 0.22289496660232544 1.4859788417816162 1.936363697052002
<unk> 0 74 5 4.503012180328369 3.790996789932251 0
( 0 75 1 3.862086534500122 4.415627956390381 0
<unk> 0 76 5 0.8388625979423523 4.176723957061768 0.23890399932861328
<unk> 0 77 5 1.1580541133880615 3.3865158557891846 0.790208101272583
) 0 78 1 0.315358430147171 1.5173768997192383 1.8691389560699463
in 0 79 2 2.8587892055511475 3.3774123191833496 0
<unk> 0 80 5 0.7282598614692688 2.637415647506714 0.7399966716766357
<unk> 0 81 5 4.337801456451416 3.115290403366089 0
<unk> 0 82 5 3.8743948936462402 3.30389404296875 0
, 0 83 1 3.1634929180145264 4.275956630706787 0
<unk> 0 84 5 1.3926796913146973 4.449168682098389 0
<unk> 0 85 5 3.0004780292510986 3.44588303565979 1.0032856464385986
. 0 86 1 1.831345558166504 4.213393211364746 0
<eos> 0 87 5 0.06787678599357605 0.2825915813446045 3.9308016300201416
<unk> 0 88 5 2.6882071495056152 6.108025074005127 0
route 0 89 5 14.386616706848145 7.455630779266357 0
, 0 90 1 9.31607723236084 0.7866183519363403 6.669012427330017
which 0 91 5 3.508768081665039 6.6765618324279785 0
is 0 92 2 2.5907645225524902 6.5049238204956055 0.17163801193237305
mostly 0 93 6 6.965853214263916 6.844971656799316 0
a 0 94 1 3.602477788925171 7.620577335357666 0
two 0 95 3 6.429388523101807 8.547234535217285 0
<unk> 0 96 5 0.07744994014501572 0.656022310256958 7.891212224960327
lane 0 97 4 0.13833461701869965 0.9311457276344299 0
undivided 0 98 9 3.2239935398101807 4.870919704437256 0
road 0 99 4 1.00236177444458 3.924093723297119 0.9468259811401367
, 0 100 1 1.4509474039077759 4.746795654296875 0
passes 0 101 6 3.881612777709961 5.991206645965576 0
through 0 102 7 1.3100401163101196 4.443176746368408 1.548029899597168
mostly 0 103 6 9.310905456542969 5.042435646057129 0
rural 0 104 5 1.3652119636535645 2.806500196456909 2.2359354496002197
areas 0 105 5 0.7239231467247009 3.265434503555298 0
of 0 106 2 2.778928756713867 4.178138256072998 0
<unk> 0 107 5 1.907057762145996 5.394025802612305 0
and 0 108 3 2.3408820629119873 4.299185276031494 1.0948405265808105
<unk> 0 109 5 1.1608182191848755 5.476457118988037 0
<unk> 0 110 5 5.465385913848877 4.393430233001709 1.0830268859863281
counties 0 111 8 6.495182037353516 4.929147720336914 0
as 0 112 2 5.970333576202393 2.908515453338623 2.020632266998291
well 0 113 4 2.3503754138946533 3.682776689529419 0
as 0 114 2 0.16464105248451233 0.6763084530830383 3.0064682364463806
the 0 115 3 2.733233690261841 7.057458400726318 0
communities 0 116 11 7.870385646820068 7.149580001831055 0
of 0 117 2 0.14694461226463318 1.0883632898330688 6.061216711997986
<unk> 0 118 5 0.3150749206542969 2.063276529312134 0
, 0 119 1 2.4158856868743896 2.0068888664245605 0.05638766288757324
<unk> 0 120 5 0.14382147789001465 1.0819662809371948 0.9249225854873657
<unk> 0 121 5 5.685669422149658 1.4716877937316895 0
, 0 122 1 1.1803843975067139 1.674692153930664 0
<unk> 0 123 5 1.1236934661865234 1.997509479522705 0
<unk> 0 124 5 3.5655691623687744 2.418475389480591 0
, 0 125 1 0.9721450209617615 1.7941579818725586 0.6243174076080322
and 0 126 3 1.0479604005813599 2.0169568061828613 0
<unk> 0 127 5 0.4453662633895874 2.681690216064453 0
<unk> 0 128 5 2.3419110774993896 4.5826311111450195 0
. 0 129 1 0.7532207369804382 3.0201351642608643 1.5624959468841553
<eos> 0 130 5 0.06929945945739746 0.2872035503387451 2.732931613922119
<unk> 0 131 5 2.7066314220428467 6.10398006439209 0
<unk> 0 132 5 2.3876900672912598 7.466160297393799 0
intersects 0 133 10 10.441797256469727 6.272874355316162 1.1932859420776367
several 0 134 7 8.523223876953125 3.8618593215942383 2.411015033721924
roads 0 135 5 6.649230480194092 6.87750244140625 0
, 0 136 1 2.4972403049468994 4.401092052459717 2.476410388946533
including 0 137 9 1.2873492240905762 5.073243141174316 0
<unk> 0 138 5 2.1219630241394043 5.254897117614746 0
<unk> 0 139 5 1.086074709892273 4.074521541595459 1.180375576019287
in 0 140 2 4.747896194458008 3.8605995178222656 0.21392202377319336
<unk> 0 141 5 0.9636669158935547 3.2091150283813477 0.651484489440918
, 0 142 1 1.4510492086410522 3.454453706741333 0
<unk> 0 143 5 1.22109055519104 4.156522750854492 0
<unk> 0 144 5 1.4661288261413574 3.9965097904205322 0.16001296043395996
in 0 145 2 3.0360686779022217 4.228085994720459 0
<unk> 0 146 5 0.5872119665145874 2.4643218517303467 1.7637641429901123
<unk> 0 147 5 5.195308208465576 2.555880546569824 0
, 0 148 1 0.9042186737060547 2.743799924850464 0
and 0 149 3 1.1863830089569092 2.570504903793335 0.1732950210571289
<unk> 0 150 5 0.715314507484436 3.449312210083008 0
<unk> 0 151 5 0.3542044460773468 2.3025898933410645 1.1467223167419434
and 0 152 3 6.774352550506592 3.0523335933685303 0
the 0 153 3 3.975691080093384 3.2605130672454834 0
<unk> 0 154 5 0.9062164425849915 4.583981990814209 0
<unk> 0 155 5 1.9638794660568237 6.088493824005127 0
<unk> 0 156 5 2.0627572536468506 6.125911235809326 0
in 0 157 2 3.083549976348877 6.6125264167785645 0
<unk> 0 158 5 0.7288295030593872 2.4053869247436523 4.207139492034912
<unk> 0 159 5 5.157363414764404 2.3039026260375977 0.10148429870605469
. 0 160 1 0.6597997546195984 2.7015693187713623 0
<eos> 0 161 5 0.06824541836977005 0.28363651037216187 2.4179328083992004
<unk> 0 162 5 2.7048439979553223 6.093376159667969 0
portion 0 163 7 18.82345962524414 7.4622273445129395 0
of 0 164 2 0.4694424569606781 2.988743305206299 4.473484039306641
current 0 165 7 13.36800479888916 3.040346145629883 0
<unk> 0 166 5 1.7298083305358887 8.405447959899902 0
<unk> 0 167 5 2.683072566986084 8.489136695861816 0
between 0 168 7 9.6041898727417 6.489373683929443 1.999763011932373
<unk> 0 169 5 0.8219711184501648 3.545067310333252 2.9443063735961914
and 0 170 3 0.5931227803230286 2.4718692302703857 1.0731980800628662
<unk> 0 171 5 0.23857705295085907 1.6199555397033691 0.8519136905670166
received 0 172 8 10.940736770629883 6.241440296173096 0
funding 0 173 7 8.826226234436035 5.540712833404541 0.7007274627685547
in 0 174 2 5.336555480957031 3.448258876800537 2.092453956604004
<unk> 0 175 5 0.6157996654510498 2.648036241531372 0.800222635269165
to 0 176 2 4.009664058685303 3.554058313369751 0
become 0 177 6 8.441266059875488 7.3817362785339355 0
a 0 178 1 2.1507270336151123 3.863365411758423 3.5183708667755127
spur 0 179 4 8.577632904052734 8.174270629882812 0
of 0 180 2 2.446270227432251 3.9196484088897705 4.254622220993042
the 0 181 3 1.8386390209197998 4.8248138427734375 0
<unk> 0 182 5 1.8669170141220093 5.807831287384033 0
<unk> 0 183 5 1.459144949913025 4.978977203369141 0.8288540840148926
. 0 184 1 3.7003085613250732 5.943179607391357 0
<eos> 0 185 5 0.06279996782541275 0.2676209509372711 5.675558656454086
<unk> 0 186 5 2.6970279216766357 6.092727184295654 0
<unk> 0 187 5 2.38254451751709 7.459437847137451 0
, 0 188 1 2.8204686641693115 6.259502410888672 1.1999354362487793
what 0 189 4 13.363911628723145 5.530630111694336 0.7288722991943359
is 0 190 2 3.0918848514556885 5.9339447021484375 0
now 0 191 3 1.391900897026062 4.877498626708984 1.0564460754394531
<unk> 0 192 5 1.9569162130355835 4.365346431732178 0.5121521949768066
<unk> 0 193 5 1.742470383644104 4.584665298461914 0
was 0 194 3 7.704326152801514 3.592240571975708 0.992424726486206
designated 0 195 10 5.070433616638184 7.278064250946045 0
a 0 196 1 4.638339042663574 4.532689571380615 2.7453746795654297
part 0 197 4 3.7810895442962646 7.093423843383789 0
of 0 198 2 0.02598167024552822 0.21558839082717896 6.87783545255661
pre 0 199 3 10.852484703063965 3.7079386711120605 0
<unk> 0 200 5 0.001392387319356203 0.01799144595861435 3.689947225153446
<unk> 0 201 5 0.45326635241508484 2.561289072036743 0
<unk> 0 202 5 4.16426420211792 2.9905245304107666 0
<unk> 0 203 5 1.1538935899734497 3.871196985244751 0
, 0 204 1 2.1463379859924316 4.720875263214111 0
a 0 205 1 4.430870532989502 5.961204528808594 0
route 0 206 5 4.817074298858643 7.607308387756348 0
that 0 207 4 1.6404668092727661 4.365995407104492 3.2413129806518555
was 0 208 3 1.9337714910507202 5.831571102142334 0
to 0 209 2 5.332719802856445 7.017777919769287 0
run 0 210 3 3.2986438274383545 5.11484432220459 1.9029335975646973
from 0 211 4 1.8503048419952393 4.813358306884766 0.3014860153198242
<unk> 0 212 5 0.7282983660697937 2.6524782180786133 2.1608800888061523
<unk> 0 213 5 2.39249324798584 3.1430084705352783 0
to 0 214 2 1.5244213342666626 4.237881660461426 0
<unk> 0 215 5 0.41440653800964355 2.057988166809082 2.1798934936523438
<unk> 0 216 5 1.7217223644256592 4.151071071624756 0
<unk> 0 217 5 4.526766300201416 3.863804578781128 0.28726649284362793
. 0 218 1 1.7241438627243042 4.101499557495117 0
<eos> 0 219 5 0.07001199573278427 0.28957244753837585 3.8119271099567413
<unk> 0 220 5 2.696655035018921 6.103603839874268 0
<unk> 0 221 5 2.3811562061309814 7.457812786102295 0
was 0 222 3 3.9377779960632324 6.268339157104492 1.1894736289978027
designated 0 223 10 7.666950702667236 7.973132133483887 0
onto 0 224 4 8.599549293518066 4.918860912322998 3.0542712211608887
its 0 225 3 6.040318489074707 3.1923611164093018 1.7264997959136963
current 0 226 7 1.8841496706008911 5.797501564025879 0
alignment 0 227 9 0.5101721286773682 1.8909862041473389 3.90651535987854
in 0 228 2 2.5737602710723877 4.742186546325684 0
<unk> 0 229 5 0.37658700346946716 1.7913354635238647 2.950851082801819
, 0 230 1 1.9902162551879883 3.598357915878296 0
replacing 0 231 9 5.181647300720215 5.463013172149658 0
this 0 232 4 7.184072971343994 4.036197662353516 1.4268155097961426
portion 0 233 7 3.7299115657806396 5.890966415405273 0
of 0 234 2 0.19905687868595123 1.2902135848999023 4.600752830505371
pre 0 235 3 11.30667495727539 3.8705673217773438 0
<unk> 0 236 5 0.0016124678077176213 0.019805844873189926 3.850761476904154
<unk> 0 237 5 0.4916117787361145 2.3817052841186523 0
<unk> 0 238 5 4.874077796936035 2.7631874084472656 0
<unk> 0 239 5 1.0786806344985962 3.7235114574432373 0
. 0 240 1 2.286320924758911 5.061720371246338 0
<eos> 0 241 5 0.06774190813302994 0.28285810351371765 4.77886226773262
<unk> 0 242 5 2.6962311267852783 6.093561172485352 0
<unk> 0 243 5 2.3858590126037598 7.454546928405762 0
, 0 244 1 2.8227896690368652 6.261500358581543 1.1930465698242188
a 0 245 1 2.7762320041656494 5.5283379554748535 0.7331624031066895
freeway 0 246 7 15.77281379699707 8.357829093933105 0
was 0 247 3 8.088942527770996 8.061027526855469 0.2968015670776367
proposed 0 248 8 7.767055511474609 7.720546722412109 0.3404808044433594
for 0 249 3 3.5130138397216797 3.768777370452881 3.9517693519592285
<unk> 0 250 5 3.1549928188323975 5.323004722595215 0
<unk> 0 251 5 1.1446834802627563 4.811310291290283 0.5116944313049316
, 0 252 1 2.1796886920928955 4.910463333129883 0
running 0 253 7 9.280689239501953 5.801961898803711 0
from 0 254 4 2.6577248573303223 5.523087978363037 0.27887392044067383
the 0 255 3 2.2727932929992676 3.408627986907959 2.114459991455078
<unk> 0 256 5 1.801223874092102 6.392970085144043 0
<unk> 0 257 5 2.7759652137756348 6.071726322174072 0.3212437629699707
<unk> 0 258 5 2.2990365028381348 6.361696720123291 0
in 0 259 2 5.765650749206543 6.639995574951172 0
<unk> 0 260 5 0.4668791592121124 2.253085136413574 4.386910438537598
<unk> 0 261 5 5.550464630126953 2.561575412750244 0
to 0 262 2 0.4675121307373047 2.1417839527130127 0.41979146003723145
<unk> 0 263 5 0.5079653263092041 2.6340887546539307 0
<unk> 0 264 5 0.9116896986961365 3.7410311698913574 0
in 0 265 2 1.9961682558059692 3.970104455947876 0
<unk> 0 266 5 0.31257084012031555 1.5625519752502441 2.407552480697632
<unk> 0 267 5 4.378636837005615 2.8156189918518066 0
. 0 268 1 0.9959776401519775 3.028804063796997 0
<eos> 0 269 5 0.06833629310131073 0.2842523753643036 2.7445516884326935
<unk> 0 270 5 2.6965959072113037 6.0908613204956055 0
proposal 0 271 8 17.885923385620117 7.45780611038208 0
was 0 272 3 1.9777193069458008 6.641145706176758 0.8166604042053223
canceled 0 273 8 10.250361442565918 8.413640022277832 0
by 0 274 2 3.0066089630126953 4.430349349975586 3.983290672302246
the 0 275 3 1.3582075834274292 2.9937047958374023 1.4366445541381836
mid 0 276 3 9.147053718566895 6.330235481262207 0
<unk> 0 277 5 0.015613269060850143 0.1694871038198471 6.16074837744236
1970s 0 278 5 3.446324348449707 4.88023042678833 0
due 0 279 3 5.182921409606934 3.7852835655212402 1.0949468612670898
to 0 280 2 0.006703249178826809 0.07089922577142715 3.714384339749813
financial 0 281 9 5.953424453735352 6.451158046722412 0
and 0 282 3 9.692493438720703 3.677546262741089 2.7736117839813232
environmental 0 283 13 3.0534651279449463 4.3553690910339355 0
concerns 0 284 8 1.8315492868423462 4.104435920715332 0.2509331703186035
as 0 285 2 7.50079345703125 3.5669972896575928 0.5374386310577393
well 0 286 4 2.138029098510742 5.377185821533203 0
as 0 287 2 0.2996295094490051 1.083547830581665 4.293637990951538
lack 0 288 4 8.369630813598633 7.585662364959717 0
of 0 289 2 0.010244662873446941 0.11161153018474579 7.474050834774971
traffic 0 290 7 10.966105461120605 7.826562881469727 0
. 0 291 1 1.8542289733886719 5.837455749511719 1.9891071319580078
<eos> 0 292 5 0.06392528861761093 0.2704215347766876 5.567034214735031
<unk> 0 293 5 2.705101490020752 6.095117568969727 0
interchange 0 294 11 19.309751510620117 7.448288440704346 0
between 0 295 7 6.064055919647217 5.877203941345215 1.5710844993591309
<unk> 0 296 5 1.2111679315567017 4.0508551597595215 1.8263487815856934
<unk> 0 297 5 2.0983781814575195 3.396723985671997 0.6541311740875244
and 0 298 3 0.4471053183078766 2.2721188068389893 1.1246051788330078
the 0 299 3 3.697413682937622 2.6559362411499023 0
<unk> 0 300 5 1.243869423866272 5.514413356781006 0
<unk> 0 301 5 2.3444013595581055 6.197934150695801 0
<unk> 0 302 5 2.5630905628204346 6.519313335418701 0
was 0 303 3 6.624815940856934 6.460991859436035 0.058321475982666016
reconstructed 0 304 13 7.254189491271973 6.742411136627197 0
into 0 305 4 6.858524799346924 4.396213531494141 2.3461976051330566
a 0 306 1 1.482688546180725 3.917708396911621 0.47850513458251953
full 0 307 4 7.776886463165283 6.308040142059326 0
interchange 0 308 11 6.471137523651123 4.08339786529541 2.224642276763916
, 0 309 1 4.7808356285095215 4.153081893920898 0
with 0 310 4 2.4547207355499268 5.651457786560059 0
completion 0 311 10 7.7314348220825195 5.375382423400879 0.2760753631591797
in 0 312 2 3.9779489040374756 4.251890182495117 1.1234922409057617
<unk> 0 313 5 0.6063255667686462 2.4700186252593994 1.7818715572357178
<unk> 0 314 5 2.8382833003997803 4.547132968902588 0
. 0 315 1 0.9173857569694519 3.4851222038269043 1.0620107650756836
<eos> 0 316 5 0.06863348186016083 0.28434714674949646 3.200775057077408
= 0 317 1 3.841250419616699 6.08508825302124 0
= 0 318 1 0.09900421649217606 0.6833528280258179 5.401735424995422
<unk> 0 319 5 5.653542995452881 5.693941116333008 0
description 0 320 11 10.761163711547852 7.033699035644531 0
= 0 321 1 0.08828908950090408 0.5079017877578735 6.525797247886658
= 0 322 1 1.1006847671524156e-05 0.0001819461613195017 0.507719841596554
<eos> 0 323 5 19.081493377685547 4.4794464111328125 0
<unk> 0 324 5 2.659012794494629 5.070954322814941 0
<unk> 0 325 5 1.6349387168884277 5.741567134857178 0
begins 0 326 6 8.762627601623535 5.867787837982178 0
at 0 327 2 2.7303483486175537 4.092184066772461 1.7756037712097168
an 0 328 2 2.138126850128174 3.35654354095459 0.7356405258178711
intersection 0 329 12 0.46412205696105957 2.242602586746216 1.113940954208374
with 0 330 4 0.02972414903342724 0.2223612666130066 2.0202413201332092
<unk> 0 331 5 0.8652928471565247 3.2446627616882324 0
<unk> 0 332 5 0.3088946044445038 1.5553585290908813 1.689304232597351
in 0 333 2 2.392652988433838 3.7259435653686523 0
the 0 334 3 1.5269556045532227 2.9516665935516357 0.7742769718170166
<unk> 0 335 5 2.547863721847534 5.031775951385498 0
section 0 336 7 9.985499382019043 5.8863701820373535 0
of 0 337 2 0.25158166885375977 1.3337583541870117 4.552611827850342
<unk> 0 338 5 0.9994779229164124 2.6256532669067383 0
<unk> 0 339 5 2.420142650604248 4.339694499969482 0
, 0 340 1 2.5026721954345703 4.334683895111084 0.0050106048583984375
<unk> 0 341 5 2.822375535964966 4.942194938659668 0
<unk> 0 342 5 2.62235164642334 3.424954652786255 1.517240285873413
<unk> 0 343 5 3.695948362350464 3.1755518913269043 0.24940276145935059
, 0 344 1 1.9191516637802124 3.6726560592651367 0
heading 0 345 7 8.14353084564209 4.709863662719727 0
to 0 346 2 3.4113268852233887 4.736311435699463 0
the 0 347 3 0.9919298887252808 3.515371561050415 1.2209398746490479
north 0 348 5 2.619579315185547 3.689711093902588 0
on 0 349 2 5.034504413604736 4.178831100463867 0
a 0 350 1 3.508549213409424 3.7144455909729004 0.4643855094909668
two 0 351 3 4.476815700531006 7.450040817260742 0
<unk> 0 352 5 0.07559812813997269 0.543971061706543 6.906069755554199
lane 0 353 4 0.07293988019227982 0.4562186598777771 0.08775240182876587
undivided 0 354 9 1.4494587182998657 2.8405063152313232 0
road 0 355 4 0.69107586145401 2.9387319087982178 0
. 0 356 1 1.359372854232788 4.351772308349609 0
<eos> 0 357 5 0.0543438121676445 0.23992303013801575 4.111849278211594
<unk> 0 358 5 2.6860759258270264 6.069853782653809 0
the 0 359 3 9.922911643981934 7.445137023925781 0
southern 0 360 8 11.01584243774414 9.519021034240723 0
terminus 0 361 8 4.461315155029297 7.923617839813232 1.5954031944274902
, 0 362 1 4.627995014190674 2.803278923034668 5.1203389167785645
a 0 363 1 4.258973121643066 6.65177583694458 0
ramp 0 364 4 9.64830493927002 8.054481506347656 0
provides 0 365 8 10.105268478393555 5.067755699157715 2.9867258071899414
access 0 366 6 0.6227395534515381 3.008467674255371 2.0592880249023438
to 0 367 2 0.19362762570381165 0.98757404088974 2.020893633365631
and 0 368 3 8.070611953735352 4.629544258117676 0
from 0 369 4 1.4473950862884521 5.587037563323975 0
the 0 370 3 1.5667908191680908 4.414552211761475 1.1724853515625
southbound 0 371 10 4.5147480964660645 7.271577835083008 0
<unk> 0 372 5 5.035012245178223 3.989455461502075 3.2821223735809326
<unk> 0 373 5 1.453858733177185 5.283376693725586 0
<unk> 0 374 5 2.925050735473633 6.094490051269531 0
. 0 375 1 5.4992499351501465 6.700540542602539 0
<eos> 0 376 5 0.06619268655776978 0.2787958085536957 6.421744734048843
<unk> 0 377 5 2.6857924461364746 6.103172779083252 0
road 0 378 4 12.176905632019043 7.466291904449463 0
heads 0 379 5 7.713888168334961 6.925683975219727 0.5406079292297363
north 0 380 5 2.4892849922180176 4.398111343383789 2.5275726318359375
through 0 381 7 2.7389020919799805 4.590157508850098 0
mostly 0 382 6 9.029651641845703 5.330379009246826 0
rural 0 383 5 1.533449649810791 2.704817533493042 2.625561475753784
wooded 0 384 6 9.188385009765625 3.3263983726501465 0
areas 0 385 5 0.36422082781791687 2.0645124912261963 1.2618858814239502
with 0 386 4 3.4439539909362793 3.9852840900421143 0
some 0 387 4 3.0863373279571533 6.479235649108887 0
buildings 0 388 9 8.378792762756348 6.778477191925049 0
. 0 389 1 2.7405998706817627 3.797551393508911 2.9809257984161377
<eos> 0 390 5 0.06462419778108597 0.2730134129524231 3.524537980556488
<unk> 0 391 5 2.6952404975891113 6.094398021697998 0
intersects 0 392 10 16.368988037109375 7.452141761779785 0
<unk> 0 393 5 2.005720853805542 3.985647678375244 3.466494083404541
<unk> 0 394 5 0.8615106344223022 3.957689046859741 0.02795863151550293
in 0 395 2 3.718719005584717 4.721374988555908 0
<unk> 0 396 5 1.1545841693878174 3.52706241607666 1.194312572479248
before 0 397 6 9.141573905944824 4.001834869384766 0
coming 0 398 6 5.4242777824401855 5.821852684020996 0
to 0 399 2 0.4504322409629822 2.0672919750213623 3.754560708999634
a 0 400 1 1.8415461778640747 3.1398656368255615 0
junction 0 401 8 2.1761927604675293 6.282881259918213 0
with 0 402 4 0.04632803425192833 0.33863601088523865 5.944245249032974
<unk> 0 403 5 1.6544374227523804 3.5166797637939453 0
<unk> 0 404 5 0.28974270820617676 1.318934440612793 2.1977453231811523
. 0 405 1 2.1485395431518555 3.54714298248291 0
<eos> 0 406 5 0.06346848607063293 0.26997002959251404 3.277172952890396
<unk> 0 407 5 2.682161808013916 6.08717679977417 0
, 0 408 1 4.53004789352417 7.455610275268555 0
<unk> 0 409 5 1.7976315021514893 5.818315505981445 1.6372947692871094
<unk> 0 410 5 2.870255708694458 4.154423236846924 1.6638922691345215
<unk> 0 411 5 3.4919509887695312 3.3357837200164795 0.8186395168304443
<unk> 0 412 5 2.8752403259277344 3.7474005222320557 0
<unk> 0 413 5 1.3924155235290527 3.6937546730041504 0.05364584922790527
in 0 414 2 10.324909210205078 2.25732159614563 1.4364330768585205
an 0 415 2 6.994722843170166 3.105661630630493 0
area 0 416 4 4.904467582702637 8.277643203735352 0
of 0 417 2 1.2156668901443481 5.124832630157471 3.152810573577881
marshland 0 418 9 11.017976760864258 8.64716625213623 0
. 0 419 1 3.533266544342041 5.545961380004883 3.1012048721313477
<eos> 0 420 5 0.06379596143960953 0.26958656311035156 5.276374816894531
<unk> 0 421 5 2.6944329738616943 6.110683441162109 0
this 0 422 4 14.283918380737305 7.455520153045654 0
crossing 0 423 8 14.11915397644043 9.28466510772705 0
, 0 424 1 3.753458023071289 6.786403656005859 2.4982614517211914
the 0 425 3 4.262695789337158 7.323451995849609 0
road 0 426 4 7.003912448883057 8.741172790527344 0
runs 0 427 4 4.8290252685546875 6.819672107696533 1.9215006828308105
closely 0 428 7 13.57540225982666 5.130856990814209 1.6888151168823242
parallel 0 429 8 5.040938377380371 5.1337809562683105 0
to 0 430 2 0.6810404062271118 2.7051889896392822 2.4285919666290283
a 0 431 1 5.182280540466309 3.223520278930664 0
<unk> 0 432 5 3.1417062282562256 8.47917366027832 0
<unk> 0 433 5 1.4870073795318604 6.024791717529297 2.4543819427490234
<unk> 0 434 5 3.1551620960235596 4.623307704925537 1.4014840126037598
<unk> 0 435 5 1.7579089403152466 5.963245391845703 0
railroad 0 436 8 13.323206901550293 2.9885292053222656 2.9747161865234375
line 0 437 4 1.4323238134384155 5.403082847595215 0
before 0 438 6 5.378835678100586 4.685615062713623 0.7174677848815918
entering 0 439 8 3.4495551586151123 5.109102249145508 0
<unk> 0 440 5 1.6592942476272583 2.995837926864624 2.113264322280884
, 0 441 1 3.2932560443878174 4.658574104309082 0
where 0 442 5 2.300163507461548 5.397019863128662 0
it 0 443 2 0.7483253479003906 2.767200469970703 2.629819393157959
splits 0 444 6 7.08382511138916 5.537832260131836 0
from 0 445 4 2.5519583225250244 4.376601219177246 1.1612310409545898
the 0 446 3 1.3367400169372559 4.369734287261963 0.006866931915283203
railroad 0 447 8 6.953309535980225 6.931784629821777 0
tracks 0 448 6 5.459287643432617 5.664817810058594 1.2669668197631836
and 0 449 3 3.464388132095337 4.241249084472656 1.4235687255859375
comes 0 450 5 6.84543514251709 7.574418544769287 0
to 0 451 2 0.8642857074737549 3.3336074352264404 4.240811109542847
a 0 452 1 1.7535735368728638 2.9791102409362793 0.35449719429016113
<unk> 0 453 5 5.469599723815918 6.1074676513671875 0
with 0 454 4 7.408019065856934 5.84861946105957 0.2588481903076172
<unk> 0 455 5 2.7334606647491455 5.415116786956787 0.4335026741027832
<unk> 0 456 5 1.4207431077957153 5.464085102081299 0
. 0 457 1 2.9506940841674805 4.654127597808838 0.8099575042724609
<eos> 0 458 5 0.05759352073073387 0.25136494636535645 4.4027626514434814
<unk> 0 459 5 2.678501844406128 6.072543144226074 0
leaving 0 460 7 17.621662139892578 7.461071014404297 0
<unk> 0 461 5 1.5143747329711914 4.762722015380859 2.6983489990234375
, 0 462 1 3.8501124382019043 6.987823009490967 0
<unk> 0 463 5 1.1973997354507446 5.146243095397949 1.8415799140930176
<unk> 0 464 5 3.4022696018218994 4.465505599975586 0.6807374954223633
turns 0 465 5 10.448829650878906 4.249815940856934 0.21568965911865234
to 0 466 2 1.8057670593261719 5.104166507720947 0
the 0 467 3 1.5720796585083008 5.457803726196289 0
north 0 468 5 3.1966030597686768 5.904113292694092 0
again 0 469 5 9.387885093688965 4.181861400604248 1.7222518920898438
and 0 470 3 3.00199556350708 4.529261112213135 0
crosses 0 471 7 6.5115509033203125 7.534530162811279 0
over 0 472 4 5.217045783996582 4.1871819496154785 3.347348213195801
the 0 473 3 1.239564299583435 3.7607498168945312 0.42643213272094727
<unk> 0 474 5 1.3023585081100464 5.832065105438232 0
<unk> 0 475 5 3.6136913299560547 4.818833351135254 1.0132317543029785
<unk> 0 476 5 2.398772716522217 5.574604034423828 0
<unk> 0 477 5 2.2857346534729004 6.275573253631592 0
railroad 0 478 8 6.570400238037109 6.019786357879639 0.2557868957519531
line 0 479 4 2.449976921081543 5.0616278648376465 0.9581584930419922
, 0 480 1 2.976067543029785 3.822866916656494 1.2387609481811523
intersecting 0 481 12 6.612867832183838 6.19564962387085 0
<unk> 0 482 5 1.8277353048324585 4.10853910446167 2.0871105194091797
<unk> 0 483 5 0.2994258999824524 1.6257915496826172 2.4827475547790527
. 0 484 1 2.0945863723754883 3.9828670024871826 0
<eos> 0 485 5 0.06338322907686234 0.26934972405433655 3.713517278432846
<unk> 0 486 5 2.681875467300415 6.087851524353027 0
continues 0 487 9 11.009883880615234 7.458745002746582 0
to 0 488 2 0.5518332123756409 3.107424736022949 4.351320266723633
<unk> 0 489 5 5.550583362579346 8.531243324279785 0
and 0 490 3 3.708512783050537 6.632242679595947 1.899000644683838
comes 0 491 5 7.800099849700928 8.675414085388184 0
to 0 492 2 1.1799852848052979 3.9524922370910645 4.722921848297119
<unk> 0 493 5 3.28437876701355 6.183900356292725 0
<unk> 0 494 5 3.81510066986084 5.0692644119262695 1.114635944366455
. 0 495 1 4.144036293029785 4.343832492828369 0.7254319190979004
<eos> 0 496 5 0.06152578443288803 0.263432115316391 4.080400377511978
<unk> 0 497 5 2.6912848949432373 6.0959038734436035 0
this 0 498 4 14.285141944885254 7.456432342529297 0
intersection 0 499 12 11.434587478637695 9.276130676269531 0
, 0 500 1 3.4235637187957764 5.608743667602539 3.667387008666992
the 0 501 3 5.117917537689209 6.618527412414551 0
route 0 502 5 4.642735004425049 7.8326945304870605 0
meets 0 503 5 6.892299652099609 6.288054466247559 1.544640064239502
<unk> 0 504 5 1.7364702224731445 4.855002403259277 1.4330520629882812
<unk> 0 505 5 0.6375687122344971 2.6927506923675537 2.1622517108917236
and 0 506 3 2.6084086894989014 4.543850421905518 0
<unk> 0 507 5 1.4106953144073486 5.327643394470215 0
<unk> 0 508 5 0.3082011044025421 1.8875081539154053 3.4401352405548096
. 0 509 1 2.4770660400390625 5.094825267791748 0
<eos> 0 510 5 0.06079651415348053 0.26115864515304565 4.833666622638702
<unk> 0 511 5 2.6821203231811523 6.082242012023926 0
<unk> 0 512 5 2.389716863632202 7.456720352172852 0
forms 0 513 5 12.907441139221191 6.259851455688477 1.196868896484375
a 0 514 1 1.469604253768921 4.43670129776001 1.8231501579284668
concurrency 0 515 11 6.829253673553467 9.400031089782715 0
with 0 516 4 0.46133455634117126 2.113962173461914 7.286068916320801
<unk> 0 517 5 1.5745604038238525 4.228916168212891 0
<unk> 0 518 5 0.3130936622619629 1.664947271347046 2.5639688968658447
and 0 519 3 3.347978115081787 4.589044570922852 0
the 0 520 3 3.4117588996887207 5.301469326019287 0
two 0 521 3 5.4652204513549805 6.372524261474609 0
routes 0 522 6 1.256693720817566 4.182307720184326 2.190216541290283
head 0 523 4 7.665877819061279 6.962870121002197 0
north 0 524 5 3.766502618789673 4.889821529388428 2.0730485916137695
and 0 525 3 3.859161376953125 4.442962169647217 0.44685935974121094
encounter 0 526 9 16.55481719970703 6.983722686767578 0
the 0 527 3 1.935044288635254 5.716821193695068 1.2669014930725098
eastern 0 528 7 4.8437604904174805 6.65413236618042 0
terminus 0 529 8 0.6623973846435547 2.789182186126709 3.864950180053711
of 0 530 2 0.342143714427948 1.5430179834365845 1.2461642026901245
<unk> 0 531 5 1.5070908069610596 3.828604221343994 0
<unk> 0 532 5 0.1334860771894455 0.7660748958587646 3.0625293254852295
before 0 533 6 7.83587646484375 3.3884878158569336 0
leaving 0 534 7 5.478175640106201 5.425272464752197 0
<unk> 0 535 5 1.4891469478607178 4.037035942077637 1.3882365226745605
. 0 536 1 1.0749025344848633 4.011284351348877 0.025751590728759766
<eos> 0 537 5 0.0631411001086235 0.26824042201042175 3.743043929338455
<unk> 0 538 5 2.6898789405822754 6.068993091583252 0
far 0 539 3 17.27125358581543 7.452505111694336 0
after 0 540 5 10.649584770202637 8.304814338684082 0
<unk> 0 541 5 2.378741502761841 6.0694355964660645 2.2353787422180176
<unk> 0 542 5 2.682384490966797 6.478752136230469 0
, 0 543 1 2.6538946628570557 6.673363208770752 0
the 0 544 3 2.5121161937713623 5.032006740570068 1.6413564682006836
road 0 545 4 9.117700576782227 9.066508293151855 0
crosses 0 546 7 5.155686378479004 6.843413352966309 2.223094940185547
the 0 547 3 1.6534796953201294 4.617606163024902 2.2258071899414062
<unk> 0 548 5 1.1798092126846313 5.099012851715088 0
<unk> 0 549 5 3.9856221675872803 3.475273370742798 1.62373948097229
into 0 550 4 7.619735240936279 4.992811679840088 0
<unk> 0 551 5 1.533251404762268 3.9612269401550293 1.0315847396850586
<unk> 0 552 5 4.313198089599609 4.628197193145752 0
, 0 553 1 2.4781088829040527 5.011083602905273 0
<unk> 0 554 5 3.5989859104156494 5.331291198730469 0
<unk> 0 555 5 2.823399305343628 4.339044094085693 0.9922471046447754
. 0 556 1 2.7355422973632812 4.492538928985596 0
<eos> 0 557 5 0.06124509871006012 0.2624213695526123 4.230117559432983
<unk> 0 558 5 2.6840438842773438 6.100595951080322 0
<unk> 0 559 5 2.39766526222229 7.468993186950684 0
<unk> 0 560 5 2.6534955501556396 6.275032043457031 1.1939611434936523
, 0 561 1 3.2282533645629883 6.5113525390625 0
it 0 562 2 11.216827392578125 5.684175968170166 0.827176570892334
heads 0 563 5 10.808927536010742 5.095820903778076 0.5883550643920898
into 0 564 4 4.051919460296631 5.23104190826416 0
residential 0 565 11 8.371467590332031 4.017723560333252 1.2133183479309082
areas 0 566 5 1.1180083751678467 3.9185407161712646 0.0991828441619873
, 0 567 1 2.5264527797698975 4.497640132904053 0
with 0 568 4 4.052255153656006 7.101083755493164 0
<unk> 0 569 5 3.247567653656006 5.597884654998779 1.5031991004943848
<unk> 0 570 5 0.764431357383728 4.331387042999268 1.2664976119995117
looping 0 571 7 13.923892974853516 4.895725727081299 0
to 0 572 2 4.18002462387085 6.7923583984375 0
the 0 573 3 0.452801376581192 2.3009066581726074 4.491451740264893
west 0 574 4 3.04248046875 3.054504871368408 0
of 0 575 2 2.8083858489990234 3.4705629348754883 0
the 0 576 3 1.3366960287094116 3.2523388862609863 0.21822404861450195
route 0 577 5 7.289609909057617 6.722874641418457 0
. 0 578 1 1.5667908191680908 4.664567947387695 2.0583066940307617
<eos> 0 579 5 0.0556536428630352 0.2439873218536377 4.420580625534058
<unk> 0 580 5 2.6922426223754883 6.088985919952393 0
<unk> 0 581 5 2.3893563747406006 7.461477756500244 0
and 0 582 3 4.821826457977295 6.26459264755249 1.196885108947754
<unk> 0 583 5 0.45920470356941223 2.8195908069610596 3.4450018405914307
<unk> 0 584 5 0.35398027300834656 2.8181793689727783 0.00141143798828125
continue 0 585 8 10.028247833251953 7.0696563720703125 0
northwest 0 586 9 9.646984100341797 4.330215930938721 2.739440441131592
and 0 587 3 4.444650650024414 4.979292392730713 0
intersect 0 588 9 7.37283992767334 8.318856239318848 0
<unk> 0 589 5 2.104100465774536 4.981364727020264 3.337491512298584
<unk> 0 590 5 0.6142807006835938 3.0636556148529053 1.9177091121673584
, 0 591 1 3.077277421951294 4.725871562957764 0
where 0 592 5 3.7275121212005615 5.801727294921875 0
the 0 593 3 2.1077258586883545 4.01653528213501 1.7851920127868652
road 0 594 4 2.879063844680786 5.132595062255859 0
turns 0 595 5 3.7561917304992676 4.636994361877441 0.49560070037841797
north 0 596 5 2.8929903507232666 4.580242156982422 0.05675220489501953
into 0 597 4 5.249603748321533 4.587038993835449 0
more 0 598 4 8.262681007385254 4.565274715423584 0.021764278411865234
forested 0 599 8 5.355625152587891 5.32415246963501 0
areas 0 600 5 0.2743191421031952 1.6568423509597778 3.667310118675232
. 0 601 1 0.8913599252700806 2.9821884632110596 0
<eos> 0 602 5 0.06604696810245514 0.27668967843055725 2.7054987847805023
<unk> 0 603 5 2.6933445930480957 6.107406139373779 0
the 0 604 3 9.890572547912598 7.46431827545166 0
junction 0 605 8 14.879765510559082 9.528973579406738 0
with 0 606 4 1.8009114265441895 4.9606547355651855 4.568318843841553
<unk> 0 607 5 1.2448697090148926 4.155649185180664 0.8050055503845215
<unk> 0 608 5 0.9900889992713928 4.036599636077881 0.1190495491027832
, 0 609 1 2.514777183532715 5.68428373336792 0
the 0 610 3 3.298246145248413 5.907121658325195 0
route 0 611 5 4.67975378036499 7.357704162597656 0
turns 0 612 5 5.256342887878418 6.503366947174072 0.854337215423584
to 0 613 2 2.919987440109253 4.494299411773682 2.0090675354003906
the 0 614 3 0.411385178565979 2.3487815856933594 2.1455178260803223
northeast 0 615 9 2.3315837383270264 3.0557563304901123 0
and 0 616 3 2.037160634994507 3.8903329372406006 0
enters 0 617 6 4.32927131652832 6.315379619598389 0
<unk> 0 618 5 1.603348970413208 3.8976359367370605 2.417743682861328
<unk> 0 619 5 4.504107475280762 4.5231852531433105 0
, 0 620 1 3.291299343109131 5.544662952423096 0
becoming 0 621 8 6.923069477081299 5.493549823760986 0.051113128662109375
<unk> 0 622 5 2.676301956176758 4.154773712158203 1.3387761116027832
<unk> 0 623 5 1.3679583072662354 3.5101475715637207 0.6446261405944824
. 0 624 1 2.0985817909240723 5.204687118530273 0
<eos> 0 625 5 0.061572588980197906 0.26319682598114014 4.941490292549133
<unk> 0 626 5 2.681506633758545 6.089559555053711 0
<unk> 0 627 5 2.388451099395752 7.4585795402526855 0
splits 0 628 6 12.399242401123047 6.266336441040039 1.1922430992126465
from 0 629 4 1.108418583869934 3.5545566082000732 2.711779832839966
<unk> 0 630 5 2.216648578643799 4.652004241943359 0
<unk> 0 631 5 0.784675657749176 3.3587288856506348 1.2932753562927246
by 0 632 2 7.0909905433654785 5.245285987854004 0
heading 0 633 7 3.099531888961792 5.547371864318848 0
northwest 0 634 9 4.647953510284424 4.9160919189453125 0.6312799453735352
on 0 635 2 5.305915355682373 4.392071723937988 0.5240201950073242
<unk> 0 636 5 1.7345702648162842 4.521028995513916 0
<unk> 0 637 5 2.2397122383117676 3.662815570831299 0.8582134246826172
<unk> 0 638 5 4.699403762817383 4.150246620178223 0
and 0 639 3 3.7300684452056885 4.898461818695068 0
<unk> 0 640 5 3.2794559001922607 6.799293518066406 0
<unk> 0 641 5 0.817591667175293 3.5421223640441895 3.257171154022217
heads 0 642 5 8.407825469970703 5.696950435638428 0
through 0 643 7 3.3893706798553467 4.564449310302734 1.1325011253356934
some 0 644 4 9.797348976135254 5.371975898742676 0
agricultural 0 645 12 7.712311744689941 5.93072509765625 0
<unk> 0 646 5 11.660804748535156 1.9337027072906494 3.9970223903656006
concurrent 0 647 10 18.423521041870117 5.742935657501221 0
with 0 648 4 1.4662442207336426 4.1915106773376465 1.5514249801635742
<unk> 0 649 5 1.9009628295898438 5.051301002502441 0
<unk> 0 650 5 1.2953897714614868 4.552133560180664 0.49916744232177734
<unk> 0 651 5 3.4824202060699463 4.366804122924805 0.18532943725585938
, 0 652 1 3.3185882568359375 5.019995212554932 0
passing 0 653 7 5.74957799911499 5.545309066772461 0
to 0 654 2 5.459073066711426 4.728662967681885 0.8166460990905762
the 0 655 3 0.6229651570320129 3.0007686614990234 1.7278943061828613
west 0 656 4 2.714700698852539 3.1419565677642822 0
of 0 657 2 0.46310949325561523 2.026515245437622 1.1154413223266602
the 0 658 3 1.5793235301971436 3.2607457637786865 0
<unk> 0 659 5 1.6246540546417236 5.937595844268799 0
<unk> 0 660 5 2.7676687240600586 6.810601234436035 0
<unk> 0 661 5 2.1654789447784424 6.654975414276123 0.1556258201599121
, 0 662 1 6.104338645935059 7.060088634490967 0
which 0 663 5 4.00002908706665 5.223667621612549 1.836421012878418
is 0 664 2 1.8782321214675903 5.6469340324401855 0
known 0 665 5 6.73599100112915 6.824247360229492 0
as 0 666 2 0.43768057227134705 1.766148328781128 5.058099031448364
a 0 667 1 4.867040157318115 3.303375244140625 0
breeding 0 668 8 15.232597351074219 7.324261665344238 0
ground 0 669 6 3.9927024841308594 7.554600715637207 0
for 0 670 3 4.840029239654541 3.9593050479888916 3.5952956676483154
several 0 671 7 7.581764221191406 6.593706130981445 0
species 0 672 7 5.195605754852295 5.580924987792969 1.0127811431884766
of 0 673 2 1.4993089437484741 3.1923716068267822 2.3885533809661865
birds 0 674 5 3.8370251655578613 7.365887641906738 0
. 0 675 1 0.6189752221107483 2.5535356998443604 4.812351942062378
<eos> 0 676 5 0.0632428303360939 0.26812732219696045 2.2854083776474
<unk> 0 677 5 2.7043955326080322 6.110029220581055 0
route 0 678 5 14.408766746520996 7.449397087097168 0
intersects 0 679 10 13.56968879699707 0.7807693481445312 6.668627738952637
<unk> 0 680 5 1.3507213592529297 4.036254405975342 0
<unk> 0 681 5 0.3736838698387146 1.7087332010269165 2.3275212049484253
, 0 682 1 2.902076482772827 3.851968765258789 0
turning 0 683 7 9.198320388793945 5.3951287269592285 0
to 0 684 2 3.259335517883301 4.905202865600586 0.4899258613586426
the 0 685 3 0.4726606011390686 2.4457452297210693 2.4594576358795166
northeast 0 686 9 2.43167781829834 3.0859193801879883 0
. 0 687 1 2.658397674560547 4.069611072540283 0
<eos> 0 688 5 0.05489954352378845 0.2413157820701599 3.8282952904701233
<unk> 0 689 5 2.676384449005127 6.086878776550293 0
passing 0 690 7 17.982011795043945 7.472720623016357 0
some 0 691 4 10.491381645202637 6.16677713394165 1.305943489074707
homes 0 692 5 6.698370456695557 8.981130599975586 0
and 0 693 3 2.539468288421631 5.421526908874512 3.559603691101074
<unk> 0 694 5 4.189725875854492 9.188050270080566 0
<unk> 0 695 5 3.8248252868652344 8.1613130569458 1.0267372131347656
, 0 696 1 4.53865909576416 7.043919563293457 1.1173934936523438
the 0 697 3 4.246464729309082 6.688318729400635 0.35560083389282227
road 0 698 4 6.313041687011719 8.271797180175781 0
turns 0 699 5 4.88365364074707 6.906909942626953 1.3648872375488281
to 0 700 2 2.4734930992126465 4.766645431518555 2.1402645111083984
the 0 701 3 0.39456671476364136 2.315791606903076 2.4508538246154785
north 0 702 5 2.6863882541656494 3.008222818374634 0
and 0 703 3 1.9980860948562622 3.436664581298828 0
passes 0 704 6 3.9292614459991455 6.452188491821289 0
to 0 705 2 4.451406478881836 4.976949214935303 1.4752392768859863
the 0 706 3 0.4174335300922394 2.285220146179199 2.6917290687561035
west 0 707 4 2.6057491302490234 3.108332872390747 0
of 0 708 2 0.9022043943405151 2.728771924972534 0.3795609474182129
<unk> 0 709 5 1.4216939210891724 3.3798398971557617 0
<unk> 0 710 5 3.063253164291382 5.253831386566162 0
<unk> 0 711 5 3.1503891944885254 4.638753890991211 0.6150774955749512
<unk> 0 712 5 3.5359549522399902 4.89202880859375 0
. 0 713 1 2.5590660572052 5.026191711425781 0
<eos> 0 714 5 0.06456368416547775 0.27308928966522217 4.753102421760559
<unk> 0 715 5 2.6885385513305664 6.097943305969238 0
route 0 716 5 14.375908851623535 7.462792873382568 0
crosses 0 717 7 13.096878051757812 0.7865086793899536 6.676284193992615
the 0 718 3 1.5849852561950684 4.68006706237793 0
<unk> 0 719 5 1.238118290901184 5.482691764831543 0
<unk> 0 720 5 3.753420829772949 4.179331302642822 1.3033604621887207
into 0 721 4 7.982895374298096 5.39420747756958 0
<unk> 0 722 5 1.5157036781311035 3.668041229248047 1.7261662483215332
<unk> 0 723 5 3.9582550525665283 4.981393337249756 0
, 0 724 1 2.354548454284668 5.081429481506348 0
passing 0 725 7 5.369983673095703 5.594813823699951 0
the 0 726 3 3.9057412147521973 4.620139122009277 0.9746747016906738
residential 0 727 11 9.470989227294922 6.404461860656738 0
community 0 728 9 2.9723801612854004 6.473474979400635 0
of 0 729 2 0.9362626075744629 4.14240026473999 2.3310747146606445
<unk> 0 730 5 0.5070570707321167 2.6259541511535645 1.5164461135864258
to 0 731 2 5.533416748046875 4.7218756675720215 0
the 0 732 3 1.2438942193984985 4.64779806137085 0.07407760620117188
east 0 733 4 2.1932053565979004 3.6654415130615234 0.9823565483093262
and 0 734 3 2.5961785316467285 3.1403324604034424 0.525109052658081
meeting 0 735 7 12.850884437561035 6.39467191696167 0
<unk> 0 736 5 2.7181406021118164 5.247360706329346 1.1473112106323242
<unk> 0 737 5 1.1983559131622314 4.259490013122559 0.9878706932067871
. 0 738 1 2.5905182361602783 4.642951011657715 0
<eos> 0 739 5 0.0606563538312912 0.2609661817550659 4.381984829902649
<unk> 0 740 5 2.6813387870788574 6.095394134521484 0
soon 0 741 4 10.337485313415527 7.4682488441467285 0
enters 0 742 6 8.725780487060547 8.464847564697266 0
<unk> 0 743 5 2.242642641067505 4.16304874420166 4.3017988204956055
<unk> 0 744 5 3.760758399963379 5.134621620178223 0
, 0 745 1 1.9178969860076904 4.74769401550293 0.38692760467529297
where 0 746 5 2.1881062984466553 5.726358890533447 0
the 0 747 3 3.950255870819092 3.215751886367798 2.5106070041656494
name 0 748 4 9.261143684387207 9.656044006347656 0
of 0 749 2 3.6172051429748535 5.187323570251465 4.468720436096191
the 0 750 3 1.5750062465667725 3.8506863117218018 1.336637258529663
road 0 751 4 9.268486022949219 8.932860374450684 0
becomes 0 752 7 4.833924770355225 4.761911392211914 4.1709489822387695
<unk> 0 753 5 1.6734848022460938 6.008347988128662 0
<unk> 0 754 5 1.9682533740997314 4.7149658203125 1.293382167816162
and 0 755 3 4.4630446434021 4.110320091247559 0.6046457290649414
it 0 756 2 6.906866073608398 6.4722580909729 0
comes 0 757 5 5.1211042404174805 5.059983730316162 1.4122743606567383
to 0 758 2 1.0470248460769653 3.4194910526275635 1.6404926776885986
a 0 759 1 2.565795421600342 4.8048858642578125 0
junction 0 760 8 5.451854228973389 9.092564582824707 0
with 0 761 4 0.3392627239227295 1.7347825765609741 7.357782006263733
<unk> 0 762 5 1.0893133878707886 3.553806781768799 0
<unk> 0 763 5 0.8591427803039551 3.2616000175476074 0.2922067642211914
( 0 764 1 2.8128409385681152 3.656839609146118 0
<unk> 0 765 5 1.0966328382492065 5.099548816680908 0
<unk> 0 766 5 2.0834336280822754 3.699169397354126 1.4003794193267822
) 0 767 1 0.43011075258255005 1.8070651292800903 1.8921042680740356
. 0 768 1 0.8829809427261353 2.8541882038116455 0
<eos> 0 769 5 0.05876303091645241 0.2542586326599121 2.5999295711517334
<unk> 0 770 5 2.6941494941711426 6.088283538818359 0
<unk> 0 771 5 2.385887861251831 7.467395782470703 0
<unk> 0 772 5 2.664562940597534 6.268964767456055 1.1984310150146484
heads 0 773 5 12.378158569335938 6.514335632324219 0
to 0 774 2 3.575244188308716 5.478438377380371 1.0358972549438477
the 0 775 3 1.2076237201690674 4.556820392608643 0.9216179847717285
west 0 776 4 3.275994300842285 4.091578006744385 0.4652423858642578
on 0 777 2 5.0037665367126465 4.285491943359375 0
<unk> 0 778 5 1.4050872325897217 3.8275249004364014 0.45796704292297363
<unk> 0 779 5 1.783988356590271 3.95861554145813 0
at 0 780 2 5.7254180908203125 3.894085645675659 0.0645298957824707
this 0 781 4 6.594841003417969 3.3069498538970947 0.5871357917785645
point 0 782 5 2.1570723056793213 3.3541505336761475 0
while 0 783 5 7.130450248718262 2.8528170585632324 0.501333475112915
<unk> 0 784 5 3.2809460163116455 6.068976879119873 0
<unk> 0 785 5 0.4762129485607147 2.7412424087524414 3.3277344703674316
heads 0 786 5 4.664863109588623 5.676476001739502 0
east 0 787 4 2.8980700969696045 4.273210048675537 1.4032659530639648
on 0 788 2 4.463981628417969 4.607931613922119 0
<unk> 0 789 5 1.6383920907974243 4.318429470062256 0.2895021438598633
<unk> 0 790 5 2.4109106063842773 4.062899589538574 0.25552988052368164
, 0 791 1 1.8734110593795776 4.213393211364746 0
and 0 792 3 4.287720203399658 5.5638604164123535 0
<unk> 0 793 5 3.407007932662964 6.345319747924805 0
<unk> 0 794 5 0.49035966396331787 2.659384250640869 3.6859354972839355
continues 0 795 9 3.40930438041687 6.178645133972168 0
north 0 796 5 2.8091206550598145 4.429907321929932 1.7487378120422363
. 0 797 1 3.84474778175354 4.452298164367676 0
<eos> 0 798 5 0.04952270910143852 0.22336187958717346 4.228936284780502
<unk> 0 799 5 2.6661534309387207 6.0491719245910645 0
<unk> 0 800 5 2.4003992080688477 7.461270332336426 0
and 0 801 3 4.852944374084473 6.276261806488037 1.1850085258483887
<unk> 0 802 5 0.4640434980392456 2.8435354232788086 3.4327263832092285
<unk> 0 803 5 0.3560013473033905 2.8321988582611084 0.011336565017700195
follow 0 804 6 11.609199523925781 7.069042682647705 0
the 0 805 3 1.4758986234664917 4.7999396324157715 2.2691030502319336
<unk> 0 806 5 3.310335874557495 9.6450777053833 0
<unk> 0 807 5 2.4180760383605957 8.484437942504883 1.160639762878418
, 0 808 1 4.502956867218018 7.884391784667969 0.6000461578369141
a 0 809 1 4.461601257324219 6.506100177764893 1.3782916069030762
two 0 810 3 7.627159595489502 9.372236251831055 0
<unk> 0 811 5 0.05391991510987282 0.6086527109146118 8.763583540916443
lane 0 812 4 7.195899963378906 6.6462860107421875 0
undivided 0 813 9 8.179823875427246 7.896584987640381 0
road 0 814 4 2.8912951946258545 7.244879722595215 0.651705265045166
, 0 815 1 3.3835179805755615 5.781551837921143 1.4633278846740723
turning 0 816 7 10.432066917419434 6.490933895111084 0
to 0 817 2 3.1748135089874268 5.580929756164551 0.9100041389465332
the 0 818 3 0.5356971025466919 2.7887978553771973 2.7921319007873535
northeast 0 819 9 3.1005969047546387 3.5215368270874023 0
and 0 820 3 2.465141534805298 4.138061046600342 0
crossing 0 821 8 5.300102233886719 7.682694435119629 0
the 0 822 3 1.0911102294921875 3.8924989700317383 3.7901954650878906
<unk> 0 823 5 1.2450196743011475 5.545296669006348 0
<unk> 0 824 5 3.713376522064209 4.745676040649414 0.7996206283569336
<unk> 0 825 5 2.7502145767211914 5.761861801147461 0
<unk> 0 826 5 2.4016263484954834 6.024919509887695 0
. 0 827 1 5.027564525604248 5.666004180908203 0.3589153289794922
<eos> 0 828 5 0.06863626837730408 0.286477655172348 5.379526525735855
<unk> 0 829 5 2.6831274032592773 6.1067376136779785 0
passing 0 830 7 17.969898223876953 7.482233047485352 0
over 0 831 4 5.968109130859375 6.188268184661865 1.2939648628234863
the 0 832 3 1.1164426803588867 3.6397359371185303 2.548532247543335
river 0 833 5 6.297576904296875 7.906949043273926 0
, 0 834 1 3.104820728302002 5.200142860412598 2.706806182861328
enters 0 835 6 13.03796100616455 6.917923927307129 0
<unk> 0 836 5 2.4525701999664307 3.784876585006714 3.133047342300415
<unk> 0 837 5 4.320275783538818 5.044169902801514 0
and 0 838 3 2.7513701915740967 5.006875514984131 0.03729438781738281
turns 0 839 5 5.477802753448486 6.1351542472839355 0
north 0 840 5 3.362769842147827 4.9896368980407715 1.145517349243164
, 0 841 1 3.325902223587036 4.820141315460205 0.1694955825805664
encountering 0 842 12 8.17691421508789 6.071661472320557 0
<unk> 0 843 5 2.8413281440734863 6.21938943862915 0
<unk> 0 844 5 1.8471734523773193 5.773830890655518 0.4455585479736328
before 0 845 6 7.186124324798584 5.147913932800293 0.6259169578552246
passing 0 846 7 4.458369731903076 5.34321403503418 0
over 0 847 4 4.439271450042725 4.363380432128906 0.9798336029052734
an 0 848 2 6.586720943450928 3.7096526622772217 0.6537277698516846
abandoned 0 849 9 7.089903831481934 6.19868278503418 0
railroad 0 850 8 4.626122951507568 7.622352123260498 0
line 0 851 4 2.850952386856079 5.479218482971191 2.1431336402893066
and 0 852 3 4.194271564483643 3.8644564151763916 1.6147620677947998
heading 0 853 7 6.070112705230713 7.245969772338867 0
into 0 854 4 2.6407480239868164 4.816397666931152 2.429572105407715
the 0 855 3 1.4996336698532104 3.7935445308685303 1.022853136062622
downtown 0 856 8 7.2275848388671875 6.2879319190979 0
area 0 857 4 1.0432467460632324 4.344660758972168 1.9432711601257324
of 0 858 2 0.8831377029418945 2.61099910736084 1.7336616516113281
<unk> 0 859 5 1.297532081604004 3.398277521133423 0
<unk> 0 860 5 3.830547571182251 4.18834114074707 0
. 0 861 1 1.5637625455856323 4.449869632720947 0
<eos> 0 862 5 0.06175138056278229 0.26394784450531006 4.185921788215637
<unk> 0 863 5 2.6959917545318604 6.100314140319824 0
, 0 864 1 4.535648822784424 7.46641731262207 0
the 0 865 3 4.0952935218811035 5.805750370025635 1.6606669425964355
road 0 866 4 10.46430492401123 9.240225791931152 0
crosses 0 867 7 5.400317192077637 7.2524285316467285 1.9877972602844238
<unk> 0 868 5 2.4736058712005615 4.674681186676025 2.577747344970703
<unk> 0 869 5 2.674509048461914 5.285462379455566 0
, 0 870 1 2.6466119289398193 4.931458950042725 0.3540034294128418
and 0 871 3 2.4525551795959473 5.767946720123291 0
<unk> 0 872 5 3.4908900260925293 6.333256244659424 0
<unk> 0 873 5 0.6964664459228516 3.755084753036499 2.578171491622925
splits 0 874 6 4.655838489532471 6.105024814605713 0
from 0 875 4 1.598018765449524 3.9672858715057373 2.1377389430999756
<unk> 0 876 5 2.72497296333313 4.801872730255127 0
<unk> 0 877 5 1.0526713132858276 3.328850030899048 1.473022699356079
by 0 878 2 7.758335590362549 4.693126678466797 0
turning 0 879 7 5.643094539642334 5.5297088623046875 0
east 0 880 4 3.9736578464508057 5.223883628845215 0.30582523345947266
along 0 881 5 4.961820602416992 4.055480480194092 1.168403148651123
that 0 882 4 11.029458045959473 4.195427894592285 0
road 0 883 4 1.797796607017517 5.277824878692627 0
. 0 884 1 1.420639991760254 3.9188616275787354 1.3589632511138916
<eos> 0 885 5 0.05755220726132393 0.251311331987381 3.6675502955913544
<unk> 0 886 5 2.6483168601989746 6.089422702789307 0
, 0 887 1 4.5266947746276855 7.4511260986328125 0
<unk> 0 888 5 1.7974939346313477 5.821667194366455 1.6294589042663574
<unk> 0 889 5 2.862224817276001 4.162501811981201 1.659165382385254
continues 0 890 9 14.387105941772461 3.3313918113708496 0.8311100006103516
north 0 891 5 5.053793907165527 3.858218193054199 0
on 0 892 2 5.086208343505859 4.971803665161133 0
<unk> 0 893 5 2.002134084701538 4.863861083984375 0.10794258117675781
<unk> 0 894 5 1.9788185358047485 3.976620674133301 0.8872404098510742
<unk> 0 895 5 3.7092173099517822 4.105321407318115 0
, 0 896 1 2.067329168319702 4.99506139755249 0
passing 0 897 7 5.0562968254089355 5.67136287689209 0
through 0 898 7 1.7242100238800049 4.7028489112854 0.9685139656066895
developed 0 899 9 16.58039093017578 4.373109817504883 0.3297390937805176
areas 0 900 5 2.1385793685913086 6.77904748916626 0
. 0 901 1 3.7418761253356934 3.7853009700775146 2.993746519088745
<eos> 0 902 5 0.06617067009210587 0.27717116475105286 3.508129805326462
<unk> 0 903 5 2.7039248943328857 6.107863903045654 0
leaves 0 904 6 11.496183395385742 7.460824966430664 0
<unk> 0 905 5 2.145096778869629 5.195242881774902 2.2655820846557617
<unk> 0 906 5 3.8232486248016357 5.28769063949585 0
and 0 907 3 3.1674938201904297 4.78338623046875 0.5043044090270996
heads 0 908 5 8.466049194335938 7.765773296356201 0
into 0 909 4 2.898669719696045 4.898677825927734 2.867095470428467
back 0 910 4 14.776115417480469 3.4010226726531982 1.4976551532745361
into 0 911 4 6.752989768981934 5.576910972595215 0
forests 0 912 7 14.3848295211792 4.224152088165283 1.3527588844299316
. 0 913 1 1.948167085647583 4.323958873748779 0
<eos> 0 914 5 0.06345202773809433 0.26937398314476013 4.054584890604019
<unk> 0 915 5 2.7097158432006836 6.106550693511963 0
route 0 916 5 14.409577369689941 7.457034111022949 0
turns 0 917 5 12.177366256713867 0.7857934832572937 6.6712406277656555
to 0 918 2 2.58648419380188 5.065713405609131 0
the 0 919 3 0.5788881778717041 3.0040078163146973 2.0617055892944336
northeast 0 920 9 2.2290492057800293 3.0305891036987305 0
, 0 921 1 1.8173887729644775 3.8473472595214844 0
passing 0 922 7 2.902615785598755 5.941164016723633 0
near 0 923 4 6.125683784484863 4.951311111450195 0.9898529052734375
the 0 924 3 1.4771809577941895 3.9127631187438965 1.0385479927062988
<unk> 0 925 5 1.7743189334869385 6.537771224975586 0
<unk> 0 926 5 2.6466877460479736 6.727629661560059 0
<unk> 0 927 5 1.9723987579345703 6.497984886169434 0.229644775390625
residential 0 928 11 10.804644584655762 7.132396221160889 0
development 0 929 11 4.604382514953613 7.1690354347229 0
, 0 930 1 4.736993789672852 6.332497596740723 0.8365378379821777
before 0 931 6 5.821590423583984 5.576801776885986 0.7556958198547363
coming 0 932 6 4.532956600189209 5.28616189956665 0.29063987731933594
to 0 933 2 0.4954504370689392 2.2877626419067383 2.998399257659912
an 0 934 2 1.570798635482788 2.703374147415161 0
interchange 0 935 11 1.2568325996398926 1.3836851119995117 1.3196890354156494
with 0 936 4 0.137313574552536 0.8656986951828003 0.5179864168167114
<unk> 0 937 5 1.8792530298233032 3.8251569271087646 0
<unk> 0 938 5 0.6076959371566772 2.326688289642334 1.4984686374664307
( 0 939 1 2.3754382133483887 3.686436891555786 0
<unk> 0 940 5 0.8189497590065002 4.056199550628662 0
<unk> 0 941 5 2.511852264404297 3.801276206970215 0.25492334365844727
<unk> 0 942 5 4.907652854919434 2.682204246520996 1.1190719604492188
) 0 943 1 1.3844521045684814 3.770504951477051 0
. 0 944 1 1.2381980419158936 3.399381160736084 0.3711237907409668
<eos> 0 945 5 0.061919279396533966 0.2639567255973816 3.1354244351387024
<unk> 0 946 5 2.6892693042755127 6.0893168449401855 0
this 0 947 4 14.289397239685059 7.453197002410889 0
interchange 0 948 11 10.704017639160156 9.278785705566406 0
, 0 949 1 3.6312458515167236 5.721682071685791 3.5571036338806152
<unk> 0 950 5 5.951496601104736 6.212289810180664 0
<unk> 0 951 5 1.309046745300293 4.858436107635498 1.353853702545166
widens 0 952 6 12.263423919677734 5.271923542022705 0
to 0 953 2 1.2574435472488403 3.8620049953460693 1.4099185466766357
a 0 954 1 2.2722525596618652 4.761139392852783 0
four 0 955 4 2.2681732177734375 5.549224376678467 0
<unk> 0 956 5 0.17320163547992706 0.7651865482330322 4.784037828445435
lane 0 957 4 0.009669579565525055 0.08411350846290588 0.6810730397701263
divided 0 958 7 0.8909279108047485 2.2364940643310547 0
highway 0 959 7 0.11402314901351929 0.6877143383026123 1.5487797260284424
and 0 960 3 3.3632843494415283 5.1621198654174805 0
reaches 0 961 7 7.257314205169678 6.990406036376953 0
a 0 962 1 1.9245532751083374 4.3049116134643555 2.6854944229125977
full 0 963 4 8.411233901977539 6.894960403442383 0
interchange 0 964 11 1.6879643201828003 4.541207313537598 2.353753089904785
with 0 965 4 0.3786451816558838 1.8414829969406128 2.699724316596985
the 0 966 3 2.9535062313079834 4.032281875610352 0
<unk> 0 967 5 2.327324390411377 6.114752292633057 0
<unk> 0 968 5 2.2882609367370605 5.632193088531494 0.4825592041015625
<unk> 0 969 5 2.3592936992645264 5.94163179397583 0
. 0 970 1 5.496737480163574 6.087867259979248 0
<eos> 0 971 5 0.06407121568918228 0.27243414521217346 5.815433114767075
<unk> 0 972 5 2.6977157592773438 6.080441951751709 0
route 0 973 5 14.229676246643066 7.4780120849609375 0
becomes 0 974 7 12.036959648132324 0.7816312313079834 6.696380853652954
a 0 975 1 2.022111415863037 5.304723739624023 0
two 0 976 3 5.12722635269165 8.311630249023438 0
<unk> 0 977 5 0.05520496889948845 0.4745977818965912 7.837032467126846
lane 0 978 4 0.05385397747159004 0.41797417402267456 0.056623607873916626
undivided 0 979 9 1.8878053426742554 3.4752542972564697 0
road 0 980 4 0.5731480121612549 2.2043919563293457 1.270862340927124
again 0 981 5 8.890686988830566 5.093918323516846 0
and 0 982 3 3.3726747035980225 5.30611515045166 0
continues 0 983 9 4.395782947540283 6.026777267456055 0
through 0 984 7 3.412003755569458 4.81350564956665 1.2132716178894043
inhabited 0 985 9 13.644668579101562 5.161212921142578 0
areas 0 986 5 0.3401349186897278 1.8549625873565674 3.3062503337860107
, 0 987 1 3.403085470199585 4.000082492828369 0
crossing 0 988 8 4.227743625640869 6.34360408782959 0
into 0 989 4 3.2666494846343994 4.410824298858643 1.9327797889709473
<unk> 0 990 5 1.1381783485412598 3.8405535221099854 0.5702707767486572
<unk> 0 991 5 4.85489559173584 4.131861209869385 0
, 0 992 1 3.512575149536133 5.121601581573486 0
where 0 993 5 1.8566491603851318 4.815366744995117 0.30623483657836914
there 0 994 5 7.097801208496094 2.005253791809082 2.810112953186035
is 0 995 2 0.609578013420105 1.863684058189392 0.14156973361968994
an 0 996 2 3.034780979156494 3.077753782272339 0
intersection 0 997 12 1.8164339065551758 4.4970245361328125 0
with 0 998 4 0.03321881219744682 0.2524270713329315 4.244597464799881
<unk> 0 999 5 1.291691541671753 3.884256362915039 0
<unk> 0 1000 5 0.4711609184741974 1.8040122985839844 2.0802440643310547
. 0 1001 1 1.9012035131454468 3.8147501945495605 0
<eos> 0 1002 5 0.05910973623394966 0.2559035122394562 3.5588466823101044
<unk> 0 1003 5 2.683694362640381 6.0868659019470215 0
short 0 1004 5 15.234519958496094 7.448869705200195 0
distance 0 1005 8 9.733612060546875 6.4589314460754395 0.9899382591247559
later 0 1006 5 6.422224521636963 8.394731521606445 0
, 0 1007 1 2.7182986736297607 7.754716873168945 0.6400146484375
the 0 1008 3 1.7161308526992798 4.318822383880615 3.43589448928833
road 0 1009 4 7.0223307609558105 8.668815612792969 0
crosses 0 1010 7 3.641749143600464 5.685020923614502 2.983794689178467
<unk> 0 1011 5 2.272413730621338 4.4070563316345215 1.2779645919799805
<unk> 0 1012 5 2.463705062866211 5.084407329559326 0
<unk> 0 1013 5 3.0238828659057617 4.9794135093688965 0.10499382019042969
 0 1014 1 8.909905433654785 5.563872814178467 0
s 0 1015 1 0.004380791448056698 0.04270574077963829 5.5211670733988285
<unk> 0 1016 5 2.665314197540283 7.5115556716918945 0
<unk> 0 1017 5 2.1792595386505127 5.983706474304199 1.5278491973876953
<unk> 0 1018 5 2.0029635429382324 5.740140914916992 0.24356555938720703
near 0 1019 4 9.937435150146484 5.588463306427002 0.15167760848999023
the 0 1020 3 1.3978612422943115 3.0650012493133545 2.5234620571136475
<unk> 0 1021 5 2.109203577041626 6.8255720138549805 0
<unk> 0 1022 5 2.937821388244629 5.605984210968018 1.219587802886963
<unk> 0 1023 5 1.610302448272705 5.676024436950684 0
<unk> 0 1024 5 2.3298449516296387 6.425404071807861 0
and 0 1025 3 6.803573131561279 5.523545265197754 0.9018588066101074
enters 0 1026 6 7.888465881347656 4.146486282348633 1.377058982849121
<unk> 0 1027 5 1.7547237873077393 3.441898822784424 0.704587459564209
<unk> 0 1028 5 3.5848751068115234 5.309785842895508 0
<unk> 0 1029 5 2.2108726501464844 5.1696696281433105 0.14011621475219727
, 0 1030 1 3.571992874145508 5.161450386047363 0.008219242095947266
turning 0 1031 7 8.462881088256836 5.714001178741455 0
into 0 1032 4 4.938769340515137 5.322139739990234 0.3918614387512207
<unk> 0 1033 5 3.52172589302063 3.354635000228882 1.9675047397613525
<unk> 0 1034 5 2.4520461559295654 5.5167131423950195 0
. 0 1035 1 1.8401703834533691 5.015261650085449 0.5014514923095703
<eos> 0 1036 5 0.06262640655040741 0.2667580842971802 4.748503565788269
<unk> 0 1037 5 2.6878232955932617 6.098867893218994 0
block 0 1038 5 16.10660743713379 7.464758396148682 0
after 0 1039 5 10.683792114257812 7.584195613861084 0
the 0 1040 3 2.0670084953308105 6.687767028808594 0.8964285850524902
railroad 0 1041 8 10.980315208435059 9.567370414733887 0
crossing 0 1042 8 6.2959465980529785 8.311429977416992 1.2559404373168945
, 0 1043 1 2.4539968967437744 5.493285655975342 2.8181443214416504
<unk> 0 1044 5 4.290788173675537 5.961909770965576 0
<unk> 0 1045 5 2.419753074645996 6.75306510925293 0
ends 0 1046 4 9.39344310760498 6.331696033477783 0.4213690757751465
at 0 1047 2 0.869365394115448 3.0486040115356445 3.2830920219421387
an 0 1048 2 3.6621930599212646 4.00899600982666 0
intersection 0 1049 12 0.8954682350158691 1.8661519289016724 2.142844080924988
with 0 1050 4 0.04370836168527603 0.3259390592575073 1.540212869644165
<unk> 0 1051 5 1.2811771631240845 3.629404306411743 0
<unk> 0 1052 5 0.4800434112548828 1.9428701400756836 1.6865341663360596
and 0 1053 3 3.8276705741882324 3.927945137023926 0
<unk> 0 1054 5 1.3040014505386353 5.270182132720947 0
<unk> 0 1055 5 0.38433030247688293 2.0950353145599365 3.1751468181610107
( 0 1056 1 3.253201723098755 4.418767929077148 0
<unk> 0 1057 5 0.9670351147651672 4.603796482086182 0
<unk> 0 1058 5 2.3632233142852783 3.490291118621826 1.1135053634643555
<unk> 0 1059 5 5.097144603729248 1.9000136852264404 1.5902774333953857
) 0 1060 1 0.6886489391326904 2.7318150997161865 0
, 0 1061 1 2.562288284301758 3.761343479156494 0
with 0 1062 4 5.576541423797607 5.330638885498047 0
<unk> 0 1063 5 2.6565966606140137 5.184908866882324 0.14573001861572266
<unk> 0 1064 5 0.5235454440116882 2.907649517059326 2.277259349822998
continuing 0 1065 10 5.403324604034424 5.944035530090332 0
north 0 1066 5 3.2235546112060547 5.021768569946289 0.922266960144043
on 0 1067 2 5.123093605041504 4.578415870666504 0.44335269927978516
<unk> 0 1068 5 1.6235466003417969 4.6477861404418945 0
<unk> 0 1069 5 2.1683764457702637 3.2933108806610107 1.3544752597808838
at 0 1070 2 5.313597679138184 3.827162027359009 0
this 0 1071 4 6.599420070648193 3.479865789413452 0.34729623794555664
point 0 1072 5 2.0294172763824463 3.19417667388916 0.285689115524292
. 0 1073 1 0.44558361172676086 1.792360544204712 1.4018161296844482
<eos> 0 1074 5 0.061908405274152756 0.2653791010379791 1.5269814431667328
<unk> 0 1075 5 2.6735281944274902 6.072463035583496 0
<unk> 0 1076 5 2.377265214920044 7.439507007598877 0
is 0 1077 2 5.42238712310791 6.247936248779297 1.19157075881958
an 0 1078 2 4.726966381072998 6.576961994171143 0
important 0 1079 9 4.24442720413208 8.498980522155762 0
route 0 1080 5 9.004364967346191 8.658199310302734 0
linking 0 1081 7 7.393261909484863 4.851759433746338 3.8064398765563965
the 0 1082 3 1.3562798500061035 4.387790679931641 0.46396875381469727
<unk> 0 1083 5 1.4072473049163818 6.288994312286377 0
<unk> 0 1084 5 2.71622371673584 6.51893424987793 0
<unk> 0 1085 5 1.8876169919967651 6.169943809509277 0.34899044036865234
with 0 1086 4 5.4322123527526855 7.2443342208862305 0
the 0 1087 3 1.8403890132904053 5.098140716552734 2.146193504333496
<unk> 0 1088 5 1.4090511798858643 7.199854850769043 0
<unk> 0 1089 5 2.1325161457061768 7.303634166717529 0
resorts 0 1090 7 17.82491683959961 5.706740379333496 1.5968937873840332
in 0 1091 2 4.111389636993408 5.092696666717529 0.6140437126159668
<unk> 0 1092 5 1.0717628002166748 3.274245262145996 1.8184514045715332
<unk> 0 1093 5 4.537816047668457 3.453137159347534 0
<unk> 0 1094 5 3.4305944442749023 4.117584228515625 0
, 0 1095 1 2.931903839111328 5.3016815185546875 0
serving 0 1096 7 10.065815925598145 4.651503086090088 0.6501784324645996
as 0 1097 2 2.1597251892089844 4.8874311447143555 0
an 0 1098 2 4.338900566101074 4.092709541320801 0.7947216033935547
alternate 0 1099 9 5.204224109649658 7.47693395614624 0
to 0 1100 2 8.511308670043945 3.843200922012329 3.633733034133911
more 0 1101 4 11.224906921386719 4.764519214630127 0
congested 0 1102 9 11.724186897277832 6.8577375411987305 0
routes 0 1103 6 5.978272438049316 7.630114555358887 0
. 0 1104 1 1.4705946445465088 4.155970096588135 3.474144458770752
<eos> 0 1105 5 0.07076331973075867 0.2918311357498169 3.864138960838318
<unk> 0 1106 5 2.7034709453582764 6.115355014801025 0
also 0 1107 4 5.595123767852783 7.451605319976807 0
serves 0 1108 6 9.33253288269043 9.012784004211426 0
as 0 1109 2 0.5322573184967041 2.6966187953948975 6.316165208816528
evacuation 0 1110 10 19.27152442932129 3.551300048828125 0
route 0 1111 5 9.16477108001709 8.710119247436523 0
from 0 1112 4 5.019343852996826 5.368959426879883 3.3411598205566406
<unk> 0 1113 5 1.1253609657287598 3.598342180252075 1.7706172466278076
<unk> 0 1114 5 2.7884151935577393 4.1689252853393555 0
<unk> 0 1115 5 2.274171829223633 4.056220531463623 0.11270475387573242
to 0 1116 2 1.6293773651123047 4.713043689727783 0
inland 0 1117 6 15.443076133728027 1.7854483127593994 2.927595376968384
areas 0 1118 5 8.746684074401855 5.043036937713623 0
in 0 1119 2 4.320917129516602 4.081400394439697 0.9616365432739258
the 0 1120 3 1.328735113143921 3.454263925552368 0.6271364688873291
event 0 1121 5 14.837037086486816 5.665380477905273 0
of 0 1122 2 0.2705767750740051 1.4746487140655518 4.190731763839722
a 0 1123 1 3.749588966369629 5.220857620239258 0
hurricane 0 1124 9 5.73746919631958 8.99378490447998 0
. 0 1125 1 2.307009696960449 6.175683498382568 2.818101406097412
<eos> 0 1126 5 0.05454453453421593 0.23998084664344788 5.9357026517391205
= 0 1127 1 3.845003843307495 6.089513778686523 0
= 0 1128 1 0.09629097580909729 0.6657442450523376 5.423769533634186
<unk> 0 1129 5 5.667295932769775 5.679014205932617 0
= 0 1130 1 2.0259995460510254 7.034059524536133 0
= 0 1131 1 0.00012382218847051263 0.0017741136252880096 7.032285410910845
<eos> 0 1132 5 16.691604614257812 4.868624687194824 0
<unk> 0 1133 5 2.6720476150512695 5.546392917633057 0
portion 0 1134 7 18.45595359802246 6.442793369293213 0
of 0 1135 2 0.24554850161075592 1.7294610738754272 4.713332295417786
current 0 1136 7 12.689826965332031 2.9306063652038574 0
<unk> 0 1137 5 1.2313365936279297 6.962498664855957 0
<unk> 0 1138 5 2.4221115112304688 7.28445291519165 0
between 0 1139 7 9.786214828491211 5.832986831665039 1.4514660835266113
<unk> 0 1140 5 0.6472876071929932 2.827331066131592 3.0056557655334473
and 0 1141 3 0.5141373872756958 2.272578001022339 0.5547530651092529
<unk> 0 1142 5 0.17760156095027924 1.2490928173065186 1.0234851837158203
received 0 1143 8 11.305460929870605 5.6441569328308105 0
funding 0 1144 7 9.913820266723633 5.531315803527832 0.11284112930297852
to 0 1145 2 3.5783674716949463 3.1326613426208496 2.3986544609069824
become 0 1146 6 8.584342002868652 7.429520606994629 0
a 0 1147 1 2.0542047023773193 4.464752197265625 2.964768409729004
spur 0 1148 4 9.873610496520996 8.761460304260254 0
of 0 1149 2 2.2941715717315674 4.358689785003662 4.402770519256592
the 0 1150 3 1.590291976928711 4.7302045822143555 0
<unk> 0 1151 5 1.7081866264343262 5.8097052574157715 0
<unk> 0 1152 5 1.6365071535110474 5.470883369445801 0.3388218879699707
in 0 1153 2 5.904567241668701 6.045187473297119 0
<unk> 0 1154 5 0.5676940679550171 2.238009214401245 3.807178258895874
. 0 1155 1 0.9166510701179504 2.916555166244507 0
<eos> 0 1156 5 0.06794831901788712 0.2826473116874695 2.6339078545570374
<unk> 0 1157 5 2.6989197731018066 6.097959995269775 0
modern 0 1158 6 17.19374656677246 7.460808753967285 0
<unk> 0 1159 5 2.3846468925476074 9.22024154663086 0
day 0 1160 3 4.68481969833374 8.842452049255371 0.3777894973754883
alignment 0 1161 9 15.062247276306152 8.102824211120605 0.7396278381347656
of 0 1162 2 2.4677624702453613 6.4849138259887695 1.617910385131836
<unk> 0 1163 5 1.531877040863037 3.989656686782837 2.4952571392059326
<unk> 0 1164 5 0.30361130833625793 1.910616159439087 2.07904052734375
was 0 1165 3 3.0725650787353516 5.524738788604736 0
legislated 0 1166 10 7.717824459075928 7.435329437255859 0
as 0 1167 2 2.3239121437072754 3.6534948348999023 3.781834602355957
part 0 1168 4 2.0708417892456055 3.78371524810791 0
of 0 1169 2 0.0036819176748394966 0.0343686118721962 3.749346636235714
pre 0 1170 3 9.668394088745117 3.4445786476135254 0
<unk> 0 1171 5 0.0014226267812773585 0.018087239935994148 3.4264914076775312
<unk> 0 1172 5 0.4933893382549286 2.5038869380950928 0
<unk> 0 1173 5 4.323056221008301 2.4018828868865967 0.1020040512084961
<unk> 0 1174 5 1.1487890481948853 3.8198976516723633 0
in 0 1175 2 3.0179927349090576 5.358546257019043 0
<unk> 0 1176 5 0.4495489299297333 1.7501327991485596 3.6084134578704834
, 0 1177 1 2.359905958175659 2.749678611755371 0
a 0 1178 1 6.141984939575195 5.330626487731934 0
route 0 1179 5 4.072772026062012 7.697818279266357 0
that 0 1180 4 1.7506073713302612 4.859217643737793 2.8386006355285645
was 0 1181 3 1.9382143020629883 5.976354122161865 0
to 0 1182 2 5.516869068145752 6.914364337921143 0
run 0 1183 3 3.5473527908325195 5.0267415046691895 1.8876228332519531
from 0 1184 4 1.731705665588379 4.759500026702881 0.2672414779663086
<unk> 0 1185 5 0.7243716716766357 2.6645734310150146 2.094926595687866
<unk> 0 1186 5 2.664324998855591 3.106043815612793 0
to 0 1187 2 1.4221808910369873 4.146455764770508 0
<unk> 0 1188 5 0.40236517786979675 2.003800392150879 2.142655372619629
<unk> 0 1189 5 1.7040700912475586 4.1937174797058105 0
<unk> 0 1190 5 4.477962970733643 3.889787435531616 0.30393004417419434
. 0 1191 1 1.7751691341400146 4.113899230957031 0
<eos> 0 1192 5 0.06960202008485794 0.2883562445640564 3.825542986392975
<unk> 0 1193 5 2.69547438621521 6.100339412689209 0
the 0 1194 3 9.902841567993164 7.457164764404297 0
<unk> 0 1195 5 2.3736412525177 9.507208824157715 0
<unk> 0 1196 5 3.5437355041503906 9.162592887878418 0.3446159362792969
<unk> 0 1197 5 2.1895909309387207 7.912339687347412 1.2502532005310059
state 0 1198 5 10.6830472946167 8.086503982543945 0
highway 0 1199 7 4.660017013549805 8.37857723236084 0
renumbering 0 1200 11 6.342153549194336 6.81718635559082 1.5613908767700195
, 0 1201 1 2.2579588890075684 5.170463562011719 1.6467227935791016
the 0 1202 3 4.174529552459717 5.75421142578125 0
portion 0 1203 7 6.332215309143066 6.918880462646484 0
of 0 1204 2 0.42584285140037537 2.0161304473876953 4.902750015258789
pre 0 1205 3 11.647369384765625 4.032161712646484 0
<unk> 0 1206 5 0.002787551609799266 0.03396081179380417 3.99820090085268
<unk> 0 1207 5 0.4945891499519348 2.6944618225097656 0
<unk> 0 1208 5 5.235161781311035 2.0748302936553955 0.6196315288543701
<unk> 0 1209 5 1.305356502532959 4.046504497528076 0
between 0 1210 7 3.8669955730438232 6.019550800323486 0
<unk> 0 1211 5 0.8561297059059143 3.2077150344848633 2.811835765838623
and 0 1212 3 0.41559529304504395 2.0603091716766357 1.1474058628082275
<unk> 0 1213 5 0.5155351161956787 2.5840420722961426 0
<unk> 0 1214 5 3.9908368587493896 4.751721382141113 0
<unk> 0 1215 5 3.2376904487609863 4.756876468658447 0
was 0 1216 3 3.9394290447235107 4.517484188079834 0.23939228057861328
designated 0 1217 10 1.983045220375061 6.046280384063721 0
as 0 1218 2 1.3847218751907349 4.498772621154785 1.5475077629089355
<unk> 0 1219 5 2.4894421100616455 4.176309108734131 0.3224635124206543
<unk> 0 1220 5 0.2795116901397705 1.6663061380386353 2.5100029706954956
, 0 1221 1 2.3040764331817627 4.120842456817627 0
the 0 1222 3 4.058155059814453 5.535755157470703 0
highest 0 1223 7 9.844732284545898 6.821524620056152 0
state 0 1224 5 7.102527141571045 6.21572208404541 0.6058025360107422
route 0 1225 5 5.168684005737305 2.9903404712677 3.22538161277771
number 0 1226 6 9.491653442382812 4.117186546325684 0
assigned 0 1227 8 12.458344459533691 4.286142826080322 0
in 0 1228 2 2.962512493133545 2.4265806674957275 1.8595621585845947
the 0 1229 3 2.0862293243408203 2.7540507316589355 0
renumbering 0 1230 11 8.036105155944824 5.360734462738037 0
. 0 1231 1 1.6327316761016846 3.3175859451293945 2.0431485176086426
<eos> 0 1232 5 0.0691150426864624 0.28603145480155945 3.031554490327835
<unk> 0 1233 5 2.698978900909424 6.043280601501465 0
<unk> 0 1234 5 2.370088815689087 7.416129112243652 0
retained 0 1235 8 12.845056533813477 6.231231212615967 1.1848978996276855
its 0 1236 3 4.966041564941406 4.189252853393555 2.041978359222412
current 0 1237 7 7.518689155578613 8.694011688232422 0
routing 0 1238 7 7.50004243850708 6.054043769836426 2.639967918395996
in 0 1239 2 3.332231283187866 5.0193915367126465 1.0346522331237793
the 0 1240 3 2.3046321868896484 2.639969825744629 2.3794217109680176
<unk> 0 1241 5 3.2008213996887207 6.436446666717529 0
<unk> 0 1242 5 4.067821502685547 4.4622697830200195 1.9741768836975098
<unk> 0 1243 5 1.914559006690979 6.014297962188721 0
state 0 1244 5 4.493815898895264 6.8092570304870605 0
highway 0 1245 7 1.4784784317016602 4.628599166870117 2.1806578636169434
renumbering 0 1246 11 0.5333690643310547 2.0341999530792236 2.5943992137908936
. 0 1247 1 2.081603765487671 3.5717740058898926 0
<eos> 0 1248 5 0.05510598421096802 0.24336853623390198 3.3284054696559906
<unk> 0 1249 5 2.6952335834503174 6.070205211639404 0
freeway 0 1250 7 18.995975494384766 7.44148063659668 0
was 0 1251 3 2.7882323265075684 7.0023674964904785 0.43911314010620117
proposed 0 1252 8 7.445082187652588 6.8260931968688965 0.17627429962158203
for 0 1253 3 4.0054731369018555 3.678654909133911 3.1474382877349854
<unk> 0 1254 5 3.0453271865844727 5.08145809173584 0
<unk> 0 1255 5 0.8592225313186646 4.095848560333252 0.9856095314025879
around 0 1256 6 9.465627670288086 4.829806804656982 0
<unk> 0 1257 5 0.6799368858337402 2.038689136505127 2.7911176681518555
, 0 1258 1 1.8696633577346802 4.1109514236450195 0
running 0 1259 7 8.080740928649902 5.512884140014648 0
from 0 1260 4 2.8927524089813232 5.414525508880615 0.0983586311340332
the 0 1261 3 2.144359588623047 3.3636622428894043 2.050863265991211
<unk> 0 1262 5 1.8486607074737549 6.310452938079834 0
<unk> 0 1263 5 2.7364118099212646 6.028810501098633 0.28164243698120117
<unk> 0 1264 5 2.3493683338165283 6.322408199310303 0
in 0 1265 2 5.910446643829346 6.648736476898193 0
<unk> 0 1266 5 0.4881858229637146 2.282517194747925 4.3662192821502686
<unk> 0 1267 5 5.495072841644287 2.63177490234375 0
north 0 1268 5 8.404884338378906 2.2475473880767822 0.3842275142669678
to 0 1269 2 0.14017556607723236 0.813136875629425 1.4344105124473572
<unk> 0 1270 5 0.8636693358421326 3.2599310874938965 0
<unk> 0 1271 5 1.711373209953308 4.503806114196777 0
in 0 1272 2 1.5198726654052734 3.973432779312134 0.5303733348846436
<unk> 0 1273 5 0.4168144166469574 1.8745383024215698 2.098894476890564
<unk> 0 1274 5 4.75123929977417 2.6717147827148438 0
. 0 1275 1 0.8642169237136841 3.0364837646484375 0
<eos> 0 1276 5 0.06910406053066254 0.28634512424468994 2.7501386404037476
<unk> 0 1277 5 2.699626922607422 6.091307640075684 0
proposed 0 1278 8 10.461734771728516 7.460202217102051 0
freeway 0 1279 7 18.104013442993164 4.491292476654053 2.968909740447998
was 0 1280 3 6.193192958831787 7.881940841674805 0
intended 0 1281 8 8.21627140045166 7.553873062133789 0.3280677795410156
to 0 1282 2 0.4299319088459015 1.5620853900909424 5.991787672042847
provide 0 1283 7 5.9584832191467285 5.887318134307861 0
economic 0 1284 8 12.711048126220703 5.383396148681641 0.5039219856262207
development 0 1285 11 3.8225386142730713 6.3865580558776855 0
to 0 1286 2 3.073607921600342 4.553462505340576 1.8330955505371094
the 0 1287 3 1.9584943056106567 6.182726860046387 0
region 0 1288 6 7.920413494110107 7.196256160736084 0
as 0 1289 2 5.113517761230469 4.759185314178467 2.437070846557617
well 0 1290 4 3.6695854663848877 4.644927978515625 0.1142573356628418
as 0 1291 2 0.32520413398742676 1.1655182838439941 3.479409694671631
provide 0 1292 7 12.588472366333008 7.607315540313721 0
a 0 1293 1 2.869986057281494 6.5534515380859375 1.0538640022277832
better 0 1294 6 8.206344604492188 7.931012153625488 0
route 0 1295 5 4.665454387664795 7.90745210647583 0.023560047149658203
to 0 1296 2 2.3400042057037354 4.580992698669434 3.3264594078063965
the 0 1297 3 1.508009910583496 4.519331455230713 0.0616612434387207
<unk> 0 1298 5 2.454928398132324 6.9274468421936035 0
<unk> 0 1299 5 3.1005032062530518 6.576974868774414 0.35047197341918945
resorts 0 1300 7 15.98897933959961 6.333838939666748 0.24313592910766602
of 0 1301 2 3.4632132053375244 4.144438743591309 2.1894001960754395
<unk> 0 1302 5 1.3337488174438477 2.923205614089966 1.2212331295013428
<unk> 0 1303 5 4.593287944793701 3.6448607444763184 0
<unk> 0 1304 5 3.6688921451568604 4.41103982925415 0
for 0 1305 3 7.841573715209961 5.331885814666748 0
travelers 0 1306 9 10.366987228393555 5.299665451049805 0.03222036361694336
from 0 1307 4 5.065601825714111 5.257058143615723 0.04260730743408203
the 0 1308 3 1.5434865951538086 3.846144437789917 1.4109137058258057
<unk> 0 1309 5 1.7362680435180664 6.154225826263428 0
<unk> 0 1310 5 3.2049214839935303 6.60618257522583 0
. 0 1311 1 3.4933295249938965 6.336880207061768 0.2693023681640625
<eos> 0 1312 5 0.0655900165438652 0.27669480443000793 6.06018540263176
<unk> 0 1313 5 2.6916675567626953 6.115760803222656 0
, 0 1314 1 4.544995307922363 7.463954925537109 0
this 0 1315 4 9.700504302978516 5.813845157623291 1.6501097679138184
freeway 0 1316 7 13.26831340789795 8.728145599365234 0
was 0 1317 3 2.465580463409424 6.260594367980957 2.4675512313842773
canceled 0 1318 8 9.901529312133789 7.652054309844971 0
by 0 1319 2 3.4260237216949463 4.305719375610352 3.346334934234619
the 0 1320 3 1.3483302593231201 2.982455015182495 1.3232643604278564
mid 0 1321 3 6.270974636077881 5.505009174346924 0
<unk> 0 1322 5 0.01305971946567297 0.1374596208333969 5.367549553513527
1970s 0 1323 5 3.031759738922119 4.282856464385986 0
due 0 1324 3 5.063260078430176 3.105408191680908 1.1774482727050781
to 0 1325 2 0.005030140280723572 0.05314452201128006 3.052263669669628
financial 0 1326 9 7.332295894622803 5.992941856384277 0
and 0 1327 3 10.068998336791992 3.426398754119873 2.5665431022644043
environmental 0 1328 13 2.2842776775360107 4.640495777130127 0
concerns 0 1329 8 2.174020290374756 4.336830139160156 0.3036656379699707
as 0 1330 2 7.413496494293213 3.2572271823883057 1.0796029567718506
well 0 1331 4 2.1466667652130127 5.399450302124023 0
as 0 1332 2 0.3351652920246124 1.1055567264556885 4.293893575668335
lack 0 1333 4 8.718376159667969 7.277245044708252 0
of 0 1334 2 0.008048824034631252 0.08777504414319992 7.189470000565052
traffic 0 1335 7 7.333612442016602 7.294294834136963 0
along 0 1336 5 6.994820594787598 5.192081451416016 2.1022133827209473
<unk> 0 1337 5 4.685207843780518 2.874952554702759 2.317128896713257
<unk> 0 1338 5 3.0414347648620605 4.541131019592285 0
. 0 1339 1 1.264501690864563 3.7525229454040527 0.7886080741882324
<eos> 0 1340 5 0.06495996564626694 0.2735317051410675 3.4789912402629852
<unk> 0 1341 5 2.6862905025482178 6.090017795562744 0
<unk> 0 1342 5 2.376950263977051 7.451127052307129 0
<unk> 0 1343 5 2.6712236404418945 6.262596130371094 1.1885309219360352
, 0 1344 1 3.220285654067993 6.512679576873779 0
<unk> 0 1345 5 2.5293543338775635 5.677431106567383 0.8352484703063965
, 0 1346 1 3.7444875240325928 4.522419452667236 1.1550116539001465
construction 0 1347 12 15.031347274780273 4.099262237548828 0.4231572151184082
began 0 1348 5 6.611076354980469 4.728336334228516 0
on 0 1349 2 2.355090618133545 4.533928871154785 0.19440746307373047
making 0 1350 6 15.16851806640625 2.3961684703826904 2.1377604007720947
the 0 1351 3 1.8354361057281494 5.223143577575684 0
interchange 0 1352 11 10.8348388671875 8.915507316589355 0
with 0 1353 4 1.2755582332611084 4.67810583114624 4.237401485443115
the 0 1354 3 1.9429842233657837 3.90256667137146 0.7755391597747803
<unk> 0 1355 5 1.7369751930236816 6.644285202026367 0
<unk> 0 1356 5 1.9845147132873535 6.1631622314453125 0.4811229705810547
<unk> 0 1357 5 2.062859058380127 6.446500778198242 0
a 0 1358 1 13.378990173339844 6.783222198486328 0
full 0 1359 4 9.34099006652832 6.418902397155762 0.3643198013305664
interchange 0 1360 11 8.481901168823242 2.8665597438812256 3.552342653274536
as 0 1361 2 6.648772239685059 4.620147228240967 0
part 0 1362 4 3.7243103981018066 4.216463565826416 0.4036836624145508
of 0 1363 2 0.0024545108899474144 0.02538967691361904 4.191073888912797
a 0 1364 1 2.663892984390259 3.5253100395202637 0
series 0 1365 6 7.294791221618652 7.655981063842773 0
of 0 1366 2 0.024339068681001663 0.24223674833774567 7.413744315505028
improvements 0 1367 12 4.879749298095703 8.025190353393555 0
set 0 1368 3 10.3078031539917 4.504831314086914 3.5203590393066406
for 0 1369 3 4.233893394470215 4.0279011726379395 0.4769301414489746
the 0 1370 3 1.387920618057251 5.579013347625732 0
<unk> 0 1371 5 2.386648654937744 7.7019195556640625 0
<unk> 0 1372 5 2.7966387271881104 6.367678165435791 1.3342413902282715
<unk> 0 1373 5 2.148441791534424 6.162080764770508 0.2055974006652832
. 0 1374 1 5.504676342010498 6.5867919921875 0
<eos> 0 1375 5 0.06393631547689438 0.2716982364654541 6.315093755722046
<unk> 0 1376 5 2.701374053955078 6.089768409729004 0
project 0 1377 7 15.490954399108887 7.458108901977539 0
was 0 1378 3 3.3848702907562256 8.00554370880127 0
completed 0 1379 9 6.091738224029541 8.25057601928711 0
on 0 1380 2 2.660111904144287 3.8140006065368652 4.436575412750244
<unk> 0 1381 5 0.17513056099414825 0.8682156801223755 2.9457849264144897
<unk> 0 1382 5 0.10182743519544601 0.47813478112220764 0.39008089900016785
, 0 1383 1 0.8630391955375671 1.71187162399292 0
<unk> 0 1384 5 0.08274710923433304 0.6129406690597534 1.0989309549331665
. 0 1385 1 1.6054044961929321 2.4266016483306885 0
<eos> 0 1386 5 0.06015826389193535 0.25776979327201843 2.16883185505867
= 0 1387 1 3.836493968963623 6.0784831047058105 0
= 0 1388 1 0.0982309952378273 0.6788678765296936 5.399615228176117
<unk> 0 1389 5 5.669492244720459 5.691784381866455 0
intersections 0 1390 13 15.745643615722656 7.036888122558594 0
= 0 1391 1 0.10512954741716385 0.7224514484405518 6.314436674118042
= 0 1392 1 0.0001100646986742504 0.0014762314967811108 0.7209752169437706
<eos> 0 1393 5 21.55377197265625 3.166036367416382 0
=========================================================================================
| End of testing | test loss  2.69 | test ppl    14.72
=========================================================================================
