word sentid sentpos wlen surp entropy entred
<unk> 0 0 5 2.77962064743042 6.920167922973633 0
<unk> 0 1 5 2.107976198196411 6.634023189544678 0.2861447334289551
who 0 2 3 9.045202255249023 5.651751518249512 0.982271671295166
won 0 3 3 8.035408973693848 7.936282634735107 0
the 0 4 3 0.8616688847541809 3.5637669563293457 4.372515678405762
<unk> 0 5 5 1.794208288192749 6.797569751739502 0
<unk> 0 6 5 1.7733460664749146 6.405650615692139 0.3919191360473633
beauty 0 7 6 13.678765296936035 6.098214626312256 0.3074359893798828
pageant 0 8 7 4.182483196258545 3.6396374702453613 2.4585771560668945
in 0 9 2 2.8728861808776855 4.655028343200684 0
<unk> 0 10 5 0.355085164308548 1.7396717071533203 2.9153566360473633
<unk> 0 11 5 4.130325794219971 3.168487310409546 0
<eos> 0 12 5 7.544928550720215 3.649482488632202 0
<unk> 0 13 5 2.4357337951660156 4.016537666320801 0
<unk> 0 14 5 2.4549009799957275 5.482717514038086 0
- 0 15 1 11.197578430175781 5.169933319091797 0.31278419494628906
one 0 16 3 7.970153331756592 5.147923469543457 0.022009849548339844
of 0 17 2 0.46873939037323 2.8861429691314697 2.2617805004119873
the 0 18 3 0.5415968894958496 2.285306930541992 0.6008360385894775
victims 0 19 7 11.592645645141602 6.87075662612915 0
of 0 20 2 1.3256863355636597 4.740293979644775 2.130462646484375
the 0 21 3 0.8719491958618164 4.0648722648620605 0.6754217147827148
<unk> 0 22 5 1.6577545404434204 7.913186073303223 0
civil 0 23 5 6.886784076690674 8.193408012390137 0
rights 0 24 6 6.936606407165527 0.7151938676834106 7.478214144706726
workers 0 25 7 17.098169326782227 5.558131694793701 0
murders 0 26 7 12.480003356933594 3.141774892807007 2.4163568019866943
in 0 27 2 3.125330686569214 4.713448524475098 0
<unk> 0 28 5 0.5823456645011902 2.5486364364624023 2.1648120880126953
<unk> 0 29 5 3.1361145973205566 3.9257616996765137 0
<eos> 0 30 5 8.437658309936523 3.6038737297058105 0.3218879699707031
<unk> 0 31 5 1.6989272832870483 5.204943656921387 0
and 0 32 3 4.566528797149658 5.571207523345947 0
<unk> 0 33 5 1.0551506280899048 5.18209171295166 0.3891158103942871
<unk> 0 34 5 1.450661301612854 5.6989336013793945 0
, 0 35 1 2.896003484725952 5.781931400299072 0
known 0 36 5 9.850224494934082 6.028624534606934 0
as 0 37 2 0.8466444611549377 2.5898420810699463 3.4387824535369873
" 0 38 1 2.757441997528076 3.5867950916290283 0
<unk> 0 39 5 1.4530856609344482 5.884371757507324 0
<unk> 0 40 5 1.767926573753357 5.292306423187256 0.5920653343200684
<unk> 0 41 5 2.137979745864868 3.778799295425415 1.5135071277618408
" 0 42 1 0.8043476939201355 3.224080801010132 0.5547184944152832
- 0 43 1 11.375788688659668 2.9266672134399414 0.29741358757019043
holders 0 44 7 18.4693660736084 8.193151473999023 0
of 0 45 2 0.5429065823554993 2.857492208480835 5.3356592655181885
the 0 46 3 0.9685305953025818 4.752991676330566 0
world 0 47 5 6.681369304656982 8.56827449798584 0
flight 0 48 6 15.38912296295166 6.788303852081299 1.779970645904541
endurance 0 49 9 14.253169059753418 7.3458356857299805 0
record 0 50 6 9.604747772216797 7.873295783996582 0
- 0 51 1 9.377615928649902 5.000324249267578 2.872971534729004
are 0 52 3 6.356104373931885 7.895819664001465 0
<unk> 0 53 5 3.7014670372009277 8.229662895202637 0
natives 0 54 7 14.619558334350586 6.318678855895996 1.9109840393066406
. 0 55 1 2.7051756381988525 5.237270832061768 1.0814080238342285
<eos> 0 56 5 0.0646546259522438 0.27159595489501953 4.965674877166748
<unk> 0 57 5 2.6832926273345947 6.130836009979248 0
<unk> 0 58 5 2.3753185272216797 7.457165718078613 0
is 0 59 2 5.412416458129883 6.274056911468506 1.1831088066101074
also 0 60 4 4.166680335998535 6.560993671417236 0
a 0 61 1 2.5906970500946045 6.622920989990234 0
former 0 62 6 6.296533584594727 9.354659080505371 0
mayor 0 63 5 8.074382781982422 8.641566276550293 0.7130928039550781
of 0 64 2 0.8058584928512573 2.801647901535034 5.839918375015259
the 0 65 3 2.872542142868042 1.913606882095337 0.8880410194396973
city 0 66 4 3.020437717437744 5.01237678527832 0
. 0 67 1 2.689464807510376 3.3293867111206055 1.6829900741577148
<eos> 0 68 5 0.06798949837684631 0.28331616520881653 3.046070545911789
<unk> 0 69 5 2.692704916000366 6.088437080383301 0
<unk> 0 70 5 2.3837428092956543 7.453890323638916 0
, 0 71 1 2.8187074661254883 6.256854057312012 1.1970362663269043
leader 0 72 6 9.29321575164795 5.532639980316162 0.7242140769958496
of 0 73 2 0.031322937458753586 0.24623478949069977 5.286405190825462
the 0 74 3 0.4045582115650177 2.046146869659424 0
<unk> 0 75 5 1.0283091068267822 5.823936462402344 0
<unk> 0 76 5 2.3691506385803223 7.330409526824951 0
<unk> 0 77 5 2.1690053939819336 6.5409321784973145 0.7894773483276367
, 0 78 1 2.0373945236206055 6.7764892578125 0
<eos> 0 79 5 18.979291915893555 7.308646202087402 0
= 0 80 1 7.62985897064209 7.14515495300293 0.16349124908447266
= 0 81 1 0.06913980096578598 0.5032475590705872 6.6419073939323425
<unk> 0 82 5 5.726221561431885 3.6863009929656982 0
popular 0 83 7 11.825157165527344 6.613203525543213 0
culture 0 84 7 2.022822856903076 7.331634044647217 0
= 0 85 1 0.12441369146108627 0.8191497325897217 6.512484312057495
= 0 86 1 5.228177906246856e-05 0.000779730558861047 0.8183700020308606
<eos> 0 87 5 19.32884979248047 5.060216426849365 0
= 0 88 1 4.153957366943359 6.11796236038208 0
= 0 89 1 0.04797358438372612 0.3847433030605316 5.7332190573215485
= 0 90 1 0.15874680876731873 1.362550139427185 0
<unk> 0 91 5 2.125331401824951 8.72751235961914 0
characters 0 92 10 12.730576515197754 6.300161838531494 2.4273505210876465
= 0 93 1 0.1711929887533188 1.058061957359314 5.24209988117218
= 0 94 1 8.255143256974407e-06 0.00017369202396366745 1.0578882653353503
= 0 95 1 2.4765289708739147e-05 0.00041974856867454946 0
<eos> 0 96 5 19.77281951904297 5.0706377029418945 0
<unk> 0 97 5 2.353886604309082 6.20904016494751 0
<unk> 0 98 5 2.070178508758545 6.158709526062012 0.05033063888549805
, 0 99 1 2.774933099746704 6.187429428100586 0
the 0 100 3 3.003748655319214 5.412370204925537 0.7750592231750488
protagonist 0 101 11 6.1221160888671875 7.54587984085083 0
of 0 102 2 0.2993020713329315 1.5306391716003418 6.015240669250488
the 0 103 3 0.8398450613021851 3.433230400085449 0
<unk> 0 104 5 1.769573450088501 6.469406604766846 0
series 0 105 6 4.065756320953369 6.717867374420166 0
<unk> 0 106 5 2.6407840251922607 4.363116264343262 2.3547511100769043
on 0 107 2 10.212896347045898 4.550621509552002 0
<unk> 0 108 5 1.608479380607605 3.7973971366882324 0.7532243728637695
, 0 109 1 1.5482923984527588 4.057202339172363 0
hails 0 110 5 15.033367156982422 6.929720401763916 0
from 0 111 4 3.0403149127960205 5.282273292541504 1.647447109222412
<unk> 0 112 5 1.5348048210144043 3.890777349472046 1.391495943069458
, 0 113 1 2.4114527702331543 5.204658031463623 0
<unk> 0 114 5 2.6444590091705322 5.30075216293335 0
, 0 115 1 1.5305148363113403 3.697665214538574 1.6030869483947754
where 0 116 5 8.339617729187012 3.488030433654785 0.20963478088378906
he 0 117 2 1.7627313137054443 3.9813482761383057 0
was 0 118 3 4.919730186462402 6.959743022918701 0
a 0 119 1 3.751692771911621 8.562209129333496 0
tobacco 0 120 7 17.012842178344727 8.704093933105469 0
farmer 0 121 6 7.169816493988037 7.9094767570495605 0.7946171760559082
and 0 122 3 2.7145962715148926 3.2861735820770264 4.623303174972534
later 0 123 5 8.085648536682129 7.167452812194824 0
a 0 124 1 5.370738983154297 8.823935508728027 0
<unk> 0 125 5 3.1252591609954834 8.79964828491211 0.02428722381591797
soldier 0 126 7 8.518848419189453 7.128123760223389 1.6715245246887207
during 0 127 6 8.361466407775879 3.5814502239227295 3.546673536300659
the 0 128 3 0.7231718897819519 2.6483352184295654 0.9331150054931641
<unk> 0 129 5 1.8003350496292114 7.398380756378174 0
<unk> 0 130 5 2.8399274349212646 6.635305881500244 0.7630748748779297
<unk> 0 131 5 1.5612144470214844 6.4683308601379395 0.1669750213623047
. 0 132 1 4.601302146911621 5.621407985687256 0.8469228744506836
<eos> 0 133 5 0.07017991691827774 0.28985804319381714 5.331549942493439
<unk> 0 134 5 2.6917335987091064 6.091026782989502 0
<unk> 0 135 5 2.392122983932495 7.469151973724365 0
, 0 136 1 2.8277056217193604 6.262258529663086 1.2068934440612793
one 0 137 3 6.360372543334961 5.5366692543029785 0.7255892753601074
of 0 138 2 0.040329355746507645 0.40378597378730774 5.132883280515671
the 0 139 3 0.5672565698623657 2.247013568878174 0
characters 0 140 10 8.175420761108398 8.362296104431152 0
of 0 141 2 2.6533730030059814 5.604273319244385 2.7580227851867676
the 0 142 3 1.8470895290374756 2.9299564361572266 2.674316883087158
<unk> 0 143 5 1.9134142398834229 7.277107238769531 0
<unk> 0 144 5 2.2570343017578125 6.865074157714844 0.4120330810546875
<unk> 0 145 5 2.4094741344451904 6.102849960327148 0.7622241973876953
winning 0 146 7 13.454366683959961 6.229187488555908 0
novel 0 147 5 8.214810371398926 8.851846694946289 0
<unk> 0 148 5 2.7915592193603516 4.875616550445557 3.9762301445007324
<unk> 0 149 5 1.6924068927764893 4.459071159362793 0.41654539108276367
a 0 150 1 10.046073913574219 3.178431272506714 1.280639886856079
<unk> 0 151 5 2.314875364303589 8.617222785949707 0
( 0 152 1 5.452910900115967 6.461690902709961 2.155531883239746
<unk> 0 153 5 1.0350356101989746 5.40977144241333 1.0519194602966309
) 0 154 1 0.9915845394134521 2.8188552856445312 2.590916156768799
, 0 155 1 0.7707905173301697 3.941396474838257 0
is 0 156 2 2.751373052597046 6.53903341293335 0
from 0 157 4 10.155691146850586 6.841163158416748 0
<unk> 0 158 5 1.677427887916565 4.159412384033203 2.681750774383545
, 0 159 1 2.492755174636841 5.111204624176025 0
which 0 160 5 5.572460651397705 5.565898418426514 0
is 0 161 2 2.267270565032959 6.786457538604736 0
mentioned 0 162 9 7.974095344543457 7.719027042388916 0
throughout 0 163 10 7.974733829498291 2.4411799907684326 5.277847051620483
when 0 164 4 12.516704559326172 2.952406644821167 0
referencing 0 165 11 15.49405288696289 5.078756332397461 0
<unk> 0 166 5 2.490985870361328 4.1034979820251465 0.9752583503723145
's 0 167 2 1.6189374923706055 4.1763916015625 0
home 0 168 4 10.820819854736328 9.254278182983398 0
. 0 169 1 3.675401449203491 7.368486404418945 1.8857917785644531
<eos> 0 170 5 0.07100532203912735 0.29264727234840393 7.075839132070541
=========================================================================================
| End of testing | test loss  3.24 | test ppl    25.56
=========================================================================================
